100
5106.50 0 420
5647.73 0 140
4384.77 0 323
7.35 441 0
5131.09 0 348
8153.31 0 474
3657.73 0 434
2096.41 190 0
7662.17 0 92
3957.59 0 238
1508.36 466 0
5900.07 0 307
9080.20 0 71
4338.20 0 46
2928.67 0 261
5600.58 0 499
2101.17 426 0
8716.93 0 442
6915.79 0 333
4551.97 0 309
5066.55 0 225
6273.77 0 436
9534.54 0 28
9499.98 0 182
5166.30 0 95
54.72 319 0
9835.43 0 358
6471.83 0 427
2573.11 26 0
4860.00 0 332
2267.12 208 0
6895.99 0 308
2076.75 183 0
5159.27 0 323
955.01 490 0
1356.04 247 0
5556.98 0 249
6404.65 0 348
2734.00 232 0
9702.49 0 280
6388.53 0 351
4882.69 0 307
1903.85 116 0
1446.07 469 0
2372.50 368 0
7905.12 0 235
5073.98 0 420
195.00 85 0
4344.61 0 315
3445.76 0 274
2747.59 0 315
3332.53 0 187
7979.74 0 168
1016.41 185 0
7303.93 0 370
9425.25 0 283
8206.23 0 102
5300.39 0 7
9137.41 0 393
1028.68 220 0
5658.24 0 423
1771.78 57 0
7875.19 0 210
1660.89 211 0
8690.54 0 333
2440.46 462 0
752.63 408 0
8359.66 0 68
7044.14 0 447
3485.09 0 416
7348.41 0 206
767.14 79 0
645.84 450 0
6765.30 0 410
7985.98 0 207
28.02 284 0
6513.76 0 8
7407.90 0 432
8470.43 0 51
582.85 495 0
4601.00 0 463
495.55 152 0
1558.31 162 0
9984.29 0 487
6769.64 0 17
7431.03 0 422
5425.99 0 455
2412.85 177 0
4861.60 0 380
8092.68 0 412
6112.04 0 227
2827.31 0 411
4025.27 0 370
7641.60 0 321
7598.34 0 97
1643.05 411 0
3475.88 0 450
8380.36 0 212
6079.68 0 414
6530.08 0 46
