200
5171.23 0 122
5808.37 0 371
4190.17 997 0
3293.86 345 0
9817.15 0 705
8863.74 0 878
4995.64 140 0
6618.92 0 303
7090.58 0 858
8446.03 0 418
3236.52 945 0
1458.66 403 0
1104.90 795 0
2780.13 221 0
13.54 124 0
8447.64 0 104
1583.13 563 0
2275.28 90 0
3404.38 681 0
5946.32 0 660
4152.10 94 0
4940.53 227 0
3475.16 282 0
7655.46 0 914
8536.67 0 892
9529.72 0 34
8809.96 0 830
7606.72 0 920
347.65 533 0
5373.12 0 973
5050.40 94 0
1123.32 908 0
4187.55 28 0
886.12 375 0
4569.41 742 0
8193.82 0 897
501.79 982 0
5458.88 0 136
8463.00 0 954
2375.67 310 0
9179.83 0 387
6647.48 0 295
1250.96 829 0
1513.63 236 0
9192.70 0 960
8856.66 0 82
3407.79 110 0
1996.72 578 0
2686.53 97 0
1742.07 855 0
9415.48 0 797
37.89 983 0
6634.73 0 264
7386.63 0 366
7426.65 0 572
7784.58 0 144
8381.59 0 542
9794.36 0 561
9131.91 0 506
6488.26 0 1000
1725.95 416 0
8938.85 0 409
5987.64 0 52
7533.05 0 39
5963.07 0 698
757.85 562 0
5258.78 0 538
3964.88 72 0
3168.85 74 0
6053.94 0 65
6565.88 0 543
472.27 647 0
5092.30 0 104
530.35 256 0
6027.18 0 176
6283.03 0 164
3407.52 106 0
756.26 948 0
5357.63 0 695
7111.22 0 520
7804.13 0 738
3855.49 843 0
4994.74 598 0
198.01 180 0
7802.68 0 784
658.14 371 0
5690.88 0 514
7469.96 0 575
1983.00 202 0
2777.51 941 0
1261.88 462 0
7888.65 0 123
5745.25 0 619
3626.70 47 0
4286.63 611 0
7072.34 0 357
8702.46 0 593
1239.85 940 0
5000.34 802 0
2647.65 64 0
1477.59 562 0
4936.58 928 0
4015.60 752 0
548.70 886 0
8258.17 0 793
7573.12 0 716
8981.89 0 787
7137.51 0 679
3038.27 439 0
7411.07 0 275
6931.55 0 210
9511.20 0 309
8276.28 0 268
3319.49 280 0
387.14 342 0
2758.36 338 0
9697.48 0 458
1586.88 584 0
814.62 199 0
7058.88 0 562
8298.06 0 921
7654.14 0 464
5792.75 0 406
2369.65 311 0
3962.80 190 0
9714.85 0 381
185.89 985 0
18.97 553 0
4877.04 211 0
7262.23 0 308
6646.66 0 820
5809.16 0 36
8038.29 0 224
6235.09 0 25
1148.44 105 0
5229.66 0 784
4862.70 399 0
8258.24 0 551
5859.88 0 126
3174.07 616 0
2271.43 368 0
3616.60 636 0
7861.46 0 505
5348.49 0 239
577.16 131 0
5049.00 836 0
8704.72 0 926
9548.08 0 198
1457.25 208 0
8483.46 0 389
1078.01 413 0
7139.99 0 810
2509.44 44 0
2921.32 888 0
8144.66 0 426
5206.51 0 22
447.07 328 0
4069.27 101 0
2521.39 105 0
2637.21 517 0
1536.26 705 0
7839.21 0 835
2393.20 645 0
603.00 94 0
2268.40 585 0
9480.06 0 181
7301.49 0 180
777.07 321 0
1990.67 527 0
5134.94 0 24
9403.61 0 774
879.84 759 0
2129.03 378 0
8476.69 0 460
9041.20 0 706
1459.04 716 0
1155.71 681 0
3704.98 848 0
4026.59 353 0
7304.95 0 909
1453.93 465 0
1498.00 884 0
793.00 300 0
9053.27 0 598
4169.48 104 0
8178.50 0 491
277.27 172 0
5028.17 946 0
833.53 693 0
9435.38 0 169
3719.81 455 0
7963.54 0 845
4702.68 656 0
6910.02 0 62
3393.67 842 0
9730.04 0 252
8921.81 0 64
2403.20 16 0
1800.81 463 0
6690.92 0 282
