1000
500 20 20 500 500 500 10
-54 -10 8 -82 -205 500 2
320 8 -9 133 50 415 -6
-311 3 8 -404 -451 -293 2
-249 20 -14 314 90 154 3
406 9 -14 274 -352 277 10
-197 20 11 57 -445 248 3
-357 -5 -16 -407 -499 415 -2
-89 14 6 -240 -464 344 2
-395 -15 -17 135 421 47 3
425 -15 18 -32 388 65 -4
144 20 -7 373 -129 -15 -10
-357 -15 -17 -431 -285 135 -10
435 18 -5 -250 -256 -367 7
-286 8 11 242 -69 -26 -9
-126 -2 -3 389 71 -136 -6
-340 -12 -17 -454 195 -398 -4
-358 17 8 -302 78 456 9
-467 -13 6 113 71 -232 -10
-197 -1 1 -1 -232 341 -4
34 -6 -18 -183 -417 -482 9
-434 -11 -2 460 -341 -38 -5
-2 17 -14 -156 -434 -282 -5
494 4 1 -70 -416 -33 10
-27 -15 -2 75 361 58 -5
15 18 -3 -497 131 -387 2
-121 3 -14 418 490 256 6
-147 1 8 236 -471 -42 2
-310 16 -17 142 119 220 9
-286 -1 18 194 290 -283 6
-386 -15 18 -470 445 -257 -10
457 18 11 -309 90 344 2
-227 -11 -3 -153 229 48 7
171 19 4 -492 -382 -342 8
356 14 12 57 -414 469 4
453 18 6 -468 440 -383 -5
-243 -2 -17 308 479 -384 2
90 -15 18 -199 393 379 7
-134 -5 6 375 -384 62 3
-399 -5 9 429 498 -171 10
-498 8 18 12 427 14 -5
-248 -16 -9 274 452 -83 -6
478 4 -14 -15 -69 -439 1
232 16 6 -266 -79 -237 3
-312 16 7 -461 -27 -63 7
-463 -13 -2 254 427 181 -7
111 9 4 133 468 -312 9
-291 5 19 -225 481 -40 -4
42 1 1 134 373 -37 -4
-179 3 10 328 -42 204 -4
-125 -7 -14 48 80 260 -3
151 14 20 -464 426 -275 10
145 9 -9 343 -53 451 -8
-323 -5 -16 -481 114 112 1
-128 20 -9 10 54 -342 1
-290 11 -15 18 458 -395 -8
-57 -1 4 -442 5 264 3
-25 17 6 -368 -412 -335 6
-245 -15 6 -47 364 -128 -5
-31 -15 -6 -88 -237 -187 3
298 -13 7 -6 255 278 10
-208 -11 -5 -494 366 -249 7
10 -5 19 -69 468 -403 -5
235 9 20 -199 -146 435 -9
98 16 10 18 305 210 9
321 -10 -5 -200 -484 275 3
-194 18 -7 229 78 84 -5
146 18 -2 236 299 -183 10
-311 -11 -15 -65 -276 -309 3
272 -1 -3 436 196 -179 2
-183 4 -16 -81 -320 196 3
424 -15 -16 12 440 427 9
274 20 -13 -220 -258 181 -7
-2 -2 20 204 -24 -366 9
-280 18 11 -122 359 -481 -6
-61 -15 1 -118 290 111 -1
-85 18 -9 -41 -347 49 7
-252 17 12 -411 -91 367 -8
-362 -18 8 -63 -307 264 7
-470 18 20 330 -149 -37 10
61 20 4 148 435 -454 -8
319 -13 20 -159 -473 -454 6
-52 -13 20 -236 455 307 10
-382 20 -17 -346 -58 -414 -4
177 20 12 283 330 -282 -9
-442 -5 -3 -54 -389 -70 6
12 16 -19 -391 298 -396 -8
-310 -2 -16 238 -27 -253 1
38 18 7 -142 20 -396 10
70 20 -9 362 330 267 -6
-372 8 20 233 305 132 -8
342 3 -14 -425 369 -169 4
114 -5 -5 137 338 291 7
87 14 10 -284 -143 -499 10
202 -1 -11 500 437 -465 9
-139 -10 -17 -138 -318 412 9
145 -15 4 56 -190 264 -4
-385 -5 -9 -130 -164 411 6
275 16 13 -20 145 -38 -6
358 18 6 -495 -212 -156 1
474 14 8 -130 278 -153 9
35 8 10 -263 -257 101 2
237 -2 -9 -278 -91 -397 -5
9 -6 1 -441 -86 -109 9
-398 -15 -9 357 205 28 -8
267 -5 18 -375 -212 318 3
353 -10 -9 -138 -30 426 9
471 -2 -20 45 -164 228 -6
341 -13 18 -163 -429 -383 1
-398 -5 -17 -224 -493 404 7
-93 -10 19 434 345 -22 2
-265 8 7 -17 338 60 10
-77 17 -7 70 -219 -23 -4
-281 -15 -17 -431 -214 200 -8
445 3 -7 -272 257 -329 -4
-252 16 -5 269 -347 -360 -7
324 17 10 -160 136 19 -6
-289 -15 -20 -138 -451 -347 10
185 19 7 -338 45 409 3
-495 9 -16 -34 437 -35 4
23 -5 -17 463 371 135 -8
-207 -1 -4 120 -258 -240 -5
16 -11 11 -400 194 -152 -6
287 14 1 -78 -87 -409 -8
201 13 12 -472 -82 -455 -5
-402 10 -7 296 167 -224 10
-75 3 4 -425 -402 -493 -4
-393 -5 -17 436 476 -64 10
-450 4 18 136 -181 -219 9
-260 4 -16 124 10 92 1
-265 -12 19 499 -270 500 -5
306 9 11 -340 -363 -95 -5
-110 -10 15 345 -88 435 1
471 8 7 429 -174 351 -4
3 -11 18 32 -136 71 10
-9 18 6 -417 453 -28 2
-442 -11 -7 445 -483 -144 3
-245 4 -19 -69 317 466 -5
-134 -5 -5 -295 -487 -491 -4
-213 9 18 13 453 -128 10
24 20 -9 -377 -201 175 3
-495 -15 17 350 -429 -267 10
18 -15 -16 405 -63 -234 -5
-315 20 16 87 267 -452 9
44 -10 -16 38 -149 176 -4
118 -8 20 9 -391 100 1
138 -14 -17 -349 -280 302 1
165 14 11 -211 336 -410 -2
-245 -2 -10 35 -87 -146 -6
-91 19 -9 -41 -13 77 -6
86 -7 4 112 289 436 -2
171 17 -3 -145 209 -299 -4
333 -10 -13 -331 -79 174 1
-232 16 -13 262 -176 -199 -8
397 -11 6 -27 -256 315 -4
370 -13 -3 -260 252 195 1
-364 8 -16 -327 33 -366 7
-209 -11 -17 -173 -256 160 -9
453 -12 -16 333 359 172 -6
-334 -5 -13 -202 117 -82 -5
198 8 -15 -479 -406 2 -4
256 16 20 413 -493 293 -5
223 -6 10 -309 -498 -452 1
-439 8 -7 -250 375 -281 -5
277 17 -17 310 -169 468 -2
-457 -10 20 418 229 336 -2
-482 -20 6 361 203 -127 -8
114 18 4 426 392 54 2
-155 -12 20 -499 -278 289 5
-498 -6 -17 204 -23 -173 2
-443 -16 -13 357 163 -257 9
-224 -11 10 -383 -91 433 -7
45 -15 19 373 15 390 2
189 -15 -9 -22 -249 -431 -9
-75 4 20 135 -59 -397 9
165 -11 -3 -447 -44 279 3
474 18 4 483 -213 -223 -2
223 10 18 46 -3 54 1
-439 -7 11 -297 -303 -304 7
-240 -10 -16 -388 -389 25 -4
-182 13 8 418 -12 -284 -4
-202 8 -14 -448 -407 -321 -6
426 -1 6 -121 -462 -20 -4
148 20 -12 319 -49 353 9
370 8 -2 -360 -421 -467 -6
-180 -6 -17 -154 191 -76 -9
361 1 10 223 81 -389 -5
-392 20 15 -360 375 326 1
-258 -15 9 -324 -237 31 3
-279 -2 1 -381 445 -381 -5
-340 -4 11 -225 115 -341 2
81 -5 10 52 -76 75 5
104 16 19 485 234 -137 7
-213 4 -11 -190 -388 -182 9
-292 20 11 -109 -397 -160 3
368 3 8 364 395 435 2
60 -11 2 -421 -175 123 3
-157 -6 4 -340 408 -439 1
-162 8 19 106 444 260 3
322 14 -14 315 -85 -237 -4
169 14 -15 -134 445 67 1
306 4 -2 55 -46 298 2
-398 -1 4 370 -30 414 3
126 -5 18 -72 -32 -246 9
182 -10 -13 -235 -400 469 1
333 9 4 169 -354 -214 -6
391 8 10 -341 251 378 3
92 16 6 469 244 -236 2
368 -13 -16 432 -361 124 10
-160 17 11 -44 231 421 9
343 -15 -7 147 60 -283 9
477 16 15 485 -226 -242 3
458 8 10 359 321 -37 -8
369 -14 -7 161 -237 142 2
422 -11 6 -34 -108 413 -3
-224 -19 -5 377 482 -265 3
172 16 -15 -406 97 -381 7
-424 -6 12 52 -289 316 -4
232 14 -7 -310 296 316 3
303 19 -5 369 10 485 7
329 -7 19 -439 59 406 -5
153 8 3 -204 -108 -444 -5
-176 -15 -17 -492 329 353 10
105 -12 20 250 156 -76 3
118 -12 -7 -169 -65 -395 3
34 14 -13 25 -23 32 3
344 -7 18 -486 -186 221 1
-258 8 -9 226 -249 353 -8
296 -20 -13 432 -100 -420 -8
-421 20 4 384 -420 -385 -3
400 9 -2 449 -398 337 6
-223 -15 18 -54 343 215 -4
-321 -2 11 -199 97 183 3
88 19 1 370 353 48 -7
136 -13 20 390 254 446 -4
-111 4 -2 -479 -133 91 -5
-265 -6 -14 -109 80 375 9
453 17 19 -5 -354 348 -1
-343 -6 -17 384 -422 273 7
-393 19 -3 -52 -58 -492 10
148 -15 -9 -66 71 -358 1
-95 -11 -13 -118 -11 -122 5
453 14 12 140 455 -235 2
415 16 -9 -140 -49 98 9
-226 -11 -17 278 -217 -22 10
-399 -7 -3 -40 406 -200 2
466 -13 13 -130 92 496 -6
-96 17 13 -457 -412 66 9
120 8 -5 57 -279 425 2
-176 4 -3 -298 -470 333 2
-337 -5 18 -115 120 218 -6
276 4 -20 -411 -394 -482 -8
301 -13 -14 -439 152 -63 -4
-95 16 8 -219 -108 -192 -2
146 -15 10 -296 -309 480 9
-134 -12 1 -287 -75 -428 5
-398 16 -7 -214 -218 19 3
-491 -2 -17 228 198 418 -1
236 -2 13 99 294 -118 7
288 9 1 368 -420 272 -4
112 14 -14 -391 194 325 9
341 -10 -13 390 482 -254 -8
-490 -14 -14 -354 -27 -80 1
-251 -15 -9 -270 -306 -81 -4
272 -8 11 361 275 -497 7
191 16 6 -201 -88 336 9
-424 9 20 -251 339 -125 -6
-247 16 10 268 -308 136 2
129 -7 -17 489 298 -251 -8
-491 16 18 -398 -283 -67 -6
241 -12 9 -140 -69 -206 -4
100 14 -16 -116 -253 209 3
-409 -10 -17 489 414 -299 -5
-245 -11 -9 -310 -82 -162 -5
251 -6 18 223 -133 425 9
136 -11 -2 438 296 215 8
189 19 8 -340 435 216 -8
-103 -19 19 -339 -54 -152 7
-215 4 -7 -297 454 -416 -10
-251 -10 -15 357 -109 -204 -6
69 -12 16 -467 -88 139 -8
-10 -7 -3 53 -46 -259 -5
59 -11 -15 -164 -238 212 -7
36 -12 -16 137 -448 -72 -6
-121 -1 11 289 -59 -31 9
-392 9 2 176 -29 -153 10
370 6 6 -73 -19 -467 -5
261 20 -5 274 -254 -188 -5
329 9 20 -480 -434 -389 -5
-103 -2 -8 -154 488 -462 -6
-279 9 -7 -127 83 108 2
-446 20 8 273 -397 -115 1
-174 14 -3 402 -28 307 -8
369 -15 18 462 -136 222 -2
353 9 10 155 81 -6 10
185 16 -9 -374 -187 -424 -6
-285 18 -14 -246 -120 -240 3
-17 -13 -15 412 11 -405 2
268 14 1 -203 -456 113 3
-309 -12 16 -24 -149 179 1
37 -8 20 426 -99 -119 10
228 -6 -13 -470 221 350 -6
-493 -7 17 112 -462 387 -6
117 -12 -1 -240 -250 -334 2
-369 14 11 -212 321 -410 2
-155 18 18 -292 348 101 8
197 -12 -3 -252 -183 -498 10
-214 -13 -5 389 -214 483 7
-320 -11 6 3 -183 -360 1
-17 -5 3 149 349 -440 3
-228 -5 16 280 369 -465 7
-101 20 14 -144 -337 30 -5
167 3 20 -131 -346 278 7
-459 3 -15 206 -63 -15 8
-218 -10 -2 -17 -85 458 -8
-168 16 -5 140 -217 -194 10
356 3 -14 -419 375 -416 -3
-41 -15 12 -182 -216 2 8
-242 -2 12 41 190 418 2
-194 14 -12 -481 80 71 -6
431 -5 -9 -203 341 393 3
34 -7 -2 -21 -443 227 6
15 -10 -2 314 -284 -144 -8
255 4 -5 -267 -377 -89 3
-205 -18 -13 377 447 131 3
-31 -15 8 -374 200 363 4
161 -7 10 -21 170 49 3
307 -2 18 372 261 397 2
76 4 -11 -395 -146 200 2
164 3 -14 12 -109 398 -4
-204 -19 10 323 -237 -104 1
-380 -2 -15 463 494 -118 3
-376 -7 10 -379 -499 102 -3
32 -1 10 -464 -107 198 -5
117 14 9 -167 81 -271 7
-482 -15 -13 -115 25 207 -5
453 -5 -18 289 -100 228 1
-224 -7 9 -281 -237 28 -6
-443 -5 -16 264 255 -291 3
472 16 1 -127 -133 484 10
159 18 -11 60 -188 -92 -8
-160 4 -5 -141 -123 151 -6
368 4 3 283 310 85 2
184 9 8 328 92 -410 9
-213 17 -13 -448 -138 -381 -8
185 -6 4 -245 -19 -393 3
-486 19 19 -128 -164 -373 -8
66 3 -3 -401 -220 -372 3
154 16 -3 -141 -138 495 7
-396 4 -3 -435 -212 -42 7
201 8 -5 -183 196 -230 -4
-111 -6 19 57 375 298 10
-121 -4 8 -17 150 10 1
154 -10 -4 -415 -364 158 9
259 4 -7 -386 -277 -96 -8
133 19 19 396 -400 -80 1
217 -6 19 -198 293 -118 2
360 18 -3 66 -231 137 -8
-196 8 -15 7 -268 40 -6
276 -13 9 -31 -36 -396 9
-208 -6 4 -409 -87 212 -1
-73 -6 -5 -197 -342 -214 2
124 4 19 -170 -449 54 3
233 -14 18 120 -315 57 7
-385 18 -17 324 191 -202 1
39 -6 -2 463 83 110 6
341 -1 19 -235 -352 135 3
49 14 1 471 200 206 1
-196 20 -15 290 260 307 -5
184 -6 -3 50 -266 209 -5
-251 14 -2 -271 -95 149 9
-17 18 -9 -182 -31 468 1
158 -10 10 -451 484 65 10
-174 9 19 382 34 -329 7
-183 -6 -2 157 118 -39 -2
316 8 10 257 -355 196 7
-29 9 20 -139 221 -144 7
259 -12 11 -356 290 307 8
-29 4 -2 -305 116 -435 3
254 -5 6 316 -235 259 7
-212 14 6 -126 98 110 3
88 20 12 485 -5 -151 -6
-366 18 17 359 482 121 -6
72 -19 -9 86 353 -15 1
400 10 -15 -260 367 -161 -4
-132 -1 -15 485 385 488 9
-359 -1 4 -3 -141 -458 3
-320 19 -5 229 -50 426 -6
13 -19 18 -381 316 500 1
-27 3 -7 377 -49 -63 -5
-359 -16 -3 -447 -181 -42 3
348 -10 18 498 -171 -373 9
90 -15 19 -108 89 34 10
278 -5 -2 500 -395 -484 -6
19 -5 -7 -151 -463 499 -8
425 17 -16 -61 -272 451 -8
-52 19 -6 -303 326 -217 10
-320 17 -18 239 116 -114 -4
-263 -13 -14 -292 -58 142 -3
60 -15 18 75 -479 -56 -6
-10 20 -16 437 148 10 -4
324 14 1 -92 -395 367 1
91 -10 1 -54 326 -384 9
-263 -10 1 112 254 -322 3
166 20 -5 -13 -344 485 3
125 -2 -2 187 -408 286 1
471 -10 11 495 -126 -311 -10
-216 19 -7 -108 117 -320 -4
-193 16 8 -104 -133 75 1
-103 -15 -14 -455 -403 -423 7
-79 -13 18 410 -108 136 -8
33 -1 12 -200 -170 -36 3
272 10 8 289 172 110 9
331 -2 -1 -420 -397 120 3
388 18 10 -183 21 490 -2
13 -10 6 -351 346 -262 -8
120 -18 4 232 466 47 9
175 8 10 -126 37 175 10
-142 3 1 175 145 -89 7
453 4 -16 -249 -354 202 -8
-398 -1 -13 244 -439 77 1
-375 8 -17 94 -494 74 -6
474 17 10 -28 -368 -13 -4
21 -13 -13 -341 84 197 3
-421 13 8 -237 161 52 7
160 -10 -14 458 -271 475 9
-128 -7 -7 46 435 -222 -8
235 -2 -9 -442 203 -156 7
161 4 -14 -293 -431 117 3
165 8 19 189 -441 448 -6
-57 -1 -14 46 -319 310 9
314 17 -3 -181 -492 -430 -8
207 -12 -5 -297 -103 -257 7
268 -5 -9 -130 -127 227 -6
-209 -13 -9 278 -371 443 -6
138 16 -1 298 318 25 1
383 -10 -13 146 -371 -20 2
237 -9 -16 308 -497 -340 1
-101 4 -6 -197 338 -403 -4
24 17 4 -122 -274 277 8
-199 -13 10 210 -44 -423 1
364 14 11 -199 -82 369 1
12 9 -6 -396 -354 -130 -6
81 -13 12 153 145 451 -3
472 -13 18 -431 -83 -107 -5
202 -13 -7 -222 152 310 -6
-251 -15 19 -235 -117 318 5
322 17 -12 56 485 382 10
397 16 8 -150 -345 474 9
318 19 18 -163 -28 -235 4
-63 18 -11 99 -179 183 -4
-493 -13 -18 -486 -91 -171 1
302 -10 20 307 297 310 4
-102 -11 -14 8 -278 -265 -8
-455 9 -14 -490 47 359 3
-247 14 18 238 465 -399 -5
483 -18 18 402 -155 488 9
-183 6 18 -144 -197 387 2
-285 3 -7 -114 385 -495 -10
159 -7 -14 413 89 -274 6
181 14 -9 -499 -350 380 2
-162 -6 12 -340 -165 -450 5
-437 20 -5 376 -182 181 4
277 -1 -12 -415 -12 167 3
426 9 -18 -420 385 363 -8
159 12 -5 50 161 -223 -6
-92 6 18 -297 -253 43 -4
172 20 16 -456 -232 438 -8
-429 -18 -17 -136 343 475 -6
-332 -10 -2 -115 4 -368 1
108 -15 14 333 -59 -467 7
-406 9 9 311 -35 -491 1
-282 -5 -20 244 -164 -146 9
117 17 10 -485 -126 -141 7
59 -12 1 -320 -281 183 -4
39 9 -18 -159 -205 250 -6
-3 20 12 278 -442 277 -5
97 20 -8 314 73 344 9
192 3 3 -66 -303 459 10
112 4 -7 -366 -214 239 9
-257 -15 -1 426 -61 179 1
14 8 -1 -482 -444 415 -6
-127 7 12 -486 214 -283 9
-73 17 -2 -259 426 275 3
111 -18 -17 -439 -308 -284 -8
-289 17 -4 -22 349 218 -4
181 -11 -5 -421 8 459 -1
62 -5 13 -32 -245 318 10
-384 -13 1 -23 101 -410 7
-128 4 -5 393 39 448 -4
-311 18 -9 406 242 87 10
268 18 -9 -226 121 -40 -10
-308 -2 11 168 -34 425 9
-476 16 -18 57 74 250 3
49 -2 -15 -440 -272 25 7
78 19 -13 2 487 -457 -5
-42 -11 1 26 -62 155 -6
-149 16 -16 -31 37 -252 1
256 -12 -3 -59 89 -425 -6
-211 -13 -5 413 -202 -145 4
152 18 -3 350 -113 -426 2
-343 -12 7 179 -380 52 1
-280 -15 10 209 -295 -60 -4
444 11 4 -119 106 483 -6
294 -10 3 87 -42 276 3
-317 -2 -7 12 -497 -155 2
475 19 4 332 230 463 7
-219 -1 -16 210 -175 379 -8
-174 -6 20 148 239 30 -4
-103 14 4 318 -246 -29 3
-182 -7 16 49 428 -128 10
36 3 10 161 -279 34 2
-485 -15 7 -498 106 -22 -8
-224 -1 -7 -401 482 -308 4
-372 13 -9 -72 -471 131 -8
476 -7 18 -487 -282 333 -6
-381 3 6 -153 -319 97 1
274 -5 12 42 -414 196 1
-473 9 -14 171 -62 -199 -8
-212 -13 -3 -135 465 -83 -8
39 -5 6 7 328 231 -8
-394 -12 8 -292 89 -251 -4
414 11 8 -304 -146 -42 1
-325 -12 9 -491 78 207 10
-492 -6 -17 310 215 -262 -4
-460 -18 6 -249 -245 247 2
432 -1 -14 403 119 -287 9
363 16 11 146 -252 490 3
-199 -10 18 -154 -61 352 3
160 -10 11 296 193 -36 -8
11 15 -2 86 -226 185 7
97 7 11 -177 -6 254 10
173 1 -17 -234 -350 239 -5
81 -15 18 -208 -55 -259 10
24 -2 -2 101 453 -170 9
430 8 1 -85 -419 350 2
161 9 -13 -9 -248 -478 10
-41 17 6 362 -424 327 -8
-478 -5 12 470 -462 -13 7
-134 16 4 -181 250 270 2
481 1 20 -420 144 -70 -4
249 -6 -5 -190 -136 333 -8
393 3 18 86 -416 -122 7
-41 -12 -12 -332 -287 -22 1
414 4 -17 68 -376 -463 -6
391 2 -5 -184 275 400 1
288 6 8 23 431 480 7
159 -10 15 133 474 97 7
243 -15 -16 -470 112 167 1
-91 -2 -1 370 15 168 -5
-170 -5 -15 -347 -430 -14 -8
113 -12 -13 -391 173 22 -6
82 -2 17 489 -448 346 10
12 -13 6 -428 -360 -493 3
-6 -10 20 231 -220 -78 10
53 20 11 95 -478 481 9
356 3 -13 33 -379 353 -2
177 -11 19 198 173 97 5
-253 -10 1 -281 131 282 3
37 -6 -20 -309 -99 -9 2
187 -13 -6 -435 -371 -322 3
-152 14 -16 -398 92 -163 -6
-135 4 4 437 -194 -107 -4
452 18 12 488 437 -190 2
217 -2 -3 -292 -382 -101 9
356 13 -17 195 50 409 -5
-339 -13 6 26 64 -190 -9
380 4 12 -401 -111 -330 9
368 20 13 201 -22 314 2
235 9 -8 -368 -183 208 3
223 8 -5 393 -188 251 -3
-346 -1 18 251 256 458 -5
-9 17 18 -499 198 197 -9
-450 3 1 -264 32 -357 -8
294 19 13 133 330 -245 10
-390 12 -7 231 -238 421 10
-357 4 19 -101 359 -145 -9
-459 -12 19 149 55 -144 -4
425 19 -9 299 -69 -492 -5
456 -5 -1 345 -79 -74 3
466 -12 -13 -323 104 -246 7
-394 8 -3 120 51 19 -1
-183 6 -2 -141 -155 44 10
235 20 15 106 207 -173 -4
-321 -7 8 111 -123 138 2
-327 8 14 -235 172 458 2
-297 18 -3 -167 349 -134 3
-255 -7 10 289 127 115 9
-102 3 -17 166 -236 -163 -4
-91 14 6 181 -495 278 -5
293 19 -17 147 -73 272 -5
-139 4 7 -439 -75 253 3
-31 -6 -16 426 104 -474 7
192 -6 -5 434 -342 -197 -5
426 4 4 -40 -171 358 -8
412 3 -20 -473 -266 -366 3
294 20 8 -185 439 139 1
479 -15 20 304 -420 -345 9
-297 2 -15 -329 318 183 1
-424 13 18 -1 440 351 9
413 -6 1 45 71 -390 -8
-208 4 -13 322 -322 -140 4
-295 -2 -13 -76 -123 495 -6
99 -13 19 44 -322 -342 -8
428 -13 11 79 447 -61 4
-198 9 -17 294 -202 -441 1
499 -2 20 -400 -59 474 -4
-376 -16 4 -163 -409 -143 -4
44 -12 11 -441 -71 54 -5
-257 -12 -7 -390 81 135 -5
99 18 -2 -472 78 -282 -7
425 -12 -14 -39 -251 -391 -6
-265 7 -14 258 -62 -384 10
-1 -12 -5 -279 341 288 -9
163 -11 -7 -4 343 -397 -9
187 -4 18 -100 -449 469 3
14 4 13 42 317 -14 2
-190 5 -16 -39 -478 -242 -6
-398 -12 19 228 230 -253 7
-457 -10 8 -65 408 131 -4
-476 8 -16 270 -129 -188 4
-116 -11 18 449 -215 -261 3
240 13 11 413 121 -305 -5
-339 -13 9 333 -135 198 1
257 -2 -17 -481 -32 -130 9
-490 16 18 48 -213 -45 8
-174 -13 -13 124 446 423 -6
53 -5 -17 124 149 -18 -8
-450 2 -3 87 -324 484 -4
-118 -2 6 -118 219 -53 10
-199 17 4 -211 168 -41 -5
-451 19 -9 215 294 -477 9
-17 16 9 106 438 -280 2
-488 -7 -17 -302 -283 420 -4
-478 -10 -15 -71 483 438 5
178 -6 -9 353 -27 308 -6
129 -4 -5 96 393 204 1
360 -1 10 -297 156 -166 -9
21 -14 18 436 -319 -389 7
-63 -7 -5 121 415 318 -8
-325 18 -7 197 -227 -338 10
-258 19 -17 270 452 233 -6
350 -15 8 117 -86 278 1
-98 20 18 152 -36 -162 -4
278 -10 -7 -489 125 412 -5
354 -4 -3 -63 447 7 3
461 9 -3 301 -444 48 1
11 17 -4 37 435 -12 3
-346 19 14 -415 255 -347 -5
-232 20 -5 -59 -358 363 3
497 -7 20 -202 -112 344 2
-8 -12 4 179 456 -340 -3
111 17 -13 -69 -441 -53 5
261 2 -5 -130 -322 -491 -4
47 18 -5 476 -322 95 -5
355 12 -13 49 -350 432 1
473 -12 -6 -109 -205 -377 1
-204 20 18 -461 240 -384 3
-411 -2 -7 133 -9 409 2
313 3 11 -243 -232 -147 -6
474 -7 -5 -30 454 375 6
480 7 -2 -417 -19 -211 -5
-429 20 -3 318 404 207 5
154 8 18 298 -388 -437 6
-282 -5 -5 -213 338 -249 9
-386 -10 18 -16 420 426 9
-443 16 14 433 -68 -26 10
453 -13 10 320 91 91 -5
-346 -6 10 259 -342 -304 -8
432 7 -7 -439 -434 466 -6
-394 -12 -5 -116 -87 310 -6
-478 19 -7 227 -147 -124 -4
360 18 1 -383 -13 -26 -5
99 -11 4 245 -189 -237 2
-75 -15 -13 106 -409 126 8
241 19 1 -499 261 -486 10
87 -13 -5 -22 -138 -35 -4
-309 16 -7 -491 -348 221 7
-14 8 20 353 334 -170 1
497 14 11 -300 -68 386 10
-285 -12 -5 60 83 18 1
360 -2 -15 -214 21 301 1
120 -10 -8 460 203 218 1
36 -5 -7 149 -109 248 -1
215 16 20 -441 -24 208 10
111 16 -20 282 -99 155 1
-393 -13 1 106 -306 27 -4
413 9 -1 319 294 -259 7
436 18 6 462 -380 157 -6
-83 18 15 336 -88 -86 -5
-41 -5 -12 -237 -344 67 -8
-436 -2 4 -478 14 -262 2
-57 -15 1 46 -246 -319 -6
-452 -5 10 265 -327 346 -6
-73 1 -2 57 215 -357 3
114 -18 -13 -31 -216 -107 -8
23 9 -16 254 -309 266 1
365 18 12 -427 -181 233 2
109 -6 -2 -138 394 46 -6
-408 -10 1 283 -282 -190 -4
335 20 14 -264 -186 -291 10
-128 17 4 154 -329 -182 1
183 8 12 -22 118 370 7
13 -7 -8 310 80 149 2
307 -13 -5 -21 146 278 1
397 -1 5 -82 -248 -399 10
-253 -13 -7 -85 -476 -211 -8
-193 -5 11 -302 436 -229 -5
-225 -13 -2 299 375 112 -10
-317 -12 -7 -23 219 28 2
114 3 -16 -27 -236 -91 -6
334 -7 -3 -211 -286 -211 1
-349 -12 -15 278 -217 7 -7
-450 4 18 -442 -354 -11 -1
152 -18 20 -145 -258 -34 -5
-214 -10 2 500 244 -143 9
179 3 -9 228 -68 346 7
-317 -5 -1 149 25 260 -4
-434 -18 -5 -170 422 -465 -8
488 9 -9 -24 -303 374 -4
-286 3 -14 -116 -61 -495 8
-289 11 -14 157 -362 -414 7
484 -16 12 -202 14 -164 9
-141 13 4 -284 72 196 9
-464 -7 -5 121 39 274 -8
-362 14 20 461 14 -209 3
-374 10 8 19 361 -309 2
-148 -10 18 306 332 303 3
85 -7 -9 62 -16 -242 9
422 14 1 -309 -70 -477 7
-434 -11 -20 -450 134 41 -5
275 -4 -7 168 -62 228 -6
348 1 6 25 -423 -437 9
-343 -2 -7 137 -478 440 -4
-406 -19 -13 -446 177 71 -5
473 14 6 -386 -174 -352 -8
-215 16 12 364 -110 -400 10
-228 3 -13 420 -62 110 2
453 -2 20 -169 472 -186 9
-126 -12 20 472 173 486 3
-427 -12 19 414 466 229 -5
367 -5 3 -51 -166 139 7
86 4 -1 -365 114 210 7
-459 3 16 -329 340 -217 1
313 4 10 257 121 -419 6
496 19 -3 164 -319 -173 10
136 -7 -7 -286 -139 -296 9
-484 9 8 120 25 -384 7
-131 20 -12 -72 361 413 -4
-431 14 -17 -309 292 278 3
-186 9 12 94 -480 -407 10
94 -12 -9 377 413 65 -10
-373 -10 12 -315 483 267 -6
-375 -6 -13 -206 -124 -396 9
117 9 -13 134 -143 294 10
279 14 -9 -127 155 124 7
-418 17 11 242 -14 456 -4
-334 9 -15 -78 385 498 -8
59 -2 11 494 408 -388 10
-308 -5 4 263 463 212 9
307 -5 14 -181 -166 -294 3
-31 -15 -16 -173 317 -256 -5
-263 -10 4 -211 47 -118 -5
481 -13 6 -141 -397 358 7
383 -11 6 -206 -325 -190 2
-290 -16 10 488 121 -389 -4
-180 3 -6 -305 -328 251 3
-170 8 11 90 -388 136 5
256 -15 12 323 94 448 -4
494 -1 16 129 361 -308 -6
479 -12 12 -47 17 -470 3
167 -10 -14 478 -337 7 7
133 -12 18 -117 -76 -229 6
-299 -7 18 -472 -42 -246 -1
368 -14 -17 -328 -391 -133 2
324 18 1 25 25 115 8
198 20 16 -365 -16 464 9
354 -15 18 -54 6 -306 -4
-157 4 20 117 428 185 -4
435 -2 20 32 80 65 -5
30 -8 -17 -197 -479 371 -6
262 -11 -17 -283 -170 -485 7
-374 -10 8 480 20 298 -2
23 -6 -8 -487 -235 382 -5
436 -11 -16 343 -360 -441 3
70 -5 -7 -432 -58 438 -5
-194 15 -17 301 -448 30 2
246 17 1 419 -201 -497 9
-291 -6 -12 -65 357 -82 10
-324 -6 -16 -226 -185 -157 -6
59 -13 11 -121 294 -157 9
-311 14 -20 25 -30 451 9
-457 -2 -13 298 52 181 -1
193 -2 19 488 -412 -72 2
133 3 8 -100 -425 -53 10
416 -9 1 -340 208 268 -6
-205 -13 19 79 -117 37 -5
74 3 10 460 296 293 -10
-389 14 -3 -150 25 -479 1
305 16 20 -59 -272 73 -9
-41 15 -16 45 -329 -94 1
368 -13 -9 88 172 -182 9
39 -13 6 422 294 -327 2
324 -12 18 -146 435 -63 -4
-211 18 -13 376 334 -121 -8
68 3 -3 -155 -473 -454 9
-337 -2 -17 393 439 -345 1
51 9 -16 133 -126 -367 5
-282 20 -9 311 -202 167 -6
-127 -7 -7 412 373 226 -8
233 9 -5 305 -124 62 -4
-67 -15 -9 -128 -358 -410 -6
-375 -2 -11 -81 -351 487 1
-458 7 -3 -442 -245 66 -8
-278 -11 19 -32 -325 -22 7
172 -15 17 -102 411 -306 9
146 -6 -15 96 193 -218 -4
-329 19 -16 370 234 447 9
-26 -7 -7 -473 -183 -182 -1
151 9 -3 -478 -173 112 -5
-490 -4 11 12 -420 -213 -8
-51 -2 18 7 -105 -396 1
273 -1 -3 -378 112 394 1
135 3 1 62 193 -385 1
-155 15 -3 -97 206 64 3
249 16 -14 -304 -258 -124 10
20 -11 -16 337 297 228 -5
30 -4 11 14 317 -390 -5
108 -1 8 244 241 -392 8
-108 8 20 62 -126 -202 3
-243 4 4 285 316 -431 -9
293 -5 20 143 121 -4 1
465 14 -5 -419 378 117 10
-434 -7 18 -230 64 62 2
-320 20 -17 -252 294 -454 -7
-450 19 5 -125 422 -33 -6
-124 -1 -2 -162 482 364 3
294 16 1 -457 474 -5 -4
-67 17 -17 -417 200 -229 5
-9 -12 -20 393 490 -383 3
-160 18 10 80 72 -373 10
333 9 20 -203 -53 -166 -9
-216 -11 -5 194 358 24 2
420 -13 -8 -199 241 57 2
56 9 6 -150 370 -411 7
-490 19 -2 391 234 266 3
-231 -11 7 -122 404 -383 3
68 18 -19 99 -335 -497 -8
261 -7 -14 266 -167 -416 3
159 16 19 261 445 -106 6
-377 -6 18 -183 482 -59 1
-378 -8 -17 262 -306 197 9
495 16 -16 -487 -231 -499 2
39 18 11 -255 -105 351 7
-376 5 -2 -325 428 191 2
181 14 13 -190 -497 160 7
184 17 10 393 -452 500 1
-476 17 -13 -424 240 349 9
-168 -2 10 57 -140 -385 6
164 16 -5 191 -24 251 -6
177 16 20 -356 74 177 -1
469 17 -5 -140 331 176 -6
-283 17 17 -256 4 -202 -6
-252 -1 -17 -82 485 -223 10
-393 8 -9 243 -162 -385 9
-405 -18 19 296 288 101 2
16 -5 1 171 -335 -1 -2
-62 -13 -16 430 -109 -274 3
93 -1 12 430 317 -429 -1
97 4 -13 191 406 -401 -6
445 19 -15 189 315 -122 -6
426 3 -13 449 -497 221 -9
-343 -2 19 80 241 215 9
345 14 4 -419 38 -231 9
-54 2 -16 -97 -307 -68 10
428 20 -7 -27 -211 -287 4
-228 -1 4 294 -169 11 9
117 19 -20 -80 -378 -340 10
-58 18 8 90 -442 174 7
428 -17 -3 -396 393 -397 9
-424 7 6 -305 -9 44 -8
-162 -12 12 417 -284 115 -6
494 12 1 -339 -174 -33 10
270 -1 -15 -425 -124 -154 -6
-421 19 20 -241 -497 339 2
-271 -1 -7 135 153 -389 10
-393 -7 7 -184 427 279 9
419 -15 6 319 -107 21 -5
118 -15 -14 496 -494 231 -3
-483 16 -5 -88 -451 72 -8
-297 -11 10 -202 -248 -193 -1
-143 19 -17 384 76 460 2
350 3 -11 -300 -358 -482 -6
414 17 -15 343 -26 -265 3
-50 -20 11 257 -148 -9 -5
-374 -10 -16 265 -307 -305 1
12 8 20 -255 83 217 10
99 -12 -13 19 -418 -331 3
-280 9 6 -162 -12 -287 -4
3 -2 1 178 -358 -299 5
307 17 10 113 163 -475 9
328 16 16 463 -497 -217 -5
-50 -5 -15 68 -27 325 -4
287 -17 12 -272 -235 468 10
-75 -13 -2 -493 71 -366 1
-136 -2 -7 430 -376 432 1
198 9 1 -470 -420 432 -9
-334 -7 2 -218 229 -467 -4
-374 4 10 -383 -384 -157 9
425 -7 10 171 328 -184 9
396 17 -17 -51 -495 -494 -5
60 20 8 -93 -323 32 -6
106 -7 -15 -355 -252 -92 6
246 1 -14 137 -205 -193 1
-247 -10 -12 186 483 112 1
277 -3 -7 418 -68 260 -8
405 -5 -16 -455 369 215 -8
74 17 -16 340 -441 -305 9
483 -7 18 -32 -76 -106 2
-157 16 1 94 -479 246 -5
24 -15 1 -412 246 -305 -5
-371 -11 18 410 150 288 -7
-105 8 -13 323 -315 484 -4
133 -12 12 353 -321 19 -5
276 -13 7 -59 57 275 -6
211 14 19 -159 60 32 -6
314 20 -2 -183 406 445 -10
81 -12 -5 241 -376 -86 2
-179 -12 -14 310 -40 -38 6
-376 -6 20 -117 55 10 -4
287 -7 -9 249 119 48 -5
-155 14 11 -115 -206 -479 7
-297 -12 12 35 -109 295 9
294 -10 -15 -50 -360 -482 10
72 -11 -5 161 259 362 -9
-195 -15 18 131 -350 -328 7
222 9 -14 466 367 -327 -6
-10 -5 19 -309 -211 -126 -5
85 16 -14 432 -499 208 7
104 -5 13 25 72 -109 -8
-270 20 10 -163 -133 -81 9
-106 16 -17 251 456 30 3
-5 -11 6 -177 87 238 9
-454 18 -13 -288 -381 110 -4
19 -5 -5 -108 290 -74 1
355 10 10 -188 -335 -335 -6
210 -8 1 64 -95 -383 -4
389 8 11 -440 410 -388 9
-315 -2 1 46 127 243 5
321 3 -6 -159 -257 32 10
4 18 -14 195 130 -366 2
69 -1 8 -260 36 -4 2
-282 -19 -5 313 -365 167 -5
-340 14 -13 -104 267 -487 9
-110 -10 10 57 -388 -171 -6
355 8 -5 282 163 -204 3
-490 -5 -3 387 -499 117 6
-454 2 -15 -321 404 71 2
-110 20 -7 -159 -46 271 -8
-355 4 4 364 31 298 7
388 19 -19 -371 411 304 1
-453 -5 -7 -5 -496 346 7
279 -20 -9 -380 -309 -81 -5
-291 -1 -6 269 369 292 3
330 -2 1 251 252 -202 -5
-93 -5 11 357 144 191 3
108 17 20 139 -197 -335 -3
-37 -6 -17 392 -268 -405 10
42 -18 6 -140 200 48 7
-83 -15 8 69 -27 85 7
-269 -13 12 -16 38 -120 -8
279 -2 1 494 168 -220 10
-312 -6 -4 -101 -223 476 2
391 -12 -14 -467 -189 280 -8
220 16 18 -98 -392 178 -5
353 -5 -9 176 -101 -156 7
191 -12 18 95 -41 461 -5
-182 -13 -13 113 37 436 6
178 -12 11 -420 -310 6 -5
340 20 8 -281 316 155 9
313 20 18 236 -19 -308 -3
-162 -13 10 240 -99 181 -8
3 9 10 -199 -28 4 -6
313 -4 10 -4 -284 -263 -6
-322 -11 -9 389 456 197 1
354 -11 12 -234 26 321 -8
-368 18 10 -224 -28 292 -5
211 -10 -5 -385 94 21 -4
-233 8 -15 -264 -494 -237 -5
400 -2 18 -78 -165 -123 -4
63 -12 -17 483 -379 -3 -5
184 -2 3 -71 -135 101 -5
-247 3 10 326 -59 260 -8
177 17 17 176 -129 216 3
-54 20 -5 389 53 375 -6
476 19 -16 -395 -364 266 7
-471 4 -14 -250 -169 -255 10
224 -10 -15 -341 -377 44 7
93 3 -17 -457 171 -390 -6
-248 16 -9 -420 274 -390 -8
-494 -2 4 64 -183 -171 -4
-292 -3
