1000
500 20 20 500 500 500 10
-137 -8 -6 254 69 65 -9
467 -5 19 436 -293 -264 1
-191 -4 -6 -500 184 428 -3
13 -3 1 -464 -495 170 9
109 -6 -16 42 200 313 6
310 -13 -17 349 -440 -328 4
-63 2 -17 356 183 306 -3
166 12 -5 -331 488 303 4
458 7 -14 -213 349 324 -9
-124 -20 -15 19 -153 413 5
168 1 -8 166 -39 353 -3
-207 -14 -6 16 50 -352 5
-58 -8 -4 -167 294 -158 -3
418 1 18 252 261 -426 7
-278 -8 10 -270 -397 100 -3
-182 -8 -17 483 475 73 -2
299 -13 -20 -141 -317 222 7
119 -10 14 -165 230 -133 5
242 7 5 -8 305 370 10
-249 12 -14 -330 313 -26 5
-166 -11 -9 418 -155 -457 -2
355 -10 9 486 -54 -145 -10
126 -13 9 18 39 -138 5
56 1 -17 274 -62 -385 6
410 -6 -4 -360 -168 429 -7
-147 -8 8 322 -289 368 6
10 14 -15 -293 -349 496 7
-43 12 19 -37 -107 -3 1
478 9 -19 60 -222 499 -8
93 12 -4 -439 -51 479 7
-258 -11 -7 -360 99 -177 -7
-81 19 -2 -136 -119 476 -3
-107 -13 19 -70 17 -443 6
-208 -5 -8 -353 210 -246 10
149 16 -2 -356 229 -433 3
409 20 -2 349 -179 89 1
170 12 -7 -179 210 337 -9
175 -5 -8 128 -265 66 3
-379 -10 -6 -112 366 438 -9
426 12 -14 16 -312 -293 -10
293 -4 -18 -375 166 -221 3
-338 15 -14 226 47 356 1
-4 1 -17 334 -300 -375 -6
-373 20 -7 407 -387 -16 7
-421 18 -8 -46 396 190 10
425 -4 -2 -471 69 314 -9
84 -7 20 -273 -18 -148 -8
462 15 8 -403 55 453 10
-63 -5 10 349 364 140 6
-121 -16 -5 489 189 377 -3
108 -5 20 172 310 162 -8
-342 -5 16 -185 -360 -372 4
350 16 -15 -3 -250 -419 7
-456 15 -2 271 -174 268 6
267 16 13 -36 -418 -432 -9
267 18 -7 478 -142 56 -3
-441 -3 13 -179 -112 15 -2
-489 -5 -6 -369 -402 431 1
231 -18 -18 -330 354 -363 -7
472 17 -11 43 -388 89 10
321 1 -7 27 -433 367 -8
433 14 9 -227 -330 61 -2
271 -2 -17 -289 341 -380 1
107 15 -2 -299 -289 -47 -1
163 15 -7 -206 -112 -280 7
-81 -14 20 -375 -126 227 -9
14 -3 1 -291 493 -291 -9
237 -8 -15 147 450 -62 5
296 -11 16 223 -161 -97 7
-87 9 -17 -88 -296 482 -9
-481 2 -6 -181 -302 337 2
234 16 19 -345 -466 -284 -5
18 13 -7 -333 -38 409 10
-102 -8 -5 -359 -52 -236 5
367 7 12 -164 278 -301 9
173 19 15 21 -141 -374 10
-129 -8 -17 -285 -174 133 5
-273 -17 1 -281 -116 -329 -9
-379 11 -6 128 -249 171 5
214 -18 20 -144 -187 -174 4
338 -18 -20 -144 -291 -253 6
-374 -8 -20 137 446 482 4
187 -5 -18 -330 -378 489 7
148 -18 1 -347 129 -390 9
-421 -4 7 260 367 261 -3
-223 1 16 494 -471 -9 9
-21 -5 -4 -394 13 333 6
-334 -9 1 -279 137 -380 -8
-2 -18 14 301 -150 411 4
284 -18 -3 -196 -402 211 10
-256 6 -6 98 493 458 -8
90 16 3 203 -25 77 3
-389 -6 -7 -404 349 222 -8
-387 -6 -2 -241 266 181 -3
390 7 15 468 -146 314 -9
288 20 -15 78 -105 343 -2
494 1 16 -373 -119 201 -9
-160 -11 3 440 -464 378 10
-453 -3 -18 484 -424 -357 1
149 8 -14 9 264 190 4
404 -18 -5 332 407 139 -4
-289 7 -14 443 -484 333 1
-182 -4 -8 172 6 118 5
390 16 9 196 -226 92 1
-442 5 -5 -420 -237 -124 1
-61 20 -11 -411 271 -64 7
416 -13 1 401 -466 -135 -3
467 -8 -7 336 -245 -418 -9
276 1 16 -188 299 16 -8
-330 12 -17 98 401 -339 -1
165 -13 12 45 461 185 7
43 2 -6 -146 225 -433 -3
133 15 12 299 145 -140 4
-378 12 9 -455 172 434 10
-188 -5 3 -201 -80 462 -1
175 -18 -6 101 417 -74 7
-30 7 -14 -95 -496 182 7
-442 9 12 -416 404 -103 1
65 -6 1 -474 -206 410 5
277 9 -14 -40 -447 -182 6
15 -13 16 -240 -372 378 -7
-191 19 -15 392 498 -160 -5
-108 -18 15 303 -170 -123 4
-55 12 -2 118 149 175 -3
405 -12 12 -371 486 308 1
27 -17 16 497 262 235 3
-224 -14 9 374 45 -384 2
27 19 3 -210 79 479 5
203 1 -16 406 -177 -433 6
303 16 -15 366 248 481 -8
-107 -17 -7 -215 -304 -480 5
403 -16 -6 176 -81 230 -9
203 -11 -4 -207 -440 184 -7
-442 3 -4 160 -197 488 -8
-437 -6 9 -165 -63 324 1
-164 -19 10 -319 -465 -173 6
105 -14 -5 462 -394 -245 -3
-392 -2 -5 -428 3 186 7
337 -17 -6 -94 345 -115 5
-264 16 20 426 117 -324 -3
-61 -6 9 -229 -455 -422 -8
-81 -17 -2 185 498 -148 10
250 -3 16 -205 -103 -79 1
50 -10 3 340 475 -220 -2
-406 12 -4 -356 -451 370 -8
-397 7 16 326 252 -315 -8
90 -3 -2 -369 -471 -323 -9
-409 -18 -11 -251 166 235 -2
385 -5 -8 -498 -105 90 -2
438 2 -14 349 -431 361 -2
185 -18 3 276 -384 309 6
-69 -17 3 -37 91 -473 7
-362 20 10 108 -194 391 -9
-332 12 -10 -179 481 265 10
-170 -3 -4 377 -222 390 4
84 -2 1 288 -162 165 1
-2 -14 -7 468 394 -268 7
420 -13 13 15 218 -391 4
-267 16 19 116 459 453 6
436 7 19 246 -231 83 5
3 -6 3 228 109 -364 6
-170 -11 -18 473 -92 -329 8
110 -8 13 26 465 386 5
311 -3 13 355 115 51 9
-200 12 -4 -489 -475 257 -3
-131 16 -15 189 -65 -139 4
-337 20 -11 208 -186 -176 -8
-180 -11 1 -182 477 395 4
-470 -13 13 -347 -482 -299 10
-61 6 -6 -14 232 251 -3
179 16 3 66 -274 132 -4
55 -8 20 -307 -215 190 4
-304 16 20 280 417 290 9
77 -3 -2 -51 -209 400 3
-88 12 -16 160 -215 -406 7
-34 20 3 -320 326 -194 4
-191 19 12 203 -63 -489 5
-66 -20 19 57 -195 -151 -8
149 15 -2 289 2 50 7
237 -14 -15 -218 98 -288 5
385 9 -12 -14 246 481 -8
-286 7 -15 155 135 -64 8
-357 -18 12 23 -165 30 7
20 2 12 387 -440 -176 10
-347 12 13 189 -321 131 -1
76 -17 -6 189 156 -265 1
458 20 -7 489 -134 -490 7
229 2 -7 282 -160 444 10
-35 -6 -17 -475 416 -197 7
-273 -3 -15 -387 -298 -283 -8
458 -14 13 -8 426 96 5
455 1 19 -97 -361 141 -6
-55 2 -6 -423 -9 -202 -3
-396 20 9 -439 227 205 -9
-285 -6 -17 89 -28 248 -9
196 -10 -11 -100 409 248 -1
423 -10 20 -488 -92 -280 -9
-129 15 -5 -455 -491 -205 1
404 -19 -2 -347 -32 51 7
-157 -3 -5 -311 494 -39 6
163 18 -7 218 -177 -397 -3
120 1 1 -24 268 252 -6
405 15 10 432 395 272 -9
253 9 -12 184 -162 -328 5
171 16 -7 -497 27 300 4
103 -5 19 101 -1 -491 1
-264 16 11 271 498 -339 -2
-51 16 -11 144 178 481 -8
67 15 -7 383 -362 278 7
-14 1 1 -129 221 136 -9
423 -3 16 -461 -343 81 -3
-166 -17 -17 -84 -226 106 -2
254 9 19 -159 58 34 -1
-180 16 1 244 447 -414 -3
158 2 -9 65 445 -193 1
-7 12 19 -295 205 79 4
268 -6 19 318 364 128 10
-318 9 12 388 69 -483 4
-453 2 4 294 -444 386 -9
-61 -6 17 446 268 476 4
-439 -17 13 334 244 -15 4
83 19 -4 -44 434 -306 -3
9 1 -4 -397 -1 -265 -9
-195 15 -5 469 -168 -352 4
439 19 -2 65 -31 266 5
207 7 -8 -291 -371 -238 -9
-226 -3 12 -258 -46 226 6
283 -18 -19 321 -402 125 -3
195 -3 14 -124 230 500 10
220 19 -1 5 333 18 5
271 11 -8 -227 -160 116 7
-417 -4 3 161 95 -44 -2
390 -4 -16 476 13 213 -3
487 -2 10 111 -82 -114 -9
25 -4 14 -398 290 231 10
-66 8 1 -145 -139 96 4
211 -13 -5 242 291 -188 -9
404 12 12 366 -10 -454 8
-371 7 -15 310 496 489 1
-218 -6 -5 -315 -375 270 -3
-311 1 -6 -325 310 405 10
342 5 -14 20 -263 231 -9
-238 -8 -5 26 35 447 -3
-136 -10 -14 263 -121 245 -9
-155 2 3 390 -279 346 -7
76 19 12 -95 499 -6 10
169 16 -4 -421 -46 201 5
-222 15 1 -183 303 97 10
-208 -20 -4 169 137 81 -2
281 -4 -8 479 268 473 -9
-82 15 -4 -213 264 -313 6
-191 -4 19 482 205 363 10
480 -6 20 -348 -495 260 -2
-379 15 -18 468 -441 304 -1
-383 -8 -11 412 2 58 9
69 -6 -17 458 345 -263 4
-491 2 -7 364 -402 63 6
420 -10 12 -40 346 -86 1
-232 9 8 -431 69 -442 -2
107 15 -5 43 -447 386 -8
331 2 20 140 -238 430 6
206 1 6 -369 368 -385 10
162 -1 -4 131 -340 -234 1
-361 2 -1 -241 210 463 1
-309 -2 -17 326 -355 121 1
-324 -8 9 -499 -30 57 -10
70 13 -18 -36 -92 162 7
-275 -4 10 194 -283 434 7
-409 -15 -5 25 -215 -443 5
195 -12 9 60 455 -255 7
-228 -6 -4 343 -234 447 1
-164 -14 -11 -301 242 211 -8
345 9 -14 -122 -487 416 10
-395 -14 -18 -436 -413 -314 -9
355 -3 12 -188 -135 401 -9
483 -13 20 -315 -152 -395 -9
161 3 16 -309 464 -47 -9
-320 -6 -15 419 -221 440 7
-107 15 20 -266 341 -7 6
-326 -3 -4 155 90 -209 -9
-213 -18 12 52 256 6 5
-464 -18 19 320 -228 405 -8
-136 15 -7 -97 451 -473 -3
485 -15 -8 -222 -362 -176 5
-394 -3 -16 459 294 327 -3
107 -11 9 294 102 -106 -9
284 -4 -17 10 -431 -470 -7
-411 7 10 380 354 -434 -9
178 -10 -8 -96 485 -387 -9
173 14 13 -51 -490 -154 10
-481 9 5 -498 430 152 10
78 1 -17 -117 -192 22 -9
76 -4 -15 326 168 310 6
-344 5 -6 -477 -86 -364 7
-347 17 20 138 -441 125 5
191 9 -5 30 218 -470 6
-113 -9 -17 -393 -63 -138 1
19 2 -11 458 -381 -238 6
382 -11 -12 9 -491 477 -3
65 -12 -7 87 137 83 4
-395 11 -8 343 -327 41 -9
416 -17 10 -71 -288 121 1
-279 1 10 265 -499 270 4
-362 -17 -2 -441 -201 400 -9
-252 -5 5 -88 358 83 10
-80 -10 1 169 240 75 1
-174 6 16 33 -237 -433 4
331 -3 -4 227 104 -123 -8
279 1 -14 -168 -1 -252 6
199 -18 -7 -359 101 -488 1
92 2 -6 386 478 -454 -1
-318 9 -9 -36 151 -258 1
112 10 1 487 261 -149 -2
73 5 1 493 -65 -317 -3
-141 -4 -4 -285 -38 -414 7
-495 20 12 424 242 -466 -9
187 -17 -8 -370 -381 -430 8
375 -6 -10 -205 103 -221 1
38 -6 -6 132 19 -84 9
-218 -11 -10 379 24 65 -3
76 9 -19 385 41 -108 1
-126 2 -16 412 67 420 1
451 20 -11 -164 -230 98 10
-407 -17 -13 412 -384 227 -9
116 -5 16 -217 290 -343 6
-304 -3 -17 308 229 -6 2
500 -6 -5 -365 90 116 -3
-494 2 -4 -464 480 -384 1
-362 -5 20 147 131 -8 -9
-74 15 -6 -228 402 180 5
342 -16 -7 161 -460 -47 -3
351 -17 -4 313 482 39 4
-176 2 19 -46 334 142 -4
488 9 -12 -451 -122 -335 -9
-245 2 -15 -450 138 -434 -2
18 -6 -7 186 -422 -77 -2
285 15 -15 469 -397 -200 -3
261 11 -2 278 393 -111 5
-378 15 -6 -272 341 104 9
27 -4 20 361 -79 97 4
207 -6 -17 -48 -177 -284 -9
-425 -2 -7 -123 395 81 6
311 -6 -4 -78 370 25 -3
474 2 -7 -458 -263 85 7
368 -13 13 -121 220 498 7
149 -13 1 -193 -115 -241 -9
-97 2 20 448 315 -357 -9
19 -17 -15 -8 -473 233 -8
-56 -18 19 -335 13 132 2
-222 -5 20 -267 89 259 -9
-402 -13 -11 308 -495 -427 -5
42 -4 -7 -165 421 -285 -8
282 9 -18 -55 -394 182 4
405 2 -13 -362 113 278 7
107 19 14 288 -148 80 -3
75 -17 -7 -62 55 34 -5
488 -13 -14 -404 358 -491 9
-446 16 -8 -182 -59 480 -2
277 -10 9 282 280 -249 1
127 -8 -17 492 198 313 -2
-496 2 -14 376 6 -414 -9
36 9 -2 210 -201 498 10
-145 9 20 -228 -266 -361 -8
316 -18 13 414 231 109 1
-88 19 17 109 137 2 -9
-252 17 -2 -61 -87 -280 5
494 -10 -14 -107 -197 -78 -9
127 16 5 390 480 134 4
-289 -18 15 366 -170 423 -8
109 2 -7 -122 9 -341 2
375 -4 10 407 -267 -351 -2
192 16 -8 -46 -372 412 -3
434 12 -1 361 100 -357 7
-43 -10 -6 218 113 363 -3
-464 -4 -2 -398 -34 40 -9
-370 -18 -2 -201 345 175 -2
-389 -5 19 220 -350 288 -2
441 7 20 -270 -141 315 -2
-176 9 9 -168 223 -269 10
27 -14 9 -488 142 -456 4
40 9 -18 -475 -1 -387 7
-37 -11 -14 458 -434 -26 6
-322 16 -7 -300 -322 216 7
104 -10 9 39 52 455 10
229 -8 1 22 -466 189 4
381 -19 10 -4 78 -135 -9
234 2 3 469 -283 -80 -2
346 16 1 16 384 243 5
94 -2 -5 -198 269 -19 5
244 15 6 -346 -171 97 -3
488 -4 -11 365 -331 -454 -8
-336 2 -11 -324 -437 -375 -9
101 -12 20 -309 244 282 1
91 2 -4 -255 305 461 -2
375 -18 -14 -162 94 155 -2
-406 7 -7 -73 151 235 -10
-479 -17 -4 140 94 82 -8
-306 -8 19 422 -152 25 10
-186 -6 -14 128 156 -172 8
378 -4 -17 -339 -384 -151 4
-439 -17 -5 231 354 281 1
18 -10 -14 -420 -145 -480 -9
246 -7 -18 -212 461 78 6
-21 12 4 224 -265 381 -8
-397 16 -18 153 -157 29 6
-421 -18 8 50 367 92 -9
-347 -18 -2 -80 -265 -234 10
-186 18 20 -302 182 227 -3
492 -3 -17 -197 314 -478 -3
-491 -10 1 478 209 -473 -8
-428 15 -14 161 -295 -212 -8
-294 -11 -6 296 -26 -416 -2
-158 -17 -14 -450 -321 409 10
-319 -10 -19 42 -282 -124 -9
-7 13 -15 244 333 -443 4
-432 -18 -2 16 178 -431 10
458 -6 -8 211 -374 90 -8
9 -18 19 495 252 15 -10
-230 20 -6 419 406 -145 4
268 -5 -6 48 -15 56 6
75 -6 -8 390 -11 -397 10
-447 -13 3 410 97 319 4
339 -14 11 -276 -231 146 -2
455 7 -14 395 334 288 -2
50 2 -18 -409 -36 -388 8
153 20 -8 108 75 493 10
66 -10 -17 172 -158 371 5
-224 15 -5 -72 -300 492 9
-80 -4 -11 -470 -486 331 4
175 20 20 -500 459 -46 -3
27 -13 -16 478 -165 73 10
-141 12 -17 308 374 -472 7
-264 -6 6 -430 -375 171 -3
-97 -17 -8 -339 -388 -237 1
1 -11 -10 -79 -238 66 -2
-264 15 6 78 -105 303 -9
455 17 -5 343 200 263 5
199 -11 -4 493 -433 407 -2
451 -11 -18 -460 241 15 -3
367 -4 1 -153 -127 -279 4
-405 -5 -6 -481 358 190 -2
-409 10 -8 65 -177 -384 1
433 -3 -6 -61 -464 95 6
-290 -14 1 -383 316 94 10
328 2 -14 -436 90 348 7
254 19 15 -194 -279 -329 -8
-446 -5 -11 -52 55 29 -3
97 2 -19 -420 407 -20 -9
149 -4 -15 469 498 407 7
226 15 -4 -328 332 282 -8
-213 20 1 -192 7 55 6
1 -10 3 206 -71 76 1
120 -8 3 490 -361 -197 -3
195 4 -14 -397 -352 -258 -3
-362 5 -17 -492 385 229 10
203 -8 -7 -445 88 -445 10
41 -17 13 381 13 141 6
-150 6 1 176 123 260 10
140 -4 -14 340 -489 423 -3
342 -13 -4 322 73 97 4
-228 15 -4 -8 319 120 6
-473 15 -14 -247 35 83 4
349 -13 -17 383 259 302 1
41 20 -6 -175 -397 -139 7
-486 -8 -4 332 -159 -349 -9
413 -14 -15 -212 185 379 4
458 12 -14 301 -472 77 -9
-497 15 -14 33 151 -372 1
-298 -18 19 182 35 -5 10
-71 -18 -2 -363 -410 -193 1
-247 9 -7 71 110 -84 -9
433 -8 11 -181 -26 306 10
-326 -16 -7 -457 -152 118 6
328 -4 -7 347 115 142 10
-108 -4 17 321 -82 285 -2
422 2 13 -386 -398 -443 -8
381 -17 1 -12 -273 -193 -8
159 -1 12 64 -378 -351 5
-95 -18 -6 171 315 -59 6
-207 -14 -5 244 -270 -365 -3
-491 -16 -11 -499 -279 -329 -8
1 2 15 -485 -20 463 4
119 11 12 -339 -289 389 1
-117 -3 -5 -152 -221 41 -5
312 1 -11 -266 -195 -329 3
-286 7 -6 -493 345 252 7
-86 -11 3 -423 205 -199 6
387 2 -13 418 295 302 -9
277 1 5 237 -15 122 -2
-24 5 -7 -168 98 -349 -9
-484 -6 -19 247 335 -137 -8
-383 -8 -2 484 355 206 -2
194 -13 -18 -168 -169 251 -8
-34 15 -7 275 -487 332 -3
338 17 1 -314 -190 368 1
472 -17 -17 -402 -349 -367 5
-308 20 -15 -178 359 476 -3
-58 -11 -8 392 197 -359 -9
26 -17 13 5 314 28 9
-306 -5 13 -389 364 252 -6
-394 -12 3 -309 60 -436 6
85 -5 -18 251 -85 -485 5
-466 -4 -15 472 19 371 7
-121 8 -4 139 -331 -447 -8
-233 9 5 438 118 230 -9
-294 9 1 -186 347 -383 -8
190 12 -5 427 417 232 -6
143 -9 -15 368 -204 120 5
-285 -3 14 -350 437 -269 -8
418 7 -10 280 -435 -245 -8
321 -8 -14 453 182 113 -8
16 12 -7 429 498 -474 -9
-401 16 -7 -423 -229 370 4
-466 15 -17 456 -371 218 -6
-249 -17 20 -215 199 -149 5
420 2 -13 374 133 -137 6
49 17 -7 288 255 -316 10
-137 14 -7 -199 -15 2 -9
142 19 -17 52 116 -69 -9
-348 -4 18 -467 24 147 7
-68 2 19 205 -318 393 -9
-491 -3 15 -356 345 434 -2
-28 15 -17 -125 421 -406 -7
-164 12 -6 85 -225 -9 4
49 20 1 -279 71 401 -5
104 -17 -4 -442 -496 136 -4
-64 -11 -18 121 -54 -122 -2
-475 -20 -11 -467 -428 -430 -3
-56 -4 -11 156 261 96 7
-454 15 -15 368 -298 270 4
-369 -6 -14 -322 -361 213 -2
-59 -4 1 478 -402 35 -7
277 13 -5 160 246 -384 -9
353 -8 3 -149 464 -164 -5
-316 -8 19 407 -10 161 7
42 -9 -4 -499 306 381 10
-51 -6 2 -59 -177 -460 7
-208 12 -17 9 104 -198 2
-108 -13 -18 390 127 -148 7
-80 20 -1 -133 477 55 1
342 -8 -4 -183 243 314 -3
-378 -5 13 -492 474 379 -1
482 -15 -14 -299 -279 310 -8
160 -11 -6 -187 -195 -254 4
204 -5 -7 155 48 -473 7
142 -14 16 63 -197 -205 6
70 -5 8 -314 61 -333 4
144 -14 -2 500 240 -435 -1
284 -20 16 391 -12 -354 5
-349 1 5 322 294 492 7
-470 -3 -4 -194 -383 -51 -9
42 19 9 336 -479 171 -2
-209 -14 -5 493 -44 -298 4
33 9 20 33 -53 -312 1
280 2 -7 106 69 -145 -3
-302 -4 13 67 -212 93 -8
321 -18 13 214 -377 -155 -8
-221 -18 16 65 -449 -279 -1
441 -14 -17 162 477 475 -2
438 4 3 448 -226 414 -3
381 -1 12 -367 -288 1 -8
133 16 -5 -439 -313 -286 -10
-476 -11 -17 458 39 261 -8
125 -11 16 472 458 -193 8
-89 15 -5 494 -425 330 -9
248 15 -4 20 -351 285 -8
276 -11 -8 244 22 394 -1
478 -6 -8 368 33 -203 -2
-409 -2 13 -371 13 -468 6
-39 4 -15 45 156 -280 7
368 7 9 438 -358 78 5
52 -10 20 -309 -18 -307 5
293 -6 18 242 345 231 -9
-107 -4 -8 2 -276 77 1
385 2 -15 500 157 -308 7
381 2 -5 401 426 370 6
-337 -14 1 -217 111 224 -2
50 14 -5 -44 78 -279 -9
-20 -6 -6 -440 -46 296 4
-189 -4 3 80 242 250 -3
-208 15 -5 222 90 -21 10
-232 -11 9 169 -181 -261 6
76 -3 3 -272 -54 -344 -4
15 19 -4 19 -449 -304 -9
-43 -4 -11 20 103 -31 -9
399 9 1 30 -178 224 -9
-488 -17 19 128 456 39 -2
-103 -9 13 275 -155 -460 6
-298 -6 13 155 70 81 5
-290 19 1 -367 -38 1 -4
-275 -2 -15 224 2 -105 -9
97 -5 9 -127 -50 -54 -1
-406 -13 4 78 -450 -427 -8
-96 -3 11 476 151 300 5
-221 15 15 282 301 -19 1
185 19 1 -455 447 -297 3
-313 -14 -2 -428 104 -351 6
490 19 -6 33 145 -45 5
-166 -10 -13 372 359 86 6
311 -5 6 326 -59 -84 7
313 15 -4 -163 430 275 -2
139 -18 -2 78 279 338 -8
-205 16 13 -112 254 -493 1
-254 -4 16 -103 -172 -474 4
336 7 1 -292 60 214 -8
-175 9 -18 427 351 -307 6
-12 2 -18 -234 -378 -350 -8
-419 6 10 -424 478 477 1
-194 -11 -4 -279 -378 -267 5
-233 18 -7 -331 -450 -149 1
-496 -5 -8 -452 -160 399 -8
-409 20 5 -240 191 -436 -9
420 -20 13 -4 52 118 -8
250 -6 9 -498 242 233 -7
-223 -10 -12 -243 188 -237 6
446 -3 -6 85 -86 285 5
406 -4 13 -433 385 -187 1
211 -13 -14 -431 368 319 1
195 -5 -4 87 342 -341 8
494 3 -8 -175 224 139 4
353 20 3 498 -130 256 6
279 19 1 -408 -112 128 -3
25 -11 -12 154 301 -449 7
439 20 10 -433 493 419 1
-435 19 8 220 404 -404 10
41 -19 20 351 -275 -62 5
404 -18 -4 -312 245 409 -7
-181 -14 -4 460 -209 325 -7
356 7 -7 419 -233 60 -3
227 20 -11 387 -12 -18 4
97 -8 1 226 -191 207 5
-295 -3 -1 32 -281 488 1
-442 -4 10 486 414 -466 3
-424 -10 20 426 96 -143 1
-129 -11 -20 -398 294 -322 5
271 -3 -19 310 -195 423 4
310 5 -5 -104 -485 -212 -9
-37 19 3 -209 123 -249 -4
154 -4 -2 -170 71 -20 -1
418 -11 -15 -231 8 -354 -8
-191 -4 -15 34 -80 278 -6
-383 2 4 326 -432 -491 -3
-7 -7 1 412 -413 -221 10
-5 20 9 -142 -235 -183 -9
-306 -6 12 -418 -171 -451 4
-189 -11 12 -11 316 99 5
498 -14 1 -213 401 475 -3
-317 8 10 495 -292 458 -3
-307 -3 -15 120 -289 -254 6
271 -12 -5 -339 -114 -87 -8
327 -5 -8 -149 440 -316 4
-498 -12 16 -126 -172 104 -3
430 -3 13 -76 -343 -357 7
220 -8 8 495 -424 -398 6
91 7 -16 -270 -275 -62 10
459 20 16 -347 -30 -402 -4
350 -14 -14 486 17 -474 -9
193 4 -17 260 -263 424 7
-354 5 -15 -79 41 414 -8
353 -20 -7 147 201 -442 -9
457 -20 1 366 -323 423 1
-128 -6 -15 -141 163 48 7
-292 19 12 -143 302 -216 -9
385 17 -7 -148 5 -30 6
-39 -14 12 473 -487 444 -6
429 -4 -13 447 395 162 -3
-126 -6 -8 473 423 139 10
-367 19 3 206 -344 489 4
404 12 1 -435 354 -357 -1
-22 2 -7 -146 192 -468 4
288 9 -8 374 -387 296 -6
-247 1 19 -216 143 54 5
-256 7 -2 140 147 313 -2
35 -13 11 197 -54 389 -3
366 19 13 200 115 20 4
391 1 -14 202 411 -373 1
-495 19 -14 -454 331 -478 -9
29 13 10 98 -226 -358 -2
122 12 1 12 415 -220 1
352 -5 14 -227 -40 89 -3
-357 -14 -14 443 268 -130 -4
-400 2 -6 18 -43 308 6
44 -11 -6 -124 198 -312 1
-135 -18 -18 92 -54 36 1
-409 -14 -4 -34 244 -185 -2
-208 -20 -18 -362 254 338 6
474 9 -4 140 330 208 -9
-20 -1 19 -231 219 482 6
367 -6 10 15 -132 -382 1
69 -13 -11 482 -393 -250 4
-113 16 3 248 116 389 5
455 -6 15 17 434 -179 4
354 1 -4 -205 -432 -7 -3
-264 9 9 -87 -398 31 10
221 -13 -5 89 476 -192 6
444 -18 16 -223 -475 -223 4
-192 -18 20 -186 -475 -295 -3
-396 20 -4 -88 337 -6 4
92 -4 16 -444 -422 -156 7
-137 2 -5 -444 317 -44 -2
212 -18 -6 196 -340 -59 5
-371 -1 1 278 -432 134 -2
-260 -13 -12 1 98 270 -8
-66 3 10 357 -425 -62 6
364 11 13 456 -420 -156 5
303 -11 -5 -264 -302 215 6
-124 19 15 491 -105 413 5
-184 -8 -5 -347 -155 -110 10
-345 -13 10 489 88 360 -7
466 19 16 -74 -214 225 -3
311 16 -4 -331 -158 -219 -9
54 -18 16 342 -422 -286 -9
-39 -4 -2 -205 -323 -94 6
316 -11 -15 306 -454 125 -6
-274 19 11 308 -325 -274 7
-215 1 -7 -367 401 -333 3
-20 15 -6 -439 495 324 -3
-443 16 -18 -424 -323 -318 -3
424 -4 -6 -327 -381 263 -9
-157 -7 -8 383 351 155 7
-218 -6 -4 -49 -410 -358 -7
-379 19 9 -304 120 -459 4
38 15 -18 440 -124 316 -2
-188 -4 -2 271 -282 -486 4
-7 2 12 74 241 -390 -3
11 16 19 472 112 56 7
25 -17 19 255 -292 -462 1
468 -9 -15 -112 -202 -361 4
235 -17 20 -253 -276 474 -3
452 20 -8 13 -398 480 -3
101 7 -15 319 -338 -307 7
-237 -13 9 429 -338 180 6
-369 -1 -8 445 37 -491 -8
254 -6 13 166 -355 266 -1
-443 7 9 491 330 -392 -2
457 15 16 -70 25 -194 10
262 -6 -5 -14 -381 -418 -3
-108 7 -4 117 396 -406 -8
500 -8 -5 -457 367 477 7
172 -6 -7 116 143 -392 2
190 -18 -8 45 54 28 6
-359 15 3 483 434 122 -2
211 9 -4 155 438 -358 -8
-143 15 9 -126 -350 77 -3
153 -3 -8 234 -234 461 7
-72 -17 -11 -106 -75 -43 -5
-486 -5 -14 87 -390 368 1
-213 7 -1 230 -433 -223 -3
217 -7 16 -345 481 -396 4
29 3 13 -58 -162 -399 4
57 -11 10 90 -95 -166 -5
-423 -18 -18 -213 154 -159 7
-63 7 10 346 -329 205 10
-151 -18 16 33 324 -173 6
455 -6 -14 -73 67 -102 -9
426 -10 20 33 -350 31 3
-461 -18 19 364 365 -188 -7
-264 -3 13 -10 119 -200 1
-298 -18 1 -488 -54 -285 7
-121 7 20 138 278 -235 10
-88 20 -6 -371 -282 -87 9
-34 -19 -17 7 -425 66 1
-215 -18 -6 -241 38 106 1
414 -3 19 305 -344 297 -9
353 -9 12 -117 -340 28 6
-333 -4 -9 -415 60 17 7
-180 -3 20 379 -92 474 -8
416 2 -4 -61 22 444 3
164 -17 -6 -300 -428 -177 -3
171 -8 -6 227 -361 116 6
36 -8 -7 -273 166 77 7
36 1 3 226 380 337 -9
-463 -10 -11 376 -321 -360 -2
-17 -8 -11 177 -374 -381 5
388 -5 -16 33 464 378 5
459 -5 -7 295 8 97 6
244 -13 -13 225 459 -228 4
371 -18 -6 317 437 80 4
-69 7 3 -82 -238 128 10
129 -8 -4 387 151 28 10
97 16 -18 346 -235 431 1
-481 -7 -17 -272 -258 -71 -9
-28 -15 1 -106 126 -438 -2
-238 -18 10 349 191 484 -2
52 19 -2 -444 -316 -79 10
436 -8 -10 38 -134 331 10
-53 16 -14 -126 -247 -316 -8
-8 -8 7 -91 -321 342 4
112 2 -14 281 436 -199 1
268 -19 -15 -477 102 -23 5
-315 16 -7 491 474 327 -3
-99 -18 -3 -496 -496 262 5
-104 20 -8 1 -146 -212 6
199 -4 -7 -66 271 273 4
270 2 4 344 22 -348 5
-470 -8 1 337 378 -460 7
383 -6 -8 443 45 416 -3
-363 15 -1 -59 137 350 7
-150 9 -3 69 -293 378 10
179 1 -1 -102 71 -255 6
-340 9 -18 -312 354 -299 -9
220 15 -18 -15 8 222 -8
-334 -4 -8 -350 499 -54 -8
-87 7 3 132 -150 284 1
-34 -4 20 150 -238 433 10
-470 -14 3 316 -177 -39 4
328 -3 -11 -40 -291 -480 5
283 -18 14 -345 -357 346 10
184 15 -2 478 -422 144 6
-393 8 -7 337 -426 -21 10
-207 1 19 387 -274 -363 -1
-63 8 -7 -96 421 -203 -8
171 -11 9 -444 -179 -119 8
-365 -11 12 -80 341 97 -8
385 9 12 -433 408 320 6
490 -10 10 -454 245 214 -2
-38 12 16 412 333 -470 1
190 20 13 242 210 221 7
474 -13 -18 482 156 -240 -8
1 -6 -15 -361 119 136 -8
-374 -10 -10 376 451 207 -3
49 17 -15 160 -161 -426 -9
-22 -10 -14 343 -65 423 -3
-320 1 9 -284 -222 -322 -2
-392 20 -17 432 -354 431 -3
-34 -11 12 254 -318 79 -8
-437 -3 1 200 163 78 -5
250 -8 3 66 -211 -6 -2
338 -15 -6 -102 -165 -185 -3
3 -11 -11 147 -5 330 -8
-256 9 3 71 236 437 -9
342 -17 9 -48 -186 -431 7
488 -5 -18 47 -40 -133 9
-330 6 -17 411 -206 -264 -9
78 -6 5 326 -10 496 6
-401 9 -1 -40 39 -433 1
375 -18 3 -228 125 -3 -4
329 19 12 175 133 147 7
-371 20 -8 65 -190 -154 -9
460 10 19 411 -121 201 1
-473 -18 -6 317 125 -466 10
-136 -4 -3 -382 -289 11 -8
-216 20 13 -36 -21 -395 -2
-123 -14 -1 274 342 437 -2
350 15 -17 3 478 231 -9
-224 -11 20 -253 -33 259 7
153 20 9 19 -43 323 6
127 14 -11 18 -428 -427 -3
-233 -1 -5 -102 493 411 6
231 -17 -8 -39 198 -362 -2
483 -1 -15 -215 -323 -221 7
-64 7 -13 -221 -15 72 -9
462 -18 -16 -152 -16 -399 -8
-247 1 -14 -245 -318 -125 -3
-322 -8 16 227 -59 204 7
329 -4 1 -479 -398 257 4
-88 -4 14 -307 411 -254 -9
250 4 -14 -67 306 201 -2
-66 12 20 220 20 405 6
443 9 3 -81 199 -255 4
403 -18 -18 134 314 345 -3
-95 8 -4 224 135 -79 -9
-164 7 10 23 -226 -295 6
444 19 -4 97 462 -385 -9
-428 20 1 110 -112 160 1
125 17 -6 -362 335 211 7
-223 -11 -5 -116 35 -173 5
-58 -7 -11 -168 22 492 6
-14 -8 -1 -182 -285 314 4
-147 20 3 -199 461 395 1
-72 20 13 260 -269 226 6
39 16 -17 -193 208 -404 -9
-332 -8 -8 -14 100 -56 7
23 -17 -14 152 -136 51 1
-496 19 20 -325 498 192 7
296 7 -4 47 1 276 -3
270 -14 -11 -77 -467 391 -2
-475 -16 -18 -428 -181 342 1
-186 -19 16 -62 -197 -390 1
360 -3 4 -148 -1 462 6
328 -11 -7 147 408 125 3
462 5 9 -331 332 -90 7
366 -13 13 -235 -258 281 4
229 -9 10 190 -352 163 4
375 -6 -15 -369 241 -442 -9
-450 2 -6 -11 -73 -451 6
493 16 -4 372 87 -197 4
288 -10 4 322 -330 -322 10
-59 15 -6 -113 -12 -307 1
-232 1 -11 469 220 -97 -9
-475 -2 16 218 -410 -87 7
105 12 1 408 273 277 6
-380 -14 12 338 27 169 6
-309 16 9 -390 -105 290 -8
-322 1 -5 60 -46 136 -2
-136 15 -4 336 -346 494 4
-345 1 -14 39 -168 381 -9
254 12 -5 338 345 -209 1
225 1 -15 43 61 -27 -8
271 7 19 354 -454 277 -8
-104 16 -8 -285 -75 -279 -2
459 -4 -4 -465 266 -433 -3
-332 -17 -14 413 -204 -404 10
139 3 -14 -369 -410 -238 7
-445 -6 -6 -148 421 -329 -10
138 -5 -10 1 -43 -217 10
-461 -18 19 -146 -454 -16 4
-348 18 -6 -420 240 261 -3
-60 12 3 414 216 162 8
425 -11 -15 -475 -43 69 7
-484 7 20 57 -22 162 -2
-136 19 -14 364 -146 -500 -3
-243 -3 19 367 445 -355 -3
1 -4 -8 -312 460 278 -2
69 7 -18 83 412 273 10
216 12 -12 -134 -197 -272 1
261 -11 -6 30 125 488 -1
-473 16 1 -235 -159 146 10
-147 -4 -20 -207 305 336 6
455 19 2 60 -139 95 6
-320 7 17 490 -433 346 -3
-31 -17 5 384 -190 -195 6
422 -6 10 225 -357 442 4
154 -2 20 -221 24 -237 1
239 -18 20 -347 -485 38 6
-236 5 -15 -28 91 -267 -2
-200 -18 3 -21 299 104 7
94 -13 -17 -179 -306 -289 6
-495 -11 -16 -360 6 139 -9
439 -6 -4 336 -275 493 4
-309 -10 -5 96 486 391 -9
-56 -3 12 128 45 14 5
82 -10 -15 -488 -72 41 -8
-343 20 -10 54 -289 313 7
-243 7 -15 -480 -397 1 -5
105 -3 -14 -338 -457 420 8
-445 16 -13 446 -161 2 5
-228 16 -8 177 396 -61 1
-96 13 9 456 429 81 10
-170 -9 -17 -256 -323 -250 -8
104 1 10 28 52 477 -8
-26 -5 -4 -400 -360 452 6
-317 9 -4 -191 11 -410 4
489 -5 -18 -477 252 494 4
-20 9 13 -219 -256 224 6
-252 -14 11 -171 -270 -286 -9
180 -6 16 237 498 -178 1
216 -18 12 -474 -490 247 4
-427 16 -5 -272 -420 74 7
-128 -10 1 296 492 -267 4
-408 -6 20 -292 76 132 -2
327 12 18 -62 -213 476 5
482 15 3 -306 246 314 7
405 5 -6 265 -211 -361 7
387 -14 18 344 -122 273 -3
451 8 10 173 256 -295 -8
-456 12 1 -231 -263 321 -5
18 -14 16 236 154 197 -3
-264 12 2 387 157 336 6
26 -10 3 412 263 -459 -9
231 -14 13 -121 342 -259 1
217 19 13 390 130 -19 7
-170 9 -4 -347 434 110 3
403 -19 3 -325 -222 144 5
-337 -1 -2 -229 220 -3 4
331 -3 5 -498 -112 -246 5
-31 8 -2 69 -239 -46 -2
32 -8 -18 -95 -410 -387 -3
-354 -11 -13 176 -247 -71 7
-238 -4 3 330 -485 -485 5
-326 2 -11 150 -441 92 -6
492 2 3 279 -105 169 -8
-134 20 -8 -47 176 -404 -3
78 1 -9 -356 358 -173 4
-118 14 -15 21 261 -288 7
-225 -4 -17 30 -92 229 7
404 14 16 419 411 -259 -3
-343 -12 -17 448 133 -40 -3
-134 -6 -12 2 434 -267 -9
-275 -11 19 451 -50 481 7
-292 1 -17 371 -356 -23 1
-67 -10 16 71 -350 53 5
-439 -14 -14 -330 163 -483 2
-378 4 -15 262 -389 -307 10
-499 -17 16 -407 -190 -399 1
-184 12 19 -178 154 -49 -1
57 16 -18 -428 -234 -414 -3
-393 -2 -7 204 266 -62 10
76 -8 19 152 -296 -448 -3
250 2 16 -21 -496 419 -9
-60 -10 -17 440 -417 -199 -3
-100 -6 -2 301 93 494 -3
77 7 -17 -170 -393 134 7
-261 -18 -11 232 408 -37 6
-380 7 20 -350 8 221 -3
344 9 13 -112 -148 18 -9
-146 15 20 400 -63 -37 -8
41 -18 3 425 -362 65 7
370 2 -5 42 55 -182 2
-150 -19 -11 -107 -190 -332 1
-29 8
