1000000 5000
104
84
160
121
175
76
184
34
146
1
63
137
83
3
173
64
88
53
200
64
126
87
182
18
75
42
61
114
15
113
128
12
59
56
18
104
58
83
199
174
78
52
177
11
67
58
35
30
169
40
153
11
65
143
62
21
95
12
163
53
172
38
34
127
8
5
36
84
155
66
196
4
15
175
104
132
196
9
101
47
106
38
167
154
71
137
191
71
21
127
46
171
63
45
53
115
56
195
29
172
105
68
30
48
43
15
88
103
152
77
9
75
4
181
119
122
61
103
91
96
186
94
183
1
103
36
180
159
48
105
66
14
122
159
188
175
107
108
90
38
166
85
24
157
99
115
145
196
15
15
52
75
181
149
171
99
173
170
69
79
102
55
54
107
62
67
33
4
44
35
192
116
96
57
182
66
168
194
57
125
8
35
111
108
21
178
72
176
159
34
83
57
179
166
17
81
159
110
15
23
116
86
74
151
21
45
55
168
180
167
117
128
20
35
159
158
198
64
88
190
12
24
134
5
29
37
108
51
154
22
38
179
89
197
28
64
128
93
134
90
60
173
83
59
92
196
156
189
178
120
200
126
56
12
93
64
143
159
162
88
162
167
51
2
135
54
102
70
100
39
68
27
101
149
48
187
197
87
48
13
53
166
159
7
39
39
164
108
111
49
149
121
101
25
145
69
9
97
48
77
184
20
84
38
193
160
47
163
47
167
6
142
111
15
200
109
5
65
113
174
181
188
46
158
138
136
147
33
75
42
18
179
19
119
9
46
99
47
191
4
133
27
137
82
29
112
34
25
163
88
59
145
60
14
96
155
15
98
108
100
195
171
8
87
191
96
174
198
130
158
173
132
121
128
25
57
139
78
40
28
27
161
118
7
127
64
42
39
159
88
120
89
125
58
61
48
10
157
109
161
197
196
187
64
53
183
123
189
167
192
83
120
146
32
93
152
178
90
38
186
159
186
45
40
114
64
78
67
29
170
179
1
103
199
174
143
48
163
100
138
187
143
173
195
104
68
22
162
37
186
183
44
9
8
82
45
116
191
86
65
82
142
110
119
13
126
74
30
79
108
74
197
19
36
138
2
138
123
183
197
198
42
25
56
193
41
139
100
90
79
190
59
181
152
107
29
50
106
187
198
183
68
198
99
4
161
90
77
103
20
76
175
141
174
155
111
192
22
140
61
175
70
137
130
9
141
12
83
191
12
170
148
74
42
121
165
115
9
67
146
43
100
177
81
69
115
111
100
116
197
175
20
69
22
2
117
90
78
17
190
63
53
32
58
163
74
175
114
52
53
122
132
196
111
120
173
19
5
138
182
161
172
176
166
179
174
74
172
134
13
121
110
108
90
117
3
14
164
154
87
171
191
110
29
77
106
118
40
23
104
150
81
130
147
94
93
168
3
64
55
180
175
181
14
138
194
63
77
98
120
49
48
116
81
72
96
93
17
160
99
167
18
152
124
178
172
170
48
61
31
156
36
123
178
193
150
161
115
77
84
139
7
165
88
77
72
186
167
191
61
128
2
104
150
192
123
45
58
71
57
1
176
181
103
50
160
12
105
107
139
124
67
103
114
70
113
108
188
130
192
31
104
10
6
32
147
89
2
103
196
56
86
80
10
39
153
185
71
34
162
16
114
98
96
197
115
196
63
2
139
155
94
17
51
186
22
96
140
55
38
91
191
147
10
169
99
45
78
40
70
151
92
46
93
8
130
114
75
188
75
2
104
178
142
43
192
17
56
101
156
53
5
52
68
122
101
26
106
102
157
161
4
149
176
38
28
162
176
140
124
112
170
64
21
183
125
194
91
90
81
119
103
133
187
53
151
194
61
19
21
175
1
137
4
35
21
163
141
180
115
63
194
18
90
44
168
192
5
139
120
189
26
150
184
164
147
59
166
91
14
99
157
127
82
27
18
169
101
158
46
158
70
120
181
125
172
11
78
131
194
142
123
113
162
85
102
2
85
103
172
153
96
101
90
159
56
198
54
98
3
35
12
169
117
14
111
133
71
189
125
91
115
171
170
11
148
137
152
180
76
144
70
197
8
107
123
144
56
133
23
176
42
37
151
164
156
103
77
22
159
64
69
155
170
1
96
192
36
27
58
82
68
75
126
101
47
185
53
14
18
37
111
150
133
65
19
132
176
37
48
54
81
66
44
102
61
200
93
101
18
20
53
59
187
171
116
71
159
138
22
163
23
110
22
137
139
154
74
163
20
58
157
62
97
156
195
99
89
69
28
173
58
133
26
32
64
48
22
143
132
6
167
36
140
62
142
199
69
145
68
117
20
175
125
173
141
62
28
148
198
14
121
9
34
62
178
4
40
138
62
62
47
55
150
112
154
155
99
137
37
160
2
171
5
196
35
106
173
47
101
195
181
137
27
25
170
163
152
50
87
105
63
96
101
179
122
113
17
2
100
62
84
98
181
173
133
92
46
139
199
165
56
97
149
127
15
22
10
180
175
49
40
195
51
10
26
184
174
194
94
108
131
85
61
189
71
196
112
133
40
173
85
70
12
136
91
180
89
81
137
133
121
7
83
11
93
135
11
65
163
53
176
71
127
144
57
12
119
51
85
185
106
56
150
1
167
175
68
86
62
111
46
57
20
90
61
125
22
136
94
64
121
25
129
60
53
116
71
61
126
1
51
147
50
157
103
176
7
188
165
13
54
167
107
122
46
105
132
109
150
129
105
82
173
11
98
79
198
74
33
188
163
8
179
171
9
24
64
191
194
58
184
118
198
72
133
173
89
140
83
192
156
37
105
15
196
124
90
56
13
121
132
155
196
140
55
159
174
181
50
114
32
30
199
187
145
3
75
177
135
81
107
164
127
54
154
22
179
186
13
67
116
131
100
117
194
54
118
105
179
24
91
121
149
123
126
157
61
53
47
53
28
139
155
161
181
11
160
175
113
77
159
95
180
66
46
156
22
123
84
191
148
107
58
183
178
74
90
166
85
98
126
25
68
38
12
147
51
125
17
95
48
99
116
145
50
108
192
140
192
17
60
162
132
199
4
122
27
29
45
183
169
79
122
24
13
80
183
110
26
28
190
95
133
2
62
163
195
160
130
99
137
115
13
122
56
90
198
14
113
176
180
168
165
136
183
151
15
42
58
5
61
22
68
106
143
38
116
10
135
31
130
84
20
129
23
193
98
108
182
31
163
192
131
119
89
93
32
94
67
85
15
15
37
77
41
186
180
127
166
183
154
154
84
89
188
81
28
131
80
27
82
169
125
151
61
14
121
92
176
115
103
114
189
146
121
112
196
73
119
122
171
35
163
116
146
145
73
15
19
2
197
80
144
82
117
31
160
161
196
115
165
12
40
20
124
129
168
173
68
191
61
169
30
43
58
165
2
70
2
132
130
85
5
3
127
105
46
37
62
139
142
30
11
180
157
53
84
192
21
81
15
165
34
124
132
135
183
137
122
22
35
9
109
147
194
192
45
53
105
116
126
198
74
72
92
186
87
197
196
182
16
81
177
130
28
82
144
92
53
101
131
182
144
168
168
168
115
15
46
99
23
1
160
35
173
26
98
135
31
24
135
179
94
165
64
196
122
49
30
136
42
108
4
142
193
75
8
60
129
63
40
87
101
138
59
165
107
157
47
49
184
145
54
167
64
173
173
106
37
65
175
22
37
147
162
17
185
98
116
13
142
153
108
134
125
52
192
198
136
150
51
9
78
122
117
22
181
190
85
22
126
181
190
159
66
3
97
139
37
94
34
38
36
141
120
150
6
172
139
145
9
170
31
122
52
57
88
141
184
174
47
34
113
180
74
196
1
2
147
168
137
83
57
103
109
106
77
24
111
174
104
161
144
27
44
171
137
1
192
63
174
56
169
135
1
72
30
149
199
29
196
33
124
80
191
128
15
157
80
182
91
30
193
22
160
127
171
199
187
48
82
43
62
131
189
4
102
103
169
141
39
184
190
30
69
72
187
16
130
95
166
86
178
161
60
5
31
136
169
35
141
35
141
139
182
49
96
26
141
148
113
74
129
30
80
55
138
167
33
124
136
18
7
21
47
151
98
101
96
106
51
57
119
37
17
94
171
21
126
28
49
40
50
166
49
177
90
151
128
108
97
87
172
1
135
19
152
38
49
2
191
152
128
18
43
164
151
59
184
67
63
112
115
40
30
111
200
72
164
180
177
124
126
105
109
171
155
177
9
104
136
192
87
148
185
169
175
182
15
134
132
66
59
187
47
159
136
131
72
117
56
96
91
54
68
2
193
126
27
103
160
7
174
109
100
158
56
179
38
163
61
200
92
200
147
137
64
114
73
179
44
88
182
125
144
168
97
59
58
123
28
78
34
57
178
185
49
92
22
121
73
178
133
22
23
39
36
200
181
175
154
54
190
33
100
183
62
17
22
60
105
181
30
186
123
21
171
6
54
192
85
63
78
19
171
87
159
18
3
132
89
192
101
195
165
155
185
161
75
107
164
52
12
170
37
104
79
172
86
109
27
34
94
196
48
72
40
130
142
22
38
136
114
71
78
65
176
34
171
167
174
123
78
32
12
12
142
110
99
6
189
57
134
181
26
13
56
65
180
70
176
150
116
9
124
161
109
188
37
21
65
187
196
26
5
65
41
139
54
96
69
178
153
10
88
175
154
62
121
31
198
50
143
160
176
53
167
32
76
7
45
157
34
5
93
53
4
172
162
115
145
129
189
184
55
97
23
158
89
120
162
150
100
185
129
65
91
9
88
135
13
29
42
127
7
86
175
191
30
166
27
49
113
139
50
98
71
65
103
143
144
168
3
6
160
51
147
21
76
4
136
194
191
120
157
70
63
63
35
66
68
180
9
133
169
118
19
100
39
8
146
4
41
14
138
157
115
174
96
45
124
20
7
133
32
65
66
99
174
163
24
129
5
62
38
134
111
45
181
80
196
96
197
146
89
119
1
37
163
76
113
9
155
26
8
45
148
137
25
138
109
101
77
73
144
181
119
2
42
22
132
65
113
130
30
20
37
198
73
187
46
60
174
108
165
195
72
187
144
167
191
184
117
115
169
112
170
92
13
192
91
21
174
47
83
34
148
27
198
79
65
144
57
168
40
121
152
47
71
86
191
104
128
54
31
101
133
198
116
180
50
88
133
193
8
11
173
63
13
61
65
90
70
11
110
109
106
81
79
109
45
16
30
69
71
133
49
138
21
86
114
188
134
35
134
159
14
116
96
10
155
29
79
27
58
22
148
127
57
54
130
171
71
82
144
18
34
81
127
75
39
154
141
21
99
70
178
170
57
53
193
86
161
173
163
104
195
26
8
66
157
120
46
111
66
85
188
6
175
11
60
200
184
193
13
59
6
158
71
61
145
191
68
71
145
1
47
133
93
172
10
200
109
133
131
125
182
134
91
106
192
164
69
86
38
124
100
61
148
148
65
26
49
94
84
7
77
37
97
130
150
116
99
76
118
35
182
198
172
181
52
11
119
89
156
43
96
153
92
66
199
63
77
62
1
188
38
84
198
54
155
158
13
113
118
17
139
169
18
111
100
27
122
38
71
27
176
91
70
140
136
176
178
33
115
123
37
136
152
7
196
121
60
3
130
92
28
54
66
191
112
94
180
67
71
87
166
51
53
191
91
149
10
117
36
134
5
30
114
21
145
95
80
127
115
128
31
127
200
200
95
56
121
195
5
38
29
167
197
17
16
108
199
194
178
64
180
115
195
44
180
82
171
39
74
198
99
190
189
115
53
178
174
45
191
87
161
116
125
14
102
128
34
11
82
82
14
103
99
84
25
197
175
17
183
19
103
10
5
22
112
181
84
104
19
149
115
111
199
20
161
91
151
80
107
122
164
132
20
156
3
116
15
150
82
79
95
42
154
112
169
94
79
99
38
47
175
56
16
32
47
117
103
139
8
150
174
190
65
183
167
182
126
176
140
1
47
27
61
23
44
169
30
187
136
23
7
128
105
9
123
106
152
30
105
78
192
191
29
114
178
91
176
22
1
165
26
182
64
136
20
56
106
37
153
182
32
135
166
70
135
190
47
19
164
51
81
137
54
197
91
2
20
195
78
91
94
101
121
96
30
156
189
186
190
90
28
190
96
85
115
144
58
195
51
15
126
90
103
51
17
122
151
188
155
93
153
200
30
95
171
78
167
76
37
71
195
100
139
40
19
38
200
92
128
38
142
142
171
44
114
56
50
132
53
54
72
166
156
181
3
49
99
98
194
79
25
49
40
130
97
109
197
161
176
115
39
166
190
68
23
184
152
170
2
175
125
36
154
106
151
136
13
131
53
30
175
25
161
1
7
160
139
97
148
108
178
30
130
178
89
194
193
67
95
107
59
124
87
186
145
34
23
137
69
100
168
23
15
196
84
63
142
136
7
98
113
194
103
160
78
1
196
30
166
193
93
199
177
42
146
61
47
153
16
106
32
192
145
65
91
168
169
42
71
163
76
23
95
184
121
189
4
63
161
49
17
74
156
108
149
36
27
3
54
103
137
176
54
2
118
20
183
90
6
198
97
151
19
152
143
131
118
69
168
28
24
161
13
14
11
84
167
139
168
98
103
75
191
156
158
94
6
190
5
151
142
135
90
7
74
21
93
157
112
33
58
32
178
138
45
63
31
36
60
90
40
199
192
14
151
133
97
178
72
77
24
190
40
157
23
92
192
101
37
114
128
136
174
46
46
137
58
49
142
173
51
20
96
84
59
182
8
19
68
194
168
10
144
92
111
37
72
84
107
5
158
183
130
134
130
85
78
1
8
34
43
25
159
4
9
61
117
137
27
168
18
167
194
183
195
105
10
12
178
138
77
47
68
46
106
118
22
46
111
32
49
163
14
196
25
96
50
85
19
101
152
192
185
95
43
53
68
163
167
176
45
103
57
117
159
120
179
11
137
156
146
200
189
22
20
179
138
186
94
76
34
102
39
190
41
192
128
139
73
195
67
11
112
16
2
114
75
52
140
172
61
102
200
127
42
33
115
12
117
62
169
77
17
142
152
145
178
132
188
55
28
5
49
135
200
36
166
43
67
150
154
140
106
61
86
98
3
119
20
47
182
90
8
52
62
111
9
145
44
98
146
125
160
189
177
129
190
180
121
151
182
56
19
158
118
78
68
108
118
16
143
164
60
26
82
56
168
104
24
152
54
90
41
82
6
118
160
153
9
174
111
197
162
169
122
175
133
86
193
6
139
101
72
110
73
153
170
168
123
71
112
170
110
68
99
19
147
123
51
195
136
148
126
31
144
1
163
137
16
70
60
68
8
142
76
176
146
41
82
177
194
160
168
140
181
27
75
178
91
43
153
39
157
10
136
57
16
192
62
162
100
29
15
3
97
6
121
56
49
189
14
67
122
190
116
113
24
119
83
158
70
67
79
40
147
44
38
53
183
75
34
187
36
123
4
193
38
32
122
103
103
91
170
191
143
85
159
63
190
178
86
137
91
3
168
150
78
64
132
168
118
59
51
156
123
140
65
67
65
56
161
172
40
71
4
99
140
134
33
193
158
192
18
55
135
47
33
165
150
171
15
126
128
129
46
171
93
137
150
60
9
91
196
60
194
60
86
64
103
14
111
89
68
60
112
119
120
155
148
111
47
179
27
34
117
45
153
92
34
68
2
145
135
15
136
19
37
123
82
15
4
36
154
156
114
82
6
151
164
118
121
32
109
56
54
25
29
49
200
117
24
22
169
16
171
58
133
2
195
11
187
111
176
123
196
111
51
38
61
197
155
57
81
59
26
32
143
8
181
94
177
136
178
28
49
107
30
39
38
195
115
96
97
180
72
169
5
90
191
39
191
154
44
157
140
82
44
153
58
64
163
116
73
44
1
9
65
197
78
77
117
91
57
33
62
48
23
124
24
185
92
169
61
98
62
170
31
62
22
181
121
133
164
79
169
50
84
69
87
192
143
18
188
128
159
163
46
89
46
127
34
58
104
95
25
123
155
173
71
193
184
8
83
88
149
113
129
108
85
127
174
132
84
180
42
74
33
27
30
2
91
103
187
179
182
150
163
36
124
100
159
22
123
135
62
44
191
76
43
44
78
131
102
169
67
141
79
126
103
95
114
134
128
2
190
119
110
168
111
82
21
82
32
147
113
51
53
180
11
41
31
15
17
130
25
167
199
13
30
70
83
13
65
45
16
4
117
39
131
140
141
60
101
6
196
115
105
132
93
160
44
170
71
125
7
197
101
55
161
109
85
41
53
25
64
6
160
153
154
125
65
127
117
116
6
122
23
36
77
92
83
146
117
25
9
42
133
41
120
56
182
150
195
62
152
89
148
14
180
105
14
146
9
27
39
62
57
136
73
133
122
140
47
111
45
25
100
163
72
125
164
123
84
54
80
161
147
51
163
77
149
73
176
59
11
183
111
15
108
124
187
40
7
91
13
50
32
148
86
69
116
169
68
194
83
66
141
23
53
184
79
126
91
53
74
184
5
61
65
133
136
67
104
48
196
29
99
162
5
18
43
46
68
156
73
73
50
83
100
127
121
40
196
122
128
47
29
82
73
83
31
158
99
75
33
122
95
132
180
22
153
71
77
162
158
64
36
40
44
160
69
34
33
61
103
58
119
44
59
73
135
28
188
72
170
151
37
113
83
44
197
160
179
175
74
172
104
4
4
60
89
129
156
162
180
160
45
121
113
146
192
53
92
96
32
147
185
159
168
69
62
80
82
84
113
17
5
186
67
103
193
135
17
29
24
113
25
92
168
120
28
125
55
147
180
148
156
43
110
25
139
79
120
23
5
24
36
134
43
152
10
106
152
71
50
50
173
121
74
55
89
97
109
102
84
173
37
15
29
63
25
86
86
163
113
46
74
158
30
137
195
104
14
168
150
156
128
129
184
13
74
98
96
145
12
124
135
101
193
64
99
144
61
44
30
144
36
133
196
198
22
193
59
3
115
173
108
8
173
93
172
111
86
21
95
36
7
150
13
22
83
114
181
50
1
43
37
65
36
8
63
45
131
3
160
94
30
63
65
55
60
154
52
133
182
44
42
111
181
68
112
43
84
120
11
195
40
129
119
169
104
31
112
89
152
51
190
158
117
165
76
98
169
159
11
118
108
97
142
25
187
53
151
191
184
105
187
101
125
161
16
51
116
95
84
37
72
96
75
149
103
80
56
64
32
108
169
24
77
125
8
31
160
13
163
50
23
53
195
120
68
148
18
11
168
193
120
34
140
68
102
63
174
165
182
189
56
97
115
8
112
116
111
141
147
13
197
136
50
50
56
103
24
156
199
190
81
120
177
94
103
50
117
107
19
165
34
53
7
51
127
45
134
134
79
200
140
87
77
131
164
84
182
97
14
113
20
135
55
53
61
86
113
81
18
54
102
183
62
156
41
35
94
137
194
111
170
165
37
139
85
146
54
119
163
26
134
28
133
89
170
121
133
22
143
86
105
145
31
46
1
6
166
88
121
155
10
62
38
184
49
87
18
30
142
61
115
33
166
94
41
129
122
61
61
181
168
135
173
64
172
26
169
91
36
190
145
193
18
71
81
138
143
74
45
90
130
170
180
200
98
171
111
88
44
101
177
48
108
170
190
78
36
182
67
175
37
137
83
2
119
116
130
173
183
23
40
183
183
150
57
78
76
191
46
142
141
146
53
28
100
38
141
36
121
63
166
93
94
127
73
187
170
150
15
144
23
184
81
94
66
89
197
110
18
66
63
81
12
78
29
7
71
188
181
156
155
23
149
91
105
175
15
137
70
9
29
35
36
26
80
132
78
8
18
63
39
71
126
178
17
157
119
73
87
30
43
164
27
88
181
127
184
118
168
38
15
56
17
131
35
5
26
177
185
16
136
84
196
105
84
125
59
82
158
175
97
180
136
35
197
17
171
18
155
38
7
184
122
195
106
105
81
47
129
161
53
108
198
78
111
79
142
175
14
82
98
125
10
171
15
62
35
20
91
116
114
158
52
94
194
42
23
104
167
61
79
185
77
1
18
2
29
40
61
95
183
102
166
5
70
181
122
26
69
118
43
157
85
131
106
75
128
167
104
78
25
138
149
63
200
50
51
44
196
185
72
168
112
138
52
183
150
125
77
118
129
16
19
185
103
174
121
143
47
91
73
26
122
45
48
173
170
4
98
188
31
73
165
82
130
133
75
13
10
41
189
66
86
193
193
6
46
101
185
65
112
24
169
45
46
3
72
65
95
86
163
131
174
193
184
60
50
139
134
152
170
124
191
128
39
21
99
81
34
175
125
148
66
61
128
102
107
11
186
145
154
25
38
76
18
77
132
91
178
138
1
190
181
183
3
166
32
108
82
161
119
91
117
6
174
77
90
68
32
55
33
166
20
183
77
89
4
42
49
116
46
74
194
78
10
104
182
40
5
138
100
175
152
14
1
73
200
140
20
7
127
31
97
37
172
130
35
193
34
77
129
133
185
100
78
44
112
199
40
149
152
2
123
2
30
107
177
1
3
75
23
176
199
101
120
127
47
196
24
22
175
69
123
88
119
22
21
71
4
20
107
183
29
13
137
160
142
90
85
198
105
68
14
171
44
97
90
64
102
146
74
7
44
144
58
1
91
172
190
20
167
147
40
176
41
138
16
91
186
58
94
196
130
79
161
192
36
79
23
58
174
117
118
84
132
100
39
199
40
164
150
83
69
113
121
40
115
4
53
180
185
158
104
109
152
54
176
107
167
73
132
40
56
98
121
119
177
162
162
145
75
75
33
128
88
106
48
172
88
169
11
112
28
41
131
106
3
42
74
24
12
46
93
53
129
146
75
179
94
177
159
100
69
51
141
4
78
104
15
95
159
87
106
156
119
145
10
158
62
163
198
52
97
169
91
44
94
47
87
149
20
152
54
50
187
156
113
122
48
60
161
163
30
103
184
114
41
93
137
181
122
119
182
4
156
172
39
165
159
102
98
198
153
134
145
144
24
81
20
151
184
44
59
78
148
41
140
177
47
25
111
56
52
66
46
127
40
24
72
188
76
47
126
172
108
64
189
80
134
158
96
199
118
47
165
114
75
46
130
148
129
19
181
182
183
197
165
74
73
25
13
5
24
14
59
23
118
145
82
137
79
69
46
70
147
43
12
196
82
134
25
103
45
187
152
153
3
15
59
47
165
32
165
120
73
97
181
140
93
166
105
190
30
102
36
196
80
139
154
128
197
67
28
98
106
22
10
190
156
86
49
38
61
132
161
83
53
187
199
11
148
99
112
192
38
69
33
194
84
164
69
123
95
166
127
103
26
198
140
142
64
186
112
170
83
190
20
187
127
77
82
165
158
152
2
35
48
119
191
186
63
20
76
16
115
136
176
