1000000 5000
11
139
142
56
4
3
161
180
91
159
66
62
11
37
106
29
140
167
120
53
121
89
195
31
174
172
142
91
155
86
54
143
150
7
141
191
119
56
131
75
119
103
11
104
129
37
90
100
138
135
14
102
186
179
40
3
92
7
78
171
38
123
29
82
98
32
147
162
29
77
109
31
139
27
167
131
44
196
170
90
75
197
109
29
169
130
114
175
119
143
194
114
93
84
42
152
45
31
115
132
89
117
169
169
184
48
9
50
195
92
99
54
124
154
21
54
191
114
4
55
96
23
30
32
140
133
164
84
16
6
65
113
72
64
71
106
171
147
144
174
53
182
9
167
100
82
188
93
13
110
197
113
160
105
86
103
19
129
40
112
149
71
101
66
133
23
97
30
53
164
88
61
48
17
178
43
87
113
122
167
98
142
133
160
196
185
132
6
73
185
70
165
10
48
25
47
156
128
193
66
196
193
46
37
101
43
79
88
70
12
176
5
44
175
156
139
115
115
131
106
52
183
55
125
167
192
173
159
106
108
7
184
162
20
35
56
152
80
115
163
171
109
23
13
5
99
95
192
52
85
117
84
61
85
77
17
92
82
89
143
194
129
40
83
69
134
28
30
43
172
17
105
21
163
146
164
86
35
198
4
193
120
91
109
168
192
120
146
159
174
19
92
136
102
183
102
133
51
23
153
113
138
104
168
18
86
122
26
11
96
14
10
163
127
97
150
68
6
178
172
48
55
10
103
196
17
152
100
52
89
170
105
143
85
199
181
109
98
196
133
6
111
189
165
29
129
179
59
144
94
141
123
120
39
54
75
78
147
35
123
95
195
54
144
35
185
35
107
154
179
120
90
54
71
26
147
10
82
112
52
92
72
141
2
125
142
21
78
151
97
18
129
92
125
145
72
183
129
165
111
139
65
4
61
79
174
52
111
123
58
198
102
199
9
70
173
47
196
135
75
89
113
7
26
189
172
155
148
138
64
28
155
20
8
8
4
195
38
64
32
61
195
184
11
14
33
13
31
178
124
47
111
150
114
200
85
86
67
108
78
12
180
150
186
46
115
114
37
106
184
53
139
16
178
153
128
10
121
91
121
125
48
46
81
21
157
41
166
10
36
16
157
36
157
143
179
116
61
65
169
85
101
158
88
136
199
186
78
157
80
81
40
40
46
198
167
6
189
64
34
169
178
154
122
108
178
133
134
26
82
199
57
82
11
129
139
16
177
56
8
30
185
64
114
69
116
119
97
156
154
127
155
166
24
119
80
172
135
1
71
129
188
85
118
161
97
197
20
140
34
69
122
17
200
153
56
58
8
113
144
113
15
64
177
196
52
141
110
170
93
140
86
36
131
191
25
76
42
147
80
105
29
188
199
156
192
177
95
179
167
169
89
64
133
139
190
141
83
129
69
55
21
191
26
151
196
64
158
13
32
141
200
58
151
178
62
63
147
79
11
81
197
168
3
196
184
169
173
127
169
168
75
114
23
71
100
170
28
152
63
161
31
161
170
124
171
97
199
123
49
119
105
52
34
63
175
14
80
112
134
133
193
28
6
193
66
51
39
12
186
1
34
95
176
63
66
39
76
120
107
190
127
39
177
32
77
133
30
176
43
104
181
95
188
7
44
45
72
1
35
171
106
168
49
126
120
160
175
72
162
77
117
42
80
2
118
152
12
52
19
154
22
74
182
182
180
200
144
105
92
186
74
55
115
157
88
176
60
96
28
45
165
116
184
112
62
78
90
71
184
132
47
92
47
95
55
48
91
112
49
194
101
83
45
153
58
25
137
132
95
72
129
112
199
147
102
29
104
119
184
136
46
80
173
82
39
94
52
55
66
49
10
23
99
165
199
6
132
61
84
134
130
98
158
176
143
44
144
104
190
67
26
76
52
59
75
118
63
143
71
123
41
111
21
172
90
171
7
180
33
94
14
17
113
16
45
5
7
102
15
82
146
62
181
164
12
29
196
8
164
100
192
192
106
102
151
104
176
122
63
118
161
60
60
80
43
17
87
18
196
99
7
170
111
13
10
157
57
135
3
142
6
73
110
114
162
94
58
51
156
32
184
64
106
1
39
69
89
91
16
199
70
49
160
188
116
91
182
164
1
71
127
104
101
147
2
118
116
107
146
44
21
124
139
9
114
97
183
41
46
65
169
108
149
180
37
198
171
177
146
184
35
138
160
61
7
158
149
58
144
117
155
110
122
88
39
145
137
93
65
124
125
195
129
136
138
104
145
157
47
68
164
183
139
83
116
119
195
113
29
171
128
133
192
152
12
104
16
140
59
161
143
51
125
4
86
17
186
9
111
151
25
121
93
30
97
199
182
100
27
4
7
70
135
162
105
3
137
133
69
187
42
23
183
164
3
131
129
195
174
90
148
30
68
71
78
36
67
129
130
150
181
18
124
39
159
78
116
112
148
105
183
135
109
23
96
36
29
139
34
154
190
23
117
28
26
49
62
97
198
6
143
39
34
170
177
24
182
178
140
46
130
150
123
87
161
199
101
60
116
16
156
128
127
132
107
54
200
14
177
128
108
2
99
3
176
160
123
141
19
39
76
153
45
4
97
38
86
158
149
136
181
185
47
145
42
101
33
180
74
94
147
96
142
83
175
164
197
111
61
46
140
122
61
33
58
66
19
38
10
116
148
155
13
77
15
107
196
18
35
42
107
168
52
42
56
96
27
151
100
133
79
133
151
104
97
199
72
39
74
81
78
137
145
183
103
90
169
55
15
197
9
64
94
168
175
167
142
162
65
75
197
27
78
168
81
84
124
171
162
21
102
194
191
28
60
24
157
119
9
192
149
96
137
131
169
138
101
46
125
114
152
159
44
36
124
34
30
68
92
75
8
18
37
64
132
1
80
75
163
185
198
86
98
69
89
117
17
142
37
14
123
14
131
19
76
94
188
24
171
14
61
31
106
191
154
136
85
78
151
43
82
93
99
169
170
80
74
147
177
99
84
114
27
72
155
97
162
44
164
20
15
104
184
146
26
43
145
52
5
77
170
167
4
36
182
75
3
20
141
8
72
16
94
123
123
175
159
118
123
139
150
113
129
45
96
85
151
51
75
132
184
123
85
68
1
33
183
127
200
189
141
93
31
12
199
102
96
124
10
53
3
183
132
27
3
163
162
193
110
45
170
152
57
188
31
23
93
157
49
47
192
52
62
43
66
74
120
131
82
189
132
150
55
197
199
158
45
88
145
130
169
102
158
16
171
60
72
179
13
173
107
36
164
85
150
112
27
64
73
68
198
73
88
53
171
183
89
78
95
24
16
85
25
97
195
69
48
165
62
74
186
110
101
133
53
91
98
149
69
10
185
114
69
36
94
190
40
48
162
144
153
65
179
116
160
192
78
140
156
25
127
79
123
127
123
84
1
57
128
87
137
89
116
47
180
157
52
107
37
163
57
101
111
104
39
105
35
199
75
19
5
170
179
184
97
131
49
141
161
36
8
165
170
113
7
124
129
194
46
35
103
71
4
91
188
122
104
107
57
162
133
182
181
67
1
45
160
48
195
104
143
52
120
29
60
88
48
177
71
125
5
192
155
117
20
10
140
15
36
140
102
187
6
21
41
146
51
82
12
165
67
191
56
128
14
87
81
3
190
78
56
111
131
172
108
82
149
161
7
91
37
25
145
54
60
80
112
94
140
198
58
142
33
178
70
178
187
93
45
53
77
42
116
44
74
142
119
151
191
48
162
65
6
192
124
17
145
60
138
1
150
48
73
159
147
85
87
15
180
33
92
133
188
2
91
22
67
159
168
119
193
16
38
59
78
28
150
117
97
181
132
41
44
36
105
138
115
13
91
187
191
189
99
184
191
71
21
3
152
15
125
40
191
29
28
87
158
159
190
34
141
18
2
108
150
178
36
125
75
42
160
149
88
17
187
11
104
199
136
95
129
90
72
48
141
26
17
152
151
141
180
147
106
158
180
49
197
61
37
53
26
39
92
156
141
192
162
177
171
184
156
75
137
94
99
83
55
19
171
192
45
88
32
164
198
113
79
40
60
19
172
151
173
149
89
8
32
121
10
55
24
199
117
12
75
5
29
147
144
197
1
89
59
85
120
128
133
85
75
65
18
153
31
33
111
173
142
42
104
24
155
18
189
93
147
128
4
113
67
65
23
69
73
81
181
105
180
116
51
12
53
142
165
150
3
20
70
89
127
152
193
94
148
126
125
53
60
73
176
99
169
73
86
174
70
132
143
84
58
193
67
103
194
117
141
80
155
44
136
149
171
142
64
54
7
141
141
151
63
116
69
126
178
65
24
28
13
85
16
187
171
162
90
21
132
148
38
145
174
188
104
138
175
172
180
32
45
99
91
79
24
7
19
123
83
136
171
107
6
156
61
29
47
71
63
99
60
52
158
67
119
68
1
130
1
18
16
1
168
2
59
44
56
185
33
105
23
48
168
175
149
157
60
91
41
136
181
185
54
59
24
184
116
173
112
31
43
103
191
193
190
31
22
28
99
48
58
3
123
21
50
162
52
69
171
111
6
172
169
124
100
87
94
67
34
89
20
54
149
39
115
148
107
24
124
98
176
195
48
46
15
25
29
33
190
165
59
70
78
163
128
143
20
40
49
63
162
99
183
161
44
17
3
131
143
193
189
179
188
126
198
166
16
7
179
129
151
21
109
55
136
124
29
117
163
177
127
55
164
186
41
33
34
135
165
145
43
19
112
121
70
176
18
10
42
37
118
188
80
93
169
74
188
30
138
141
155
144
129
133
64
121
99
132
98
53
68
35
180
170
27
84
66
85
180
2
156
198
23
186
53
60
171
22
18
117
73
116
81
137
142
79
7
169
138
42
19
91
25
148
97
101
199
96
56
25
29
76
124
34
120
177
45
74
193
41
43
186
1
121
141
155
158
16
161
144
143
167
176
181
6
68
47
67
12
85
51
197
7
161
42
10
25
121
159
153
55
107
192
191
39
174
55
85
143
83
128
41
197
61
134
111
142
139
82
151
86
157
191
188
3
30
69
106
112
136
170
63
126
58
140
65
25
1
24
7
71
95
181
37
175
195
70
111
187
163
149
172
167
19
36
39
7
115
45
75
69
141
69
183
26
32
50
34
45
89
81
79
100
35
196
9
185
99
44
190
63
52
136
92
69
88
19
166
121
93
179
174
31
102
58
186
46
186
150
141
109
98
149
155
76
96
103
176
116
92
86
110
45
195
148
77
145
18
12
137
200
167
161
26
144
187
161
68
118
116
148
42
190
165
91
79
153
104
90
10
128
94
56
53
3
48
45
146
167
33
66
55
194
54
131
23
109
65
74
171
112
25
114
163
51
47
108
127
109
48
168
115
79
64
188
145
45
131
185
11
151
89
44
147
192
135
148
68
118
32
47
11
149
64
190
161
45
152
3
122
32
39
4
154
20
153
88
83
166
116
134
66
156
104
3
130
141
106
191
188
142
50
61
30
109
58
108
4
10
163
126
87
73
182
36
48
177
65
198
66
169
112
6
25
64
43
170
144
173
48
79
90
137
131
195
74
24
63
43
119
179
65
173
91
16
91
20
151
106
123
141
93
47
16
18
91
74
105
107
100
22
60
42
141
164
105
2
124
50
47
20
91
196
154
198
70
41
98
176
55
200
38
49
73
63
123
46
76
63
19
117
24
184
187
121
74
92
35
116
24
130
188
55
85
128
142
140
15
139
94
13
8
18
19
73
38
159
90
25
40
155
36
14
125
139
9
51
9
90
163
151
192
2
60
198
78
53
40
181
101
137
132
43
148
36
61
15
161
81
137
15
143
197
88
27
116
45
20
43
88
104
3
64
134
162
123
80
190
120
129
131
69
130
91
180
169
96
171
141
105
196
107
30
171
93
195
100
110
122
35
132
195
118
114
142
24
3
62
151
6
93
81
77
178
51
138
87
173
70
54
118
90
196
66
173
195
150
135
28
57
188
186
39
72
22
56
180
104
100
175
67
117
31
178
19
197
98
85
54
163
186
51
188
59
77
119
96
147
87
73
51
176
13
173
68
171
81
9
98
124
138
117
155
171
66
56
30
125
19
122
11
136
76
135
129
187
102
57
84
46
52
38
104
33
169
53
72
106
143
86
193
152
130
8
136
26
190
179
4
67
74
88
91
74
23
29
32
165
61
186
16
47
31
190
13
193
64
14
87
198
22
80
190
120
110
44
197
144
13
38
149
61
169
64
109
23
87
112
100
194
129
84
14
193
188
100
26
37
115
180
130
55
107
34
70
146
180
26
189
125
72
132
10
49
19
86
62
88
146
168
81
154
8
164
32
169
86
118
103
167
105
195
125
98
65
52
81
109
168
9
61
1
186
167
12
95
71
147
95
102
86
175
193
11
45
83
24
39
162
32
21
199
116
78
89
26
121
130
143
152
25
142
13
58
112
88
17
70
7
56
180
60
53
27
86
35
85
159
134
165
87
17
96
165
196
90
49
160
100
49
32
12
183
28
126
17
193
176
75
24
44
26
36
158
11
162
198
150
146
188
102
188
70
138
89
175
141
160
41
49
174
164
181
27
76
166
94
136
163
200
134
30
26
178
120
28
15
162
93
17
198
118
44
141
54
1
53
114
186
46
33
61
189
24
170
81
113
20
2
108
8
58
89
8
85
196
59
179
101
145
6
3
97
181
108
116
139
52
46
63
200
109
132
140
134
132
163
55
105
181
54
66
86
99
61
121
191
141
84
159
45
96
103
187
74
27
99
4
142
131
85
81
40
187
171
87
6
89
14
103
137
50
125
60
183
96
36
78
41
10
84
60
72
122
52
129
165
172
167
144
173
115
65
195
75
175
115
100
23
173
200
163
125
84
147
48
163
148
62
55
42
101
72
162
188
188
10
102
155
68
53
73
19
104
169
180
41
100
180
61
137
72
14
174
30
24
158
184
52
120
28
199
181
169
162
64
52
130
56
122
17
144
35
131
29
8
89
71
158
156
53
18
190
60
55
138
17
121
172
134
76
180
137
180
167
102
49
26
13
135
166
159
165
119
68
87
114
17
39
100
45
147
11
112
131
60
38
198
177
111
58
112
51
164
196
103
195
144
170
107
139
142
85
60
73
138
124
85
152
39
126
74
35
48
53
35
83
195
150
147
95
18
133
23
141
25
111
14
35
53
116
53
10
197
177
48
6
109
50
110
158
73
102
84
26
97
62
111
39
162
71
49
158
174
180
181
1
41
166
37
154
84
187
97
108
14
104
87
65
140
125
50
71
182
187
10
46
76
103
55
47
95
165
170
37
158
192
129
15
159
54
12
160
75
176
189
151
96
71
191
177
111
165
107
52
87
177
16
58
41
22
39
17
16
167
134
155
143
164
200
14
170
133
181
41
149
121
68
18
196
18
192
12
11
5
44
26
100
99
120
5
22
93
29
170
177
106
58
109
132
20
16
126
133
63
40
126
130
74
98
181
185
100
163
142
134
50
86
12
187
47
184
54
68
27
185
104
130
155
38
197
89
86
26
151
199
174
39
113
14
175
179
64
131
95
153
101
110
140
59
87
11
39
24
94
166
135
75
130
6
81
58
51
152
182
34
158
171
143
145
109
70
19
143
199
28
16
11
27
32
53
100
75
111
183
164
100
177
120
46
155
48
126
49
25
65
58
189
46
122
35
102
77
106
8
185
65
195
68
91
40
51
107
197
54
80
50
145
117
124
187
149
101
19
142
89
78
54
180
6
144
49
146
194
17
44
159
160
108
106
63
25
102
107
130
87
45
161
18
75
54
171
100
94
37
41
49
14
55
99
81
51
63
46
75
42
112
44
73
123
32
174
58
43
59
22
39
166
149
84
131
194
162
171
85
173
102
135
138
25
9
93
90
23
32
43
143
84
119
105
95
58
164
144
67
73
157
16
19
180
81
2
12
52
165
61
188
128
55
98
149
6
136
46
62
93
181
123
168
198
192
166
36
41
132
26
99
51
99
122
107
80
50
1
143
137
185
22
131
42
100
63
183
51
43
156
150
182
41
142
123
136
132
87
14
178
60
118
68
65
142
82
176
121
160
19
197
156
139
126
34
144
169
117
177
137
146
75
170
58
104
125
52
181
104
150
43
18
122
145
64
42
19
182
178
45
166
55
14
56
23
153
31
100
112
21
12
53
144
117
77
55
112
4
200
77
164
166
194
45
180
136
139
162
145
51
143
195
71
14
193
44
105
171
127
120
124
149
49
197
46
76
144
26
126
165
47
76
164
135
55
22
114
63
188
187
95
153
200
73
103
89
3
93
51
65
74
78
106
172
48
16
56
39
185
29
187
188
120
148
40
100
192
37
127
156
120
50
130
160
187
180
137
96
3
195
71
97
46
143
122
87
148
82
195
190
118
136
56
194
36
24
63
110
46
158
74
125
99
69
184
27
168
81
53
169
164
88
38
187
66
119
199
157
111
10
10
1
33
100
78
107
177
152
84
156
197
44
129
125
132
131
117
194
173
75
44
137
7
163
100
98
83
128
198
116
133
9
40
161
168
117
75
56
148
31
130
195
197
39
177
15
196
5
118
92
89
68
148
154
80
123
71
164
175
122
5
103
181
154
192
149
34
42
116
186
189
166
65
87
190
141
180
72
64
69
141
137
129
97
96
69
128
117
115
151
124
110
136
31
160
146
136
171
195
79
11
158
167
169
69
181
44
81
42
185
140
189
2
99
147
6
67
133
108
170
1
71
25
100
127
76
132
39
124
156
153
43
58
21
31
77
66
142
182
63
55
129
127
72
178
110
159
152
25
91
135
126
162
136
139
89
44
56
118
45
37
119
10
72
161
34
18
110
48
189
32
61
171
29
162
150
47
118
3
16
49
189
141
186
148
6
133
112
15
118
66
82
20
87
102
99
63
102
136
176
130
130
48
97
38
27
58
53
182
74
199
144
151
150
21
40
102
18
122
180
2
62
58
194
153
45
15
56
131
57
154
41
99
17
123
177
110
86
126
16
198
19
193
37
176
145
14
70
150
189
103
15
151
142
76
196
53
68
102
102
41
20
129
99
6
126
176
42
182
58
15
11
109
88
39
142
73
200
97
62
138
140
174
13
112
148
163
117
133
153
89
60
86
162
161
119
166
133
70
93
57
68
1
38
111
87
170
97
195
105
20
133
98
131
42
47
127
140
173
95
35
2
40
170
25
9
7
191
52
192
83
145
109
90
16
187
155
1
111
16
152
99
87
59
104
30
22
9
161
73
114
19
24
187
108
11
107
57
137
37
57
69
28
90
180
198
28
5
188
120
10
135
74
185
189
75
49
10
134
91
131
11
111
55
77
43
5
168
25
122
78
87
30
166
14
121
105
113
29
159
181
118
194
186
65
103
33
27
55
171
197
113
43
148
200
56
180
179
178
119
149
110
181
48
1
77
1
116
188
109
15
161
155
4
161
25
91
25
9
125
11
200
111
35
193
63
115
124
32
187
91
196
56
114
133
147
155
177
78
41
169
183
190
98
29
98
119
143
145
176
196
4
44
91
164
31
183
181
56
47
19
101
10
6
104
99
138
34
58
197
122
8
128
55
5
99
197
197
35
35
168
145
2
133
121
47
72
100
50
43
117
140
32
14
29
92
186
163
122
20
64
96
66
195
50
129
137
163
139
43
200
139
16
70
49
169
97
52
180
95
138
16
71
151
133
1
133
158
77
68
111
182
87
67
114
84
5
131
94
147
200
5
157
180
117
66
149
33
26
136
192
41
116
20
122
104
84
33
8
97
81
182
160
106
191
164
20
13
194
66
136
95
105
200
64
187
86
19
148
145
57
29
181
106
37
169
53
23
47
98
28
171
168
135
72
126
175
81
166
195
190
10
193
55
166
118
187
193
141
48
184
100
104
88
84
127
87
151
128
193
108
18
3
63
149
176
103
174
168
31
165
55
94
99
187
13
175
108
133
145
92
76
61
197
140
172
22
102
42
159
187
53
82
18
59
37
125
107
21
106
137
73
60
174
54
188
184
120
106
195
76
147
196
88
152
188
76
36
105
145
187
199
126
129
108
123
55
192
164
108
136
127
13
131
134
139
17
150
200
118
97
143
181
112
105
11
150
87
172
137
191
94
173
21
131
59
64
28
88
155
21
49
15
13
149
162
84
141
85
59
41
93
192
47
39
106
171
17
41
40
114
196
28
145
46
73
31
181
74
150
21
75
135
187
15
147
175
172
120
172
177
44
9
80
53
95
92
157
187
190
104
100
93
175
177
89
73
127
12
143
1
51
156
137
21
194
78
57
168
35
194
188
70
171
58
115
90
178
160
13
186
89
41
61
170
172
149
156
150
11
156
61
54
112
183
12
40
128
70
123
93
124
125
195
174
85
152
98
31
51
84
68
103
135
71
104
86
2
110
165
47
2
26
63
45
137
120
105
88
195
81
55
16
193
44
171
37
22
88
142
68
152
67
139
107
144
2
41
3
167
146
159
75
28
17
87
47
96
120
169
80
103
71
67
168
30
174
152
127
104
143
149
53
88
90
109
64
48
153
122
179
137
56
152
13
114
173
188
184
64
43
12
89
185
33
115
189
39
57
188
157
139
107
70
32
40
19
43
26
65
91
20
1
50
160
71
109
153
84
18
76
158
36
95
27
64
112
157
151
24
125
1
63
125
60
83
31
147
77
26
190
169
73
99
81
134
78
35
18
24
94
53
141
79
32
132
22
134
51
164
68
104
35
47
194
21
62
6
175
150
148
118
17
180
13
165
74
111
131
157
182
106
53
136
58
183
133
200
165
193
85
21
66
163
55
49
75
132
28
59
191
186
104
162
137
145
71
159
172
86
153
78
53
130
40
161
122
41
120
121
59
165
82
132
86
52
10
34
56
59
12
157
99
172
168
11
66
168
65
74
80
95
10
166
158
52
58
139
190
148
49
76
95
4
34
22
163
2
93
168
20
158
89
103
104
121
62
63
25
95
31
94
193
167
7
64
105
146
89
98
140
75
149
125
172
33
65
111
57
55
160
105
25
79
70
16
75
153
43
167
56
179
39
5
39
29
162
65
107
133
103
79
21
23
58
114
27
128
97
197
111
30
195
17
55
85
178
51
155
81
72
12
171
18
104
196
186
69
60
105
126
155
14
146
162
86
88
139
12
146
118
34
133
50
17
104
97
18
69
130
66
89
97
67
72
40
133
20
96
189
127
181
153
151
37
76
171
159
75
79
195
28
132
185
189
37
53
167
160
98
185
63
145
184
25
120
65
4
76
146
25
170
4
28
29
192
151
11
39
128
156
126
171
188
113
139
113
56
35
14
145
47
99
25
156
132
137
47
66
18
4
179
191
11
199
98
160
