1000000 5000
188
106
130
1
176
11
60
116
72
25
182
160
100
95
128
197
46
21
114
58
165
56
117
84
106
53
129
139
85
176
95
169
56
84
146
73
194
51
90
145
63
155
71
107
6
29
105
168
79
186
129
19
108
126
113
170
112
51
42
22
160
35
86
92
51
7
73
161
178
34
61
165
149
32
20
88
96
42
124
198
27
184
78
91
9
41
182
118
40
108
56
94
129
157
119
112
192
198
179
64
21
170
113
3
117
79
77
183
90
90
137
134
40
151
143
134
30
160
114
111
20
7
183
121
151
4
58
33
17
34
32
190
193
177
92
113
136
159
86
29
107
23
54
83
153
137
159
185
120
183
36
75
54
82
93
65
115
77
50
153
169
32
156
17
20
38
67
172
105
104
2
39
16
167
9
140
5
91
97
125
88
102
182
28
172
138
32
71
86
107
121
12
173
61
54
101
38
133
185
177
54
60
152
163
61
135
182
184
200
167
199
12
140
46
138
5
52
32
185
131
150
59
32
196
154
133
152
40
198
43
153
81
47
100
145
183
142
157
159
64
36
110
175
158
154
20
29
165
196
130
67
195
114
143
67
37
167
164
25
3
4
35
26
105
98
165
57
146
181
30
182
133
200
90
143
23
131
10
63
48
54
183
38
69
117
194
132
104
174
86
90
63
188
72
167
106
137
156
83
100
59
14
89
178
79
155
35
165
84
14
107
31
150
50
129
67
64
38
60
92
38
183
144
103
197
83
158
71
30
135
11
32
141
36
106
30
54
179
11
179
29
131
136
118
182
43
108
147
70
196
43
162
111
92
62
145
78
137
66
31
10
19
13
197
137
175
119
62
100
184
48
15
33
172
87
11
200
168
135
37
192
142
82
61
183
90
94
193
159
79
167
26
118
47
166
13
32
62
78
194
115
159
127
35
73
99
181
128
157
38
63
159
110
52
122
45
43
25
161
146
78
111
41
162
95
139
62
42
89
186
72
161
168
108
125
37
13
190
143
148
176
154
82
134
129
82
92
21
36
10
7
195
112
8
66
163
66
129
127
109
23
143
15
161
116
97
35
184
132
144
50
19
5
175
29
77
43
104
111
179
172
167
117
125
40
51
100
77
65
90
135
43
31
36
2
108
121
14
72
59
85
190
59
108
50
140
14
30
45
7
69
110
166
91
157
144
54
77
79
13
114
17
123
96
86
168
106
97
67
47
52
185
119
22
179
92
172
109
104
145
5
103
125
109
102
64
123
93
88
24
26
143
74
47
188
28
113
179
48
152
65
52
66
168
39
30
129
187
93
101
40
168
41
149
87
128
58
42
24
189
42
20
4
20
183
120
84
88
197
192
74
151
21
47
22
155
38
123
46
27
118
81
8
185
71
195
194
54
81
43
124
151
36
62
120
130
125
4
170
127
189
78
42
194
59
79
35
57
179
18
171
11
165
94
90
184
63
180
177
50
86
122
108
81
96
25
62
130
80
188
17
21
54
3
69
68
9
5
81
39
129
103
94
165
54
135
70
3
189
156
148
38
174
40
189
16
124
24
132
2
92
81
34
76
2
168
133
5
198
84
174
101
13
184
176
157
49
112
66
125
137
184
39
131
187
116
174
182
10
59
50
163
127
48
8
109
81
53
5
181
28
158
28
25
111
36
40
37
40
7
64
31
14
95
137
149
3
130
141
187
169
77
65
140
129
185
10
1
35
36
16
99
91
135
140
64
172
95
192
76
173
88
111
38
146
109
169
165
127
31
76
113
40
176
191
49
30
112
75
63
33
122
169
147
34
118
17
173
55
80
23
106
198
198
126
45
35
47
169
45
78
85
86
150
143
58
139
139
95
145
110
83
152
18
168
34
53
1
40
102
79
100
137
32
100
25
15
196
170
149
65
196
49
162
134
33
61
68
147
178
92
95
25
34
4
7
190
157
100
195
103
179
175
162
71
19
176
147
19
17
144
189
128
158
5
122
164
174
139
141
90
115
15
184
104
46
109
112
186
80
158
79
70
116
176
80
166
135
147
126
168
153
62
113
79
90
7
90
103
8
119
172
92
146
86
165
121
50
176
119
87
50
81
122
105
40
31
109
179
133
180
170
170
195
57
6
63
103
107
115
64
70
109
189
162
129
110
57
146
101
167
30
95
75
77
13
191
17
89
34
148
68
184
33
180
159
159
162
111
7
143
1
101
106
180
3
142
159
104
94
112
189
128
190
164
190
88
125
11
77
17
191
79
105
194
93
139
36
109
123
14
122
39
163
109
122
171
52
163
162
48
128
114
112
27
111
78
71
4
12
108
73
119
92
113
89
167
46
74
50
134
100
63
98
158
65
167
102
73
42
38
47
179
90
135
65
95
85
134
60
92
101
137
140
110
197
182
58
29
134
185
40
91
30
70
154
48
43
94
73
192
140
54
139
32
174
146
61
194
27
27
187
181
100
56
129
151
155
102
75
54
65
41
17
122
17
101
152
110
70
119
30
166
11
163
61
135
50
114
53
40
78
8
100
113
49
180
65
80
186
33
3
44
41
98
63
155
39
125
22
24
106
39
96
142
126
43
139
43
151
131
23
102
75
81
35
71
133
118
84
115
76
33
69
185
189
101
112
68
169
173
68
98
164
16
122
139
167
120
89
107
130
185
120
193
155
160
137
129
31
124
90
18
11
143
82
156
149
61
189
184
7
132
25
53
70
92
98
70
157
110
87
147
102
189
117
153
128
158
81
107
188
33
44
190
97
96
47
127
106
165
141
45
161
21
155
143
70
186
132
9
109
59
179
186
116
197
134
1
161
186
117
113
63
182
177
5
70
128
59
11
185
49
5
1
20
97
29
152
73
176
100
147
171
55
93
26
173
85
111
70
12
189
187
168
17
126
96
20
196
43
17
114
74
184
148
116
55
13
35
142
150
48
112
140
89
161
48
101
76
32
27
80
141
154
185
183
64
181
177
153
26
188
137
169
54
41
169
24
18
173
46
12
12
186
83
123
27
127
172
5
47
90
40
23
29
103
95
174
84
58
10
50
136
1
191
48
10
51
30
80
105
124
179
198
104
112
2
69
6
67
34
98
19
96
158
46
138
20
78
12
111
198
93
95
69
51
114
61
176
123
153
17
190
50
9
16
20
120
109
191
116
86
102
194
84
24
149
176
100
3
94
90
151
138
145
116
91
105
85
82
6
88
38
188
17
109
18
96
103
135
160
66
182
38
76
154
97
180
198
46
35
16
180
63
11
83
138
144
150
192
12
82
174
110
141
94
130
32
104
19
68
109
94
18
184
130
12
85
101
29
140
149
56
173
165
93
167
189
134
51
21
183
69
194
65
24
24
200
123
12
71
129
80
73
187
32
99
29
64
102
35
8
167
104
26
48
29
75
84
146
66
157
86
176
122
164
144
74
9
174
106
147
61
10
149
10
152
38
55
13
77
73
42
7
185
98
157
143
150
174
189
150
62
134
62
125
17
102
112
178
115
168
69
168
197
31
130
164
52
44
55
35
4
93
101
178
174
2
183
69
137
185
54
182
117
136
176
78
44
166
52
149
128
184
197
164
165
181
90
125
192
99
28
4
115
15
191
51
53
54
23
103
175
45
43
95
183
195
51
68
87
60
105
107
74
33
138
76
188
81
116
16
194
81
49
10
62
37
189
163
25
97
44
54
28
1
26
64
24
78
148
73
44
48
3
146
22
96
38
143
98
147
151
124
17
172
108
173
169
162
90
200
23
17
114
73
188
15
64
112
122
26
179
35
131
124
82
102
159
55
152
56
146
127
191
80
125
193
81
35
163
90
13
75
114
198
20
96
161
197
149
5
75
2
76
198
164
98
178
87
162
128
160
47
179
107
21
27
119
130
15
124
77
36
131
66
2
41
22
181
20
57
197
166
134
92
114
59
63
166
39
200
55
44
93
91
174
169
143
200
59
108
112
156
72
56
192
98
1
149
31
123
151
165
10
198
30
39
52
159
129
15
93
50
182
144
39
60
14
164
120
120
176
27
52
131
108
104
123
1
131
200
162
180
76
15
68
171
24
140
101
10
164
31
44
12
39
133
53
111
129
77
88
149
189
190
111
26
116
159
69
38
111
79
88
11
45
92
14
70
163
56
104
43
4
65
11
59
136
198
156
138
86
18
170
27
83
186
148
135
22
71
115
63
180
11
54
13
32
108
170
77
187
158
88
88
22
192
119
124
192
168
158
31
148
128
143
143
95
10
133
190
9
26
145
136
141
191
45
190
33
172
5
116
87
60
27
186
178
192
15
47
154
31
61
103
146
157
99
168
88
131
159
59
124
177
14
159
76
78
63
140
69
53
143
128
80
94
192
87
51
40
183
168
188
15
47
51
61
141
161
137
29
104
67
183
150
139
59
104
110
77
120
94
123
112
78
26
64
18
65
131
119
160
93
72
172
154
48
180
33
61
162
84
64
78
45
94
36
20
17
133
10
88
136
111
169
157
27
58
21
134
157
72
135
150
78
121
189
38
68
74
143
109
18
174
75
91
157
61
153
90
16
129
65
43
67
148
11
185
91
87
196
167
140
188
77
125
111
129
158
150
112
39
107
187
107
120
185
129
70
183
134
130
14
80
197
64
146
19
102
137
120
138
61
5
104
113
135
36
192
21
46
164
104
52
126
50
143
153
177
54
73
16
191
103
118
37
154
176
74
167
74
193
173
98
188
192
122
111
149
58
108
57
176
77
156
81
94
119
36
197
89
89
6
43
131
157
40
78
122
29
55
45
55
156
145
100
130
99
32
4
118
142
154
54
76
125
166
143
13
172
198
64
152
40
71
85
131
1
99
185
197
200
174
69
31
47
37
181
151
161
129
25
152
163
116
131
101
32
142
92
92
56
15
10
162
155
182
61
92
52
192
199
177
183
91
97
182
52
25
44
79
187
190
12
29
91
134
157
180
193
116
90
112
125
192
7
191
35
193
20
160
163
18
193
60
15
119
52
90
67
158
13
185
114
123
194
150
172
68
77
169
177
166
144
81
41
100
141
145
54
187
114
23
32
120
55
65
192
10
76
115
124
10
22
19
135
128
52
148
138
25
18
142
72
188
31
63
148
166
189
71
169
5
26
69
149
94
183
198
135
154
20
177
97
136
3
13
133
31
200
54
18
113
160
92
68
37
168
119
19
194
164
73
113
45
114
160
57
60
3
156
175
192
114
147
193
153
25
150
53
182
13
189
49
135
11
126
186
146
141
73
139
183
65
20
14
114
57
104
25
173
157
142
189
138
194
4
168
70
55
54
34
172
80
22
146
109
119
174
29
47
174
45
168
119
7
97
156
105
141
53
174
199
99
140
134
185
36
148
73
196
106
40
190
155
68
192
3
128
194
46
71
117
107
44
155
144
44
43
37
133
149
13
88
9
77
68
131
79
62
18
71
59
80
101
40
158
113
121
159
199
118
113
48
89
10
53
11
48
115
63
39
106
130
70
122
150
98
55
55
34
30
119
14
32
16
110
110
103
123
95
125
54
132
102
106
22
29
192
84
19
2
81
63
37
33
124
187
192
81
23
171
114
24
146
181
129
117
151
192
62
177
74
61
22
165
187
31
67
198
9
113
130
179
82
49
3
183
87
44
96
135
174
82
34
75
148
171
159
110
25
10
20
169
101
69
70
56
125
82
49
179
9
54
99
110
86
184
92
115
51
57
194
39
63
9
135
115
3
104
89
44
85
94
129
59
38
101
57
139
86
47
63
77
94
96
70
59
125
145
145
188
156
72
49
136
10
63
41
128
2
32
47
198
16
89
32
14
35
190
107
185
5
171
196
142
102
72
77
168
149
3
16
6
98
88
68
166
58
163
42
163
49
65
136
199
96
27
105
173
76
24
125
193
119
6
88
149
111
72
157
88
75
11
35
51
1
8
140
88
38
152
156
103
50
26
3
24
90
8
190
173
126
151
75
77
42
38
74
119
147
190
138
112
37
72
44
79
40
161
77
76
159
70
70
163
125
106
143
31
46
175
31
94
135
183
102
185
12
83
19
124
120
80
119
196
111
8
73
48
20
32
91
131
170
180
36
115
76
143
140
124
191
190
99
102
18
145
49
93
142
6
99
196
179
170
188
144
70
177
177
154
199
84
33
60
25
48
71
94
154
100
101
197
34
124
181
171
45
194
139
111
90
20
58
138
159
104
159
185
122
153
190
40
62
122
182
192
88
53
112
80
74
40
92
162
102
94
8
149
56
188
198
169
101
143
60
50
93
55
168
28
88
193
84
84
92
149
77
163
95
6
9
117
139
128
15
88
10
82
54
123
166
196
102
54
138
58
83
146
124
62
6
156
13
156
138
18
155
120
64
7
55
92
139
149
90
146
127
6
162
2
29
137
107
74
70
44
27
169
10
139
113
34
141
21
25
152
184
101
179
79
196
179
74
17
152
50
76
103
76
159
82
78
134
123
172
147
197
99
74
8
48
78
58
8
159
142
29
8
57
141
96
32
96
78
4
119
143
78
149
113
127
5
159
200
136
34
193
198
91
60
54
119
93
145
139
127
126
9
181
144
157
192
55
84
157
142
59
146
90
136
21
155
108
164
181
98
147
16
161
51
43
155
106
189
159
20
35
66
33
143
129
29
34
141
19
180
56
200
77
78
181
179
142
53
39
173
116
90
54
10
78
167
56
3
163
89
126
8
111
149
112
138
72
120
34
55
167
4
77
60
104
66
50
135
183
30
193
193
82
114
10
110
39
51
163
191
82
150
116
170
119
185
96
175
146
69
138
170
182
141
10
193
74
14
115
54
101
98
11
37
180
53
193
146
149
137
103
28
134
42
142
34
143
87
30
142
82
70
25
105
189
22
31
46
168
145
142
71
160
124
78
5
82
195
70
10
172
142
32
156
148
117
197
76
160
120
191
131
31
124
168
79
104
79
141
147
179
58
52
180
115
1
112
25
198
61
194
179
107
6
38
50
65
29
34
27
190
104
7
28
82
16
32
55
158
105
48
142
149
49
173
51
125
70
2
74
109
162
56
183
193
127
81
148
164
176
122
86
113
13
6
30
54
113
24
25
21
142
54
106
55
155
162
195
127
73
39
5
24
40
140
30
5
10
12
167
19
169
29
37
180
6
147
52
123
95
177
140
168
182
181
188
73
5
194
117
76
50
73
151
64
194
44
99
117
30
139
127
136
146
48
52
195
100
119
194
160
162
160
118
60
5
79
197
41
3
198
124
13
164
149
22
157
54
120
187
76
86
2
90
44
189
158
19
185
32
127
168
53
30
94
32
23
49
9
44
163
68
178
129
49
106
196
17
62
166
51
19
87
82
153
157
50
25
173
107
103
43
66
174
31
174
122
151
118
56
32
59
116
34
196
131
65
178
93
64
2
67
144
189
141
34
80
41
114
191
31
153
12
181
47
93
37
94
179
180
23
78
126
124
56
159
175
158
108
178
19
153
196
135
42
59
73
74
127
107
85
51
119
196
109
134
145
126
76
184
134
193
4
35
17
3
40
83
38
91
104
43
182
34
10
51
7
175
181
60
126
33
55
64
183
141
10
89
26
72
127
183
190
157
13
118
127
24
27
37
23
111
24
154
180
143
82
60
39
118
183
149
187
7
127
146
31
149
4
164
156
186
44
38
156
10
28
79
74
124
64
79
100
116
113
72
33
48
148
118
84
106
75
91
103
26
197
179
181
133
168
24
27
26
106
87
33
177
17
110
32
15
44
91
63
75
129
183
125
163
23
107
91
82
155
200
59
143
184
84
86
83
91
181
63
180
150
97
167
42
47
174
186
184
197
181
56
26
48
125
130
22
82
65
28
92
200
38
159
27
3
111
81
169
115
76
162
81
62
30
105
136
92
163
40
43
96
82
109
36
50
96
118
123
193
191
8
143
198
118
84
175
88
172
14
84
143
87
23
91
172
154
151
44
160
87
72
11
113
180
176
194
60
114
157
83
185
32
126
73
154
186
141
57
5
104
74
49
161
28
59
127
182
69
166
106
138
6
98
50
40
61
160
45
25
78
58
95
175
63
115
4
136
136
163
91
6
145
106
12
117
151
110
103
81
67
92
179
70
177
74
79
42
126
145
79
150
176
112
174
4
90
120
110
157
107
137
159
80
196
111
113
73
107
163
122
79
93
124
141
18
139
200
49
77
82
176
36
90
30
169
199
83
26
18
69
181
49
6
61
100
84
101
168
103
62
49
29
115
108
189
56
136
42
25
166
130
146
160
181
97
185
153
131
24
131
174
163
66
147
92
193
127
41
172
9
92
126
134
90
13
103
155
156
73
83
186
28
88
108
107
81
76
59
21
31
94
175
136
52
173
127
48
114
61
37
115
78
187
120
105
55
121
89
156
119
194
140
118
186
121
184
173
132
72
58
83
167
162
153
43
77
89
87
102
167
150
44
119
42
88
55
80
106
19
160
74
188
61
101
115
137
169
197
113
97
76
177
41
165
156
106
130
72
72
28
185
188
22
14
59
16
106
55
16
136
104
91
92
57
195
40
176
14
185
22
122
80
29
152
174
53
31
164
97
110
138
171
3
10
135
54
67
196
178
55
167
102
165
30
139
120
83
137
61
44
88
143
115
137
107
49
46
96
51
134
174
165
50
36
52
190
184
1
186
106
156
70
34
23
152
134
165
168
110
87
183
168
109
67
160
164
116
103
96
178
106
189
156
61
21
172
71
184
195
91
2
167
62
20
72
46
92
121
24
20
40
41
121
62
199
93
70
83
130
174
45
173
4
119
125
152
61
100
63
188
46
59
125
114
54
43
27
172
33
67
84
49
13
51
86
7
20
200
165
19
140
34
130
197
3
172
38
179
195
74
66
68
9
15
61
129
82
102
38
54
182
177
21
185
90
92
28
127
136
146
7
16
18
52
157
197
119
161
17
138
61
15
195
180
101
179
159
151
120
196
91
95
177
159
47
38
183
153
43
153
43
117
52
22
162
171
93
23
79
73
176
37
95
37
38
144
80
123
10
151
126
138
58
136
84
150
79
22
36
90
63
155
148
83
193
30
155
116
159
164
30
78
97
171
24
26
194
189
189
45
180
135
106
200
199
189
60
45
160
154
20
194
199
30
121
99
120
35
49
70
131
144
10
74
189
200
48
192
64
182
169
9
165
2
118
163
170
68
185
155
80
111
77
95
112
149
61
125
70
95
52
85
31
149
180
110
64
85
89
21
180
156
90
139
75
185
66
40
39
132
78
106
145
107
120
25
111
116
56
144
139
142
180
18
139
78
62
71
37
154
87
158
139
181
118
193
173
168
166
89
21
164
194
195
196
100
189
158
155
73
33
81
178
94
82
88
129
120
179
42
58
164
122
100
45
187
17
121
125
25
42
106
118
81
86
76
127
35
21
27
19
34
94
127
199
190
117
148
10
90
179
127
26
10
148
9
138
112
46
90
103
187
33
88
196
121
3
194
99
150
29
53
78
35
16
153
4
15
175
8
174
32
61
148
136
67
52
25
103
52
194
39
61
117
31
120
107
152
98
141
174
70
67
111
108
16
34
140
141
7
11
129
22
94
178
84
199
110
11
186
183
181
159
15
118
122
195
156
70
157
97
56
50
176
199
191
66
20
13
197
56
83
87
123
68
62
95
154
118
108
79
85
164
49
168
65
149
35
47
120
200
11
46
9
73
54
178
18
89
90
137
70
99
55
130
25
36
28
44
169
189
64
197
188
109
178
20
166
124
193
114
4
179
180
166
55
117
128
32
37
184
200
188
3
193
87
101
89
65
49
178
21
194
3
67
28
126
101
189
16
113
55
65
197
14
104
151
121
159
117
141
186
135
141
25
44
141
18
135
125
138
143
56
72
31
29
70
56
19
160
147
66
175
33
4
94
100
124
17
77
22
90
38
143
116
25
54
52
190
82
105
87
42
168
65
150
115
84
178
65
3
170
74
49
124
103
190
106
151
83
167
136
33
141
158
152
194
120
182
43
96
100
47
51
194
107
42
124
134
41
74
41
42
109
72
101
130
58
61
181
160
22
166
199
26
136
35
129
179
18
135
167
67
154
5
37
107
200
152
20
60
109
191
1
126
10
165
96
90
146
69
45
164
156
134
34
107
60
181
28
88
160
93
132
191
38
47
125
43
103
63
119
164
161
200
153
155
120
20
48
65
185
97
178
46
121
152
64
165
91
52
163
142
11
176
134
107
47
131
63
199
166
147
81
102
40
14
156
64
46
47
123
64
112
23
126
25
105
59
147
185
156
114
184
122
96
23
89
89
194
6
147
86
102
91
162
57
195
140
164
4
105
128
109
104
151
154
113
79
187
144
178
89
190
120
189
128
190
49
15
153
190
135
180
67
115
79
63
35
188
84
193
52
168
69
190
150
71
27
45
136
37
176
88
112
121
138
142
179
53
150
2
200
194
122
106
2
107
168
160
4
35
193
17
125
197
165
3
87
97
56
179
91
25
83
131
166
89
176
117
145
165
73
188
102
69
12
51
35
23
197
58
62
27
155
65
154
118
129
60
139
177
1
183
46
103
102
72
110
51
165
129
129
134
66
137
117
100
55
54
42
24
54
196
164
194
41
39
168
35
73
200
22
55
169
178
34
182
24
177
14
33
77
193
53
47
98
159
93
182
136
21
37
157
191
174
92
65
108
48
148
6
90
106
25
62
120
118
169
45
1
17
86
43
61
76
191
148
165
82
62
4
120
130
122
149
192
15
107
87
190
131
138
51
129
114
154
165
18
166
6
182
189
119
142
131
1
16
16
105
16
64
41
167
52
20
96
84
28
146
77
31
175
191
76
55
50
150
130
110
75
102
76
58
167
136
67
142
167
167
10
88
21
180
143
199
179
69
115
95
133
79
16
51
57
25
19
150
64
125
171
60
178
28
113
24
106
89
26
125
154
87
64
47
164
53
11
111
142
117
43
171
142
13
159
112
12
38
199
112
56
103
150
36
87
193
5
114
181
179
104
104
44
185
116
136
30
23
129
135
168
172
123
101
85
70
179
68
51
34
157
108
142
134
139
50
174
195
21
190
101
32
134
164
132
93
66
23
148
64
196
86
38
92
120
98
43
90
145
7
89
187
37
16
27
126
1
51
1
15
198
157
16
4
160
76
112
9
154
171
36
133
91
40
74
24
8
99
109
187
141
194
192
55
65
36
36
16
152
174
96
8
51
38
53
104
57
93
176
43
127
192
145
199
180
119
159
16
83
53
190
72
199
153
155
41
24
89
75
134
48
159
163
155
198
130
79
46
177
132
25
99
72
2
34
163
128
76
112
23
63
170
156
149
132
54
76
94
155
72
152
10
106
103
133
78
93
39
24
72
102
136
11
