1000000 5000
107
7
171
64
147
108
116
128
3
48
52
42
111
64
180
10
118
195
117
24
179
173
21
146
56
72
147
120
65
192
194
120
86
163
19
113
136
181
98
66
15
14
62
89
22
175
97
134
149
51
196
44
70
167
166
122
82
187
151
147
31
200
39
145
191
17
69
172
91
54
153
33
66
100
190
137
36
180
114
145
17
72
146
87
44
199
163
29
5
10
185
48
192
144
68
33
45
47
1
118
109
177
151
137
49
134
51
38
79
110
4
183
90
123
174
154
33
82
139
24
29
126
55
169
75
128
134
185
137
27
113
71
62
119
103
47
20
39
152
200
192
83
113
172
165
180
116
85
66
8
82
104
26
90
175
128
140
166
15
92
132
160
173
64
164
190
72
60
45
15
185
195
9
119
4
19
40
114
158
121
59
156
55
127
183
83
62
6
132
11
130
108
122
186
103
128
65
42
123
75
130
89
62
1
154
80
111
106
106
81
127
38
3
33
62
87
187
88
110
156
5
106
72
148
80
200
10
41
190
175
42
51
146
14
147
88
12
198
83
38
62
170
132
14
105
113
26
179
115
161
12
12
131
25
41
72
112
139
109
19
185
188
101
27
43
184
134
187
37
136
76
126
1
118
30
65
19
35
62
43
189
180
6
101
7
127
83
69
45
30
81
74
141
47
73
167
30
79
62
71
11
25
135
42
98
112
87
104
21
144
3
138
196
104
58
188
189
197
191
21
144
47
70
167
112
89
32
95
95
147
123
8
4
49
160
168
156
188
124
148
127
172
184
190
37
163
88
113
19
169
56
14
63
122
91
105
90
127
16
126
125
125
155
123
156
127
145
119
62
10
144
49
182
145
198
187
71
50
134
49
131
114
83
185
18
132
165
3
182
107
112
106
69
176
53
41
193
87
25
50
87
13
103
122
73
82
75
26
195
168
5
198
90
26
23
57
169
44
54
142
198
139
21
4
103
62
147
108
139
130
49
21
8
173
52
129
174
81
127
31
93
145
21
181
12
77
72
91
171
142
117
136
107
142
56
79
61
106
161
162
15
39
109
149
136
91
91
147
91
140
184
64
196
17
19
192
179
32
157
34
105
117
56
26
148
15
123
161
1
87
6
134
183
8
78
8
47
156
174
28
136
62
58
88
125
87
180
34
33
190
75
147
134
66
136
50
100
153
69
132
170
117
77
197
90
46
43
132
59
168
103
22
62
86
148
56
33
188
74
84
10
115
175
10
16
7
36
25
81
123
49
135
22
1
93
8
25
159
9
196
79
126
60
162
107
4
38
135
94
34
25
25
40
11
150
123
47
154
184
182
31
41
126
182
76
104
135
18
107
146
44
177
137
199
22
180
151
10
143
116
146
90
14
132
38
191
157
86
125
141
146
70
75
66
16
110
42
134
134
100
92
49
76
111
148
136
166
8
135
51
113
29
148
14
161
164
155
33
142
115
42
164
134
82
124
147
118
117
49
20
171
63
96
41
58
125
81
135
160
142
152
20
184
185
121
100
72
45
116
84
98
157
13
115
164
6
158
67
38
127
107
66
96
64
87
196
85
197
171
192
195
131
80
22
154
128
20
149
172
50
8
108
188
95
170
109
76
47
166
52
143
165
105
33
180
179
161
28
175
55
56
5
62
9
91
188
159
121
47
9
65
174
163
144
10
66
59
49
181
124
174
3
35
127
163
56
100
102
142
128
49
19
107
96
178
79
168
136
22
130
4
25
49
180
97
8
93
58
98
90
59
172
58
2
80
188
76
4
165
51
192
102
176
181
9
73
85
49
34
9
64
135
7
17
15
24
103
170
131
104
127
48
1
125
60
124
183
157
98
199
68
49
181
37
22
199
128
39
144
55
49
93
35
78
39
67
14
122
171
120
84
92
22
119
47
162
130
15
33
72
163
54
62
10
77
150
137
195
156
8
66
110
90
20
90
4
107
62
79
53
177
194
182
70
197
152
7
62
157
105
55
106
142
164
153
45
29
117
65
73
44
107
186
44
136
182
138
57
178
91
11
49
121
89
41
31
58
124
146
161
192
48
111
189
136
24
24
18
103
166
88
137
146
104
194
145
67
106
165
15
9
108
133
68
111
144
104
189
26
4
56
189
42
169
144
146
75
12
81
75
193
47
41
16
39
59
176
100
39
138
84
36
120
118
61
88
118
195
28
167
154
129
139
57
108
171
146
24
189
27
140
186
137
181
47
41
69
68
78
40
173
24
130
170
198
41
100
131
102
7
144
176
183
148
190
161
169
16
179
114
53
31
45
113
176
193
97
128
190
127
2
159
83
68
124
190
146
176
75
119
112
176
1
8
79
134
58
61
101
77
24
133
65
90
84
90
173
141
86
161
35
183
148
116
140
57
154
37
88
173
69
59
109
124
183
92
19
157
104
130
7
84
56
47
105
8
97
116
121
50
36
200
4
106
121
154
51
102
173
34
166
114
51
45
125
106
171
119
57
112
171
155
44
25
28
109
181
56
127
48
182
126
96
163
42
187
92
82
136
161
113
69
15
105
75
152
89
164
133
191
156
99
137
3
20
86
75
6
120
109
33
64
75
131
163
36
145
102
101
111
178
87
83
17
124
129
29
1
130
191
97
140
94
178
167
19
126
57
137
90
162
53
179
114
9
1
14
12
128
20
154
138
173
172
96
117
4
77
30
200
161
38
142
87
121
107
36
107
133
67
133
73
3
73
38
189
134
20
18
64
198
160
166
77
51
14
120
148
129
45
76
115
124
24
66
169
176
61
1
67
184
160
55
176
31
123
39
36
169
13
124
142
47
133
123
121
142
1
194
77
78
63
100
39
126
139
77
51
115
103
131
116
104
37
7
65
21
25
56
40
107
72
27
170
52
65
191
9
124
162
6
88
2
123
31
135
123
122
43
32
103
100
136
160
137
36
65
85
163
11
31
119
104
108
99
174
120
157
158
185
79
182
162
85
95
31
124
118
156
163
42
57
14
91
188
16
101
40
98
70
178
52
130
16
108
128
21
41
19
110
125
113
173
9
173
28
46
125
11
39
32
23
32
111
119
197
94
27
86
19
60
191
135
197
62
200
2
21
28
100
160
95
143
30
184
136
161
164
96
161
184
104
26
167
43
2
20
1
44
150
11
40
53
133
190
46
102
104
44
28
67
9
2
132
24
108
191
177
165
29
68
166
145
176
185
74
66
98
161
88
46
116
124
171
60
79
171
169
15
118
109
131
168
143
15
3
187
106
166
63
59
194
65
186
176
63
65
10
52
37
154
158
158
98
29
98
155
181
100
11
52
4
164
53
187
80
25
72
91
62
23
70
56
48
191
109
4
192
99
13
139
172
113
109
46
4
24
193
23
128
181
160
194
135
126
22
189
68
66
129
82
13
78
5
63
5
143
72
190
172
101
38
177
122
70
131
143
13
139
168
132
141
3
186
179
167
100
100
52
21
137
117
119
22
169
38
23
168
169
139
185
133
64
73
96
43
151
116
50
193
126
198
197
12
56
192
181
21
33
28
181
131
104
155
156
145
135
186
83
172
37
160
160
176
67
122
134
189
169
132
193
179
96
144
86
148
199
30
87
188
21
165
161
2
47
53
195
50
79
39
132
48
61
40
110
100
7
51
190
180
162
68
192
44
88
156
186
122
9
59
189
150
19
198
70
144
187
148
10
94
172
43
128
155
68
150
79
65
43
161
111
96
160
16
84
200
80
11
154
60
68
121
58
102
54
185
90
148
17
23
50
8
108
184
19
4
15
87
186
159
117
158
122
124
103
46
95
60
42
83
32
107
166
97
143
171
130
125
35
5
144
149
21
178
199
78
140
53
160
58
194
168
170
119
171
15
8
52
118
66
172
31
47
148
157
84
99
164
33
21
11
60
145
159
97
34
190
100
179
51
116
10
171
12
23
31
102
36
25
56
124
38
196
88
45
33
154
95
16
87
63
153
192
152
194
79
67
108
105
88
172
35
14
191
198
183
135
32
48
12
25
134
176
121
62
68
138
89
70
121
184
147
90
58
12
196
74
26
126
52
156
199
183
106
99
27
24
154
20
33
74
100
5
6
171
38
155
67
68
143
96
75
40
29
143
44
156
117
25
1
111
85
130
184
81
41
106
2
64
99
95
82
111
133
175
47
40
80
116
195
71
88
37
130
131
87
7
198
126
147
89
172
2
122
52
178
104
98
14
12
63
23
38
39
57
11
29
23
126
74
116
21
189
162
128
178
120
72
93
172
63
65
123
184
74
178
101
44
115
1
92
12
35
56
86
137
193
70
24
156
47
92
173
118
77
32
174
175
50
50
42
27
182
78
136
79
53
125
35
194
182
182
179
58
170
4
127
166
113
30
119
173
120
68
90
8
5
84
59
155
57
119
55
152
154
141
88
113
182
117
38
73
177
72
146
98
146
131
93
28
54
155
11
152
89
112
46
32
196
10
138
13
128
57
43
181
174
198
84
123
171
76
79
180
175
86
14
69
9
89
167
137
143
142
199
79
28
155
141
169
155
33
34
9
112
192
114
28
18
79
44
64
94
24
69
166
200
62
99
136
126
169
73
189
59
115
42
84
116
60
70
60
3
71
21
197
151
176
51
181
128
110
8
86
184
168
184
193
65
38
64
53
150
171
155
92
98
197
147
60
49
97
102
131
179
38
173
192
109
176
198
137
150
152
13
6
94
190
117
27
102
98
152
81
58
67
53
57
200
167
62
29
94
106
93
112
105
179
140
116
100
142
119
33
118
155
60
119
66
25
173
42
156
152
43
134
134
182
134
175
141
58
104
173
126
72
187
108
5
35
116
65
124
100
154
156
131
45
177
63
39
150
129
57
118
83
44
109
148
144
157
131
100
159
58
17
43
78
165
143
165
171
53
56
122
134
75
166
167
113
104
6
21
122
104
47
154
161
175
132
43
1
173
105
183
58
118
122
151
98
77
146
173
35
196
110
11
87
83
77
181
55
93
12
143
55
81
53
62
195
21
85
149
200
189
44
12
114
81
21
152
117
107
90
72
77
1
127
57
1
101
91
46
145
37
3
133
110
44
127
119
194
97
73
153
63
61
196
21
47
14
16
96
124
119
109
15
104
160
78
67
172
141
196
8
8
35
34
118
59
5
131
105
7
51
175
38
40
51
114
172
98
180
128
200
119
137
152
184
195
93
102
185
6
166
111
75
185
163
96
19
1
88
18
67
121
124
52
157
191
11
171
8
10
127
196
24
38
16
18
102
110
96
25
181
22
146
131
120
80
104
41
138
134
110
186
152
59
51
81
122
10
1
64
34
51
159
3
129
22
22
166
120
146
23
125
52
21
78
11
176
177
31
120
37
167
65
195
89
49
199
155
45
160
147
155
155
127
102
19
19
23
122
15
180
95
19
189
149
83
78
17
27
95
141
17
80
119
82
138
144
132
170
28
95
196
133
99
31
45
59
123
103
68
64
197
44
146
1
109
82
153
168
56
183
138
101
171
97
78
5
14
150
190
115
194
156
64
56
47
64
162
137
156
196
184
3
161
122
146
66
53
156
23
117
87
175
189
35
184
149
190
139
81
109
175
106
14
180
3
93
106
123
116
89
16
141
40
66
95
14
3
194
153
45
90
26
11
138
182
80
14
72
185
38
191
161
59
121
97
122
147
35
106
108
95
111
166
15
143
195
160
80
33
60
14
154
73
186
86
90
48
155
3
155
141
77
49
196
146
132
100
57
109
51
183
190
90
127
50
135
179
99
78
63
32
107
48
74
53
126
40
189
117
188
55
197
198
101
52
94
30
55
97
197
120
129
133
111
179
123
12
27
142
152
107
88
62
183
136
13
11
162
162
132
171
131
126
25
46
52
52
77
2
125
166
65
15
5
123
51
143
10
60
197
194
152
157
125
104
49
73
166
11
112
67
120
173
150
151
188
90
9
141
61
107
54
152
22
88
117
63
156
122
96
86
106
29
107
61
102
126
80
75
179
127
107
9
190
192
109
140
112
88
176
153
7
51
58
129
34
170
182
26
114
140
145
65
30
59
193
92
149
122
177
175
1
78
185
92
2
18
64
190
52
111
164
118
64
195
62
26
6
85
174
121
90
50
8
166
114
25
79
150
180
46
69
27
44
98
17
173
119
81
96
125
139
120
117
105
187
56
95
45
195
13
104
82
198
125
103
149
164
141
181
86
120
74
121
90
19
172
192
82
94
20
178
168
35
110
48
28
149
3
73
2
105
157
135
185
133
8
85
186
138
102
47
154
143
132
100
191
188
23
183
121
4
136
20
137
132
103
32
87
92
86
178
165
101
4
125
26
3
87
43
62
51
38
83
178
24
78
41
147
34
4
43
32
108
47
91
132
97
13
29
70
84
6
82
153
191
70
198
187
67
7
56
101
183
21
68
44
109
117
52
36
105
194
47
90
22
43
198
35
199
50
185
181
2
136
179
150
44
164
45
18
79
43
123
136
120
124
137
165
53
181
53
172
52
185
3
121
117
170
110
116
20
147
125
87
152
88
78
200
186
104
71
41
190
128
67
50
187
168
114
74
161
98
74
147
70
195
61
179
120
20
40
153
136
175
180
116
48
79
140
24
25
80
107
126
60
101
14
14
4
138
29
56
71
79
78
24
51
148
161
165
63
74
66
113
12
14
162
99
14
192
35
75
144
174
28
79
186
63
101
148
6
4
44
111
7
127
107
68
50
135
126
35
129
197
155
53
30
132
57
133
135
130
184
49
41
62
29
111
188
53
186
63
44
80
156
165
42
87
62
152
119
128
159
36
143
182
56
170
103
146
197
136
23
106
7
53
160
121
120
174
151
187
9
132
194
25
53
93
58
73
68
42
58
168
93
140
172
93
111
9
57
102
112
46
122
75
175
53
125
60
129
166
11
28
45
76
93
98
143
134
121
111
70
5
150
167
66
153
124
145
26
131
159
146
103
38
6
89
104
149
111
71
117
6
128
147
181
156
13
14
194
67
112
69
131
170
40
162
94
129
22
52
133
151
146
152
121
66
176
143
196
120
146
24
70
48
200
90
175
186
78
99
185
106
77
67
170
196
105
110
90
7
153
155
47
124
52
26
49
36
84
5
188
115
31
33
196
50
12
68
170
39
30
1
177
122
12
189
102
55
173
187
194
197
148
70
52
159
184
86
140
135
20
16
155
128
165
53
146
100
27
16
128
66
16
150
179
25
136
140
59
98
67
154
71
31
156
34
61
116
135
158
3
98
118
200
4
93
189
83
93
191
194
146
106
107
106
198
194
76
158
156
137
16
102
71
53
90
86
147
70
6
183
160
173
85
2
167
40
56
172
73
10
176
16
194
73
122
177
66
106
90
197
134
58
72
83
74
44
67
164
153
123
198
73
113
195
198
49
160
150
43
59
53
59
154
115
87
1
101
38
191
19
51
162
181
152
53
28
168
143
197
45
176
43
58
149
53
90
48
117
168
129
83
185
67
50
7
187
124
56
159
19
30
4
58
69
96
191
199
182
77
95
77
192
18
144
127
136
36
30
85
35
163
91
82
101
153
17
26
177
131
111
110
156
175
163
158
83
63
36
136
64
97
59
6
38
164
17
177
57
58
170
13
137
104
94
126
25
39
150
108
178
92
28
86
115
151
14
24
149
4
1
131
163
152
10
95
82
25
180
38
99
24
132
114
150
19
97
77
61
95
10
51
54
45
42
195
158
171
157
167
98
134
57
104
164
14
161
19
53
48
156
84
190
65
175
166
134
9
180
44
181
167
77
96
123
82
100
98
89
34
26
37
196
108
107
43
195
173
115
60
149
200
38
143
97
124
71
106
86
173
175
111
169
69
40
59
3
52
172
126
18
51
154
116
135
129
88
42
123
34
54
5
40
34
120
181
85
87
158
173
49
143
72
11
53
153
35
141
142
183
181
100
181
162
16
139
153
4
178
22
82
127
136
34
60
190
51
88
76
145
89
105
177
174
194
5
38
60
84
117
171
39
191
94
149
132
62
174
36
186
57
6
74
74
110
168
199
129
34
22
193
11
86
42
196
168
196
35
29
81
173
191
92
143
80
22
166
192
132
118
81
39
32
147
174
55
64
90
25
102
102
141
64
24
110
106
88
16
125
36
107
174
109
136
71
128
63
2
125
126
153
35
47
198
118
21
50
122
27
187
95
85
83
183
152
141
49
167
189
74
196
164
148
80
28
54
108
155
1
107
199
57
50
192
182
103
11
173
187
168
95
168
74
192
70
176
104
180
136
181
165
144
53
179
79
184
29
66
131
24
113
54
11
39
100
11
94
48
46
1
77
142
109
174
68
178
106
56
7
163
154
145
92
45
154
71
98
110
35
114
4
139
119
10
15
200
156
29
103
99
66
184
38
9
28
67
141
23
198
200
101
97
44
68
7
171
150
44
29
129
146
71
41
84
19
193
70
26
116
9
74
59
141
47
141
159
94
143
51
111
54
67
193
118
186
49
2
50
71
172
91
35
110
148
56
107
186
198
68
100
178
186
10
152
60
194
145
42
110
146
111
147
61
175
140
91
189
18
102
38
172
186
43
167
94
184
30
185
140
154
162
76
156
113
33
143
93
116
190
75
152
148
45
41
156
79
157
10
129
44
179
98
84
5
168
116
110
94
47
74
76
24
196
47
59
20
183
158
196
60
153
70
84
165
118
127
107
137
74
183
51
34
22
30
97
183
90
55
145
103
141
140
122
95
51
47
14
134
103
6
164
133
12
157
79
43
180
110
137
47
6
35
169
195
61
52
145
186
90
135
187
78
125
128
116
148
26
141
151
192
109
82
161
197
134
46
100
20
176
4
167
178
181
118
172
137
185
53
141
114
149
28
77
173
93
94
38
66
3
121
118
6
28
147
101
124
55
138
56
11
46
32
99
153
102
91
10
168
193
87
153
181
93
167
6
132
125
41
107
191
84
176
128
134
117
182
99
141
147
113
126
156
28
166
152
2
63
105
82
198
113
162
14
70
172
116
42
45
48
159
143
61
93
134
128
1
42
152
150
120
67
180
60
75
173
130
44
60
26
182
141
153
108
11
156
59
63
152
170
77
55
143
64
145
112
34
103
187
190
145
38
142
136
28
162
61
81
8
171
103
2
85
109
113
198
104
132
95
95
173
169
17
191
48
198
9
132
1
59
126
82
149
109
134
23
41
88
169
92
81
49
123
179
119
183
92
196
148
119
36
123
152
195
176
95
17
9
147
144
56
6
156
169
75
108
127
189
99
124
57
46
19
95
115
71
63
42
25
40
86
79
197
126
98
62
147
24
134
30
26
100
16
152
112
67
109
68
97
99
131
109
61
164
198
132
197
168
29
134
83
28
87
117
164
8
35
116
9
12
120
12
5
126
199
109
26
28
54
164
133
157
78
55
129
200
176
196
27
153
107
149
168
159
24
186
150
112
184
115
69
99
179
1
56
136
128
23
130
23
187
187
151
124
17
113
111
132
109
121
41
84
56
127
151
64
84
116
75
53
53
10
43
2
8
4
47
5
147
90
64
167
125
120
85
57
38
175
159
98
188
111
198
9
63
17
31
111
94
31
152
8
117
111
5
197
47
121
57
9
200
55
74
99
163
98
9
53
36
20
162
194
77
105
197
169
68
13
72
160
181
149
89
77
175
78
44
194
159
41
37
84
194
181
20
169
69
57
44
4
186
6
33
175
56
57
10
190
85
163
131
174
190
197
81
80
158
53
33
7
99
114
190
154
99
131
44
44
20
134
127
145
200
178
14
9
101
137
94
54
118
135
198
22
31
44
152
173
10
49
152
60
37
80
108
3
135
110
5
192
25
42
176
86
1
41
2
45
153
49
64
135
21
2
149
81
186
152
9
17
198
20
75
165
29
71
111
106
156
150
34
170
12
182
141
188
187
183
73
190
83
93
56
76
77
199
120
173
92
110
23
137
144
191
185
47
194
179
141
194
20
102
88
7
126
135
146
98
180
21
69
163
1
178
149
86
200
29
187
40
2
47
157
172
54
1
56
73
180
133
18
37
19
93
2
76
18
190
147
24
134
165
58
175
35
199
186
76
184
21
20
20
140
116
26
86
134
191
8
85
57
170
159
189
112
117
116
104
99
53
137
194
81
85
99
56
18
15
196
108
121
176
35
54
76
65
141
80
88
24
126
152
11
27
186
31
138
22
40
161
82
180
121
96
191
99
175
23
18
80
112
50
184
186
174
1
155
85
93
159
10
26
177
5
104
60
40
129
130
125
126
132
85
172
111
80
157
184
27
193
132
136
107
14
170
121
72
107
152
46
100
66
101
196
106
3
124
18
177
60
45
118
104
178
191
53
151
101
51
28
185
61
122
134
122
30
160
194
93
4
163
182
53
55
49
187
86
27
58
45
175
19
155
55
56
191
159
67
179
132
159
198
145
20
143
93
147
41
199
65
184
49
189
9
39
81
19
132
20
191
115
60
51
130
58
66
176
38
87
179
164
136
148
7
162
116
10
177
145
73
128
85
67
32
147
26
72
111
34
169
49
166
140
34
92
183
10
8
15
186
1
126
33
44
105
161
147
182
88
63
30
198
105
60
166
160
124
45
144
80
145
45
30
113
37
88
125
84
24
122
101
80
165
103
21
187
17
156
62
104
74
180
187
34
77
139
193
181
74
102
131
46
158
33
74
175
130
198
155
167
100
120
147
127
155
160
72
42
92
105
121
154
90
164
50
130
51
65
43
169
48
179
189
199
196
103
146
125
88
183
34
162
160
200
86
94
64
77
62
194
103
96
65
19
116
95
158
53
148
9
137
19
73
10
61
10
187
168
189
44
198
95
138
107
38
82
137
178
138
98
171
42
35
200
108
149
185
67
169
103
33
194
186
139
123
10
4
66
15
172
73
115
188
110
34
101
13
80
34
49
32
70
111
191
54
24
172
184
128
138
193
136
107
136
138
153
161
139
59
157
125
111
24
60
144
45
191
100
95
139
138
159
195
81
86
176
112
116
87
143
101
84
120
163
117
125
33
175
58
141
106
65
11
155
184
130
114
161
161
179
116
6
27
33
159
8
58
157
64
189
95
200
79
102
98
62
76
14
183
144
108
195
126
62
117
24
81
20
182
66
149
123
157
15
194
5
28
131
71
89
143
128
179
63
155
96
110
161
192
9
20
83
183
60
190
42
15
65
81
97
162
173
59
131
12
83
176
30
200
61
133
6
116
11
72
93
164
144
59
166
165
103
182
86
172
131
73
114
83
6
77
128
176
8
106
182
171
14
55
35
65
158
85
26
134
89
31
37
112
157
157
162
30
46
173
195
73
193
125
17
86
194
115
6
62
183
91
23
134
191
42
48
24
