1000000 5000
74
162
199
1
170
31
180
135
195
195
114
134
129
133
22
144
172
192
34
161
33
145
181
45
127
61
183
73
54
200
8
145
129
165
196
66
31
100
101
19
76
179
168
93
56
30
51
184
130
174
188
126
22
162
179
4
54
27
86
60
31
66
86
177
94
169
163
127
119
109
184
133
5
42
159
163
7
28
98
104
69
43
172
12
184
165
79
200
135
114
154
116
165
43
52
13
108
77
176
185
45
45
24
46
141
19
140
54
110
111
66
159
168
131
111
183
36
159
15
106
191
53
188
81
143
25
199
170
147
20
143
171
187
170
102
60
177
1
10
20
128
86
56
115
51
142
147
200
165
156
107
104
178
91
116
60
125
139
63
192
31
152
99
22
110
41
139
151
153
152
154
141
133
133
80
23
195
62
66
179
152
148
99
137
6
90
75
72
59
92
102
165
129
54
63
161
186
25
45
30
74
75
161
76
157
100
115
167
134
32
153
182
50
35
131
61
181
105
130
26
3
46
70
40
26
164
110
20
77
195
40
193
145
10
88
165
132
43
137
89
120
18
54
64
125
48
54
63
74
155
116
41
185
151
180
170
117
20
84
200
2
131
164
198
43
41
120
124
66
165
18
57
197
102
81
147
84
58
185
22
60
133
14
149
154
15
120
19
49
168
178
194
180
200
8
27
139
104
126
1
16
64
4
120
111
163
92
107
43
110
129
195
159
37
67
195
97
149
168
8
10
148
133
38
122
46
162
27
94
188
20
96
79
57
79
36
70
140
31
51
71
140
6
179
151
8
162
89
93
113
51
105
44
149
192
125
53
7
75
128
116
170
111
97
121
135
60
200
96
81
68
174
89
116
104
66
121
82
29
99
121
60
116
171
171
132
178
34
94
162
198
101
136
184
76
19
162
51
144
196
163
27
1
90
150
84
171
186
141
63
156
71
160
163
45
100
180
171
89
69
84
92
144
86
100
194
62
42
77
59
2
12
195
157
181
73
32
85
24
72
128
75
182
24
20
50
63
197
33
29
1
119
88
123
11
163
185
16
99
36
20
1
37
141
64
102
193
145
53
148
35
73
96
113
142
173
120
53
71
143
110
22
170
161
194
170
42
97
148
126
179
196
62
84
196
67
23
15
200
94
13
108
174
177
117
200
38
91
120
164
78
16
103
200
92
143
144
45
124
146
18
41
122
191
49
171
20
93
198
129
5
87
118
125
98
78
88
28
13
28
20
7
13
177
197
54
155
109
124
144
101
164
106
79
97
29
49
130
181
154
57
56
75
158
12
128
2
29
46
141
17
163
107
87
2
40
84
153
4
126
19
29
153
31
139
109
103
7
61
170
178
31
95
116
132
187
78
51
46
54
119
167
41
88
188
121
150
137
109
190
69
186
123
145
128
120
99
48
8
119
120
188
13
190
196
23
94
25
188
194
140
98
121
24
105
3
106
100
162
1
16
189
11
30
72
37
18
114
195
137
11
100
32
179
190
77
192
52
9
149
103
17
111
2
102
12
66
193
171
41
122
47
148
10
87
105
100
27
53
154
40
51
153
18
87
51
53
22
156
71
167
52
136
123
195
183
192
154
44
143
65
177
131
143
29
94
68
184
74
73
158
154
46
110
82
18
184
95
143
146
57
51
6
169
87
118
8
156
181
192
99
166
195
8
179
183
48
76
1
87
167
176
171
13
179
156
30
165
99
149
77
28
106
89
28
98
68
38
5
199
32
112
142
23
89
145
79
163
34
197
156
113
68
129
138
196
74
123
6
161
195
76
104
126
36
180
167
96
128
163
5
195
61
125
110
78
11
21
190
37
182
50
18
146
29
162
47
162
101
76
12
186
119
199
78
188
149
88
52
32
51
44
12
170
112
118
59
72
105
115
106
49
156
195
80
99
84
151
198
164
59
4
165
177
188
80
197
87
42
79
167
45
107
55
176
153
116
108
28
74
25
190
32
34
114
142
168
93
110
138
170
148
77
131
115
109
173
139
138
186
110
96
169
162
34
5
123
82
155
90
41
3
152
48
143
31
38
153
62
97
3
107
27
16
61
175
124
100
145
22
96
196
11
197
106
45
121
121
71
200
59
83
150
34
64
47
77
75
63
36
179
184
51
168
174
130
160
63
112
13
33
130
42
30
8
29
72
96
119
155
118
177
149
43
40
171
8
58
100
18
71
129
159
69
157
132
81
108
142
162
144
176
138
137
181
69
60
185
196
175
198
69
73
198
75
7
199
44
199
33
177
8
80
192
163
2
23
15
69
99
63
14
148
140
52
73
139
145
22
63
144
9
171
131
178
26
98
109
87
138
36
73
47
95
168
13
32
189
118
128
21
194
73
25
147
63
118
125
164
9
13
38
166
119
164
181
4
105
112
30
173
167
63
13
85
29
200
99
104
59
83
64
39
194
129
158
92
77
99
128
118
108
137
172
147
25
127
86
124
128
174
96
95
129
132
154
39
194
192
172
14
99
113
8
132
98
171
17
94
116
44
180
175
187
34
10
81
23
149
141
148
93
160
119
19
10
24
190
168
115
189
93
170
42
125
21
43
169
172
115
104
188
186
30
26
27
2
15
93
34
88
44
11
79
199
169
68
63
101
132
3
192
185
98
2
186
103
10
114
157
4
118
42
169
185
71
6
195
96
166
78
116
169
138
84
104
90
200
154
13
41
101
70
20
26
54
80
149
13
132
83
123
85
186
147
199
3
154
158
108
146
123
55
36
34
101
26
82
173
109
172
187
108
119
61
196
78
83
104
74
175
13
109
9
75
2
65
45
89
178
151
85
171
160
35
55
164
151
144
82
11
100
157
200
75
41
8
50
104
99
198
93
158
17
102
130
78
156
105
57
72
11
100
149
81
84
35
42
125
130
181
191
191
105
54
137
96
139
114
86
39
139
189
172
33
87
7
125
114
130
123
7
101
63
120
116
48
92
30
16
22
15
138
57
99
59
140
67
87
176
5
183
124
190
7
37
122
199
88
23
185
144
4
24
77
98
119
136
161
118
170
199
88
27
117
115
130
195
182
193
12
63
147
116
121
25
164
121
171
13
162
147
8
88
73
90
23
170
138
8
13
30
108
116
121
89
73
69
129
177
123
131
192
43
135
178
151
71
124
32
63
36
64
49
65
183
11
144
160
64
102
71
77
131
90
20
85
149
45
115
179
40
169
197
171
6
30
192
66
173
197
125
57
97
167
65
62
76
104
38
134
143
46
96
190
40
143
64
15
188
134
88
199
34
190
86
72
188
20
30
199
63
148
124
125
146
23
104
101
48
15
75
104
86
148
109
12
172
167
105
80
125
127
123
96
13
51
92
1
56
103
179
85
123
40
15
152
143
146
111
96
136
42
152
102
180
80
106
142
7
188
142
77
77
17
102
38
168
16
105
50
78
8
52
158
98
126
149
150
190
148
96
68
165
133
162
151
171
31
86
144
88
150
33
116
86
66
117
176
160
138
114
139
184
69
194
88
126
32
50
27
194
70
3
160
116
64
199
24
162
186
189
28
35
28
65
83
41
188
171
151
85
196
143
117
131
51
63
115
30
157
15
129
1
51
162
59
31
137
110
129
5
79
59
35
39
156
174
153
161
200
192
150
20
50
161
142
59
173
190
8
63
44
2
55
67
69
2
32
70
146
56
125
47
177
170
156
99
119
142
77
18
23
37
119
12
191
19
157
81
10
60
199
69
104
187
196
133
6
93
182
152
193
102
145
52
25
46
180
198
163
24
160
65
181
127
161
153
45
196
88
51
160
77
9
118
92
161
166
60
159
138
2
25
188
27
143
173
177
166
114
58
58
122
165
120
178
24
176
141
54
49
120
170
171
180
182
85
98
49
146
11
188
158
89
31
140
71
33
85
89
113
133
116
49
116
149
131
3
193
49
114
101
149
70
90
129
111
177
31
52
133
30
146
173
113
78
92
24
124
43
70
100
119
39
166
178
56
63
68
42
155
194
57
193
138
174
193
168
153
166
40
188
123
182
180
55
47
113
114
72
63
176
3
193
111
58
149
176
134
97
174
129
149
50
61
167
100
151
10
48
36
182
71
17
64
56
94
174
147
151
71
101
155
109
94
95
110
18
130
183
21
122
83
164
150
39
58
4
18
9
94
45
83
8
171
116
77
91
16
20
105
158
141
106
184
1
8
62
176
93
23
172
70
160
126
142
53
67
95
143
96
82
116
151
72
191
191
46
50
129
59
56
2
138
76
72
164
178
37
134
141
56
48
137
160
67
151
13
73
22
100
170
148
131
156
161
68
63
62
53
14
170
104
62
113
109
123
156
111
61
186
43
197
54
196
123
175
89
92
15
8
175
123
96
163
88
129
186
169
58
169
141
78
67
4
200
162
27
7
113
74
59
53
4
105
83
41
48
52
157
96
20
32
50
46
34
85
150
55
32
64
41
182
200
43
169
18
131
99
57
80
43
88
7
147
49
178
86
137
21
135
134
184
150
39
118
57
88
189
16
46
68
104
135
137
25
44
152
124
120
83
161
168
80
158
181
84
103
55
158
8
81
115
69
69
5
61
154
116
139
119
49
84
52
159
51
43
35
159
172
108
78
103
17
27
25
129
94
144
67
130
77
118
25
37
104
47
121
165
65
68
41
197
172
33
87
113
197
156
146
81
94
152
29
139
87
87
135
92
17
35
109
124
114
190
151
175
21
112
158
71
112
117
177
43
119
161
166
182
30
120
9
87
134
118
181
2
37
9
159
118
110
119
183
128
124
109
24
197
130
17
159
69
113
197
31
166
144
70
111
91
146
114
101
175
119
180
109
189
132
7
78
164
111
15
114
64
147
17
23
62
181
146
5
130
34
7
13
106
127
65
197
25
131
95
167
97
182
124
187
11
189
29
163
106
92
107
182
180
186
18
3
184
99
55
122
180
64
45
141
71
188
55
46
78
16
4
172
95
171
44
153
134
157
78
116
122
180
58
37
73
59
59
52
54
55
139
122
182
62
166
23
113
188
140
19
102
197
149
104
60
68
42
1
111
21
182
65
4
78
88
104
80
95
155
29
115
123
74
41
173
76
121
128
101
91
35
150
186
100
189
51
155
149
115
183
106
61
13
113
190
164
88
128
181
130
87
116
183
173
161
17
184
160
165
57
51
171
61
83
27
32
96
182
40
176
80
2
197
63
77
111
154
126
172
59
132
160
90
89
177
41
82
147
8
139
165
156
170
90
32
165
96
164
114
50
14
130
35
94
69
172
17
193
45
27
21
8
160
3
43
170
134
142
11
8
200
17
36
153
102
188
141
170
192
180
19
123
181
16
189
186
140
185
95
2
139
155
164
6
180
148
36
40
149
10
158
178
17
40
129
58
155
43
45
27
195
85
134
74
176
39
75
31
44
156
169
162
57
177
17
182
159
113
81
82
116
59
34
189
174
85
48
131
20
72
128
8
198
58
178
174
90
54
155
192
174
167
156
190
188
66
13
199
60
190
125
110
165
6
134
12
22
163
135
123
117
67
111
71
195
139
42
34
144
51
125
20
16
113
152
138
105
93
153
147
80
132
136
154
68
152
154
190
65
3
117
61
96
122
60
3
165
39
1
44
149
80
186
132
99
45
32
117
15
97
197
161
129
131
157
95
31
66
48
136
12
120
70
103
109
120
187
123
112
74
126
163
85
136
41
140
85
25
90
24
156
65
1
54
118
94
38
40
69
30
167
131
85
181
200
138
193
122
152
120
105
168
46
102
151
139
81
168
120
112
74
72
168
107
193
160
29
87
34
4
11
38
56
116
65
149
122
141
9
100
115
85
60
143
17
135
17
191
7
59
154
108
42
175
115
152
44
80
126
4
96
48
100
105
60
162
4
43
83
142
140
169
48
158
109
155
19
129
170
184
167
152
19
71
25
50
195
21
100
32
45
42
39
179
182
57
62
38
11
188
194
114
81
14
68
44
63
115
134
60
19
192
115
192
33
167
60
58
160
169
82
154
184
6
105
70
158
169
7
156
58
160
140
24
180
34
3
13
172
200
34
120
91
14
34
104
158
188
199
34
149
52
120
10
185
21
119
135
23
10
166
79
136
181
133
68
58
128
150
106
95
179
185
133
115
156
128
101
39
66
31
60
96
20
2
84
19
86
21
143
132
178
105
144
13
173
58
196
28
158
104
31
119
76
101
116
20
197
96
100
106
68
102
143
81
51
143
156
8
7
68
158
136
29
190
115
167
37
97
42
75
161
44
61
146
8
63
150
39
143
185
1
18
31
111
117
104
135
71
150
69
67
75
133
199
105
187
68
25
43
8
68
8
58
39
139
69
198
108
190
15
4
135
109
20
14
173
52
49
8
35
129
89
7
200
104
169
151
113
181
99
170
95
145
155
137
197
156
154
104
125
183
112
99
34
199
112
192
36
137
135
41
138
138
22
25
1
90
173
83
125
166
32
161
33
45
111
27
92
178
179
38
121
110
92
174
109
118
105
40
134
112
158
60
18
174
41
38
126
10
110
142
9
186
86
148
179
37
198
3
140
182
12
120
79
95
141
130
21
119
149
141
89
104
57
115
52
170
8
88
104
7
84
23
14
122
61
161
141
63
9
174
153
58
159
198
184
21
161
93
105
83
163
17
89
166
142
46
141
14
143
61
44
11
163
48
113
73
98
103
21
136
5
127
88
148
7
63
147
146
149
144
98
184
110
42
113
99
18
119
25
194
98
175
175
156
161
44
75
169
198
3
179
112
100
182
183
185
110
159
200
45
143
9
49
177
99
23
50
144
164
142
81
125
31
7
93
80
4
153
86
126
198
101
106
99
5
164
106
113
118
129
56
172
79
134
198
101
152
11
112
6
164
56
168
173
60
200
115
50
80
165
191
61
128
14
78
67
53
189
184
78
6
28
33
147
40
97
196
136
9
83
101
64
104
43
28
194
46
62
181
46
141
28
150
145
127
115
4
142
15
158
115
87
73
6
187
120
64
101
72
76
44
175
88
88
12
119
167
98
59
87
174
38
119
170
69
108
112
50
135
156
83
164
159
81
171
38
63
168
72
48
132
84
32
67
10
16
128
71
160
102
80
46
184
121
101
148
35
72
73
199
89
15
161
92
188
69
12
137
24
180
197
66
155
40
69
179
36
185
51
42
78
11
36
188
98
174
157
119
18
199
14
179
41
22
7
66
197
117
190
34
174
46
3
20
39
138
125
78
74
11
161
122
195
186
200
11
156
86
190
179
75
9
25
88
197
161
155
121
106
34
38
104
68
130
157
199
37
75
194
16
167
106
157
153
62
155
137
42
13
172
42
144
44
196
20
190
49
147
84
59
140
76
28
171
111
100
150
60
49
33
128
97
124
117
126
160
53
79
90
81
151
74
135
58
113
86
128
70
34
160
64
11
151
23
51
11
167
66
28
88
161
49
49
42
128
55
99
134
130
67
84
193
99
30
38
175
170
109
176
166
161
146
35
182
74
68
24
163
162
74
144
113
178
95
102
149
174
192
72
83
131
41
183
140
189
13
80
104
123
166
161
64
143
55
142
153
191
81
24
197
159
87
158
117
8
150
83
57
152
172
177
37
66
30
54
104
126
70
98
152
97
23
120
185
185
188
98
182
139
150
181
156
148
146
13
150
45
101
109
115
192
197
172
63
11
60
93
177
31
63
146
137
158
83
59
139
16
63
81
175
150
45
118
65
81
72
65
53
200
14
92
180
95
58
184
59
138
76
53
170
68
81
119
115
45
33
88
140
163
6
137
50
97
51
172
58
162
146
113
74
73
117
11
147
165
84
140
21
182
43
154
198
115
7
72
140
94
192
71
173
48
25
81
185
80
92
21
64
107
24
168
145
162
70
85
43
38
176
125
1
113
78
87
163
45
157
185
114
192
64
6
167
28
69
117
200
127
85
152
100
170
118
95
180
184
193
111
48
58
103
106
34
51
8
33
188
68
93
108
145
61
55
24
83
66
41
166
66
106
120
39
22
25
187
185
82
8
11
59
117
26
88
28
127
51
46
61
13
8
2
83
85
60
189
185
97
111
147
94
30
149
90
199
29
145
61
68
195
133
140
34
112
23
106
43
93
86
138
68
159
111
82
127
102
69
84
20
151
30
23
11
169
148
62
69
26
37
118
44
16
84
49
95
122
5
120
133
89
100
14
21
199
23
80
175
184
196
125
187
64
169
176
168
193
199
13
73
100
78
81
11
39
78
63
33
106
84
172
41
196
16
172
44
46
1
28
63
52
103
83
138
44
34
176
44
175
184
31
108
88
28
82
68
40
191
134
193
193
74
188
175
101
169
97
135
31
84
119
97
107
91
146
58
134
198
143
171
199
56
62
105
15
139
41
162
65
20
3
93
50
48
180
40
128
171
143
31
159
12
107
166
31
107
153
7
107
31
197
194
184
57
126
81
44
184
19
173
79
158
191
114
106
128
97
190
157
11
19
176
155
16
115
42
126
104
145
73
102
97
13
2
41
109
79
63
174
163
2
2
2
97
71
2
1
11
52
77
74
25
181
32
56
2
157
57
49
23
169
168
105
162
127
25
135
30
120
49
177
35
122
103
135
23
106
81
133
58
198
97
64
55
26
112
104
157
177
24
27
84
72
57
87
168
18
95
4
160
170
97
25
153
151
111
146
108
9
179
61
154
70
81
87
138
32
16
83
95
173
152
80
171
183
7
78
170
23
81
7
42
196
81
22
92
196
96
81
116
41
100
72
9
29
51
121
34
32
79
60
100
182
51
125
98
89
13
198
161
31
6
184
93
91
126
129
10
71
156
71
42
135
49
173
165
141
138
106
68
145
31
29
169
33
179
46
44
57
108
23
46
104
192
169
15
155
87
97
193
131
173
195
99
67
172
16
7
96
104
187
171
170
24
143
133
59
43
53
122
74
27
192
159
189
21
129
57
26
23
116
70
189
85
105
77
131
73
57
138
93
85
190
119
105
13
68
138
100
79
4
3
42
56
127
90
139
57
116
174
185
148
38
101
26
41
31
44
89
174
60
114
23
176
72
160
128
23
190
156
56
129
146
163
182
75
26
102
125
41
132
131
145
177
21
138
122
162
183
54
189
18
71
151
177
115
129
133
79
173
58
34
166
144
188
29
198
127
19
67
45
62
23
25
130
149
51
147
51
103
165
101
194
57
38
57
164
184
198
136
38
112
41
80
189
59
153
6
178
162
37
105
70
49
166
80
17
19
68
89
156
24
111
108
6
66
30
27
59
150
164
65
1
100
145
102
156
135
171
141
17
1
122
106
195
195
128
200
197
197
134
44
49
92
22
119
117
166
180
187
145
43
75
15
117
28
142
154
194
183
36
172
48
23
76
108
31
30
34
46
178
17
42
93
101
53
68
181
150
171
34
76
105
3
32
82
51
134
185
90
186
115
22
155
14
137
50
176
124
88
50
19
149
137
181
1
61
90
110
77
15
31
31
154
51
197
95
58
112
199
48
29
93
185
174
52
199
31
163
71
73
22
90
63
191
31
82
62
67
34
69
32
36
138
106
14
157
60
34
31
128
19
158
16
72
125
191
156
83
57
6
21
59
172
62
172
24
5
90
13
173
176
82
200
116
113
100
43
117
192
88
76
4
172
86
106
125
44
94
7
197
133
174
8
58
153
184
29
10
162
92
94
94
17
33
140
156
122
59
19
12
176
98
57
24
146
46
142
86
32
162
79
117
65
31
176
47
187
168
82
72
171
79
56
29
180
73
88
168
69
196
140
153
93
83
34
32
153
73
87
18
6
177
136
136
55
30
2
42
21
72
85
60
52
62
96
174
131
94
28
98
183
107
148
82
158
15
108
99
6
90
94
69
68
22
128
146
19
162
85
171
68
8
129
87
6
91
120
54
4
128
10
45
43
194
94
152
183
150
3
80
135
127
45
180
173
127
44
91
28
150
87
195
130
102
178
196
145
6
198
1
78
187
150
185
134
186
118
178
83
26
125
152
54
100
65
15
157
54
84
27
112
56
94
193
93
143
183
25
76
183
198
149
187
68
171
128
162
82
66
51
56
145
125
172
91
181
40
73
179
74
11
195
157
76
91
56
59
19
187
50
171
134
52
46
1
179
87
100
58
95
61
100
32
117
151
192
26
165
159
60
129
76
68
115
28
65
196
111
161
119
12
108
52
99
165
85
56
172
38
154
50
4
183
187
6
171
173
63
135
63
143
99
95
29
23
15
41
54
40
26
180
36
37
198
22
125
7
3
73
46
132
117
156
172
85
110
197
77
186
146
147
53
194
62
134
183
124
69
153
183
36
108
48
163
37
64
161
80
40
8
174
64
16
62
86
82
112
45
192
134
143
105
77
124
173
146
120
192
10
86
188
106
171
44
102
99
129
54
85
101
70
179
24
101
198
138
5
146
24
40
199
169
147
90
95
71
142
145
69
150
147
165
3
60
44
148
83
108
43
19
32
171
123
134
75
141
185
189
173
89
89
12
22
151
156
118
114
198
128
100
2
15
194
109
114
75
136
98
22
169
128
5
52
164
71
47
155
200
53
17
42
100
3
42
50
40
164
2
119
136
170
105
172
29
83
29
198
2
21
5
83
132
105
56
38
17
80
176
174
138
68
154
45
193
132
30
165
172
97
138
40
48
97
195
85
52
158
190
55
149
4
86
161
147
82
39
135
172
48
6
159
179
44
43
44
117
9
188
92
85
22
85
167
26
158
55
45
89
112
67
62
32
32
64
61
82
48
128
157
190
121
186
23
123
121
66
81
85
69
78
7
162
124
145
1
183
71
27
38
185
104
138
158
52
132
187
195
36
183
125
185
187
107
35
189
59
11
74
161
190
153
150
32
196
79
53
47
125
12
69
48
181
134
28
192
7
37
92
131
162
3
184
57
66
107
172
116
199
104
105
116
67
167
169
146
179
140
4
74
33
181
28
172
89
1
110
197
150
120
169
198
39
122
61
132
78
92
134
34
186
159
13
9
3
85
98
74
38
154
89
1
59
195
176
83
99
28
6
151
65
141
178
14
195
7
175
139
147
65
31
157
144
112
67
107
40
165
49
130
136
14
72
80
149
171
90
190
184
142
109
64
29
171
136
75
137
194
19
13
174
169
8
88
52
1
12
110
71
55
13
102
164
20
3
99
64
97
93
72
97
92
15
150
105
52
167
16
8
149
42
136
131
130
73
67
186
126
73
26
175
101
192
12
162
184
95
174
192
193
57
65
56
158
81
42
192
185
10
72
146
86
107
130
16
13
166
185
107
4
108
50
168
87
61
51
198
35
62
64
76
158
151
197
87
52
118
20
71
146
130
132
61
112
169
112
118
39
96
74
21
163
174
142
