1000000 5000
18
135
156
36
66
7
44
10
34
104
63
156
16
12
141
196
84
134
160
185
110
142
200
136
37
52
30
150
154
138
10
120
15
95
169
110
167
17
144
40
157
76
151
90
107
183
87
185
72
143
143
83
22
50
165
86
105
130
174
195
142
184
10
80
169
183
62
100
134
26
14
133
118
156
2
69
34
152
105
121
144
10
12
38
156
12
87
139
196
85
52
29
4
25
199
59
60
190
106
28
73
144
118
184
149
151
110
155
169
10
90
143
22
53
130
149
114
92
200
61
158
195
77
108
133
171
114
48
103
131
172
59
33
32
176
160
88
1
85
69
81
66
176
182
110
145
35
62
58
163
180
133
151
166
88
59
119
107
181
24
144
192
182
13
19
145
58
17
12
194
167
168
135
94
168
173
138
61
134
200
136
41
90
13
54
34
155
160
162
62
124
16
78
141
135
126
113
110
71
172
25
70
106
106
23
170
43
139
132
3
103
74
44
87
111
14
189
57
99
12
44
124
3
118
132
123
96
93
143
63
159
141
127
48
126
81
41
28
183
177
13
80
163
128
194
162
32
65
36
118
162
90
155
109
196
20
22
200
110
125
41
25
6
90
98
51
196
199
29
13
60
51
158
109
68
195
28
94
191
20
181
43
75
124
175
100
99
13
195
89
193
198
20
15
6
5
57
25
99
87
177
26
53
179
2
50
126
2
145
71
48
164
196
100
151
66
1
39
191
34
26
123
21
32
163
151
51
85
11
43
51
103
50
106
5
34
28
63
157
83
64
132
166
1
118
33
50
116
50
159
196
144
20
111
97
6
37
110
56
98
52
172
170
135
15
149
177
73
108
193
111
147
40
141
54
48
159
149
186
67
137
63
53
108
80
118
182
112
184
94
83
84
7
184
3
6
3
91
122
17
42
54
34
180
77
90
138
46
175
11
72
27
101
134
33
148
140
193
44
135
162
109
127
120
197
179
19
191
182
164
18
185
133
80
123
63
123
160
121
136
73
128
109
178
143
98
141
142
132
99
129
12
193
59
123
135
136
51
23
29
160
117
83
1
147
195
161
185
9
127
30
149
6
119
64
9
101
89
94
99
198
35
79
12
98
15
73
19
62
114
193
200
189
177
164
115
168
103
172
152
118
90
104
84
63
168
129
32
123
86
145
132
46
198
192
39
175
75
123
129
110
72
121
31
59
81
31
15
81
95
200
192
43
9
145
62
28
34
129
189
171
160
170
165
121
22
143
104
81
181
93
79
176
168
106
134
79
199
45
167
49
172
167
195
113
140
32
60
97
98
168
57
108
88
167
3
134
102
12
82
157
73
164
26
108
118
142
152
196
68
134
143
161
104
163
114
86
130
48
55
182
146
33
157
113
193
39
169
83
2
147
9
22
126
52
172
12
17
91
123
113
153
197
12
34
11
86
172
70
135
54
186
110
11
68
89
189
112
121
164
33
26
35
182
79
108
22
175
152
89
48
111
85
163
74
44
49
182
164
69
121
37
103
134
67
126
60
187
53
99
165
136
124
68
90
69
97
7
111
47
188
17
121
95
163
78
13
101
174
8
140
39
63
130
29
95
114
127
64
149
183
29
175
12
40
66
129
44
190
16
154
40
17
66
21
113
100
22
72
157
155
44
132
98
72
14
40
31
8
175
97
148
106
52
134
193
172
174
94
166
151
17
106
165
121
156
142
93
104
137
87
49
165
134
28
125
157
190
101
7
103
61
159
153
136
128
163
1
112
104
40
7
185
35
56
186
40
27
114
120
28
24
25
142
23
175
62
4
173
19
56
167
25
34
150
137
8
179
80
116
75
139
161
43
194
60
194
133
137
175
40
146
97
34
43
44
96
175
157
161
103
76
105
66
2
191
119
140
24
72
105
65
24
47
166
69
176
128
151
156
164
198
193
142
56
50
118
124
9
30
60
142
145
143
166
170
135
82
135
150
134
36
171
7
13
51
186
164
191
154
51
103
7
187
35
38
140
87
143
120
182
119
150
48
97
30
25
122
7
93
6
102
17
128
33
136
29
136
85
74
159
58
55
122
184
54
119
76
179
10
49
136
119
42
25
156
79
20
118
59
174
107
52
102
152
88
64
88
13
78
39
78
103
159
92
8
83
188
80
156
1
11
62
170
118
80
141
77
109
8
58
124
76
40
106
63
71
76
46
107
19
102
118
54
45
86
58
98
89
40
90
91
42
141
124
11
97
191
53
149
150
17
71
38
111
44
29
168
150
71
168
75
81
63
163
158
65
91
112
174
63
174
100
171
171
59
144
184
11
116
79
153
174
52
67
150
108
126
30
110
2
178
141
93
73
63
186
148
167
142
97
135
79
195
192
65
76
78
118
46
80
7
123
120
84
117
54
8
3
108
97
80
25
99
53
56
74
80
44
163
16
173
195
10
18
14
75
84
111
75
189
72
83
39
37
3
74
150
82
15
177
183
120
123
158
154
152
52
124
90
186
113
32
109
167
79
78
54
36
58
198
76
27
35
65
66
194
163
22
180
28
106
15
12
112
169
105
166
64
30
88
56
159
20
196
25
59
181
185
5
8
19
45
107
177
126
137
184
99
165
60
60
77
77
18
145
75
170
112
107
54
146
3
181
133
57
123
94
172
19
163
40
198
141
79
113
172
14
58
126
49
18
136
65
165
156
98
171
158
17
27
96
126
145
150
153
148
94
1
172
190
147
196
134
59
194
12
22
147
98
158
181
173
68
161
153
177
173
165
61
55
144
106
188
175
61
165
127
58
20
19
7
14
68
14
2
111
46
73
118
99
104
112
89
64
84
79
14
184
181
115
26
100
169
152
2
158
9
130
98
16
199
52
179
142
110
38
1
5
102
185
96
200
70
104
53
14
32
72
72
173
92
177
26
128
67
113
82
123
132
147
93
177
183
122
199
141
145
186
181
17
187
100
49
166
166
187
181
29
121
36
36
168
149
97
170
94
62
54
32
124
154
107
88
117
73
193
84
113
9
109
85
71
148
83
73
144
107
32
117
185
136
196
71
137
174
119
25
188
19
148
109
105
10
38
97
48
157
23
44
75
124
103
107
136
35
85
109
25
135
95
189
103
197
107
199
138
160
131
36
126
185
59
26
158
12
116
58
25
95
147
83
114
32
109
159
39
100
64
155
85
134
157
102
172
126
91
171
171
23
11
155
98
61
2
16
199
30
82
23
64
63
95
130
79
109
53
4
40
62
83
141
78
196
192
198
42
98
158
142
130
133
87
86
134
30
109
55
99
6
147
164
11
185
9
61
172
9
7
7
141
43
70
130
26
139
25
198
23
21
200
123
35
142
52
32
169
194
139
16
83
56
163
92
127
8
119
110
59
27
159
101
130
117
129
144
76
158
41
105
106
119
47
102
52
112
25
141
160
50
117
85
106
199
29
63
102
65
80
74
76
71
129
23
197
27
185
175
198
130
134
132
98
74
34
4
31
121
86
29
37
28
9
165
134
120
150
179
168
70
62
59
198
34
128
10
169
138
63
129
71
84
172
151
142
47
46
180
43
180
114
156
2
128
75
177
185
77
38
41
16
151
80
108
52
101
162
107
148
173
175
200
4
171
193
143
48
23
41
124
134
71
90
193
132
150
120
108
194
1
198
52
9
85
27
76
86
146
151
61
31
17
11
134
127
55
97
87
35
74
41
80
133
161
26
136
189
10
65
134
138
55
132
13
14
157
10
119
14
79
29
145
150
188
62
129
114
23
30
94
43
108
16
64
50
9
131
134
48
179
5
167
150
162
71
200
140
120
145
23
85
155
125
28
175
142
103
83
107
27
174
98
161
102
195
123
59
18
65
70
142
94
200
164
197
16
146
9
145
64
156
89
106
30
37
57
19
79
37
171
126
62
195
149
146
5
23
151
76
138
133
56
165
180
93
99
136
73
134
109
35
193
141
140
42
125
149
116
74
34
68
21
141
157
180
46
178
108
180
61
182
120
163
133
13
27
118
109
199
172
95
90
32
138
153
16
122
108
159
120
46
62
52
97
25
186
199
34
89
70
198
61
166
25
107
118
23
115
35
146
79
102
81
29
134
18
139
59
10
109
191
190
72
72
58
61
70
149
39
39
86
124
119
171
41
90
170
40
60
110
71
62
169
34
102
186
54
48
175
77
158
125
158
19
92
164
31
198
116
111
181
161
143
137
147
14
73
111
98
34
68
19
107
158
191
28
77
178
168
153
131
59
75
140
172
50
57
167
24
109
36
13
36
161
85
124
20
150
166
106
194
111
135
184
165
82
21
75
150
47
18
11
61
93
189
16
142
84
198
46
123
181
46
19
142
47
190
134
191
142
123
69
120
104
156
37
59
104
189
51
161
104
1
132
53
31
20
28
154
157
145
166
36
101
77
102
25
106
6
133
175
15
109
103
22
35
8
188
178
186
113
128
119
178
167
70
164
87
131
196
26
78
130
36
107
1
32
154
151
193
48
197
199
142
4
71
100
182
38
47
135
5
165
126
133
15
9
125
34
165
150
29
102
179
196
167
186
21
6
51
182
43
112
66
157
154
54
198
94
147
170
27
183
118
30
79
149
134
177
61
81
165
52
58
154
8
103
151
18
48
39
115
39
112
153
192
109
116
71
175
23
61
93
21
140
145
20
18
187
165
85
183
156
96
47
18
21
17
95
157
144
60
92
29
193
104
64
29
15
70
124
29
32
77
34
99
54
67
81
55
84
117
50
152
137
39
61
53
124
45
61
52
140
190
162
8
198
197
184
85
37
100
53
18
104
193
64
194
118
128
52
47
123
92
48
113
93
162
96
64
42
135
9
131
8
82
49
155
10
196
35
53
89
67
12
29
123
119
85
102
155
26
193
116
116
191
40
84
196
168
122
60
141
44
163
105
24
51
20
118
75
96
106
77
168
66
154
158
23
111
9
155
39
16
188
26
17
173
105
111
89
103
173
13
45
60
176
155
118
200
108
74
84
48
122
187
142
175
3
105
9
1
40
33
43
198
149
25
149
74
41
117
139
10
117
116
101
18
111
8
182
34
44
66
42
66
183
51
22
82
71
180
170
6
101
137
32
196
160
67
143
106
2
18
106
124
151
37
191
2
200
131
124
92
194
123
40
56
105
178
33
8
80
48
22
83
197
29
81
94
141
200
148
45
22
63
189
114
157
82
50
154
25
190
66
111
156
160
23
13
188
125
15
172
19
136
14
53
142
109
52
106
115
135
26
140
135
92
59
157
132
27
91
177
82
9
125
199
34
188
44
20
163
157
142
103
137
196
19
108
98
137
160
23
121
172
38
12
149
3
155
182
61
33
106
187
94
151
177
165
44
162
167
11
141
156
43
70
80
140
175
2
2
164
153
196
38
160
181
170
113
91
128
100
145
20
102
117
158
132
194
125
92
100
113
156
89
6
122
13
107
119
122
96
116
105
53
160
30
174
80
164
37
190
50
124
184
197
176
148
171
79
52
167
116
97
186
182
8
199
4
187
70
100
89
51
8
120
162
39
9
111
79
42
87
60
128
14
52
147
107
60
61
145
197
97
57
173
81
51
15
150
128
127
10
154
104
158
103
129
149
197
146
146
135
149
90
196
82
8
178
131
166
99
98
166
53
119
1
126
105
125
48
132
131
77
136
138
117
81
156
114
41
101
166
103
165
95
189
45
33
55
56
129
99
88
187
164
85
105
16
9
166
143
23
185
65
155
35
65
88
93
93
39
169
40
144
72
38
135
42
191
196
27
198
200
183
82
156
7
116
171
164
140
82
79
113
59
106
18
103
39
57
65
97
173
118
53
109
120
64
86
106
35
103
189
128
194
200
89
137
191
129
153
154
99
34
176
143
26
1
105
52
169
62
109
11
178
133
36
82
161
200
98
170
125
73
103
92
19
30
34
39
154
146
52
2
178
150
82
23
127
182
146
181
93
74
99
15
145
95
20
167
33
13
193
159
148
69
167
133
55
70
130
5
194
76
159
62
125
53
197
10
19
42
91
87
120
157
20
2
66
190
6
182
7
98
68
42
77
185
42
173
17
53
174
158
125
193
99
2
9
200
141
41
143
171
134
180
45
131
148
84
10
55
127
96
58
185
155
36
33
122
35
93
146
177
83
121
86
136
108
130
7
159
173
59
19
167
199
40
191
8
80
68
13
62
64
156
91
11
110
162
92
21
67
38
74
125
125
148
27
145
96
186
15
139
168
60
19
146
156
61
35
52
29
116
150
24
59
111
105
53
38
173
195
174
137
186
199
42
37
81
8
148
114
70
184
65
125
53
175
19
159
173
195
21
11
132
33
54
42
73
34
114
150
141
143
181
92
98
178
111
112
41
29
194
26
32
31
11
74
147
22
98
113
188
53
129
165
108
94
56
26
110
95
170
51
70
44
192
130
46
176
77
65
186
145
15
56
167
198
5
187
27
83
168
53
107
33
52
108
147
26
35
136
198
62
83
191
37
11
156
159
21
161
107
131
7
21
115
178
61
161
86
156
71
194
135
22
1
103
180
78
78
98
41
168
69
167
109
147
53
112
90
61
139
64
14
79
57
66
100
161
42
77
146
156
81
93
133
76
178
36
59
29
75
4
158
197
108
64
138
184
196
101
117
15
142
111
159
70
135
39
163
44
195
90
28
141
180
92
72
96
56
65
91
109
81
96
64
75
119
81
178
107
90
117
37
165
76
31
32
45
163
166
152
90
8
14
22
134
38
123
71
172
154
64
149
73
38
33
57
65
33
95
111
88
15
111
64
125
149
73
176
30
126
89
144
3
88
122
100
22
32
133
86
40
112
137
69
186
93
13
179
184
130
154
200
186
1
19
175
10
96
9
86
24
59
140
183
81
158
84
141
14
149
97
43
154
57
99
103
107
146
63
20
1
121
85
154
48
132
138
59
41
1
143
10
196
21
110
173
70
49
104
9
3
25
106
98
157
2
152
54
36
192
113
20
116
130
3
26
54
31
46
190
140
184
124
149
81
152
16
120
151
67
139
116
19
164
111
22
128
188
81
88
34
121
109
2
35
81
102
192
185
199
91
98
110
172
37
1
72
195
39
23
4
195
190
51
100
160
79
177
82
54
109
98
186
31
116
100
27
138
168
61
149
91
109
109
179
68
150
102
199
195
9
52
92
24
52
133
142
4
36
194
190
163
113
30
186
12
132
148
177
182
192
126
127
56
53
19
80
166
36
101
177
150
182
166
99
149
18
55
120
25
142
124
120
29
89
59
118
113
75
127
86
159
183
77
4
64
76
193
140
5
115
57
47
22
173
141
29
52
58
104
86
106
161
101
164
45
119
28
41
106
1
154
188
36
59
153
171
24
171
130
89
7
167
46
71
104
87
101
16
195
121
200
103
164
169
53
174
97
87
185
101
86
71
92
33
134
154
18
15
120
180
95
95
193
118
136
188
104
107
113
29
139
161
83
90
10
87
109
76
194
86
106
8
105
166
153
118
21
149
145
125
104
97
33
135
124
142
112
139
162
190
69
193
155
41
170
18
48
8
191
47
194
194
13
191
9
87
133
186
42
129
91
15
85
168
106
7
189
30
185
108
60
64
5
102
91
186
146
43
86
117
146
155
147
108
17
178
171
147
84
173
107
82
48
105
72
99
66
24
90
196
153
10
163
131
38
61
88
33
50
92
152
74
121
156
56
140
193
105
13
197
137
121
76
137
86
199
146
24
114
91
34
195
83
91
138
98
2
56
109
116
19
20
23
51
16
49
118
4
39
192
146
153
7
177
35
125
105
179
133
136
3
113
196
121
48
157
84
124
45
5
184
20
70
54
44
40
143
108
9
61
105
129
30
136
30
160
91
71
45
179
45
105
5
161
85
43
122
23
72
109
16
113
12
57
43
156
111
192
166
79
89
18
131
166
118
179
81
112
75
164
92
53
104
114
121
102
45
20
60
131
10
144
110
19
58
162
80
31
49
76
155
42
172
184
44
176
133
148
108
176
96
164
81
1
85
156
116
70
189
197
148
11
192
87
32
125
66
81
20
53
184
3
24
191
103
117
113
8
45
75
154
183
111
92
79
67
162
50
29
168
91
155
172
153
70
9
52
106
158
9
115
115
53
9
126
149
156
126
97
141
76
64
91
151
184
144
2
36
69
122
45
9
46
30
157
29
52
133
190
18
200
94
165
192
26
174
77
26
162
9
179
107
3
131
115
95
138
164
37
104
165
153
4
114
191
57
19
175
191
36
42
72
123
59
92
149
152
53
28
43
182
147
98
82
176
50
22
23
36
157
148
147
47
198
167
60
170
111
173
98
30
142
197
122
185
50
150
115
111
178
44
7
177
124
115
166
155
145
126
110
48
96
17
66
183
153
200
102
112
123
151
180
46
7
65
184
15
142
131
147
171
75
99
127
149
191
145
129
193
114
93
162
183
158
53
78
4
13
136
30
165
60
166
199
166
16
76
48
72
175
152
9
38
156
186
72
15
116
67
104
44
17
6
187
181
33
33
143
182
106
90
134
56
150
139
54
120
65
50
101
181
120
177
67
190
121
14
49
145
10
120
35
45
156
55
55
44
38
158
148
128
177
52
167
51
151
75
190
4
169
167
36
191
110
35
1
182
35
9
113
158
58
167
86
192
164
36
132
85
152
130
137
38
82
83
26
22
25
23
159
34
59
17
34
4
27
163
8
126
126
98
3
167
41
160
66
87
115
22
172
125
143
160
11
196
150
8
35
96
104
106
123
85
79
183
54
28
17
130
50
83
1
151
133
183
146
32
194
82
177
70
107
155
133
195
97
83
46
5
46
1
124
196
3
186
133
187
141
50
169
80
107
7
198
138
189
16
113
140
73
118
1
159
190
180
155
88
33
167
89
22
120
86
159
23
91
121
52
41
152
179
55
34
119
3
79
177
131
10
4
174
52
178
95
72
125
197
138
119
4
156
14
3
122
118
83
148
29
183
100
65
112
65
68
23
140
3
195
83
62
67
56
179
132
84
170
126
76
56
99
77
41
187
85
38
190
87
16
130
140
91
138
43
54
91
77
190
132
116
92
132
30
199
90
89
155
177
72
26
119
76
8
69
95
182
161
107
27
43
105
27
70
59
188
108
27
168
118
119
23
72
137
75
4
132
145
123
128
164
100
134
181
96
187
200
169
68
184
102
80
67
35
68
78
81
99
30
109
63
41
162
171
18
119
161
67
16
70
142
66
174
38
109
123
129
73
138
185
70
73
27
111
84
163
83
182
192
115
27
163
103
140
83
198
190
178
122
17
167
118
39
159
174
166
145
123
12
195
196
170
120
118
64
173
105
37
189
29
132
99
31
28
173
16
47
97
143
68
61
139
158
148
57
109
81
1
118
157
22
114
6
46
113
132
172
32
132
97
167
46
161
14
4
55
184
177
48
14
140
56
51
191
157
87
189
180
199
197
182
45
171
136
98
106
141
54
7
198
39
91
153
159
177
2
133
181
28
70
71
87
144
53
189
108
184
78
70
8
40
26
28
105
59
113
14
195
123
115
128
148
54
36
94
108
2
46
176
114
157
64
113
126
179
73
147
104
59
86
175
154
162
57
70
32
12
169
186
117
178
120
46
52
101
134
12
195
83
91
77
192
191
144
186
40
73
120
45
6
153
164
97
85
75
168
184
74
91
136
153
15
72
20
148
144
6
73
58
181
93
46
162
70
7
164
81
51
91
89
127
104
74
158
39
168
34
26
156
68
110
157
45
13
84
12
2
123
114
45
87
45
190
79
84
42
136
134
128
183
56
198
38
49
145
33
100
61
80
179
115
120
58
30
12
157
104
112
117
171
49
38
110
24
12
9
83
109
24
98
174
173
142
98
69
171
97
82
141
163
198
119
99
106
55
24
91
151
13
164
156
30
142
191
195
181
112
109
92
82
138
120
169
68
31
43
141
169
92
105
69
147
112
28
171
108
160
149
169
134
121
8
200
160
84
90
96
197
50
183
93
166
70
114
56
62
151
29
68
190
166
60
110
80
83
158
131
106
74
31
95
167
46
127
162
189
186
125
183
99
29
160
123
191
152
116
66
138
65
122
141
16
31
133
130
51
168
86
192
135
140
61
179
26
129
117
186
145
108
28
67
163
26
5
99
103
111
6
45
161
32
72
145
196
50
90
130
63
24
12
67
95
38
48
155
7
175
105
13
143
134
131
46
139
182
28
84
132
81
116
67
4
8
39
170
77
188
50
14
73
113
192
22
58
104
133
52
8
154
193
27
41
188
4
180
139
7
28
101
99
198
101
40
155
35
97
50
75
175
72
192
168
148
40
183
41
197
65
87
176
21
59
127
27
80
169
35
171
46
84
123
190
118
58
92
34
181
58
142
131
95
133
174
142
101
150
52
159
77
6
29
139
125
22
122
34
157
131
164
147
24
116
33
168
26
24
165
80
99
88
53
30
70
185
168
13
29
2
99
92
14
178
155
159
176
75
61
90
177
149
79
164
51
74
197
3
177
134
92
199
172
163
183
197
140
84
164
162
2
91
26
135
182
165
137
79
110
12
65
84
143
123
69
72
173
23
109
45
131
43
113
36
31
164
145
125
98
181
105
104
156
94
170
119
156
83
31
15
55
54
104
66
101
149
121
52
86
126
189
169
88
187
92
22
101
163
193
90
61
56
39
11
139
26
89
24
100
106
57
127
22
3
16
193
12
60
130
143
169
172
176
88
152
197
70
165
169
1
93
22
43
13
180
38
81
119
35
17
143
180
88
33
57
14
92
38
36
72
36
96
57
119
179
138
154
172
155
178
24
154
163
67
147
187
24
169
152
91
87
49
18
152
50
70
26
196
29
77
145
67
145
136
77
24
143
68
171
128
10
49
156
83
161
30
182
191
71
116
34
162
184
79
153
47
14
50
170
4
62
149
112
161
15
134
49
178
9
32
43
86
24
123
149
173
55
183
172
150
60
166
44
161
145
95
195
62
138
186
62
133
61
8
85
27
37
131
60
125
22
149
172
133
123
102
132
143
44
128
183
58
175
142
174
120
30
26
15
48
174
157
92
79
181
33
34
81
103
14
96
142
125
19
147
1
111
127
118
147
126
52
5
111
142
117
147
98
125
11
7
43
103
48
82
76
62
67
155
194
158
52
126
13
110
68
181
107
194
40
83
81
117
75
166
131
144
177
9
180
116
110
168
167
130
21
79
187
112
44
50
168
133
118
47
95
182
32
65
197
158
17
188
153
17
119
106
162
181
86
6
155
72
176
129
100
130
101
81
120
176
191
127
186
63
172
168
158
88
84
101
18
7
31
29
167
99
33
65
132
86
37
188
133
6
106
159
183
156
36
138
111
89
82
92
75
