1000000 5000
73
55
27
83
118
101
132
6
68
14
69
153
196
190
20
97
191
108
196
67
162
59
86
68
150
108
108
163
1
155
21
80
73
110
97
6
164
110
133
107
53
26
153
66
18
149
75
189
165
91
20
127
17
183
149
59
186
68
154
60
31
14
129
131
166
196
182
71
41
1
173
7
110
155
2
148
40
119
188
190
75
128
150
154
65
99
195
6
195
28
133
153
3
33
180
191
61
39
129
114
130
145
66
23
190
178
71
84
186
162
186
48
129
41
149
75
124
23
129
31
145
102
80
21
36
35
43
125
42
161
29
106
5
119
93
125
107
54
185
179
8
99
74
95
127
130
193
153
173
89
26
119
130
195
128
16
52
15
199
5
48
63
82
115
100
108
155
94
180
3
193
146
66
132
9
98
178
23
39
162
64
68
147
61
37
131
135
36
16
197
40
187
178
92
68
171
42
79
67
87
146
81
37
84
82
196
7
145
42
128
31
76
16
6
12
156
172
63
68
14
82
27
137
159
80
153
155
25
91
123
22
106
66
104
194
65
163
96
84
8
92
57
80
33
141
153
141
71
84
80
160
188
11
174
160
123
148
173
139
175
12
64
23
96
163
162
53
62
145
3
36
126
168
71
178
185
93
22
96
9
15
2
133
192
115
66
13
23
187
170
93
46
11
199
185
35
178
185
183
52
114
154
152
164
198
34
183
118
79
62
109
9
149
6
38
81
188
163
48
52
4
148
58
97
199
61
163
47
127
103
45
110
88
161
81
124
170
198
128
67
88
181
92
4
65
93
156
167
135
88
172
36
59
28
166
190
18
18
117
169
115
75
108
189
28
194
40
81
124
96
45
160
74
135
51
170
84
113
138
108
80
93
72
80
142
200
135
117
154
103
35
101
150
161
16
19
41
126
74
173
123
97
40
7
8
142
5
90
91
44
121
144
117
174
64
124
91
194
37
172
195
91
174
23
81
187
34
13
120
50
5
135
120
180
12
180
20
121
140
72
18
147
49
43
3
163
183
160
179
72
110
21
139
133
162
160
71
9
24
88
159
34
37
6
137
168
164
86
66
143
148
123
110
123
9
180
182
74
136
174
150
118
163
167
104
161
139
58
194
34
9
49
47
152
176
103
85
148
131
32
200
37
141
186
191
3
175
63
9
88
103
51
192
49
171
89
140
168
184
174
2
71
200
171
50
75
164
163
23
148
114
181
144
186
46
56
69
109
48
180
37
31
197
6
142
116
186
57
196
104
76
171
71
170
72
167
38
178
124
138
123
101
59
184
133
197
9
1
21
83
145
195
137
43
29
181
117
87
52
89
157
173
95
61
124
170
187
200
156
153
13
37
21
122
172
102
109
112
191
65
33
191
156
100
93
195
121
43
69
64
197
49
186
200
104
69
52
17
123
118
27
131
59
74
140
166
29
92
158
5
115
158
56
133
142
130
106
47
73
56
48
170
109
98
40
198
7
52
86
134
167
59
182
13
14
138
104
51
64
182
121
67
138
7
120
130
42
131
33
60
90
163
123
13
117
40
105
195
92
94
109
36
122
51
111
104
90
77
96
187
62
52
88
161
52
99
79
148
184
1
131
177
8
163
179
196
154
79
167
51
188
48
97
63
178
16
200
9
98
132
87
199
43
99
63
46
185
55
9
115
166
33
4
144
37
192
126
126
142
146
121
108
158
26
72
64
186
152
62
115
136
26
36
69
129
129
80
155
97
23
8
110
177
111
12
66
55
103
93
88
125
94
152
154
158
71
136
65
92
113
177
40
21
169
125
142
2
14
78
125
195
100
34
173
37
43
99
3
37
40
42
17
186
152
39
53
178
100
83
90
42
72
89
48
133
89
120
140
22
4
43
180
157
86
79
74
56
160
112
81
38
87
175
147
28
165
192
194
157
10
144
83
179
68
169
161
5
189
134
198
80
200
77
81
66
42
154
96
125
92
189
19
37
80
182
167
78
28
193
15
76
155
63
118
187
66
61
69
195
35
48
64
38
58
42
98
19
70
139
104
55
33
95
132
17
101
43
44
19
13
17
99
94
131
95
37
91
161
113
101
71
130
97
190
113
59
108
190
50
106
156
55
190
26
144
50
137
121
132
9
150
1
124
5
178
25
164
193
58
155
73
102
151
170
191
34
45
170
106
86
113
156
147
42
198
169
193
147
73
54
26
43
57
78
59
118
47
116
191
191
142
174
131
64
144
62
52
35
101
8
128
17
189
147
100
17
35
151
181
81
142
125
37
96
97
5
115
98
100
24
43
168
131
28
127
150
157
9
153
51
69
163
43
16
104
83
194
139
40
117
101
187
129
148
86
28
6
167
167
47
26
19
144
181
118
69
45
36
195
96
132
74
71
68
117
17
17
55
73
176
153
73
162
54
104
184
36
136
195
17
53
129
177
190
90
132
167
77
96
97
174
143
13
49
15
12
59
85
99
60
53
18
155
99
128
88
12
25
42
27
76
139
181
28
62
140
122
20
195
10
110
189
114
75
127
74
14
168
1
123
129
164
102
48
156
50
136
60
141
57
15
3
150
107
61
163
66
85
93
58
34
167
187
195
82
18
116
88
59
132
92
189
12
176
190
95
195
193
20
197
108
19
148
140
165
186
160
135
97
110
33
92
117
140
120
178
103
89
46
177
173
189
82
142
142
196
42
126
45
1
119
81
105
69
83
26
151
120
100
56
116
64
145
162
62
97
148
195
102
96
41
67
115
51
118
12
7
115
129
140
129
51
106
101
3
102
197
73
146
147
183
125
128
192
114
91
46
38
44
15
100
177
80
64
192
63
149
122
70
57
77
189
17
43
143
177
196
87
165
67
145
40
180
77
145
115
199
33
133
84
48
187
183
172
107
78
5
122
84
17
184
167
140
174
185
84
174
131
23
82
114
18
69
126
58
138
52
33
79
85
115
50
16
94
43
6
23
117
42
200
32
12
11
172
182
143
72
66
170
161
124
140
149
188
95
51
97
33
62
179
19
98
189
148
41
114
121
81
82
68
26
86
190
133
74
103
43
193
159
27
21
170
46
58
36
12
162
56
64
52
53
110
178
67
108
59
81
33
19
105
39
106
34
116
101
119
34
190
12
63
121
168
9
178
106
113
9
69
33
43
142
10
75
38
72
133
31
104
188
129
94
31
5
121
166
147
99
198
17
161
189
120
163
59
35
26
62
126
165
171
146
121
24
145
101
68
107
176
24
173
71
169
140
37
31
79
91
102
147
49
153
150
195
28
21
182
88
181
147
106
197
59
7
49
37
37
30
104
180
77
92
98
197
56
26
86
78
54
56
185
40
2
158
143
113
141
168
69
26
188
175
151
88
182
109
31
74
111
150
174
125
163
157
113
45
128
177
87
112
36
44
150
165
195
200
6
143
112
24
182
178
77
47
111
60
112
164
31
89
94
115
81
89
77
113
86
108
78
85
147
77
81
72
75
11
145
22
20
41
155
58
113
188
128
65
71
23
61
55
36
93
175
157
155
166
180
2
128
33
104
34
169
52
153
16
24
31
72
146
51
92
25
80
80
28
76
10
31
9
41
182
135
187
61
62
140
67
58
24
18
134
77
36
63
57
3
106
144
34
164
118
32
187
5
82
133
144
123
114
49
123
60
65
136
150
26
83
87
176
128
176
5
170
43
150
140
188
63
128
152
155
194
108
28
4
186
121
164
192
15
171
85
14
30
81
23
99
149
184
15
133
71
118
10
59
27
32
57
131
191
7
184
168
70
10
163
32
57
172
66
135
50
64
39
75
105
195
47
180
193
37
47
6
62
76
97
11
40
77
108
13
29
77
78
65
73
119
85
169
174
14
96
113
141
43
41
118
91
101
183
156
145
83
88
146
188
188
192
106
74
192
189
24
157
61
34
60
52
3
44
77
37
122
72
120
40
155
34
161
154
62
151
120
164
3
4
192
157
171
30
178
131
59
172
105
145
178
102
179
115
172
127
104
41
18
24
10
15
76
83
12
104
43
181
111
69
168
100
136
81
66
142
2
36
17
94
140
33
196
58
11
37
8
30
60
200
64
21
10
196
89
125
177
169
99
145
126
95
199
118
170
133
106
8
180
63
109
177
141
182
182
195
115
92
22
139
74
32
7
111
102
68
74
116
114
122
198
130
147
72
134
188
161
124
18
171
132
148
24
185
77
9
147
112
127
28
87
23
57
5
14
32
72
167
84
101
151
65
35
132
85
23
180
148
86
158
79
130
66
194
132
193
120
88
86
141
188
134
184
131
60
58
95
68
121
184
190
154
162
7
73
84
142
84
144
66
158
139
60
155
100
149
109
54
134
106
109
62
195
112
194
196
133
133
105
22
114
109
89
79
145
149
94
116
20
110
73
117
40
3
122
4
147
33
67
150
167
51
36
176
83
147
113
137
161
66
140
176
99
177
152
39
141
169
169
20
92
33
166
144
73
38
190
108
190
44
44
190
167
91
101
102
67
21
81
68
52
111
33
102
56
105
14
190
80
108
94
148
189
73
154
68
76
136
108
32
172
59
73
195
94
140
87
140
48
84
166
189
50
64
60
150
108
187
66
197
179
164
148
118
178
144
187
194
149
76
119
108
55
176
152
18
101
101
105
152
33
35
25
37
37
43
7
46
102
48
154
122
200
156
139
51
149
31
71
157
92
24
170
176
56
74
157
61
95
103
125
93
2
137
76
173
97
164
105
154
193
88
1
188
5
7
48
180
79
53
49
35
159
87
61
123
195
50
2
186
8
152
107
142
179
184
131
150
149
166
168
44
111
3
83
81
28
11
168
71
70
153
63
66
8
107
182
162
87
37
67
164
51
118
165
12
8
110
110
61
17
91
79
82
20
20
9
110
146
106
115
45
52
188
192
192
163
65
200
72
164
177
163
124
137
181
199
18
129
14
113
24
92
132
200
135
158
124
84
39
25
124
135
51
170
198
162
176
191
32
95
135
142
96
20
120
130
120
118
141
134
57
114
40
42
37
197
20
77
129
169
88
159
112
89
172
17
162
159
60
59
10
191
141
169
103
83
8
6
19
72
86
154
152
135
50
4
46
132
122
85
76
42
61
78
71
149
11
28
1
137
58
28
53
7
128
186
193
127
123
17
111
142
73
38
53
160
131
42
149
46
97
156
117
186
42
15
103
76
66
14
191
153
137
1
12
74
96
51
116
57
190
34
114
66
150
43
165
110
88
20
79
136
20
81
8
150
153
132
10
143
86
37
144
183
152
39
157
19
88
161
12
198
2
69
91
171
82
102
97
180
188
116
26
13
129
125
199
96
62
41
96
140
28
115
82
44
28
126
164
37
13
78
31
11
159
106
186
176
92
92
164
117
15
114
127
77
139
160
125
173
41
70
83
126
11
194
83
76
146
123
171
1
86
162
20
134
192
187
180
113
139
38
97
108
85
33
128
192
23
21
94
89
29
134
194
88
189
48
120
175
126
143
73
19
52
102
115
57
125
181
116
64
200
158
103
37
170
152
132
73
117
189
65
116
140
13
163
123
135
150
170
37
160
1
169
53
71
34
118
181
192
139
129
186
67
158
144
186
27
104
197
86
150
13
33
74
96
109
20
161
74
22
86
22
34
176
139
153
129
145
141
170
28
56
80
65
88
121
190
77
48
192
168
102
76
106
7
137
159
28
67
64
180
131
111
6
178
101
149
124
96
146
40
177
115
108
81
165
182
173
192
194
86
4
146
189
178
18
56
146
181
75
142
103
190
141
61
26
16
49
74
23
9
158
75
125
128
44
58
129
99
139
141
69
59
79
161
127
31
179
54
96
68
66
143
152
55
60
111
96
119
11
85
4
65
95
15
189
115
64
2
127
200
170
159
190
107
170
189
60
62
78
134
178
110
78
109
128
76
46
45
77
15
64
14
2
191
135
121
98
161
142
93
58
179
7
139
26
68
21
105
177
11
41
7
44
168
88
167
188
12
83
80
63
155
122
129
126
198
136
108
124
50
173
106
6
115
75
108
51
64
15
146
70
49
56
172
2
8
37
49
198
168
10
93
49
96
62
17
15
164
134
93
14
147
21
3
71
186
173
133
170
153
118
34
135
112
175
14
53
130
97
120
144
3
194
93
4
189
162
69
134
184
163
178
173
18
19
159
83
29
143
186
132
13
168
1
53
23
170
44
8
159
75
136
197
81
147
167
11
131
165
166
83
111
56
30
14
108
144
131
122
148
191
197
64
52
20
62
172
150
126
116
156
88
92
87
151
147
176
90
134
177
117
53
1
13
53
11
40
49
43
24
140
71
147
107
40
37
196
5
155
160
102
190
26
143
51
10
154
138
122
158
198
167
82
120
112
40
42
175
26
45
86
161
18
173
120
82
32
110
144
56
104
71
11
11
27
63
158
176
186
150
141
185
16
124
17
39
3
145
118
126
62
23
57
172
16
13
17
12
136
120
182
163
103
35
191
127
6
91
172
15
185
10
50
179
14
183
44
182
170
114
129
13
155
132
172
134
5
164
17
167
174
151
31
181
159
191
166
87
155
16
93
118
40
142
142
131
50
156
95
156
36
55
153
11
60
182
150
34
96
126
157
160
119
175
85
43
141
65
109
30
52
31
191
28
171
16
19
97
92
132
170
42
5
122
53
129
80
135
163
156
20
16
98
133
120
171
195
194
82
198
172
5
8
128
102
145
117
59
55
11
111
189
70
59
66
185
43
160
170
47
199
151
141
196
136
52
171
66
195
146
175
68
74
131
185
52
170
13
127
175
160
119
139
53
30
162
67
44
99
200
118
132
69
133
108
194
197
114
169
164
193
128
166
111
117
75
113
112
90
186
97
120
51
51
138
172
115
37
89
121
178
80
92
79
88
96
160
26
182
168
52
55
68
13
187
137
19
45
9
11
11
104
59
88
143
15
152
14
52
13
152
146
195
173
110
161
65
117
68
193
64
130
122
98
48
199
178
6
30
190
66
97
143
112
165
27
15
28
125
146
139
83
113
121
33
99
162
160
134
200
147
153
22
168
95
194
97
175
150
32
25
34
93
6
33
118
195
199
36
112
192
6
192
98
188
79
6
146
142
167
35
146
104
190
26
188
44
33
174
121
178
98
166
83
191
199
97
45
105
92
169
46
98
198
74
168
120
21
116
170
187
93
102
187
108
149
9
155
103
79
36
47
129
38
41
157
170
163
77
140
12
67
119
20
171
5
93
51
81
93
162
71
144
128
156
97
95
68
11
151
11
139
22
107
178
86
161
41
162
181
91
40
198
32
14
95
29
44
89
126
22
28
103
184
171
124
64
78
83
56
165
193
135
29
115
85
113
52
149
34
9
152
3
95
114
142
65
41
115
93
138
46
85
87
155
126
25
136
114
186
196
2
26
174
63
151
103
70
55
91
6
81
26
153
152
190
177
199
64
83
73
15
38
59
175
63
84
182
170
121
54
35
29
195
2
151
158
172
107
141
143
187
55
126
117
112
14
126
119
147
118
147
53
193
119
46
43
192
127
60
81
83
171
105
168
56
155
177
68
42
125
123
191
75
68
124
78
132
130
184
156
129
167
93
20
55
91
144
162
138
49
106
96
142
8
94
69
3
94
156
193
56
119
128
191
56
90
35
115
23
104
103
152
15
194
105
60
100
80
129
49
30
46
17
179
54
157
41
38
180
91
168
142
22
43
30
41
89
87
154
42
135
196
31
123
52
85
141
110
46
117
169
176
151
84
163
151
58
63
77
68
100
69
24
70
166
191
90
75
192
39
191
162
155
197
132
86
39
62
38
173
28
81
33
133
97
23
177
147
163
121
44
188
96
184
130
33
122
102
167
92
196
54
74
103
46
73
5
59
30
71
182
196
157
113
82
88
172
163
30
51
179
11
161
53
182
109
107
143
36
23
132
193
189
116
107
112
5
40
26
13
103
180
112
42
35
85
37
105
19
162
23
92
149
13
165
70
162
31
90
71
146
181
96
61
23
81
197
144
75
50
143
161
90
139
13
114
88
102
53
109
161
84
8
8
103
189
93
102
77
175
9
96
102
77
159
29
175
105
37
106
3
20
41
59
117
83
147
81
74
21
74
121
31
71
20
98
98
192
153
107
128
159
66
135
145
129
139
85
91
63
6
32
116
114
29
194
10
4
175
61
101
165
46
186
113
107
177
193
28
117
104
111
58
118
125
91
81
56
154
136
160
140
163
123
179
30
147
88
42
21
128
174
52
54
95
164
54
12
148
108
116
8
78
71
172
46
50
123
64
79
140
126
132
81
156
75
37
41
176
128
130
76
73
26
70
171
187
91
139
129
160
199
157
60
59
99
83
136
183
127
86
104
171
81
174
60
13
198
71
10
114
96
29
32
85
194
110
123
25
74
75
126
72
8
28
122
111
138
183
144
137
59
193
90
161
82
116
126
164
180
88
93
169
29
91
86
180
97
155
11
108
64
43
192
139
71
78
110
161
48
27
99
68
71
85
34
38
103
62
42
87
87
72
106
187
97
54
129
22
29
96
178
34
74
19
138
34
142
76
122
139
137
59
36
172
121
182
161
42
75
159
151
12
141
36
144
193
136
4
66
134
56
182
172
149
158
60
48
142
4
47
65
89
82
82
132
124
183
16
157
191
71
134
100
92
49
86
62
106
145
3
173
61
57
197
165
188
22
8
176
198
191
147
45
118
4
185
74
157
63
42
6
169
18
56
154
105
103
196
121
65
130
59
134
57
154
35
180
89
9
179
9
38
114
53
33
69
115
154
71
46
164
12
122
77
114
113
131
87
191
125
17
195
140
199
177
145
11
137
40
90
59
66
129
4
183
186
138
171
180
44
99
95
5
94
136
188
87
141
55
164
51
152
116
167
42
61
166
7
135
188
106
54
173
52
72
158
35
18
13
184
6
19
131
162
117
171
85
183
24
142
78
144
134
84
28
36
163
58
64
1
91
37
4
45
61
56
24
138
111
116
76
133
74
114
184
111
96
194
195
38
168
158
115
174
13
160
143
63
190
198
103
113
175
116
163
18
151
188
169
7
13
72
78
174
180
181
80
163
118
125
101
156
177
140
62
23
150
119
27
179
123
100
125
183
102
125
169
12
86
23
199
9
162
107
9
70
107
72
125
7
60
133
48
100
185
101
143
144
73
146
18
186
36
197
74
184
128
85
90
160
6
78
137
165
142
132
169
32
166
112
181
17
2
33
26
109
39
169
150
116
162
137
58
39
163
101
40
10
162
122
159
152
162
139
164
9
22
196
100
143
57
77
191
56
1
138
126
37
145
67
88
162
179
27
99
155
103
148
145
9
44
83
154
189
30
190
4
173
109
129
102
146
8
187
50
108
104
96
102
7
147
95
194
94
171
101
42
147
49
137
137
22
194
94
88
119
1
148
42
163
16
63
188
32
193
156
41
163
14
63
131
151
73
38
57
4
133
20
120
29
130
110
122
107
195
142
129
163
111
48
158
34
176
140
103
27
107
192
142
88
177
106
106
38
77
110
168
97
33
139
105
114
159
161
155
144
180
62
178
199
32
96
3
13
125
144
101
79
80
62
188
1
130
156
84
196
137
67
24
150
104
49
141
185
99
66
125
16
51
17
87
130
145
121
59
153
4
123
128
111
2
49
129
1
15
58
179
114
20
150
19
197
194
197
112
111
85
96
191
125
171
181
32
52
14
10
9
70
85
6
87
192
100
170
200
177
128
175
171
200
60
17
91
182
179
183
185
137
112
34
115
49
5
120
9
79
166
198
63
56
145
63
9
62
197
101
189
127
38
53
1
192
48
44
135
26
159
61
59
172
8
56
182
112
96
177
46
105
24
176
194
21
34
96
152
36
41
109
76
31
138
187
118
2
84
87
94
104
60
63
105
61
57
69
171
176
77
38
195
175
87
87
68
111
141
143
60
81
173
146
85
26
76
29
156
136
100
181
180
158
126
107
131
70
109
130
90
11
157
31
95
194
192
88
174
84
33
129
162
81
2
70
170
191
182
119
152
98
163
70
148
132
116
144
24
62
56
45
28
52
125
54
17
78
158
63
152
54
85
48
78
15
53
180
152
152
143
72
65
13
4
109
80
47
161
174
77
191
120
137
165
103
187
173
111
185
140
181
92
69
2
21
134
7
5
65
69
95
190
140
31
28
183
198
121
5
200
148
50
14
179
140
2
164
144
55
158
163
16
15
180
119
86
61
38
84
136
10
182
157
199
87
125
119
129
155
49
62
198
145
49
133
179
23
84
154
171
185
76
77
118
92
13
76
181
101
118
92
35
30
27
102
114
71
184
157
174
69
22
100
158
101
40
71
34
118
169
110
71
182
71
188
54
176
183
159
126
62
51
92
148
43
141
93
69
91
125
93
97
87
165
118
199
78
127
79
59
39
60
149
27
182
147
55
42
148
170
48
69
67
91
53
48
57
72
29
76
28
194
110
64
114
172
21
144
4
127
44
68
200
24
163
43
59
94
76
12
112
90
3
62
197
187
183
133
155
199
135
60
1
171
148
11
55
24
41
84
91
107
24
113
116
189
137
76
107
173
81
12
185
18
74
154
26
12
40
86
5
175
42
177
155
177
136
39
99
60
158
48
185
103
157
110
189
80
179
78
187
9
49
164
47
86
39
155
83
189
188
58
46
190
190
153
70
26
46
116
31
52
187
167
27
71
193
107
18
179
179
27
34
177
172
66
80
71
191
179
68
185
190
74
169
170
98
52
138
138
42
81
110
107
20
153
25
174
85
39
145
126
66
74
19
134
91
51
137
144
196
173
167
158
168
178
50
61
6
121
192
9
12
7
53
196
144
159
7
1
179
198
74
146
6
86
135
160
111
185
1
21
197
135
198
107
137
59
58
113
109
133
194
68
57
68
73
6
96
179
148
83
44
42
172
50
64
118
42
194
163
41
79
11
168
181
138
154
152
23
107
186
157
24
158
32
44
189
68
11
109
79
68
71
182
17
156
37
134
124
69
17
185
18
33
184
111
11
140
22
160
181
138
118
149
34
140
15
5
148
43
116
51
29
50
187
26
125
128
121
63
168
79
34
88
152
41
109
57
81
166
3
23
160
120
33
94
4
144
194
63
181
1
194
192
27
144
82
58
181
28
186
9
108
167
140
31
94
44
191
176
80
8
117
163
78
119
153
185
146
136
55
71
122
177
186
45
80
31
29
156
149
143
197
175
141
48
39
4
46
113
121
198
105
51
102
22
105
92
84
76
196
179
118
172
73
96
173
162
171
67
41
13
65
11
167
169
136
70
34
59
4
6
112
78
32
83
151
100
50
30
187
74
142
86
42
162
134
10
40
73
132
194
83
4
97
193
44
75
132
31
