1000000 5000
58
119
134
127
96
199
117
167
124
107
35
65
141
47
52
24
187
13
18
152
14
4
106
168
144
44
17
88
71
41
32
28
153
39
154
110
139
88
103
147
18
190
116
181
100
93
200
189
189
20
6
64
129
88
27
94
173
30
111
146
142
13
160
161
121
42
126
49
152
5
176
114
148
80
109
154
95
36
190
176
14
105
113
153
108
162
37
146
30
92
49
65
38
112
111
56
34
3
67
115
1
119
47
113
116
44
122
109
52
68
108
160
93
154
21
156
194
70
163
109
2
61
160
109
90
196
30
62
129
91
49
136
185
163
43
4
48
88
111
117
72
18
4
57
28
26
155
72
32
102
114
60
102
93
175
182
92
172
57
51
54
51
158
159
18
13
166
132
72
36
169
147
54
5
44
130
104
200
79
96
121
100
5
156
94
68
161
186
160
136
91
31
49
109
155
122
66
199
154
17
39
99
120
70
4
183
148
183
13
1
67
155
141
179
63
172
96
59
66
11
179
35
186
12
156
51
16
180
59
102
134
103
162
183
93
124
13
199
23
176
115
136
171
150
134
8
136
178
120
193
28
85
29
157
36
184
55
111
5
72
33
33
69
88
119
176
154
18
125
142
170
21
82
2
14
142
182
108
79
124
84
135
6
35
197
50
191
20
4
153
89
165
112
160
184
33
134
143
138
49
199
167
42
62
73
24
192
149
28
183
98
36
115
23
145
188
173
25
51
46
136
140
12
41
177
161
81
7
110
38
48
90
120
163
157
104
40
137
99
82
13
131
94
101
87
81
54
8
16
24
148
106
116
102
48
84
137
163
124
116
78
101
93
18
180
7
196
193
114
175
197
140
195
39
57
99
117
19
110
39
143
10
18
90
185
147
65
73
145
131
195
128
10
14
83
13
5
119
41
141
198
76
151
14
65
34
5
57
40
166
175
14
77
199
143
83
185
103
17
44
53
5
172
106
111
118
131
84
65
25
148
187
137
99
52
97
114
147
193
126
44
34
184
103
187
90
77
116
75
7
14
179
86
67
186
175
30
50
179
6
89
160
199
19
177
104
173
110
122
78
23
81
104
120
25
157
1
110
118
119
190
24
107
58
200
67
25
141
121
64
39
143
50
161
25
140
79
41
43
102
85
127
194
93
17
105
132
189
83
53
152
4
138
147
49
138
148
6
40
111
23
14
37
10
34
167
30
57
83
109
95
22
146
180
96
84
27
1
93
34
128
176
87
144
80
177
60
172
94
2
117
75
114
150
20
119
145
20
152
66
194
36
148
104
197
129
75
141
110
115
118
97
145
78
124
152
26
146
163
26
50
149
12
15
133
9
106
144
110
143
146
109
186
28
70
77
24
174
104
31
193
178
155
122
98
37
103
8
66
70
142
54
71
126
79
31
150
92
112
102
188
6
154
15
1
178
3
25
162
67
10
26
179
191
77
103
25
50
68
153
180
150
15
137
106
52
147
58
197
59
56
55
114
138
193
193
72
143
109
9
138
47
140
58
58
58
151
154
104
29
11
182
74
70
82
11
39
186
172
128
194
88
178
149
168
33
44
117
168
182
59
159
184
199
61
2
76
129
159
122
165
5
186
156
2
49
11
28
8
175
165
87
108
106
142
135
137
124
32
144
169
104
93
92
141
46
181
102
36
12
78
199
73
37
153
20
83
138
153
143
24
26
11
120
159
31
175
34
73
29
193
114
84
18
76
48
83
25
39
34
167
127
196
161
71
63
44
111
137
46
101
16
61
149
10
53
19
47
40
199
8
4
32
78
8
156
143
87
49
175
194
83
122
187
94
35
54
58
84
153
127
192
8
121
113
179
76
110
11
62
75
87
123
55
153
105
52
52
95
122
13
118
191
147
120
100
169
197
3
198
69
21
67
34
26
186
196
55
8
33
192
96
117
59
134
71
174
24
39
89
144
140
72
128
6
17
70
160
51
149
154
128
131
55
107
46
54
181
81
81
180
120
52
177
61
98
38
2
58
10
187
68
103
194
103
119
168
54
13
48
21
192
122
156
19
12
84
81
101
159
147
50
103
134
87
43
100
155
15
25
58
6
111
169
120
23
48
129
124
79
36
34
117
144
84
175
175
161
198
121
27
139
176
106
164
142
179
165
89
120
15
58
114
167
177
33
25
25
162
64
154
156
96
179
18
195
169
94
159
28
38
85
130
169
130
196
93
19
18
151
147
160
130
55
170
45
190
69
176
195
185
135
12
78
84
169
93
194
119
136
60
144
9
74
147
39
177
88
27
183
135
120
188
129
110
31
105
78
41
118
113
87
166
77
141
103
37
7
4
165
160
30
83
142
92
119
116
124
12
162
66
39
7
149
92
25
78
43
139
137
39
15
70
130
135
166
162
116
182
149
96
148
43
113
118
195
85
107
199
42
86
49
152
63
46
170
2
31
124
52
8
183
108
36
41
158
93
120
22
73
43
14
135
184
186
97
131
109
151
2
107
60
113
90
145
95
109
162
90
134
197
103
51
84
62
163
173
57
139
63
181
33
179
67
56
178
121
122
144
134
12
7
142
36
127
51
86
125
157
68
78
151
159
121
48
31
20
191
168
195
77
31
130
118
6
86
61
67
118
10
88
83
113
88
26
186
136
152
120
134
122
30
77
126
55
186
48
76
25
152
175
77
2
58
59
196
137
129
185
81
152
74
13
155
109
194
26
58
115
188
39
171
147
73
149
90
199
68
124
61
193
115
149
73
27
199
37
78
138
159
173
33
49
100
16
78
132
140
118
65
4
119
16
11
159
51
157
62
167
102
6
62
80
166
168
68
163
167
11
135
36
30
43
65
184
152
109
42
135
49
24
7
79
79
79
122
11
39
130
102
45
76
181
147
39
27
171
65
37
129
142
32
187
43
148
37
35
179
22
41
26
64
21
120
110
186
64
199
195
3
83
47
137
135
94
108
16
42
59
65
126
185
174
197
138
174
176
199
80
110
80
145
28
155
120
74
7
41
174
74
189
4
192
88
7
114
67
46
7
43
186
159
177
84
43
41
52
49
170
100
92
64
49
167
136
59
124
188
160
165
95
46
189
6
127
3
44
63
92
114
181
100
11
198
72
60
52
148
58
44
37
144
142
55
129
117
108
15
177
192
101
197
75
180
162
83
198
167
157
67
145
120
189
121
35
74
188
106
10
187
120
5
104
59
74
115
138
180
194
48
2
133
187
1
83
39
20
25
179
42
144
194
83
21
195
141
179
174
17
132
160
110
31
79
103
60
133
107
199
69
80
80
180
158
68
45
4
103
170
70
14
28
162
194
104
36
3
100
192
9
116
90
62
158
140
43
133
9
95
93
84
74
137
179
73
7
167
67
63
29
62
102
36
191
171
117
155
92
130
189
11
160
64
88
27
145
164
40
141
175
101
106
128
191
158
190
117
133
151
79
119
177
80
169
70
47
80
43
48
195
150
156
114
101
163
193
66
18
13
157
115
125
66
193
3
184
76
35
108
108
116
80
135
139
187
78
136
120
2
60
38
143
30
167
44
74
67
139
159
37
40
187
53
103
48
168
166
106
5
192
109
130
188
140
197
127
122
144
120
54
180
135
99
144
42
100
17
98
121
32
7
33
59
67
87
22
120
162
164
194
142
46
179
191
84
78
31
175
189
111
40
37
191
35
167
170
62
101
163
51
78
193
111
163
81
178
70
184
117
39
85
133
85
106
140
119
37
38
13
197
170
6
86
159
61
97
31
14
175
57
116
117
12
115
4
40
44
140
161
64
189
172
84
99
46
161
48
93
13
115
6
189
60
174
126
97
10
110
147
102
22
69
145
98
188
191
159
27
180
71
28
65
51
121
15
81
86
181
27
52
138
49
108
193
117
156
3
88
114
24
86
17
166
4
133
83
152
8
156
190
102
16
35
16
147
5
34
199
7
184
99
14
52
128
200
47
158
171
48
162
12
24
92
113
192
41
8
13
119
75
122
84
130
198
196
9
58
35
128
100
109
150
181
42
190
152
54
96
57
36
72
16
106
171
200
56
199
40
128
56
138
32
174
142
158
177
122
4
34
44
155
147
63
192
6
26
131
46
116
175
120
98
97
136
71
191
115
93
47
168
194
168
175
182
129
8
169
66
81
112
182
12
103
133
54
161
38
84
34
141
185
112
155
122
6
9
134
58
100
143
64
82
150
7
63
150
181
148
140
109
27
195
74
37
54
13
151
176
128
18
50
67
143
67
21
136
119
43
76
55
7
113
91
200
141
163
184
37
96
119
176
105
149
123
197
109
175
143
23
109
78
141
126
66
181
47
65
9
145
126
138
79
175
160
179
54
168
78
56
96
26
89
163
74
188
137
134
28
118
138
75
97
104
1
119
155
89
77
175
187
142
77
63
175
32
39
118
75
101
64
162
50
121
27
172
71
5
188
35
9
80
24
27
122
98
34
26
152
57
55
38
50
120
95
74
48
184
60
29
143
163
193
80
36
41
18
168
46
136
62
90
43
64
7
129
47
74
72
52
143
94
177
126
122
121
42
177
48
69
24
100
129
147
120
133
59
37
31
163
121
13
180
19
134
38
102
75
152
140
97
158
33
61
34
164
61
133
115
85
26
188
84
46
23
155
54
98
122
36
136
11
140
51
41
150
161
76
182
66
94
124
161
170
172
143
111
96
124
167
75
141
12
134
81
20
127
122
6
53
196
48
158
132
196
114
67
116
158
116
10
88
196
106
102
51
140
60
19
33
137
95
33
87
180
191
84
45
100
8
95
181
108
51
32
105
171
75
47
53
73
59
162
67
197
143
109
19
95
93
62
47
30
85
102
68
162
67
72
11
121
110
178
8
87
22
164
131
157
39
192
200
149
133
41
37
139
93
175
124
107
153
182
60
94
129
85
124
129
197
40
187
158
63
159
35
21
54
132
89
120
48
38
154
142
49
73
88
123
75
173
153
27
53
55
9
165
91
20
139
106
172
96
58
124
30
166
60
109
91
127
57
29
182
41
27
15
56
141
153
50
105
192
182
159
34
161
54
99
117
179
8
112
40
70
169
88
41
84
109
174
11
53
198
129
149
199
167
26
38
171
170
97
51
80
120
169
30
113
155
184
56
164
115
71
120
122
187
67
157
56
136
91
98
133
62
23
131
106
54
16
165
17
12
185
35
123
38
194
117
55
158
2
81
177
146
61
50
64
155
3
102
74
68
110
162
87
37
198
199
108
44
127
140
171
155
35
76
66
83
36
150
107
29
115
133
97
52
118
139
62
52
99
122
144
96
95
137
153
14
151
48
144
4
96
15
46
185
39
75
101
137
42
109
43
25
151
57
145
91
142
57
155
111
187
154
87
89
101
189
185
6
114
78
55
68
87
192
88
155
24
73
45
114
43
111
138
146
174
65
74
21
194
140
44
16
157
62
94
158
3
76
156
171
14
42
165
38
101
28
96
167
138
197
172
36
148
70
86
75
124
179
27
111
139
157
68
18
49
94
97
8
97
58
47
15
49
69
65
112
16
27
27
1
5
110
43
22
185
184
147
87
102
197
81
123
61
81
77
75
54
63
69
57
200
94
106
152
187
158
151
69
60
150
142
52
184
2
18
43
199
55
161
109
132
28
122
14
129
59
142
22
48
66
147
81
143
43
50
114
171
16
31
68
132
103
156
172
180
31
175
147
62
184
121
142
134
86
38
45
129
9
80
84
104
94
20
49
111
144
52
54
137
126
196
140
76
97
132
89
142
123
150
99
187
138
127
146
73
122
65
72
19
135
184
168
97
67
63
130
66
76
72
146
129
184
23
56
151
41
44
96
146
118
193
8
174
137
84
159
108
123
192
129
16
44
98
109
159
78
151
154
13
143
102
154
20
113
122
182
189
71
34
84
171
30
20
58
171
86
137
55
90
19
175
17
75
148
151
82
158
197
91
65
146
108
3
54
25
24
15
40
200
24
103
4
110
142
71
156
29
141
16
16
42
100
138
19
10
180
48
104
166
150
42
186
200
187
41
65
53
159
57
146
162
66
21
200
186
4
66
147
110
41
131
91
135
133
28
150
193
181
113
91
164
47
167
148
151
98
18
31
101
160
161
177
94
160
25
38
45
180
31
177
19
112
41
193
35
47
99
8
20
178
85
121
184
171
170
15
104
126
46
115
136
41
17
35
43
42
85
23
29
48
180
145
15
128
90
135
143
11
175
56
110
116
33
135
11
48
82
192
129
134
156
173
151
35
191
103
40
109
182
41
128
42
35
155
150
31
65
70
109
79
37
183
54
175
111
38
117
57
159
180
89
118
173
63
19
10
150
12
29
21
53
124
36
163
43
171
73
68
151
171
73
115
50
159
21
118
20
163
144
128
43
153
199
77
167
61
38
175
111
72
30
116
183
169
64
158
132
10
165
20
97
108
90
196
25
80
162
83
60
22
113
99
196
153
108
21
184
104
125
69
40
107
23
181
18
1
3
42
148
19
111
96
16
107
33
66
123
78
18
141
58
157
27
30
183
72
46
42
150
21
143
70
128
20
83
112
104
78
127
161
101
147
102
143
89
118
128
188
139
72
133
35
86
61
105
16
178
75
48
138
115
92
188
130
97
25
189
8
184
137
2
6
121
42
55
65
114
41
157
159
33
88
139
107
55
7
49
147
9
137
148
45
8
124
191
90
134
185
12
22
103
56
125
157
4
3
133
44
157
166
143
50
32
63
102
159
106
39
123
101
57
51
55
45
149
176
169
87
45
149
171
15
38
152
50
124
168
89
175
91
192
143
108
94
169
75
49
10
148
20
61
111
151
24
168
54
57
158
11
164
158
38
57
155
13
99
71
186
123
155
185
32
7
76
158
108
93
173
55
161
23
53
138
76
151
135
27
176
65
46
177
54
50
23
195
169
157
87
104
18
19
82
173
160
185
37
106
161
166
10
53
186
10
160
169
184
36
50
176
156
69
45
120
161
8
3
97
158
165
70
73
39
115
128
85
174
62
109
41
130
105
165
48
140
13
67
144
72
54
41
140
40
25
164
179
63
44
74
99
100
31
20
98
82
166
144
188
93
136
133
192
121
68
138
93
17
20
107
10
166
25
47
157
158
95
80
140
54
15
67
121
6
14
162
117
46
62
8
83
58
80
55
107
59
43
76
175
18
188
62
134
65
92
99
9
188
28
123
1
79
91
61
110
111
6
194
53
95
144
48
143
28
44
143
131
49
76
170
18
73
54
184
46
191
75
55
12
86
52
186
113
12
136
179
72
162
10
176
28
116
196
36
6
108
172
63
149
108
101
88
119
33
48
119
150
131
81
109
143
58
116
154
147
77
75
18
180
24
80
189
159
196
61
3
65
166
160
135
116
22
119
74
188
139
189
30
131
52
88
180
143
166
171
33
192
82
26
199
55
20
19
158
39
36
160
64
191
1
101
52
115
187
21
131
9
10
86
44
104
105
4
102
71
52
152
77
85
165
105
157
135
168
185
134
82
144
153
123
154
94
136
136
134
69
20
7
84
87
116
180
74
199
100
188
82
11
15
2
43
147
108
36
147
12
14
19
174
15
107
66
100
64
159
182
4
138
111
78
30
48
11
159
158
176
55
200
184
162
192
58
86
74
87
99
176
158
135
8
126
169
168
44
107
56
159
25
167
107
86
90
72
15
12
197
118
116
65
10
39
140
113
159
57
109
5
178
143
175
94
178
161
168
38
132
199
29
103
95
7
41
178
54
69
116
145
147
4
26
174
27
50
17
79
88
173
69
35
43
99
32
8
120
3
77
184
83
62
197
194
34
76
189
136
71
169
107
170
64
53
82
18
29
54
42
84
25
56
106
23
182
26
35
25
25
163
24
129
167
193
26
128
41
106
48
151
28
134
42
199
127
199
1
152
75
126
157
40
10
22
3
17
90
65
16
139
104
119
100
160
176
197
187
54
190
159
84
172
48
108
87
160
172
127
92
191
116
55
164
33
43
53
27
173
148
172
96
69
174
99
2
177
172
27
104
24
98
61
157
118
176
132
153
170
167
42
110
72
150
25
60
177
176
28
170
79
182
70
149
132
172
19
145
19
178
156
198
20
35
41
169
108
196
12
109
159
44
12
67
90
150
143
174
155
191
65
28
179
55
96
165
133
96
147
183
64
181
42
166
161
107
92
146
3
35
103
160
119
31
181
193
20
103
191
23
47
143
180
65
19
183
170
57
155
58
121
130
148
134
62
73
5
78
187
186
60
160
159
22
54
87
156
140
200
172
99
10
11
161
145
200
118
124
52
172
137
126
141
2
99
27
197
116
76
106
93
51
137
3
159
18
36
43
118
121
173
86
26
50
70
102
171
69
140
48
180
25
166
56
76
101
16
160
46
5
33
169
48
172
54
162
92
13
188
138
196
134
83
99
144
176
82
156
176
109
101
27
183
149
155
131
49
82
137
64
76
18
130
92
117
50
154
10
56
3
197
183
197
161
25
171
26
110
128
69
104
1
13
16
178
46
192
70
137
82
62
55
68
185
129
41
131
10
155
173
50
117
5
41
125
23
47
113
95
155
160
6
178
64
12
199
106
122
200
107
143
169
53
71
54
132
70
43
145
76
41
5
9
48
13
38
109
22
109
153
67
73
154
186
181
80
111
192
42
46
136
16
26
170
160
66
161
19
163
182
162
59
174
19
164
156
44
127
133
97
193
111
169
20
160
162
53
163
183
165
134
40
36
71
140
149
96
180
18
46
99
26
88
71
92
186
64
39
8
119
187
119
133
142
86
107
155
69
49
129
18
198
35
124
55
82
140
67
13
75
160
84
123
131
11
150
61
194
81
57
126
118
13
29
13
69
101
186
151
189
189
33
119
48
148
154
5
134
21
1
196
194
110
159
89
80
183
108
45
157
5
83
158
59
187
60
183
63
199
40
89
76
37
75
147
21
83
44
64
184
150
146
172
25
154
103
76
151
63
176
175
3
86
167
198
59
38
191
100
90
165
180
160
16
65
184
103
122
180
27
4
125
59
182
116
87
151
105
60
104
148
88
40
118
2
131
149
74
116
71
50
25
186
61
149
74
194
73
90
26
40
171
23
93
51
161
145
81
156
86
16
95
159
45
162
93
28
140
199
103
24
184
75
17
134
33
146
121
138
190
48
143
90
46
138
2
115
111
96
44
55
100
99
148
136
27
188
107
189
44
44
122
122
70
173
103
44
34
34
121
164
68
181
154
158
67
156
179
148
2
114
166
129
1
199
66
16
17
172
122
14
46
112
85
75
164
193
19
36
50
18
148
109
149
118
43
12
11
28
162
154
78
35
3
185
8
135
196
165
54
97
88
39
43
92
133
83
39
149
166
22
50
178
60
69
117
109
29
176
133
99
183
167
96
103
99
157
194
37
136
199
85
111
35
56
143
34
117
95
14
101
61
194
185
62
19
76
116
146
177
100
117
158
135
108
64
55
60
40
117
129
177
53
120
34
53
95
174
41
138
131
149
69
21
141
6
40
88
140
97
172
116
186
23
28
53
47
173
172
123
108
126
26
113
178
51
99
175
153
182
153
133
15
176
74
107
88
52
118
138
46
182
14
159
111
36
46
101
115
51
177
71
68
179
25
120
80
160
165
21
3
24
88
156
152
185
130
81
116
44
10
70
125
121
175
184
17
152
156
59
26
100
175
55
76
64
47
60
34
49
17
135
45
61
44
178
17
106
138
158
142
188
87
190
113
44
32
172
105
122
84
94
159
138
186
135
36
10
182
132
77
162
8
106
198
46
62
142
124
126
150
166
110
117
62
151
28
41
184
110
134
16
7
51
112
48
137
144
139
73
42
41
64
28
179
171
171
151
117
75
143
111
18
83
125
63
134
154
103
64
67
66
26
171
185
106
80
151
161
188
190
8
143
104
49
154
59
83
30
26
84
75
72
146
7
21
49
40
126
130
105
124
3
129
49
100
155
143
119
57
5
124
125
175
39
54
97
5
156
192
46
198
98
1
119
77
72
58
161
41
16
175
189
72
12
147
41
78
128
106
55
71
16
126
176
22
109
16
8
120
137
163
7
86
29
104
163
148
89
161
25
155
138
6
146
78
137
22
111
65
43
133
153
96
70
38
181
10
119
46
82
70
39
124
143
163
160
196
154
97
6
16
9
83
54
150
112
32
18
149
135
60
93
135
69
19
90
105
56
166
92
179
134
76
170
149
70
97
100
72
73
170
44
7
87
177
31
169
25
196
25
55
200
106
143
199
186
25
27
176
42
28
66
198
160
189
113
41
44
151
97
124
199
39
179
68
48
68
76
194
106
44
157
173
114
84
144
100
60
188
113
40
199
104
28
155
26
12
137
4
160
76
77
134
56
50
1
127
141
198
51
49
2
21
66
64
113
62
1
133
21
149
16
76
162
72
75
72
164
119
70
7
22
133
36
86
34
49
15
18
184
59
20
57
162
93
85
90
71
59
113
48
35
30
99
46
77
48
140
140
59
39
41
42
13
42
172
103
60
100
58
49
143
181
100
66
2
60
141
112
184
186
127
59
84
187
63
19
197
57
94
57
196
94
129
66
152
57
28
83
196
85
52
142
155
154
45
68
90
113
177
37
45
74
76
167
7
38
105
119
73
184
133
193
187
69
93
2
160
61
148
29
165
138
101
45
60
107
4
68
200
104
15
198
12
140
15
174
118
162
112
139
97
70
166
10
158
37
41
6
197
19
81
29
135
159
107
195
91
45
12
192
158
88
165
156
188
116
187
107
111
91
37
5
105
151
7
108
7
4
93
148
177
190
110
15
43
112
121
162
124
6
53
196
195
86
121
75
184
40
7
79
17
185
176
28
107
128
146
44
7
20
8
28
56
161
116
178
159
45
123
187
67
131
194
84
27
185
92
183
189
175
129
118
142
64
115
57
140
125
115
22
169
104
134
88
181
179
69
168
118
10
72
91
6
177
153
149
176
61
27
162
60
99
29
184
58
35
88
148
170
46
67
163
177
106
170
158
105
124
158
74
4
99
127
56
74
127
169
108
151
165
165
200
132
8
99
131
7
128
59
106
131
146
14
178
197
122
50
5
47
165
10
164
152
31
146
101
47
122
44
153
130
109
126
177
127
97
65
190
135
152
36
37
77
28
72
14
12
46
81
156
162
41
142
64
135
97
145
47
175
111
48
194
84
107
21
61
29
138
86
168
38
125
2
183
112
193
122
41
14
89
67
59
29
61
146
111
52
179
10
56
37
119
195
124
111
19
128
121
84
174
157
184
108
166
161
111
71
5
69
9
85
148
62
110
29
47
139
140
72
42
71
85
160
16
67
137
178
90
138
82
131
106
177
151
68
46
19
160
130
165
141
