1000000 5000
5
35
118
146
45
62
20
50
105
9
77
24
120
116
87
130
146
161
57
91
55
140
107
154
111
98
152
86
175
13
119
15
26
108
158
94
106
91
2
100
128
138
4
108
1
55
105
200
27
35
81
182
144
47
31
185
8
70
26
148
107
112
44
65
94
85
109
20
139
25
147
170
77
31
10
158
95
141
85
54
77
58
40
27
116
46
102
60
177
126
115
116
26
18
5
64
40
117
21
200
99
105
57
173
48
74
156
67
64
16
26
199
139
65
120
156
2
25
133
12
64
18
160
167
39
98
101
198
71
89
193
190
87
46
10
58
87
33
111
190
67
8
198
100
137
44
59
157
100
138
117
195
31
139
55
82
109
63
9
23
198
32
55
115
142
133
13
139
52
77
50
80
191
107
116
2
167
16
183
74
151
177
173
16
173
141
103
176
20
139
78
41
25
100
2
38
1
5
183
165
146
31
137
29
124
88
167
62
39
38
81
42
98
108
85
67
75
84
107
200
41
66
63
55
69
13
87
110
195
169
61
34
186
159
150
21
107
86
186
131
113
164
172
11
35
45
89
43
17
32
105
57
100
73
24
172
76
102
162
190
31
142
182
13
108
43
121
166
44
153
72
92
136
134
9
53
184
99
118
53
16
100
128
158
103
117
199
98
166
112
63
142
148
191
2
60
41
39
110
51
20
161
88
168
50
22
153
71
32
191
88
150
136
56
97
174
51
65
85
62
24
123
24
88
62
80
36
160
45
84
142
199
162
27
32
56
19
7
39
36
122
158
180
79
54
115
47
101
63
141
26
189
143
16
109
107
143
113
159
110
120
51
167
104
139
32
59
37
88
126
70
34
95
134
32
173
88
121
110
98
34
72
137
169
146
195
149
33
189
20
55
68
86
47
139
198
64
194
35
120
195
109
128
177
66
140
121
121
186
98
103
113
141
173
91
158
13
189
182
175
131
86
167
170
25
83
178
191
4
113
130
140
172
88
96
116
172
109
62
54
97
150
139
184
96
53
158
8
150
181
80
49
88
7
99
51
189
36
103
104
118
3
31
156
182
170
72
60
7
131
179
147
161
107
59
14
65
163
132
96
32
182
20
187
24
106
14
119
39
125
47
164
24
141
157
32
31
22
96
55
11
163
175
198
63
13
84
126
74
65
109
14
62
97
15
104
4
189
45
167
78
17
189
83
66
37
130
23
98
190
66
50
179
59
49
182
154
162
77
63
155
114
153
62
159
28
92
22
145
130
117
78
126
172
112
179
189
67
140
132
199
194
43
161
160
172
25
145
70
13
113
162
122
149
187
125
63
50
78
93
58
125
181
112
1
129
160
101
193
49
188
44
149
78
132
152
56
103
173
192
59
129
100
117
9
194
176
90
48
109
6
153
186
193
186
10
2
107
66
127
180
27
64
178
53
8
199
116
113
169
6
127
8
107
14
109
56
200
31
129
106
187
199
84
38
124
181
115
9
45
103
24
94
39
158
198
127
149
118
87
59
120
89
125
114
43
28
106
27
194
55
164
165
23
21
28
170
36
158
2
150
130
90
181
37
25
149
189
132
62
63
93
41
64
76
190
154
165
186
84
178
151
3
57
142
86
88
86
165
164
130
133
195
46
117
59
50
121
132
26
94
67
168
75
74
181
160
194
138
40
75
145
25
18
94
81
8
200
163
116
141
56
190
171
113
129
99
67
157
39
80
93
104
38
63
184
70
89
195
11
177
126
94
184
58
58
9
42
154
91
47
110
139
77
142
10
140
132
15
118
90
75
128
26
168
167
180
112
152
81
78
115
181
192
182
143
12
27
50
123
135
147
158
101
96
189
20
167
100
76
16
65
155
181
1
88
118
127
13
128
151
129
138
66
59
120
161
77
96
128
138
16
110
58
79
14
1
67
29
48
122
22
133
10
65
189
183
83
90
122
140
117
102
166
144
109
136
1
169
82
106
70
67
127
31
162
171
34
63
116
77
32
6
113
178
197
52
94
87
141
185
187
139
176
135
101
148
46
64
121
12
52
109
56
97
66
82
81
74
185
126
60
137
182
57
7
122
67
11
103
171
120
79
73
164
56
98
72
156
2
32
99
15
13
33
131
42
144
161
163
118
110
145
18
20
104
189
5
60
109
102
109
99
48
195
171
122
117
92
148
37
15
94
17
173
67
160
52
137
77
176
187
183
9
132
192
19
39
101
114
122
53
77
74
30
174
106
165
127
13
200
50
114
84
51
96
87
12
87
73
34
155
154
172
65
140
9
88
194
169
124
194
184
37
72
41
183
10
72
56
110
32
73
199
124
31
11
120
25
89
29
7
91
104
147
13
84
105
169
183
200
113
154
183
83
141
35
156
93
182
131
67
189
56
102
78
176
139
89
74
59
2
182
113
4
41
40
191
122
198
182
171
199
176
189
77
41
37
197
70
158
188
2
74
108
161
130
103
9
57
64
77
94
158
48
132
10
22
78
26
46
200
130
138
142
142
32
25
192
42
183
124
78
36
159
41
68
27
58
41
20
108
79
25
114
138
161
78
166
66
112
79
193
163
60
26
179
45
136
140
58
134
73
8
174
122
59
198
54
183
64
38
95
188
148
28
105
20
54
145
5
193
25
144
16
183
119
14
45
76
159
156
32
177
15
65
136
178
38
160
70
145
104
126
41
58
123
156
108
13
75
82
96
16
51
44
122
144
80
56
64
161
154
38
16
190
171
90
31
182
58
109
52
135
106
35
180
47
168
144
161
165
181
137
15
117
81
121
80
178
182
62
65
151
14
82
86
152
9
80
103
50
48
78
83
174
112
21
80
85
159
31
162
128
111
175
52
85
36
120
174
128
68
104
126
184
92
151
198
28
120
89
180
53
48
146
53
149
112
191
76
113
129
79
139
152
55
165
45
1
165
75
28
80
170
183
189
78
81
101
66
108
156
106
177
182
134
21
150
81
164
185
100
198
52
22
137
149
96
65
141
37
14
82
117
89
107
125
46
125
39
57
65
112
120
149
18
134
10
138
1
8
20
24
62
161
59
85
72
141
174
155
19
44
135
112
121
122
136
71
132
12
189
109
57
135
80
105
182
128
198
60
10
160
145
124
66
20
145
110
2
9
81
110
160
142
139
36
160
85
19
200
77
13
161
146
91
100
198
179
95
157
69
64
74
148
154
66
109
62
196
90
6
139
102
95
2
196
100
171
181
79
74
47
51
23
62
191
189
36
197
153
199
5
46
83
111
137
120
139
142
17
16
181
174
66
158
157
144
186
142
38
125
176
196
121
131
127
118
3
123
138
176
145
140
1
64
22
200
18
114
22
9
61
75
44
108
38
53
62
9
29
53
100
8
72
151
13
139
116
48
112
129
173
15
125
157
69
192
111
57
62
194
168
177
13
183
40
165
156
10
99
174
110
182
26
82
69
5
7
15
93
13
89
158
121
47
83
13
28
25
40
39
105
11
27
56
110
136
126
165
122
198
194
88
130
193
89
10
36
124
192
114
110
123
37
14
166
198
166
60
166
190
175
15
50
124
120
73
88
70
43
152
171
161
71
166
200
123
132
113
34
128
194
155
31
71
189
32
157
158
136
162
131
93
41
86
10
157
29
119
28
121
150
159
182
170
186
188
46
102
40
53
62
12
109
183
53
62
48
73
110
167
183
66
200
170
25
78
196
90
181
183
200
114
103
17
197
183
54
13
86
55
19
134
36
109
1
87
196
35
149
199
97
83
191
159
152
25
121
116
73
177
82
20
136
92
74
119
198
190
125
71
83
5
155
192
155
179
41
100
165
121
60
80
94
130
171
93
75
196
137
8
165
177
70
46
49
198
63
187
90
118
22
195
83
174
123
172
9
120
101
66
107
103
20
22
111
26
106
59
115
116
69
101
85
79
75
164
193
114
106
163
128
17
41
19
190
129
124
97
17
192
63
181
90
197
26
7
76
62
35
85
1
50
45
96
40
176
6
3
19
98
84
94
20
48
58
151
163
68
171
73
181
162
126
136
125
186
71
180
133
71
118
199
175
22
145
83
142
185
137
147
61
187
49
159
179
74
73
146
133
147
6
115
133
53
180
192
44
140
95
141
100
154
18
150
194
5
153
34
116
22
27
190
173
127
157
61
19
129
92
200
55
15
43
58
71
180
28
147
3
109
92
97
108
155
101
60
20
125
60
44
49
39
129
187
74
106
147
37
187
65
110
46
6
94
98
134
96
2
56
184
163
151
134
142
38
39
163
126
46
77
30
95
49
150
121
60
186
168
86
35
135
156
196
43
142
145
60
74
190
188
6
46
185
140
63
59
190
136
87
132
74
97
181
67
131
1
128
10
1
34
73
138
89
89
116
22
82
39
23
136
125
46
10
75
182
147
198
102
51
124
180
63
27
34
186
78
39
137
199
79
71
67
82
128
186
178
21
6
98
188
113
78
1
15
41
107
5
200
160
118
170
200
179
53
194
156
68
72
129
28
185
30
121
149
79
126
25
125
122
82
78
3
179
122
159
59
158
20
156
35
36
72
158
17
184
96
3
66
180
110
47
71
110
21
25
63
60
91
156
51
43
181
58
179
87
134
41
40
62
18
31
86
6
139
142
118
147
117
51
65
180
84
80
163
119
98
8
34
42
131
176
23
125
11
82
148
94
104
2
109
145
120
34
125
144
169
42
123
165
53
157
163
68
92
59
58
13
92
90
186
16
27
127
156
161
73
108
133
169
48
86
73
109
162
93
106
200
83
15
65
181
145
179
36
179
59
35
198
158
37
161
172
179
99
74
150
28
120
119
102
93
88
80
182
164
54
54
8
38
8
32
197
186
122
155
137
9
93
68
140
135
166
171
108
161
98
51
50
1
115
191
39
9
161
6
51
49
146
63
164
151
27
96
102
91
173
72
112
127
45
180
119
93
74
122
170
195
100
4
189
49
78
31
81
16
7
50
72
158
194
133
123
24
42
157
70
6
64
63
31
166
127
139
131
100
153
117
151
93
47
160
199
32
199
62
124
57
166
92
27
126
53
109
185
72
99
180
149
151
118
139
188
158
32
57
132
105
184
140
138
68
180
116
178
47
169
22
18
184
155
56
84
46
156
179
56
107
23
72
116
169
4
148
55
125
100
57
50
68
126
166
16
21
174
131
34
26
194
147
71
102
121
96
16
124
11
9
198
125
143
163
69
57
34
97
52
98
60
172
170
84
125
27
189
76
15
155
46
82
25
24
134
93
112
94
103
50
116
61
105
158
183
185
26
151
16
141
198
134
40
83
114
91
117
16
36
181
5
56
26
126
156
200
66
176
50
94
62
46
178
97
93
164
129
116
17
36
94
194
73
24
33
116
149
141
98
1
119
182
60
159
126
2
32
105
67
193
179
123
98
14
168
162
120
60
21
186
75
158
110
199
96
69
173
151
79
163
137
32
144
73
146
153
69
87
152
103
4
93
180
198
61
119
79
130
12
15
31
163
198
65
158
128
65
129
60
112
109
80
18
78
73
147
68
176
175
115
175
14
140
155
117
179
99
193
35
200
77
168
110
125
55
116
25
115
69
50
12
165
2
178
74
111
177
122
36
7
34
69
148
182
158
146
106
121
129
105
199
128
20
86
87
144
14
186
140
38
94
190
121
147
51
170
137
41
156
143
93
109
162
131
168
87
60
187
5
158
156
44
78
55
184
175
175
119
59
57
178
197
108
106
185
54
120
177
187
82
169
120
178
86
11
9
105
124
95
92
47
127
17
3
91
80
178
164
182
20
91
41
3
115
22
55
200
104
192
165
51
104
129
171
76
150
30
38
156
193
49
51
119
68
181
34
68
32
1
51
45
11
55
104
97
101
64
129
10
168
192
160
165
37
7
107
153
66
71
39
101
52
120
172
133
78
166
116
10
98
173
119
63
6
195
86
99
12
198
93
55
177
75
20
45
130
94
192
193
20
171
144
37
186
124
181
162
125
101
52
113
174
41
3
146
133
42
90
140
158
1
117
168
102
135
120
141
36
8
145
34
112
28
148
40
57
39
187
113
7
76
15
195
126
149
72
178
177
31
89
137
67
132
129
175
135
162
28
16
14
137
193
155
83
159
99
32
124
19
149
4
185
118
175
95
100
86
9
199
114
100
129
124
72
155
88
56
24
99
37
149
84
183
108
141
87
192
68
171
61
53
110
106
189
148
55
8
32
27
17
94
133
28
149
14
1
179
177
105
102
118
181
148
172
34
197
21
181
71
93
49
111
172
39
190
49
84
12
175
32
137
7
97
99
156
52
160
119
128
7
25
100
45
59
102
144
53
124
78
45
34
66
56
161
133
114
179
11
189
2
106
52
177
150
128
71
37
192
108
180
68
81
99
82
124
198
22
58
166
103
132
40
37
79
181
100
3
46
24
151
119
191
130
6
185
1
161
185
132
175
93
48
91
92
124
84
176
69
32
165
8
182
107
83
60
105
150
17
95
194
107
77
149
81
73
187
75
176
105
144
56
44
157
103
136
1
20
133
20
114
7
111
21
119
179
56
192
92
65
48
160
44
56
175
108
178
187
186
57
187
161
173
178
29
95
54
189
70
107
163
72
170
12
176
70
104
51
38
82
27
193
7
4
151
60
112
78
104
63
39
41
66
68
62
120
131
6
71
200
24
74
158
165
21
92
35
16
153
168
6
20
123
24
88
70
173
96
32
108
121
123
154
2
119
46
135
56
112
35
9
160
148
143
66
46
94
37
148
82
99
123
132
55
84
77
147
70
31
54
133
157
21
79
161
163
197
9
131
13
176
42
29
37
133
131
159
186
196
10
151
46
114
161
170
149
183
142
72
104
167
113
192
59
49
176
188
119
91
99
177
44
163
83
45
179
133
28
131
1
6
188
26
156
78
30
3
25
155
74
126
11
134
25
91
79
185
3
1
13
7
71
117
24
35
179
131
89
24
153
148
166
148
122
116
79
179
97
15
17
117
172
141
113
4
162
184
141
120
66
160
133
147
182
168
21
174
63
124
80
103
95
149
173
45
60
162
80
181
72
48
95
67
98
20
151
67
50
187
11
64
68
21
143
110
61
155
80
192
168
18
25
157
98
153
166
88
42
81
36
32
98
151
88
7
91
74
43
30
75
45
140
34
63
155
50
66
7
100
24
159
87
165
71
130
154
63
121
167
53
5
185
179
29
52
2
140
160
185
125
113
70
66
78
178
68
34
34
95
90
134
103
34
24
43
127
2
75
102
177
150
93
54
197
83
112
161
171
111
53
88
59
184
172
127
116
189
140
143
171
180
158
142
58
106
89
148
18
147
70
159
157
12
188
76
90
18
190
127
172
95
115
88
3
120
86
134
191
185
77
66
73
85
88
54
153
197
189
9
155
33
123
121
117
119
49
89
125
22
45
54
24
117
157
64
47
79
166
104
35
112
9
195
53
156
189
140
95
194
107
9
34
73
80
168
74
189
155
153
114
182
185
195
192
105
174
8
75
176
192
7
187
147
8
12
5
190
90
136
128
74
34
146
48
92
42
125
34
10
184
20
65
115
11
92
19
89
187
2
128
22
188
23
141
136
3
127
82
85
186
11
144
198
145
189
63
56
76
33
102
157
139
46
183
24
115
47
81
197
113
162
53
97
44
13
45
118
151
190
75
157
128
37
153
129
59
26
109
34
169
54
164
6
52
49
171
15
88
160
135
129
36
114
85
21
87
124
159
82
76
67
91
76
82
115
87
112
132
148
2
144
77
146
64
85
94
167
156
96
183
102
145
92
137
8
45
182
137
23
57
104
163
40
85
58
88
157
89
40
128
199
69
49
128
133
91
13
12
200
37
54
6
173
121
177
63
50
43
183
155
144
99
46
90
77
122
73
165
24
162
158
115
30
65
14
17
58
50
93
76
45
167
8
179
173
197
42
31
40
55
119
130
162
35
29
7
190
123
35
146
4
122
166
152
42
169
186
163
19
103
197
117
17
165
75
85
153
82
194
150
63
160
55
161
102
163
71
23
51
88
93
119
91
137
49
192
197
154
55
15
66
127
63
94
53
77
32
94
164
49
164
165
142
191
37
86
67
195
40
117
9
121
61
128
182
134
20
179
159
92
114
56
81
128
111
199
44
178
91
41
119
77
121
188
171
181
187
108
141
124
70
57
76
117
172
162
84
64
41
53
105
116
39
173
114
170
1
122
198
165
50
91
134
107
109
100
23
33
108
60
156
99
79
140
124
38
8
56
25
45
19
68
26
186
37
92
4
6
153
132
148
40
137
59
16
193
200
180
116
144
104
174
127
180
181
143
165
92
133
83
200
27
24
103
5
69
33
187
167
20
147
14
168
11
40
199
1
49
124
134
83
26
23
173
136
105
39
165
27
131
98
130
72
124
6
149
140
186
63
195
196
75
117
191
103
113
58
88
170
77
192
81
174
133
188
38
21
179
139
52
141
62
9
180
182
129
104
156
33
155
161
153
105
127
18
40
195
150
199
149
193
65
38
66
123
171
95
164
57
167
167
140
59
91
28
74
67
2
125
4
63
77
63
125
28
70
54
174
27
152
137
35
166
29
51
129
168
5
178
2
191
131
112
174
196
94
136
174
170
193
182
113
143
97
148
147
175
195
96
166
40
63
10
93
104
130
111
47
147
130
133
144
23
171
126
128
111
189
50
22
96
197
155
142
129
22
45
53
67
110
177
139
59
47
196
44
27
133
132
35
148
31
14
180
74
92
26
96
93
199
37
146
29
101
199
65
167
149
126
102
170
119
113
163
60
85
45
158
73
143
76
101
97
35
54
106
125
37
59
79
155
32
43
112
63
170
138
159
189
153
129
95
140
188
185
121
160
52
180
183
28
50
121
23
88
133
59
4
131
155
55
25
87
74
92
59
163
106
172
112
197
48
48
178
168
85
110
57
97
48
33
68
9
174
89
191
127
63
198
144
191
120
78
178
66
83
8
177
65
162
99
169
112
29
119
3
197
148
9
29
41
123
136
68
52
71
151
135
181
4
151
2
36
80
71
194
198
13
111
176
15
30
143
74
183
148
121
137
88
96
141
101
48
130
118
104
19
110
38
193
72
34
62
68
49
153
81
69
122
37
18
44
17
17
75
94
80
66
10
165
14
157
135
69
145
127
51
156
3
143
40
78
111
18
58
181
17
106
41
118
186
56
175
197
136
81
40
159
49
24
97
163
183
6
85
190
157
101
160
21
127
60
31
7
13
86
109
176
38
194
46
19
150
99
122
126
51
83
79
196
4
78
122
54
37
73
3
28
142
140
191
130
113
29
37
15
46
189
71
127
155
33
126
113
163
189
167
108
156
126
71
110
98
6
126
63
65
108
173
172
123
158
200
49
30
42
72
91
59
137
141
18
197
37
192
102
124
194
199
113
43
2
40
166
13
123
1
10
129
66
10
44
115
155
129
76
186
14
152
98
152
136
40
182
73
147
140
194
91
4
117
79
138
155
70
9
61
144
186
192
193
192
120
199
117
43
200
75
79
193
157
130
198
97
171
148
163
196
169
51
149
109
118
30
52
150
47
177
1
123
166
25
130
140
92
28
177
132
1
95
183
2
171
170
87
14
136
63
88
47
192
24
92
121
121
72
119
120
185
83
164
30
39
97
179
142
163
13
138
23
118
181
98
152
122
174
147
141
80
121
58
21
67
39
36
82
97
178
85
96
116
34
52
47
191
96
109
174
50
38
103
128
110
111
128
92
152
90
191
183
39
127
133
90
173
117
116
154
89
43
166
172
193
45
112
109
147
28
174
83
102
117
161
136
100
31
20
112
41
33
69
93
145
137
54
196
46
139
68
195
50
97
65
94
34
48
82
152
116
184
124
74
39
63
17
2
126
164
45
22
26
151
154
137
133
178
70
67
69
72
185
116
140
61
140
98
120
9
197
6
6
6
96
43
181
168
42
111
200
194
133
168
36
144
172
107
48
58
13
55
132
114
93
177
12
22
81
106
15
160
170
18
145
22
37
173
137
89
156
102
146
11
123
196
130
64
114
81
67
78
179
9
89
35
184
35
1
189
5
157
135
174
161
76
15
102
82
112
65
156
17
124
88
115
186
82
87
143
53
53
81
7
26
121
200
97
151
163
158
109
50
145
73
67
107
148
43
155
50
190
180
79
29
14
55
27
173
116
112
26
95
164
157
9
195
23
27
90
144
92
8
43
38
165
137
10
13
150
114
91
93
57
56
161
29
91
197
105
87
46
62
121
37
107
190
56
57
46
132
175
105
89
11
43
67
98
173
121
55
144
28
41
9
17
183
7
117
144
23
87
163
147
41
34
138
177
115
124
189
103
199
39
180
37
171
114
16
187
25
137
56
104
74
9
105
194
14
79
61
6
83
160
138
70
197
199
66
194
178
186
44
72
64
1
12
148
119
76
3
7
111
106
17
154
110
135
89
100
93
9
197
61
58
146
124
3
18
30
15
54
200
105
49
163
199
135
82
39
33
20
125
130
41
135
49
53
47
162
142
25
126
118
69
148
71
146
39
137
83
194
189
196
48
54
31
147
20
23
70
174
191
178
49
24
83
96
100
13
43
194
158
179
87
131
161
100
117
144
35
154
163
146
23
135
20
158
93
180
3
124
37
159
180
99
124
99
179
48
9
143
143
75
44
186
147
189
115
21
180
16
168
85
127
172
38
80
23
106
100
28
56
131
34
147
155
77
33
117
131
123
194
87
54
161
134
134
151
103
41
67
66
77
158
52
15
39
105
30
120
16
177
44
170
24
72
52
33
184
85
45
119
53
123
159
147
116
195
166
101
88
101
104
72
88
62
196
199
126
109
58
171
147
26
106
189
64
72
128
143
14
12
153
2
197
175
107
184
85
137
82
170
137
151
115
196
172
19
101
21
97
23
9
166
199
58
182
42
192
24
195
28
63
180
14
143
85
74
44
166
189
71
175
50
192
19
68
161
88
151
2
131
155
49
123
139
180
39
77
151
189
151
67
53
15
17
108
128
107
38
189
97
140
162
144
54
180
148
93
80
195
151
15
18
45
180
129
200
40
157
80
147
150
85
37
188
112
180
15
173
30
155
88
89
56
141
181
178
71
129
200
69
179
110
96
48
113
126
188
116
92
128
176
187
71
193
61
18
167
88
66
7
121
144
84
108
140
14
176
143
178
140
28
195
24
58
85
47
110
181
82
156
38
85
162
144
34
112
126
82
47
75
33
110
72
99
200
5
148
91
188
188
170
13
94
78
117
54
41
173
93
121
194
188
65
53
138
168
97
88
66
64
19
4
156
85
186
150
100
157
81
118
116
121
159
164
172
156
34
51
150
161
37
175
84
87
74
138
105
40
103
179
