1000000 5000
30
14
29
134
56
26
76
20
17
145
67
16
43
153
81
47
110
33
26
88
107
16
35
24
145
69
8
53
60
25
134
84
39
35
97
7
41
18
138
59
45
94
95
1
45
3
41
49
18
138
38
26
6
38
19
158
32
109
30
11
15
22
22
6
46
1
53
21
48
64
66
25
70
32
64
149
43
45
98
30
40
75
38
3
15
37
13
12
17
21
3
40
28
2
25
97
21
74
127
80
6
8
159
25
121
8
32
113
19
3
6
75
32
88
69
99
27
11
6
33
25
37
94
6
25
140
65
78
69
45
22
41
7
20
2
78
52
1
11
2
2
20
91
18
94
90
100
26
27
2
8
157
28
8
5
75
52
2
9
141
156
117
9
110
61
184
48
23
47
15
132
26
81
38
16
43
157
3
42
6
53
76
121
31
8
59
25
64
118
2
7
86
8
3
125
79
29
1
85
31
72
30
24
20
16
44
9
34
64
3
43
46
30
91
3
55
171
103
1
11
50
8
35
1
155
117
80
77
38
19
30
92
74
20
110
59
11
39
2
1
40
44
8
7
27
6
3
69
67
56
86
79
29
23
6
3
54
27
6
18
34
185
26
7
11
25
43
19
30
28
94
39
75
43
56
51
25
20
23
5
17
25
1
71
88
87
19
1
58
5
73
41
167
90
12
153
18
122
22
31
32
3
75
52
98
43
134
150
154
79
20
42
14
111
22
105
166
2
113
61
40
46
30
61
14
4
161
106
23
14
18
11
36
67
69
36
26
16
25
22
29
30
66
20
12
101
2
12
47
5
16
93
174
111
15
43
54
10
96
12
118
75
78
11
42
23
21
67
10
121
14
11
30
116
6
122
46
21
29
15
36
1
14
22
99
48
27
18
18
113
84
33
84
92
49
5
42
143
84
2
21
123
14
53
30
44
59
96
9
10
40
29
23
11
17
43
91
40
46
20
73
143
67
32
107
52
38
13
24
1
21
28
145
51
2
20
31
116
86
10
78
150
16
8
11
30
82
34
45
15
32
62
12
4
35
119
25
1
36
117
30
16
55
8
36
46
21
35
56
56
23
3
12
106
24
73
132
114
17
6
14
69
40
62
27
34
119
13
41
55
160
155
64
81
92
4
1
39
6
38
79
2
66
17
18
23
1
41
104
80
22
56
22
80
57
56
30
108
5
38
17
4
9
38
13
155
23
117
111
16
44
114
4
35
48
77
153
75
57
31
88
74
96
45
118
112
69
15
10
46
28
130
44
101
16
1
121
13
135
32
13
2
87
49
74
31
14
5
29
61
99
4
87
73
104
8
15
13
65
35
35
28
178
21
23
44
85
68
48
63
15
83
73
121
6
93
97
36
92
63
33
25
8
48
120
82
20
3
1
92
70
83
54
117
19
69
79
9
115
75
134
63
80
30
32
111
61
30
15
7
142
37
27
12
39
24
34
10
102
31
4
38
8
3
86
83
87
24
20
107
36
7
152
47
7
9
80
70
45
95
17
89
145
9
92
40
6
9
29
36
89
34
84
8
25
94
11
100
20
46
63
56
81
31
31
124
57
64
115
98
13
76
2
47
49
13
1
61
7
67
65
5
61
73
43
30
41
60
143
130
51
13
3
7
50
73
23
1
15
8
1
22
70
30
21
7
45
10
19
86
64
51
85
6
83
77
12
72
30
34
27
91
1
21
58
28
92
30
56
49
33
41
30
64
60
58
30
116
99
20
45
3
21
186
109
15
65
50
32
20
108
80
106
83
7
89
1
131
143
2
39
12
21
2
6
8
16
8
6
34
1
15
66
103
24
28
61
82
7
38
85
1
92
123
82
121
60
81
28
27
170
88
6
24
59
14
92
22
56
14
41
149
56
75
50
5
123
52
38
5
115
31
47
10
101
61
134
21
72
36
38
17
5
6
112
42
188
2
141
21
140
2
41
26
5
21
130
42
165
34
146
80
118
82
142
45
14
76
113
71
67
71
20
10
76
2
127
46
31
1
18
64
53
21
12
60
116
23
41
161
28
27
62
24
43
60
3
40
8
2
9
72
27
67
26
32
28
7
77
38
35
2
8
36
52
25
8
39
3
19
16
126
55
54
21
5
4
2
8
70
11
161
46
11
17
74
17
125
21
21
81
11
43
80
3
130
26
67
38
22
7
112
35
8
15
47
127
82
39
19
6
71
5
121
23
119
13
24
36
21
29
24
60
20
143
96
109
75
75
69
104
134
111
11
18
20
39
95
145
12
44
87
35
181
19
63
190
114
22
10
2
3
28
140
11
71
39
23
95
39
95
25
17
14
47
164
24
97
32
26
49
20
54
51
82
13
5
11
56
26
122
102
45
90
13
83
30
126
6
21
6
134
4
57
39
19
69
65
29
124
4
68
27
28
13
140
4
71
49
5
173
11
67
53
77
32
11
19
20
28
15
58
113
31
91
90
85
3
62
8
6
15
65
107
1
77
3
52
60
10
38
132
64
20
14
50
89
37
2
1
45
116
39
13
8
4
55
26
99
54
132
15
60
6
23
41
39
41
31
24
102
78
144
58
88
50
70
8
23
26
8
2
23
130
38
20
29
154
67
13
40
133
18
135
1
97
28
56
33
42
108
19
19
90
158
15
49
47
25
32
22
20
11
71
54
41
67
34
107
55
1
44
35
74
25
25
62
76
30
116
105
149
4
48
46
129
1
6
94
18
71
68
71
26
70
73
45
119
1
29
12
55
11
33
80
24
30
12
2
36
7
51
34
15
45
36
31
6
80
113
12
9
77
40
9
161
22
90
6
57
82
156
27
91
39
73
53
66
29
52
135
28
88
49
106
34
19
2
38
18
14
85
86
67
59
123
32
2
33
12
168
62
56
188
1
61
128
123
11
14
7
114
57
67
48
40
3
33
61
65
49
28
72
43
60
78
24
68
23
14
9
7
103
124
20
32
123
31
25
75
28
57
5
76
143
80
22
47
24
96
76
63
34
80
141
155
48
29
6
23
74
6
35
137
4
8
37
120
8
31
11
81
32
48
127
60
23
25
68
3
66
99
35
13
24
11
152
137
26
2
177
15
66
51
96
16
69
72
23
6
39
98
23
93
25
22
2
136
54
24
44
13
64
49
76
72
5
145
110
22
64
114
23
69
8
36
35
3
22
2
71
39
52
120
27
115
25
2
18
77
103
133
57
48
11
6
165
38
91
101
115
78
53
151
36
50
130
30
1
7
1
5
106
99
21
36
4
102
1
47
83
1
50
117
2
26
2
3
10
36
88
8
32
22
58
32
92
66
56
38
26
108
21
23
85
5
46
5
64
5
75
11
119
65
3
58
41
108
91
18
57
36
23
67
6
141
48
133
129
3
64
22
186
119
62
39
13
23
25
97
37
4
45
106
18
2
27
40
10
2
7
62
25
179
29
27
24
80
21
39
75
107
165
14
1
52
88
37
16
90
14
8
163
151
12
61
16
7
6
1
15
4
14
40
61
33
44
45
41
41
4
66
126
39
50
75
44
112
117
166
173
26
8
90
166
145
11
8
85
116
52
44
127
29
77
123
5
57
55
56
49
138
15
6
67
102
17
16
89
38
26
67
53
48
1
42
140
1
23
56
56
110
82
79
35
156
51
109
37
29
8
40
2
111
49
13
37
12
137
3
26
43
166
129
17
9
144
9
8
30
2
98
75
7
75
47
17
24
162
99
1
92
37
50
81
1
18
148
2
94
1
87
92
26
38
23
17
13
24
1
105
106
29
32
114
13
42
16
35
6
132
2
15
54
28
1
111
23
1
53
2
64
67
21
27
16
39
114
12
35
33
105
36
15
53
58
66
42
15
3
16
24
27
24
25
5
35
85
15
3
13
67
54
118
19
98
80
21
9
7
58
22
2
82
55
137
59
17
81
30
34
8
41
20
75
66
123
31
36
108
1
11
85
46
22
1
5
13
28
6
47
33
64
31
11
95
115
4
6
6
14
5
50
61
92
30
12
96
39
1
75
2
148
109
101
36
28
90
64
59
109
1
91
25
62
7
117
15
32
10
32
11
73
95
124
35
104
4
72
56
69
26
8
13
11
29
30
62
89
16
79
16
1
104
126
25
53
17
117
51
72
32
41
23
5
45
28
30
129
31
113
56
29
6
21
24
6
55
39
3
37
16
10
21
22
77
64
18
131
24
108
82
4
46
35
98
26
2
50
26
25
48
5
18
3
3
28
29
130
114
1
59
8
7
78
161
121
1
30
38
68
2
17
76
5
66
62
1
7
111
107
44
44
14
105
22
149
5
52
9
20
36
44
71
54
1
2
31
14
24
13
6
5
49
27
21
139
17
42
50
18
27
7
96
75
167
6
101
113
108
83
100
3
65
11
32
32
51
75
95
60
93
112
74
2
3
44
49
60
89
81
51
38
12
159
65
10
54
113
9
114
36
35
96
154
20
95
15
6
12
37
13
42
19
24
103
13
9
99
98
11
5
64
16
69
16
30
47
1
26
13
16
38
133
8
64
111
21
1
4
83
1
30
142
54
162
38
32
78
62
106
166
19
88
99
59
21
69
135
134
28
112
122
69
3
16
42
4
75
40
11
17
13
1
167
10
4
14
9
34
31
165
129
147
107
8
25
31
78
37
68
99
52
107
134
14
34
104
5
29
57
31
44
44
18
158
72
18
13
25
66
40
127
28
9
7
13
56
32
95
55
3
94
4
75
85
24
38
109
79
57
29
110
26
139
17
33
17
65
5
20
62
6
13
14
63
94
13
15
39
58
89
100
55
61
5
51
148
126
39
6
56
44
138
39
112
138
70
12
16
37
16
17
4
33
26
147
6
1
1
50
23
112
40
70
84
97
24
52
36
47
5
71
162
86
26
122
2
2
6
16
37
4
13
30
65
11
9
44
9
36
1
36
65
47
24
56
51
44
145
41
171
26
36
20
82
91
11
48
23
29
9
6
39
54
50
4
3
54
19
2
99
53
138
24
2
74
3
8
82
28
18
165
24
1
87
43
144
8
5
86
12
6
112
63
2
131
178
33
10
66
27
74
18
60
40
85
14
19
24
22
67
117
9
1
142
12
38
30
61
27
54
7
20
2
80
45
105
51
1
161
22
29
4
50
32
13
88
43
1
3
72
23
22
151
78
144
100
82
28
34
2
83
6
40
9
28
3
41
146
76
12
91
80
39
63
48
137
2
2
71
1
59
5
33
35
18
75
3
124
15
152
5
52
62
77
22
130
13
45
140
1
31
1
33
129
166
22
22
20
4
41
46
76
131
68
20
20
11
17
169
77
58
13
106
6
50
21
114
73
74
63
17
68
17
54
13
71
15
54
11
1
30
53
73
53
12
34
51
2
53
6
98
20
26
59
39
20
3
70
115
16
46
84
28
51
79
29
11
11
45
24
18
34
33
22
3
22
6
16
55
10
46
8
179
96
80
26
5
10
161
93
6
107
14
147
85
161
91
35
165
55
17
40
29
43
10
1
5
13
37
27
126
59
135
72
17
44
82
25
27
38
10
80
1
45
64
96
46
119
8
96
98
77
9
24
150
3
8
98
2
62
118
16
25
65
28
32
16
11
24
104
48
188
70
6
62
3
116
32
71
37
8
42
14
48
28
43
66
24
40
35
70
93
17
54
27
64
57
61
114
109
19
86
80
154
12
69
24
22
50
3
36
34
51
67
25
6
19
166
28
17
144
18
139
103
22
114
26
21
10
1
44
5
1
8
6
11
14
10
81
16
37
58
12
46
42
5
16
39
3
4
49
7
9
24
3
43
10
91
4
14
28
125
157
28
36
132
11
11
57
9
5
129
31
41
14
47
70
12
14
18
14
93
117
61
28
93
19
49
4
13
20
68
65
149
112
6
9
29
51
5
146
92
164
33
16
6
25
34
31
143
25
95
132
104
21
42
107
8
100
20
2
64
21
7
1
1
62
102
15
51
131
25
11
50
45
13
88
59
8
112
91
73
8
4
6
22
35
78
25
98
84
28
78
79
104
13
122
78
14
7
45
51
78
16
22
25
12
91
171
18
6
183
118
150
8
22
10
6
24
69
122
37
107
2
129
40
6
3
7
16
33
2
44
28
112
27
32
52
99
9
4
33
30
44
63
94
28
84
47
9
9
78
50
48
9
75
2
11
19
29
122
37
4
7
24
133
53
93
101
43
7
113
84
22
12
32
51
37
3
13
10
28
59
16
51
171
1
44
67
35
66
107
7
31
2
91
175
2
87
34
22
34
45
34
32
86
45
32
35
114
1
48
39
56
10
74
94
133
75
26
70
11
59
4
10
94
27
164
67
34
8
115
9
24
59
68
19
107
1
3
32
11
24
12
16
61
118
14
34
45
6
106
37
167
36
88
10
9
35
1
35
2
31
7
9
36
66
56
44
36
2
6
11
27
1
9
51
11
44
76
75
45
39
44
66
70
103
21
100
37
36
37
30
22
78
2
79
43
17
146
61
8
50
14
175
164
46
1
60
21
165
129
28
12
99
110
130
10
14
132
80
21
60
16
48
33
17
88
40
95
88
97
60
16
53
22
43
1
21
12
56
52
6
22
87
21
35
59
80
19
50
1
28
20
17
14
9
3
64
34
60
19
147
31
75
74
102
26
21
1
116
14
47
151
42
164
88
24
103
130
127
84
16
12
12
72
1
30
24
2
21
121
19
41
16
20
26
17
187
167
2
127
46
21
11
33
83
17
73
17
6
56
1
6
30
79
40
122
109
18
15
3
13
66
72
77
17
5
43
8
58
5
5
102
16
63
9
8
28
9
63
63
139
47
73
137
51
85
65
15
182
49
6
74
39
48
2
62
149
44
42
6
108
28
2
4
37
126
6
9
99
1
36
1
72
135
1
16
182
53
14
57
57
58
49
11
53
94
166
151
58
102
14
57
11
6
27
7
41
17
6
104
43
140
14
5
21
22
19
25
9
20
62
159
116
8
3
12
15
82
1
23
39
6
38
6
3
4
69
11
47
18
89
31
36
18
30
24
1
68
62
161
123
35
22
10
2
32
1
116
120
41
108
8
78
1
21
21
20
169
112
15
6
100
15
143
46
69
1
18
161
61
100
50
99
51
41
8
62
119
6
31
115
18
24
1
6
55
14
2
11
115
4
15
117
37
167
47
85
32
17
26
77
27
121
167
3
52
43
35
27
12
82
49
43
149
41
31
127
130
83
39
60
37
85
134
34
4
161
20
124
22
21
21
121
92
99
71
16
33
28
106
15
23
36
30
18
2
6
5
102
27
20
11
69
19
89
11
84
3
71
19
17
106
7
31
1
7
162
28
21
22
72
14
25
148
28
1
20
14
59
27
109
41
6
11
65
145
28
58
170
57
13
45
104
43
55
4
45
171
116
146
151
11
62
3
39
22
13
11
19
16
32
8
25
6
31
16
136
33
49
111
94
22
13
111
64
16
6
59
3
18
50
24
19
110
171
2
43
64
4
24
8
55
23
91
114
3
102
56
86
3
2
33
97
154
56
94
88
155
23
26
6
6
44
113
16
61
20
5
29
61
1
14
31
7
47
42
24
3
5
7
23
72
105
34
35
48
101
81
47
8
11
11
18
93
3
42
100
66
73
160
7
60
98
89
11
79
108
10
6
59
8
65
10
43
98
58
28
22
69
7
4
127
34
19
17
96
155
80
7
115
65
15
91
150
2
49
28
79
78
7
29
65
4
103
118
10
34
65
12
30
88
105
56
1
144
3
26
163
3
3
125
54
131
3
1
5
112
84
12
42
63
37
62
33
31
70
4
121
133
57
14
12
9
18
44
173
1
2
35
5
59
68
97
85
70
44
70
23
74
25
55
32
143
47
99
25
42
58
61
26
1
61
70
41
91
23
9
138
115
45
19
52
76
9
14
47
5
112
15
2
75
2
12
128
73
15
60
23
84
12
15
10
36
25
17
168
31
78
10
19
48
71
4
6
33
83
19
153
156
34
15
35
32
19
1
78
52
119
154
88
6
42
76
32
78
66
6
13
71
29
25
106
28
140
87
56
20
100
30
46
37
1
20
30
16
5
110
82
79
56
139
62
66
1
102
39
54
29
34
45
9
42
14
22
25
95
53
12
18
89
194
22
47
103
93
3
32
14
47
90
18
1
9
9
103
28
32
117
77
73
46
20
3
53
109
14
76
128
49
69
48
168
5
42
46
24
72
49
1
58
49
90
29
19
40
12
25
94
27
131
63
22
11
49
11
20
43
18
102
121
17
2
15
14
5
75
13
81
115
24
14
185
3
19
19
87
40
152
8
86
56
44
85
3
63
147
99
153
45
137
4
33
12
1
33
65
13
34
42
55
36
3
132
83
163
19
3
34
24
40
5
78
23
3
59
19
17
9
3
97
51
129
137
24
16
15
41
8
23
18
10
25
4
38
87
4
132
26
132
30
32
67
46
68
76
9
138
5
71
107
36
52
146
83
22
1
24
55
98
5
133
28
4
7
63
54
98
12
73
67
37
31
78
8
125
1
1
16
73
43
23
3
21
29
1
24
6
101
42
139
21
20
28
29
13
157
16
93
19
6
1
8
5
52
16
78
63
5
37
63
6
72
72
9
87
18
17
52
7
10
9
147
1
26
109
60
41
22
145
33
2
4
24
56
95
125
19
117
56
3
83
64
125
15
12
30
61
128
24
6
6
16
1
41
37
3
7
27
20
56
1
10
128
11
15
139
34
135
66
93
28
32
5
22
65
66
26
79
29
13
3
1
73
146
79
1
84
45
21
29
77
25
106
28
5
2
61
4
16
127
7
18
21
62
27
100
61
102
150
4
3
66
53
38
167
77
2
40
109
33
43
6
15
13
96
2
101
81
10
31
106
8
77
143
15
10
43
8
2
61
108
11
39
52
11
24
155
8
3
107
4
75
1
54
49
8
18
132
7
1
39
45
58
3
30
2
10
3
152
2
110
8
18
125
176
8
41
128
40
1
32
20
44
78
2
45
39
41
1
8
40
112
55
109
27
163
111
133
115
15
2
7
97
10
11
11
7
1
7
46
86
66
104
87
72
64
67
34
28
81
94
15
17
34
16
21
1
7
47
81
43
2
55
194
1
30
2
38
137
9
27
41
84
73
12
23
30
84
122
18
7
6
95
19
71
23
117
82
20
38
28
10
18
70
3
6
91
1
18
17
42
57
77
7
2
55
10
14
38
65
4
112
4
83
22
43
55
47
28
36
5
61
117
47
1
88
161
18
48
29
20
43
58
3
39
10
14
15
72
35
6
11
144
90
68
63
29
60
73
46
174
20
28
91
13
64
89
29
11
68
174
55
82
42
10
14
98
127
10
28
93
4
40
114
1
174
81
48
7
176
43
7
51
169
22
104
4
134
8
4
47
11
67
132
98
4
63
7
133
25
104
87
67
161
103
36
50
27
38
69
59
50
96
29
9
107
75
56
3
97
83
15
1
38
21
61
123
175
81
32
10
129
20
12
113
27
74
39
14
42
145
85
139
53
61
89
134
22
32
69
39
22
18
35
130
59
35
151
47
147
55
92
91
80
25
122
46
28
46
29
63
111
7
1
18
135
148
56
4
52
13
80
49
38
34
140
7
125
27
64
69
187
24
32
75
9
66
14
136
18
44
22
35
19
21
35
108
43
46
1
82
93
67
12
89
69
82
70
3
35
19
44
100
5
48
10
38
37
42
2
9
116
2
10
49
74
1
15
172
36
45
6
66
5
87
35
99
85
6
53
26
98
49
107
7
150
18
70
55
74
9
10
10
138
87
42
11
89
179
21
14
168
1
93
6
15
106
14
10
67
69
151
27
13
10
29
117
146
23
33
72
158
93
14
39
32
77
18
18
11
89
27
11
161
57
30
9
4
15
9
29
171
30
53
126
14
35
13
12
150
16
127
19
42
53
34
89
86
82
75
5
5
79
5
38
22
9
1
90
83
116
148
10
8
143
19
160
6
94
55
45
4
42
32
23
40
135
135
97
108
91
43
111
15
54
7
10
108
51
141
18
16
64
46
21
23
9
48
117
55
93
1
100
62
38
5
14
63
2
49
14
1
64
16
9
6
153
60
84
90
81
139
10
121
9
69
23
10
101
105
40
10
18
44
54
71
45
57
16
2
12
86
131
95
7
23
182
27
13
8
55
9
70
30
84
109
7
73
79
12
69
78
69
22
15
32
17
5
139
27
23
57
35
99
20
10
102
135
108
82
153
20
70
74
76
7
131
2
24
51
56
92
29
86
85
78
52
7
47
168
2
8
13
108
35
3
31
115
37
114
103
97
38
10
67
10
6
9
23
76
17
35
75
12
90
103
34
83
33
42
1
128
60
104
15
170
178
4
5
145
5
13
72
83
121
114
8
13
7
38
107
16
10
12
112
115
100
51
23
9
61
1
46
24
120
82
89
23
29
125
58
134
84
76
11
6
2
10
8
14
9
19
16
2
137
62
3
63
13
62
1
7
111
136
144
74
62
30
53
20
1
13
49
56
13
47
14
68
1
142
37
135
3
2
53
44
13
66
1
62
36
49
92
3
11
125
18
39
45
1
2
56
127
34
31
121
37
16
21
58
99
79
16
134
76
4
12
18
70
10
47
94
91
82
168
85
3
1
104
118
8
102
134
30
9
8
6
13
46
108
82
150
127
14
16
14
107
97
90
109
58
7
7
113
114
41
31
34
7
136
5
18
11
35
6
31
5
49
115
9
69
72
105
42
109
94
19
23
37
85
77
63
29
16
7
11
43
29
10
7
1
9
10
21
21
2
4
11
149
104
6
5
21
14
104
31
33
57
25
105
7
20
39
14
40
11
29
119
2
26
80
10
3
52
12
42
42
81
26
4
137
38
116
79
1
33
148
18
110
1
56
34
116
5
1
100
104
129
66
182
130
106
85
39
12
33
1
18
11
3
89
14
31
60
45
31
119
32
6
147
64
42
101
39
50
45
68
78
10
23
96
36
20
132
58
6
4
111
40
17
23
48
3
5
56
47
36
31
53
98
161
57
30
12
5
48
3
6
1
11
10
11
122
27
130
7
192
59
23
66
136
109
4
53
60
1
6
10
6
81
13
87
4
6
33
3
110
13
1
11
60
152
17
19
62
102
66
1
1
102
186
24
47
68
15
45
40
34
22
3
63
49
45
17
26
25
52
123
3
26
68
106
43
102
118
62
77
21
88
43
2
75
154
11
117
22
119
80
42
60
163
9
43
37
102
26
73
117
25
1
138
11
48
52
19
30
140
9
149
63
85
18
59
7
11
116
17
141
28
1
60
39
131
7
91
39
15
87
37
42
5
85
33
62
6
47
3
101
110
81
9
25
21
88
47
95
