1000000 5000
46
89
127
4
25
40
94
106
38
32
104
14
31
33
107
135
108
75
10
97
1
57
182
15
77
2
52
69
5
7
8
22
6
14
89
25
10
106
7
19
40
54
24
126
5
17
64
62
52
7
150
16
73
29
116
69
72
11
19
38
22
76
41
7
18
32
47
87
2
1
28
117
12
22
13
60
41
57
105
105
80
3
89
83
19
24
9
8
71
7
60
160
76
166
11
34
7
45
78
47
4
41
71
6
9
23
28
6
2
145
64
7
30
150
29
75
55
131
24
48
3
48
134
16
52
26
141
69
100
48
49
101
20
101
95
129
65
16
68
38
36
95
118
97
10
14
4
14
3
4
4
161
36
19
78
41
38
80
32
19
8
48
36
8
1
26
39
99
32
34
28
26
31
50
144
14
6
51
1
21
36
15
126
39
1
125
43
5
94
95
110
47
26
8
47
64
29
87
139
27
89
79
42
146
19
141
92
74
74
51
6
22
7
27
56
37
151
98
24
46
122
117
4
4
10
22
38
44
189
108
42
13
20
27
6
15
16
147
38
1
50
59
82
58
75
24
59
104
15
32
5
98
52
36
25
34
13
76
119
7
2
42
112
52
9
34
88
35
65
152
61
132
89
103
177
39
75
36
21
12
117
5
10
98
6
57
1
28
33
22
8
59
3
119
73
1
8
46
15
49
32
89
6
13
44
56
6
9
11
48
87
9
2
132
25
44
5
52
11
18
48
102
28
9
92
5
10
14
34
146
143
59
36
19
89
22
67
78
24
8
1
6
82
104
5
3
54
3
112
67
49
17
81
27
20
53
16
127
27
74
5
44
14
59
143
2
32
59
55
31
35
32
38
121
27
65
63
127
40
23
7
19
72
27
130
74
41
58
126
7
47
32
10
76
18
18
121
9
152
94
79
4
16
19
133
165
29
5
159
139
108
39
4
4
88
27
104
52
15
3
28
113
55
4
22
35
106
84
8
30
132
11
84
50
132
2
41
73
113
8
6
130
37
50
24
47
1
9
30
10
84
95
2
136
116
8
77
49
170
9
11
18
2
43
56
139
24
3
99
48
98
44
1
63
41
137
35
11
186
79
35
71
42
15
89
11
29
20
7
5
64
22
77
117
5
2
59
7
23
126
100
40
32
8
4
64
8
71
14
2
25
28
1
90
5
38
35
26
150
30
8
37
65
105
27
49
50
33
147
45
162
1
69
31
43
105
49
24
49
128
45
52
3
13
154
90
72
4
6
17
6
156
45
30
41
76
20
46
66
25
90
50
37
11
37
67
20
164
7
111
4
56
105
27
53
32
73
117
5
4
1
93
114
76
92
5
54
31
56
1
159
47
197
80
49
29
3
19
10
148
31
3
16
9
39
59
125
121
12
71
36
50
9
94
22
21
17
50
53
15
40
5
103
131
36
23
1
82
27
55
96
22
31
51
174
38
158
63
5
80
16
9
4
123
14
51
29
73
41
58
23
33
91
21
61
68
1
93
18
1
14
128
30
84
9
26
49
10
14
13
91
70
12
13
141
7
64
36
8
130
40
11
4
25
54
53
3
12
2
107
20
73
115
22
63
76
84
101
72
23
27
7
85
42
49
61
20
73
44
75
10
3
26
150
57
43
46
101
16
38
45
33
47
38
20
66
34
141
88
23
1
11
73
48
38
7
74
29
144
34
28
128
20
41
37
37
47
60
10
23
56
53
10
184
44
32
1
93
2
10
24
52
72
26
3
15
4
63
74
26
6
9
15
9
57
13
5
1
31
10
6
12
16
56
31
18
11
1
2
63
106
2
45
31
7
59
13
127
4
10
61
154
4
15
41
120
4
122
117
123
33
123
8
12
30
185
80
101
14
85
69
28
6
3
120
163
95
1
22
72
46
29
128
22
134
66
14
149
21
65
24
39
37
18
54
30
48
11
104
131
48
89
45
35
3
7
139
54
29
12
104
101
66
65
70
76
8
80
4
50
95
8
18
27
41
94
23
29
11
192
90
2
73
95
46
68
57
150
53
17
169
52
55
2
10
81
11
11
9
4
12
38
32
7
47
42
13
15
33
72
58
100
19
12
89
97
33
3
7
21
9
102
11
169
16
29
95
28
3
152
2
17
109
113
6
13
82
83
123
160
153
120
14
4
11
3
87
43
45
51
66
122
65
71
82
13
8
47
6
138
30
12
40
13
42
8
34
104
156
68
37
9
1
30
54
7
103
126
27
51
25
156
58
26
45
42
144
36
163
5
16
12
63
2
134
15
71
7
5
58
131
29
32
14
15
8
18
69
27
60
82
4
59
19
26
5
2
160
15
3
9
62
11
45
5
26
48
8
38
57
5
1
52
1
54
7
17
5
73
75
12
73
10
154
32
10
1
35
25
50
35
10
8
25
37
1
21
26
48
17
10
96
53
11
11
54
76
118
21
4
60
39
25
98
174
9
15
18
68
8
9
20
26
26
8
19
3
65
5
66
3
109
98
2
91
40
75
63
5
1
114
30
91
46
67
152
51
88
16
122
28
32
18
26
21
108
14
134
68
8
178
14
130
106
76
34
78
1
23
63
94
57
5
53
49
9
7
18
27
6
53
19
26
114
4
4
20
27
58
175
54
63
45
31
104
27
79
14
26
30
33
98
9
23
34
2
131
129
142
116
38
63
32
70
10
13
1
38
105
1
80
20
3
38
14
104
64
137
16
64
20
96
16
21
1
54
46
89
53
4
43
47
165
24
19
23
36
104
47
58
53
74
32
59
35
16
76
51
40
140
82
6
148
119
66
4
66
28
8
30
79
31
23
24
23
32
123
4
133
27
85
16
71
20
24
94
38
29
107
64
22
4
76
4
174
131
97
21
7
39
26
26
31
68
14
17
5
133
47
45
20
45
136
94
116
61
6
62
39
23
7
5
84
6
3
57
5
129
81
119
40
65
160
62
29
92
37
4
153
41
179
38
87
190
177
16
69
49
43
80
52
127
138
46
89
119
26
93
55
47
9
145
110
9
52
32
8
25
29
85
27
15
81
2
68
38
2
152
27
61
125
13
183
70
47
32
49
2
14
8
12
85
43
13
25
38
164
17
31
7
6
79
93
12
71
90
58
1
47
22
68
9
6
30
108
93
133
177
6
1
3
87
50
34
66
10
98
166
159
159
6
28
37
120
22
3
4
40
28
17
43
18
44
14
56
4
100
55
24
48
13
117
21
4
92
3
37
18
100
79
166
128
70
83
167
29
32
3
100
71
35
13
22
38
126
104
9
44
15
19
9
51
32
7
13
2
104
53
7
163
56
65
15
13
11
29
69
16
83
9
32
16
35
21
58
2
23
1
42
10
1
43
26
33
54
52
126
7
168
57
4
9
118
34
171
68
12
11
61
65
160
26
10
20
184
41
104
135
97
17
35
1
149
3
87
4
35
10
162
46
7
28
55
57
6
92
5
21
21
49
32
114
147
56
20
55
66
143
57
105
21
127
9
2
82
20
9
60
54
37
21
112
3
14
2
26
63
7
64
27
66
11
66
35
74
8
80
8
22
35
50
116
36
62
23
5
26
83
51
65
73
27
31
80
9
20
16
111
62
135
72
62
50
35
43
29
23
114
92
61
3
133
100
30
27
28
43
124
46
78
29
17
19
4
4
92
8
46
38
142
109
28
18
30
90
1
75
29
48
85
12
3
23
86
43
73
49
1
11
73
58
21
167
6
11
18
19
31
92
8
1
67
33
2
136
76
63
19
113
86
41
14
5
98
48
120
2
77
15
97
34
19
68
59
43
52
23
69
52
42
26
50
16
30
5
6
20
5
152
41
82
38
33
18
59
68
5
28
38
3
173
16
89
109
58
55
20
58
64
34
175
63
72
58
149
64
84
151
117
154
11
139
71
17
11
62
39
1
42
5
34
6
15
8
18
20
6
31
67
17
113
1
38
171
41
22
7
113
17
55
89
118
119
18
134
123
57
85
16
8
114
9
17
127
3
127
119
57
30
112
54
11
26
10
6
114
15
2
28
13
62
29
121
101
108
120
4
41
23
60
45
29
13
24
26
63
132
2
46
13
4
6
140
3
8
48
21
1
28
9
148
3
150
40
85
1
13
14
5
85
84
18
108
144
162
4
6
78
9
11
127
97
20
56
47
56
52
17
38
19
117
55
35
22
48
23
26
45
50
23
5
49
42
118
24
83
11
22
102
16
38
27
10
45
93
5
49
31
72
129
23
69
71
125
2
2
64
15
117
6
116
143
35
17
87
13
13
10
43
71
1
18
20
20
2
5
46
53
36
34
14
15
21
75
21
55
114
8
10
10
143
21
94
26
15
95
69
34
51
5
56
64
27
116
69
56
31
17
9
19
96
12
29
3
35
44
76
49
86
8
11
36
71
56
13
108
1
54
28
142
75
2
38
8
22
34
26
44
70
114
110
6
20
90
21
11
4
78
16
66
72
83
4
40
72
78
37
4
38
134
2
45
187
94
49
25
23
43
36
3
125
25
3
21
3
3
63
73
177
59
1
56
23
38
1
1
84
20
76
101
90
24
83
30
24
4
8
37
17
6
45
1
11
72
7
60
112
103
46
113
128
52
82
54
38
38
20
38
129
35
72
13
132
103
30
114
31
26
10
26
56
1
26
9
46
16
43
22
119
107
162
24
4
102
79
49
115
83
153
26
53
150
147
54
25
25
88
84
12
4
30
146
7
12
38
8
53
32
129
191
119
30
82
43
114
5
64
9
18
7
5
52
18
85
139
39
14
113
34
89
30
33
51
11
1
100
172
32
101
67
10
113
82
82
30
31
6
186
39
11
5
19
83
37
21
44
5
20
1
53
9
76
77
79
107
159
2
57
114
86
9
136
85
57
42
115
19
2
13
31
7
17
15
19
2
104
2
18
76
13
19
178
10
16
24
31
11
30
34
26
144
24
25
24
34
15
7
60
7
9
92
7
45
161
111
65
53
118
106
7
69
5
55
98
71
32
1
55
17
10
42
12
15
83
118
30
38
15
1
40
25
4
2
49
4
44
3
3
10
35
38
131
2
43
7
111
47
3
108
63
20
19
38
76
7
86
77
29
35
59
23
40
45
33
129
8
42
82
56
73
126
19
85
138
68
16
15
1
133
42
92
95
27
33
75
84
61
28
43
32
38
16
51
11
30
42
40
34
39
113
36
99
18
68
33
10
10
103
156
17
8
110
2
68
10
2
77
23
7
10
20
5
11
88
5
1
163
17
47
53
104
143
55
16
59
19
136
80
140
5
96
2
4
3
5
28
18
10
44
26
4
17
39
94
101
39
124
6
44
7
15
18
28
4
67
27
84
95
58
123
15
14
15
9
78
52
87
31
5
28
101
125
1
7
9
82
23
7
2
33
61
158
31
64
1
2
7
108
87
10
82
1
117
8
43
9
174
86
8
3
53
33
65
46
31
40
66
71
9
14
6
8
51
57
54
117
25
110
56
47
34
1
29
71
10
75
62
8
5
6
47
136
105
7
73
27
188
25
55
27
58
79
57
7
13
140
52
1
12
11
23
44
26
8
3
52
48
17
61
18
37
54
65
51
73
110
92
22
9
20
67
95
146
42
45
177
35
88
89
44
83
45
64
6
17
13
49
36
7
9
16
85
20
11
4
52
5
5
12
114
75
82
43
74
6
38
98
22
72
18
51
1
12
3
65
36
27
3
59
17
13
39
26
32
25
27
26
77
16
24
97
144
2
133
91
165
25
20
35
26
52
72
71
10
14
3
63
12
34
76
32
157
122
1
1
108
10
2
1
121
16
135
37
27
79
100
114
44
103
108
15
93
4
21
93
38
3
12
74
13
31
6
31
5
108
109
72
88
134
119
20
4
115
2
58
16
32
47
152
18
95
30
15
20
189
23
22
17
10
50
130
68
175
7
77
12
60
17
117
22
17
4
49
40
87
129
71
6
106
24
14
18
58
70
76
70
8
7
83
18
36
35
61
16
5
131
56
70
43
51
11
170
3
70
42
19
34
155
28
100
136
113
103
7
1
46
73
12
26
98
8
28
27
40
43
21
1
155
136
1
73
29
37
5
6
87
112
61
4
20
34
16
90
91
39
38
11
20
74
8
27
16
36
57
7
64
1
13
2
3
41
66
96
1
180
1
13
68
154
81
3
24
62
123
21
140
154
12
4
51
1
37
45
133
46
95
43
1
47
170
3
3
109
88
2
81
16
68
80
76
31
186
47
75
19
4
5
166
1
6
2
69
88
124
81
48
75
54
30
4
1
14
3
104
24
13
48
52
19
15
17
62
1
111
21
1
55
53
48
13
56
111
115
19
3
35
1
90
50
15
58
36
59
116
38
3
4
102
118
133
35
66
38
42
78
138
171
22
14
5
18
58
54
20
27
8
1
34
51
86
24
74
97
62
6
9
1
31
12
12
116
68
5
89
45
57
153
12
45
77
36
21
148
51
38
8
190
41
1
55
29
22
47
45
63
16
48
108
123
126
10
67
39
132
60
75
2
2
6
40
65
5
26
114
97
43
12
10
37
107
8
9
52
8
33
36
5
82
145
97
44
1
34
67
92
30
57
3
61
58
18
121
107
19
78
41
34
7
26
15
7
22
23
13
53
128
102
65
22
15
5
155
2
17
134
9
103
62
31
100
82
11
2
100
159
13
21
52
41
87
36
79
93
68
43
57
79
48
79
44
3
38
7
55
40
163
108
15
42
26
15
5
24
51
7
10
52
17
18
65
11
87
4
2
33
65
94
36
55
100
19
68
6
1
39
126
53
28
54
81
42
36
77
30
15
21
27
1
24
4
49
73
40
31
44
174
4
93
21
1
75
6
31
15
66
3
109
21
37
114
14
37
9
12
12
25
90
38
44
143
129
15
79
4
1
11
7
133
30
44
112
138
26
142
36
5
25
2
56
4
51
79
37
44
14
20
1
22
5
3
1
29
10
154
17
65
14
37
98
59
13
99
15
18
87
156
94
16
3
5
4
31
75
12
170
150
84
31
116
4
135
79
77
63
54
47
135
25
50
168
3
5
3
1
67
5
8
8
74
142
31
6
6
49
10
3
132
76
20
20
12
72
51
167
82
2
19
37
72
30
81
42
71
43
110
9
88
6
4
34
49
1
3
86
24
11
11
4
1
21
58
65
4
7
15
2
25
7
145
52
1
18
106
42
141
21
60
38
11
2
79
48
25
145
116
41
135
4
21
25
45
67
1
167
6
11
77
17
21
15
47
64
7
12
66
17
59
34
24
32
123
3
7
72
24
19
1
85
20
94
27
8
95
76
43
20
96
155
3
55
53
20
32
59
62
151
99
45
32
66
75
108
76
69
65
73
1
22
15
11
1
53
30
79
87
87
104
3
13
53
5
36
23
8
57
30
1
23
1
67
46
51
70
28
80
29
104
10
42
66
70
38
15
12
3
42
33
1
54
125
30
26
43
19
175
93
58
6
54
67
3
23
1
112
35
130
67
12
71
51
6
62
70
25
36
25
124
17
39
138
43
21
16
81
14
25
4
74
9
39
28
119
10
115
38
89
39
22
18
61
1
45
32
34
5
20
66
129
109
103
84
41
22
89
54
153
18
13
62
42
80
94
1
175
8
15
27
4
12
162
87
12
6
11
42
5
126
1
21
73
49
9
96
20
11
80
19
77
16
23
81
91
20
144
163
36
38
19
7
92
97
13
35
64
148
28
22
42
107
51
12
63
61
43
151
55
26
10
16
40
9
91
20
8
24
11
6
5
4
74
8
178
131
86
23
69
73
20
21
19
64
46
42
3
43
96
2
139
12
6
74
71
36
23
8
2
116
41
53
98
1
40
18
66
54
114
25
23
10
48
11
22
30
23
30
62
27
118
14
135
94
3
8
83
9
139
42
78
30
21
14
106
8
141
7
98
12
72
76
15
196
47
82
65
105
52
128
111
1
29
137
12
9
28
35
119
97
17
3
144
41
187
89
67
142
48
73
121
8
7
8
130
17
1
24
23
24
40
5
90
20
69
30
6
60
140
142
1
53
70
52
30
111
173
54
177
7
26
57
9
91
92
27
11
62
13
37
2
16
2
94
53
14
17
42
72
13
90
5
39
134
11
37
98
146
17
18
30
84
9
41
122
45
95
15
3
57
110
8
85
14
4
5
90
9
17
32
137
36
83
38
9
13
75
22
45
124
58
4
117
10
12
45
112
34
25
102
12
25
5
35
1
30
88
43
26
25
156
70
8
79
24
38
39
3
85
26
3
12
36
19
21
3
104
42
2
24
5
49
90
66
119
1
50
16
1
21
33
36
79
73
3
5
2
5
112
25
28
55
4
57
26
40
31
108
156
10
130
1
6
23
8
57
78
65
93
15
108
15
105
17
8
79
47
48
14
25
16
163
65
3
120
131
56
80
39
101
76
103
33
38
1
57
76
116
69
6
40
89
150
129
77
110
95
43
22
62
7
128
74
68
4
58
3
80
67
3
26
26
21
28
80
55
170
5
28
27
10
26
142
19
43
91
6
28
34
55
29
115
10
29
16
99
91
153
83
113
58
121
50
26
33
5
29
10
95
68
98
1
21
118
28
10
1
101
34
30
36
101
86
68
8
3
98
29
13
61
67
73
21
64
53
3
57
59
43
9
7
2
21
10
162
9
15
9
84
13
27
149
107
83
120
33
62
24
19
34
117
170
58
76
24
14
163
102
18
11
15
5
119
75
16
27
2
70
141
95
45
128
26
7
64
10
98
1
9
21
157
131
112
69
32
2
29
54
11
20
42
135
6
17
15
47
10
15
31
8
66
2
3
127
6
33
22
22
52
44
44
12
9
29
92
81
50
158
7
3
23
16
6
34
131
139
9
127
6
53
81
77
74
38
57
1
9
23
17
130
53
126
10
137
39
38
121
48
5
34
34
61
6
16
4
36
2
13
32
28
58
35
35
129
63
42
15
6
39
60
39
77
14
182
164
66
48
51
26
3
4
56
23
26
123
20
30
16
95
18
136
2
37
45
86
15
10
130
5
5
105
191
58
54
21
33
23
147
152
19
34
20
80
99
94
24
5
126
40
149
7
3
4
78
3
147
25
191
36
172
6
9
30
4
37
31
4
8
180
4
7
2
96
72
88
47
26
107
21
129
43
62
51
122
7
57
21
47
12
64
104
29
55
33
109
102
3
46
7
112
37
100
26
2
63
88
2
145
48
71
71
1
114
58
41
1
16
99
39
3
129
57
99
5
4
42
55
137
2
102
5
21
17
78
14
9
109
88
1
66
90
35
47
3
110
139
68
44
63
53
70
10
129
93
33
67
21
19
54
60
23
53
1
10
25
4
67
16
81
30
104
58
28
131
29
12
88
23
100
31
94
55
12
33
4
24
61
56
63
40
49
17
7
125
5
14
156
97
23
14
5
108
3
41
26
71
2
151
30
1
8
43
13
73
42
44
105
51
32
19
44
136
42
65
30
129
3
28
1
2
5
17
68
6
1
91
34
58
64
113
26
13
24
4
90
59
71
1
6
97
1
114
135
104
39
51
180
166
49
8
55
14
37
18
96
1
17
115
98
27
9
5
48
81
2
176
29
23
98
102
122
117
25
119
81
59
17
4
69
1
10
56
150
1
51
66
3
4
33
88
66
121
17
17
32
11
65
14
24
16
120
8
123
16
153
24
113
103
29
42
17
106
17
158
28
67
15
42
93
10
18
61
23
20
80
156
33
65
31
46
58
50
135
101
68
132
38
91
16
10
3
116
7
20
22
95
12
68
40
106
6
5
104
6
6
2
129
127
73
62
19
33
45
96
86
61
23
52
16
87
30
26
31
69
34
11
11
62
77
9
3
9
111
31
135
94
23
104
19
166
11
33
50
28
73
1
6
12
36
57
8
41
10
86
3
20
15
155
38
78
89
154
7
20
64
1
60
32
14
3
65
2
81
4
17
79
53
32
31
18
2
25
100
93
53
16
29
15
63
119
33
31
45
54
5
122
73
71
61
20
9
21
98
8
96
115
84
46
13
7
39
102
94
21
2
1
74
90
33
86
69
83
5
69
2
58
7
41
118
4
99
123
19
66
28
105
50
131
32
38
9
80
79
81
13
51
2
18
4
33
29
7
26
101
67
11
172
21
101
74
23
27
8
94
49
110
8
45
37
1
50
9
53
92
43
89
12
49
53
83
38
2
12
28
60
20
6
166
64
25
120
22
79
63
53
56
18
1
8
91
95
20
180
162
30
5
124
8
46
80
21
9
58
72
47
76
5
64
46
172
115
146
96
39
5
63
35
29
31
136
15
2
45
11
31
6
25
92
41
172
19
89
35
150
122
156
58
193
7
4
7
105
97
64
1
17
15
82
1
67
9
83
68
57
11
55
26
28
64
72
104
105
14
76
17
13
99
77
161
42
1
25
87
69
3
44
27
103
153
49
86
4
42
95
15
109
104
70
92
14
50
16
7
25
21
3
45
112
55
18
4
1
6
24
43
5
3
10
22
2
62
40
84
7
6
86
8
46
27
8
58
66
70
6
2
7
135
15
2
94
167
13
43
38
78
7
30
90
3
53
6
68
4
64
100
7
168
48
13
35
30
17
77
60
38
16
42
152
120
37
9
135
18
54
83
19
161
83
1
146
91
7
60
104
14
33
33
92
43
169
14
40
99
7
53
29
16
34
14
169
10
13
24
150
65
21
28
64
71
60
8
5
135
30
85
10
29
68
167
43
1
88
8
114
103
168
4
17
13
25
1
15
12
39
5
26
154
15
39
46
17
52
44
77
15
12
99
74
3
37
147
21
11
20
109
60
5
105
36
192
138
92
13
63
4
83
33
1
10
62
21
70
3
33
27
18
12
13
43
191
53
34
46
38
78
41
48
2
113
10
63
123
1
37
2
73
36
15
11
124
52
47
102
48
35
38
41
26
96
129
3
6
5
43
48
44
47
84
14
65
36
86
15
55
21
21
78
132
24
105
9
16
132
21
53
42
11
43
4
54
112
60
80
11
24
1
75
73
5
12
82
43
79
20
45
26
124
51
16
50
89
59
8
8
41
71
49
35
50
11
11
61
3
125
120
19
34
49
116
39
123
50
109
25
35
80
1
125
47
86
45
11
16
45
6
59
67
89
30
92
88
46
17
52
114
67
13
4
4
16
8
4
6
65
45
45
1
81
5
5
68
92
2
113
151
105
114
46
31
157
23
25
15
19
9
46
109
20
75
18
14
5
6
88
42
140
143
90
31
155
71
52
27
58
33
1
73
26
26
46
178
97
12
162
25
48
8
82
6
2
43
78
67
27
1
103
95
6
30
15
115
36
46
7
60
11
1
36
68
15
1
9
154
