1000000 5000
50
50
59
15
7
134
67
25
28
67
19
20
84
126
108
2
72
88
16
65
56
124
68
19
6
44
75
91
126
35
110
43
99
85
36
4
87
73
24
25
99
4
17
35
17
7
14
118
24
44
29
64
66
40
40
12
4
31
12
1
58
83
7
6
97
25
187
21
58
121
46
155
11
111
57
164
2
8
106
20
24
1
34
88
20
20
87
14
170
192
14
8
9
15
167
111
95
4
15
34
34
42
48
4
98
49
171
27
19
19
94
54
27
22
23
71
28
39
19
1
78
36
14
24
12
31
34
4
114
44
10
32
110
60
86
96
94
71
76
51
28
155
11
12
51
1
64
33
17
20
101
12
52
120
112
94
152
71
169
28
48
67
25
63
1
47
38
12
83
11
33
30
14
4
40
13
13
86
19
18
59
18
53
9
2
22
9
71
166
133
158
5
77
42
2
18
42
117
70
1
49
4
72
1
54
4
7
4
11
3
61
52
167
25
86
36
35
115
104
26
34
72
98
4
149
103
42
71
4
27
36
1
3
10
4
4
15
43
20
53
67
70
42
8
4
78
15
46
128
43
117
36
6
16
9
89
13
69
33
39
29
46
3
57
43
33
76
34
61
17
130
69
124
3
103
43
36
63
165
24
157
14
35
98
22
102
29
19
55
44
4
5
2
12
19
71
4
14
16
4
106
5
37
32
87
13
11
77
8
124
88
86
2
75
45
53
8
88
132
62
80
13
122
16
1
18
27
100
22
40
16
33
17
110
55
115
8
5
25
39
54
136
61
129
27
11
28
25
7
6
63
43
8
45
61
183
61
12
85
2
17
21
22
94
10
11
112
45
55
136
13
95
69
6
22
119
118
163
155
4
25
47
1
75
7
91
57
2
93
8
11
16
23
32
30
31
21
1
20
48
1
112
40
2
36
38
28
70
3
24
166
44
62
141
28
15
26
41
41
29
4
6
20
89
47
8
37
3
109
5
71
124
83
10
78
54
14
49
2
65
52
156
19
81
29
75
23
87
41
59
32
37
110
112
23
87
67
38
101
13
190
3
106
127
31
24
55
97
73
9
39
16
10
10
26
1
83
73
146
42
39
97
13
91
90
4
40
5
1
33
44
40
2
62
6
115
28
61
69
20
50
68
81
4
23
29
70
177
117
152
49
162
100
1
101
46
2
61
74
115
41
98
1
175
24
104
122
144
5
2
30
142
167
56
106
59
7
111
5
28
132
1
37
44
32
94
91
6
1
107
40
113
6
58
32
14
163
1
79
42
1
32
47
2
38
27
113
56
27
57
16
55
46
102
45
4
30
35
41
58
5
13
115
96
108
1
60
46
1
5
1
9
1
10
44
30
7
69
82
27
9
13
126
7
17
40
119
94
9
23
76
23
2
21
5
34
97
45
125
26
38
144
132
3
45
39
78
18
104
35
34
30
29
1
66
9
53
17
44
15
100
27
1
87
27
3
32
104
51
37
26
12
41
1
14
27
166
25
32
55
27
38
77
129
18
101
76
26
50
30
4
22
177
27
83
41
80
61
23
53
114
10
125
24
1
3
97
3
49
30
137
1
96
78
15
67
126
12
26
27
135
10
59
63
113
31
55
20
73
5
33
102
47
25
27
5
9
56
10
29
2
25
28
10
5
28
70
132
31
7
1
75
83
72
48
119
83
9
9
26
33
20
79
7
2
68
31
39
3
27
55
43
22
91
95
13
161
86
26
60
9
81
81
14
40
27
4
14
5
48
61
49
120
61
3
1
139
15
19
62
28
29
11
12
25
17
43
87
66
16
83
32
40
35
6
76
134
7
21
24
135
18
27
78
42
22
26
15
26
5
48
84
92
11
51
96
40
40
41
84
29
50
52
39
54
101
26
87
42
51
97
28
131
18
38
111
32
121
3
7
35
62
10
45
32
146
31
26
8
98
15
1
66
66
38
3
102
66
72
36
3
9
26
6
39
59
45
68
91
77
143
54
175
93
131
64
67
59
49
7
103
29
141
71
44
14
38
11
157
2
99
22
8
32
18
101
1
35
46
56
146
14
11
113
50
2
25
22
30
75
145
130
3
62
56
34
4
28
14
57
12
6
13
91
104
23
11
9
45
72
98
78
64
68
115
9
34
2
104
27
19
35
24
8
27
85
33
34
33
1
139
30
108
5
63
18
19
26
25
109
3
2
112
87
98
1
96
21
65
90
33
55
75
153
5
51
57
90
19
119
36
8
2
65
69
37
8
44
80
99
98
7
103
21
20
120
80
1
18
9
106
35
32
79
24
11
26
6
38
152
1
22
40
34
51
38
14
10
15
102
102
70
40
3
67
5
95
26
1
2
143
196
58
15
12
12
71
49
63
1
26
17
80
19
4
182
82
1
9
14
11
7
58
40
1
172
19
4
13
102
80
41
4
16
1
48
35
2
44
1
99
14
52
4
100
54
16
137
34
134
33
50
21
174
168
21
141
1
20
151
68
142
27
39
17
101
71
173
28
18
9
91
50
1
86
79
45
3
16
38
40
19
15
13
131
69
23
17
102
17
89
2
36
136
18
105
162
122
1
26
10
78
96
154
20
13
106
19
40
105
47
2
26
174
86
97
112
7
22
30
53
35
83
28
196
63
21
25
50
126
99
38
39
1
5
82
47
63
134
98
61
52
128
8
71
38
18
10
68
138
51
70
27
3
89
7
75
72
16
70
72
7
72
60
7
31
156
42
110
50
155
99
60
41
20
4
36
71
25
66
59
42
97
25
45
140
22
67
2
125
57
26
36
97
8
62
12
154
155
31
79
158
104
28
31
111
31
54
35
148
55
7
83
96
1
180
84
72
102
4
117
67
9
43
76
110
36
120
3
20
3
13
70
75
27
94
34
20
6
98
16
11
13
27
67
90
32
5
6
24
58
17
54
104
69
16
12
36
36
57
72
23
126
3
122
3
111
12
30
94
35
10
73
5
45
114
7
85
49
161
12
24
41
87
11
57
40
31
62
23
59
6
38
10
30
78
136
12
44
12
71
100
36
89
189
16
23
172
10
4
15
56
36
58
128
32
13
131
5
155
97
15
1
13
28
14
11
143
3
27
49
90
165
17
47
2
47
39
27
1
95
26
42
79
1
149
52
160
2
15
57
19
7
139
64
102
10
107
45
1
25
2
19
27
152
51
96
99
1
61
22
106
172
12
33
14
10
7
3
79
80
33
120
12
100
13
24
44
163
41
65
32
19
9
2
36
32
32
23
40
12
2
31
46
158
73
108
16
89
76
29
78
114
10
6
28
21
1
3
72
131
65
109
6
107
35
38
26
19
18
5
8
71
4
56
121
4
18
98
124
1
11
44
1
60
2
88
38
65
11
37
117
15
14
14
55
95
8
1
1
158
87
18
30
110
78
8
136
139
85
61
135
58
75
3
1
90
141
86
2
16
17
45
29
45
74
17
66
25
59
13
116
33
146
89
22
4
78
34
1
3
4
14
120
26
51
6
46
39
46
32
38
121
46
1
30
21
26
39
117
111
36
15
12
19
83
21
16
14
93
23
13
4
13
63
21
6
3
8
1
42
79
42
149
8
13
28
17
13
44
24
10
28
5
10
5
24
36
4
26
138
65
88
11
49
95
71
6
161
4
88
7
31
5
82
10
7
188
1
167
76
46
54
3
137
52
25
8
148
82
99
39
22
93
7
7
108
39
37
13
5
25
20
15
173
121
33
2
37
45
98
104
27
158
22
34
34
12
10
47
86
14
10
30
37
34
95
30
3
18
123
27
99
28
8
71
55
14
134
10
36
25
8
27
65
1
15
28
64
11
167
30
69
85
1
22
38
23
27
88
46
40
7
17
65
38
100
169
39
94
50
75
15
25
18
33
52
12
23
30
6
115
113
43
32
30
5
1
34
41
26
36
10
54
73
85
30
58
38
29
30
26
102
3
1
83
35
18
79
31
140
29
22
167
188
108
3
10
38
148
3
12
40
2
6
26
15
109
36
18
14
1
83
14
2
16
3
8
130
122
46
109
72
88
47
89
66
14
69
11
22
46
127
102
1
51
29
1
35
1
16
40
21
22
53
73
14
84
57
18
76
1
34
3
48
25
46
76
75
19
21
74
68
87
87
66
5
86
92
16
9
135
5
32
26
33
64
35
123
52
19
68
115
11
103
9
48
44
38
10
32
154
70
11
37
77
21
97
50
73
168
15
99
2
50
176
6
1
46
107
23
27
7
44
44
2
1
33
30
129
180
1
49
41
10
56
48
45
183
20
31
91
51
83
161
81
1
66
97
20
21
31
39
43
21
38
1
11
3
55
13
40
179
5
71
58
60
73
5
35
15
23
9
1
5
15
11
13
12
25
19
43
151
131
38
5
2
56
53
14
4
38
48
63
93
5
171
72
21
162
91
9
29
34
130
51
14
16
1
76
19
37
10
159
114
5
24
69
26
12
36
23
2
126
3
51
109
87
69
19
69
36
3
4
95
38
2
30
96
79
52
165
45
10
1
63
58
21
8
15
1
14
20
1
38
105
15
43
158
114
5
2
22
4
57
20
24
40
15
14
12
43
84
36
30
1
2
48
44
62
109
62
81
3
50
10
122
35
52
6
88
30
17
18
104
61
50
82
168
5
1
7
42
110
36
70
10
11
19
62
37
82
16
78
14
1
78
7
15
52
3
7
67
3
5
26
4
3
13
1
67
33
78
36
76
31
42
5
71
51
35
27
1
40
40
33
47
33
3
79
125
147
9
46
88
131
110
18
27
12
26
144
61
1
22
141
125
5
180
2
111
48
95
75
71
12
34
44
40
12
1
196
101
9
11
2
7
86
76
53
33
8
15
74
15
81
113
14
8
84
37
27
61
41
31
34
13
45
6
119
25
48
33
114
2
18
46
86
31
94
15
59
1
55
192
7
131
41
109
30
77
77
55
45
18
15
88
41
180
53
13
90
9
20
9
63
65
8
76
31
55
2
107
94
93
5
33
20
74
15
78
10
46
149
91
88
22
158
4
27
19
172
54
46
49
111
68
47
68
3
17
8
67
3
30
63
90
2
73
96
194
123
23
8
141
22
67
23
21
61
19
119
46
15
170
154
4
25
162
1
41
67
10
105
106
16
110
109
88
37
11
178
37
89
2
78
7
99
67
6
114
42
12
145
6
139
6
30
18
113
37
34
5
1
3
13
4
21
108
15
3
10
2
135
3
108
42
123
8
95
87
52
14
106
42
8
20
53
8
8
4
1
75
175
7
104
26
99
12
9
67
5
16
96
3
34
57
19
82
98
16
1
15
23
40
37
31
68
111
38
40
30
1
36
8
3
1
8
130
16
17
5
27
42
5
61
33
90
43
40
25
31
58
32
14
67
19
19
27
5
3
94
18
63
54
21
39
96
155
35
41
16
59
135
47
26
59
48
34
110
67
22
11
8
46
155
83
14
77
65
27
33
3
76
104
8
62
33
17
128
8
66
45
88
63
29
26
15
116
31
31
171
10
37
33
106
24
17
16
11
29
9
62
17
122
38
58
48
18
14
127
56
124
87
132
143
30
68
132
53
19
124
31
40
21
6
112
39
16
16
4
31
169
86
2
16
47
96
11
96
26
8
63
46
30
1
73
104
1
50
9
75
79
7
44
9
60
140
33
38
56
46
51
61
4
86
9
11
16
178
27
104
102
115
8
19
5
4
49
5
9
17
7
7
57
131
136
62
14
141
28
110
109
116
57
130
25
77
52
158
90
28
20
20
161
1
18
46
13
4
63
99
51
114
28
44
3
88
32
3
5
14
57
27
2
20
13
4
1
95
36
78
19
24
25
126
129
150
163
64
48
50
3
9
4
152
5
51
40
131
6
16
65
1
47
159
74
1
31
146
132
100
71
176
12
121
9
93
97
47
63
19
52
38
24
81
51
8
79
40
10
115
19
121
2
57
79
20
19
59
2
81
140
1
1
63
12
18
58
9
135
119
6
1
17
143
11
68
1
55
1
25
53
2
35
88
112
19
137
10
5
44
25
31
91
78
21
4
174
2
30
17
105
88
44
12
58
15
6
29
68
122
20
90
49
18
41
69
15
126
132
63
15
9
114
34
4
123
14
10
8
35
98
27
43
5
19
100
97
21
186
41
15
30
102
59
32
3
94
29
29
70
19
8
122
8
129
21
17
22
34
12
78
164
63
41
112
171
11
77
44
77
6
7
109
65
6
52
4
25
48
24
25
14
6
107
54
170
122
100
2
46
6
42
25
73
11
8
6
119
4
82
68
3
68
81
15
44
33
62
52
15
33
19
41
60
118
78
128
47
71
41
117
47
6
17
20
152
9
6
156
102
3
24
18
102
101
11
26
85
3
47
7
2
16
139
110
31
12
57
50
6
137
64
7
17
21
13
100
82
10
43
48
48
128
66
44
24
111
2
11
3
9
28
93
2
138
35
110
19
1
10
52
2
23
103
9
44
147
32
38
1
6
51
26
187
5
125
60
40
29
70
5
37
130
83
5
25
114
10
42
50
52
7
83
79
68
5
22
181
39
12
32
96
46
150
18
144
26
101
129
6
33
13
187
138
24
35
47
56
29
140
1
54
82
25
53
124
69
2
74
5
87
27
62
87
43
42
66
25
34
1
75
21
98
166
121
110
73
21
66
46
172
10
51
79
19
39
26
129
122
135
20
1
54
12
158
31
8
1
92
53
9
12
10
38
44
6
168
24
25
25
13
23
188
66
91
81
76
1
7
149
23
18
118
130
9
27
31
61
86
52
47
41
179
102
26
9
24
37
27
73
25
1
29
2
8
91
32
103
81
23
50
7
84
134
84
2
2
2
53
104
15
118
75
19
123
64
116
103
6
17
18
15
116
44
28
93
18
46
31
2
13
21
18
31
35
69
7
58
46
117
167
15
47
70
164
62
28
40
89
19
1
12
5
156
83
6
89
10
15
70
26
83
9
10
71
125
16
33
6
33
1
1
2
83
11
40
36
42
7
97
1
59
114
114
76
34
1
104
65
152
44
109
8
1
71
7
99
68
33
117
18
39
6
47
14
79
2
74
3
1
4
14
122
57
12
17
48
19
16
6
20
152
48
6
36
107
28
114
5
12
1
88
63
156
79
5
3
110
17
97
64
46
162
40
7
5
42
73
10
26
18
33
31
89
6
46
47
101
11
9
77
30
27
25
32
28
83
30
72
2
30
4
23
6
130
1
49
20
30
64
35
109
17
7
18
21
2
94
40
37
50
39
15
47
125
49
23
69
144
53
1
98
90
21
3
70
9
25
148
140
68
167
82
26
25
27
118
3
1
10
51
100
47
3
134
81
7
66
161
11
5
39
77
52
75
38
23
189
45
24
9
185
133
39
7
2
23
157
17
114
71
29
7
77
2
80
60
14
24
135
26
59
68
129
17
40
61
181
36
17
10
57
1
44
28
50
162
76
138
8
1
159
139
5
6
16
5
97
33
41
102
94
27
97
55
35
1
1
9
7
35
94
56
8
9
29
31
23
8
3
19
61
17
87
21
2
4
22
37
145
77
36
32
22
6
117
17
68
43
13
163
83
14
6
50
33
118
133
7
11
64
64
67
75
68
57
78
66
45
25
16
21
198
68
62
69
57
52
53
2
17
110
76
4
48
64
4
17
6
65
93
15
120
4
96
160
16
10
46
99
23
110
2
31
18
78
51
55
1
4
21
108
74
14
1
61
40
3
132
29
130
101
24
22
80
155
130
29
87
47
31
113
93
14
2
163
76
11
27
88
37
36
115
24
12
29
22
107
131
5
28
134
40
109
16
10
146
41
66
60
153
7
55
152
1
121
95
128
87
16
50
39
46
118
38
40
49
5
34
11
11
38
81
63
59
10
42
3
74
44
17
63
78
23
37
3
7
58
158
44
10
141
161
17
37
9
11
66
99
42
45
54
72
69
17
141
12
84
59
79
1
128
43
110
132
3
66
15
103
89
42
21
45
38
107
4
52
17
7
25
73
34
59
9
39
76
36
15
183
11
81
126
69
10
62
1
26
42
38
72
1
60
37
50
20
8
115
18
64
134
31
11
20
76
14
5
99
43
4
155
134
129
31
11
76
72
77
10
14
62
54
21
6
44
90
72
58
84
6
41
14
89
164
34
6
29
161
16
32
47
84
43
25
5
85
73
5
6
70
99
113
28
30
10
2
83
120
1
8
23
115
23
10
80
22
17
3
2
183
92
12
27
9
49
28
95
10
19
29
34
15
139
59
12
20
123
8
61
130
133
3
4
151
19
15
47
75
7
86
53
56
68
92
137
12
76
79
104
80
42
135
44
36
1
11
1
155
8
9
67
88
41
19
4
67
19
24
67
52
68
2
122
10
81
55
25
128
140
1
79
58
63
46
173
12
41
51
118
26
55
128
88
48
15
7
26
41
1
61
2
115
2
27
195
23
7
13
22
51
1
41
15
156
126
17
159
6
52
3
42
27
146
12
47
11
46
64
35
10
115
26
87
38
48
78
27
74
2
173
3
28
118
8
74
18
93
19
16
5
25
18
26
68
81
15
4
87
4
102
22
145
126
29
2
29
5
12
8
70
45
17
8
125
1
85
14
11
44
20
1
12
21
21
4
10
127
22
22
35
130
52
12
61
11
29
2
77
16
43
7
48
12
99
14
24
55
80
1
2
88
29
7
1
36
67
86
74
133
98
147
74
2
2
5
12
11
15
22
3
145
91
92
20
8
12
32
41
27
41
75
27
122
7
101
52
35
51
23
39
20
7
11
78
7
25
25
48
21
90
76
92
141
65
43
40
41
95
2
61
47
43
160
59
14
62
84
22
37
166
71
27
133
6
59
27
99
39
2
98
29
109
29
153
25
55
9
8
13
55
85
33
7
72
12
30
20
40
21
4
120
43
49
66
3
19
16
43
31
83
20
13
91
63
20
43
32
2
18
27
3
69
85
39
25
2
31
27
3
79
4
61
35
136
112
51
2
130
84
2
19
21
20
45
59
92
5
65
16
7
80
12
7
43
45
19
61
130
83
34
7
35
26
55
4
21
14
11
53
78
121
62
49
7
46
105
39
71
16
27
14
14
16
127
176
17
4
12
36
13
3
58
50
69
52
166
4
96
6
55
72
46
20
16
12
64
37
6
78
16
17
28
45
2
80
5
84
19
2
75
102
56
29
2
14
3
178
1
12
48
79
5
116
29
82
100
15
2
28
54
11
10
28
139
1
1
126
101
65
114
12
112
8
17
3
18
112
2
115
3
144
2
163
101
8
1
8
88
58
49
10
19
76
33
21
18
14
71
7
8
23
107
123
62
42
33
58
65
5
24
104
40
111
11
49
10
129
43
112
27
4
21
1
35
19
20
13
66
85
55
84
5
31
10
37
67
5
14
85
35
46
73
23
50
8
42
54
10
65
96
8
3
59
75
12
53
84
58
1
7
77
14
149
61
115
15
19
127
137
103
49
88
32
153
49
16
6
9
79
43
115
53
5
116
73
60
1
51
24
159
131
11
118
105
30
25
2
156
75
10
64
6
51
45
6
113
40
124
66
32
13
59
3
74
13
72
10
36
12
1
5
31
37
117
24
52
66
91
15
56
4
101
11
46
67
53
2
95
15
61
12
32
26
17
48
74
169
45
46
28
40
89
7
170
33
10
152
79
29
100
73
19
60
73
28
2
133
13
66
143
22
13
2
47
71
61
23
15
78
1
61
19
13
1
4
43
31
7
26
138
63
18
49
13
1
21
24
28
7
63
77
28
15
31
30
4
37
15
169
2
36
66
115
101
71
29
2
112
23
37
27
67
15
37
1
57
3
57
67
39
50
60
145
77
125
26
132
34
11
44
11
6
19
10
155
14
108
45
9
45
103
40
153
3
61
51
4
118
133
28
61
6
7
28
26
9
22
63
27
56
73
35
62
85
118
48
63
58
8
46
123
98
103
64
183
94
25
47
21
39
30
52
17
166
19
82
42
2
91
65
74
5
16
60
160
16
22
112
34
107
37
163
12
112
91
45
67
3
1
155
114
69
12
8
24
73
141
7
11
45
6
2
18
27
5
21
8
59
133
139
6
170
63
43
81
6
53
10
80
1
3
44
90
28
17
87
1
87
102
4
42
67
12
106
17
91
1
23
20
53
14
70
133
31
39
41
83
169
18
29
89
3
22
72
131
102
178
19
17
16
32
13
99
57
68
1
20
16
87
34
22
26
7
10
70
30
12
73
85
84
82
102
30
16
5
66
2
62
34
32
11
188
64
48
16
39
97
161
144
99
82
18
52
149
134
89
16
9
25
23
10
82
37
57
5
86
104
96
113
95
8
102
46
23
52
72
16
27
77
2
16
18
73
55
23
1
1
114
12
129
5
8
35
48
56
1
12
27
149
18
50
70
107
42
38
37
29
126
28
61
154
11
24
8
33
61
20
34
4
1
95
47
3
1
89
63
79
24
25
94
27
8
88
14
1
23
20
16
46
36
2
6
47
37
111
126
38
30
17
141
2
47
28
52
16
33
91
50
19
18
25
1
85
39
35
54
54
90
22
19
29
6
34
106
66
56
33
98
11
55
159
13
8
33
23
15
33
2
12
23
48
47
35
1
114
71
23
77
57
130
17
8
15
159
66
123
159
1
46
101
16
101
81
11
22
109
6
3
66
30
137
15
78
119
57
16
107
27
67
50
108
17
4
23
18
137
11
64
23
30
49
140
1
6
49
30
48
86
7
10
90
5
138
55
76
36
29
10
6
44
119
48
1
2
38
16
6
13
36
10
18
43
46
77
72
14
6
50
115
71
44
73
25
80
55
3
83
3
10
19
98
32
31
47
78
46
33
38
14
20
21
68
5
20
22
59
168
31
30
5
105
15
49
73
104
2
18
110
69
20
122
43
23
47
18
55
11
10
40
95
7
19
31
15
37
125
71
88
17
53
27
32
8
65
5
68
4
104
13
4
45
36
27
25
18
50
72
114
42
7
1
35
32
83
8
1
3
141
73
33
17
108
29
12
7
30
82
130
14
31
20
18
37
20
2
6
45
40
34
13
25
33
104
21
136
22
25
12
128
76
1
77
9
1
2
14
4
47
19
24
143
27
46
3
15
73
159
111
31
57
3
108
29
48
20
1
173
30
124
12
15
150
7
66
34
70
52
4
118
52
1
7
14
105
36
65
12
1
23
4
49
56
36
36
1
8
48
7
54
43
72
3
19
64
66
11
81
22
93
22
71
4
59
13
7
54
162
21
77
34
17
121
42
15
11
118
47
12
90
17
90
16
78
126
45
75
3
21
7
104
119
17
11
4
26
39
24
44
22
1
36
21
48
14
19
126
79
2
59
