1000000 5000
90
41
38
13
142
9
2
1
88
21
62
34
3
68
31
155
55
55
101
83
22
103
7
19
80
140
46
20
69
129
18
11
37
76
4
5
9
22
132
176
70
40
7
36
33
20
5
57
22
70
20
39
7
24
14
103
34
8
144
108
13
57
114
21
35
112
135
29
76
59
103
155
80
6
81
73
44
31
87
29
32
64
67
38
46
42
110
63
49
40
64
25
97
1
34
31
53
45
78
10
3
80
85
2
6
18
56
53
84
29
33
129
129
45
9
24
18
51
154
113
22
70
46
58
33
1
75
39
10
59
7
149
8
2
55
85
16
64
2
35
100
7
26
3
37
96
64
100
82
74
24
6
9
2
30
51
1
101
65
72
168
104
122
49
28
48
123
13
80
89
30
88
57
4
37
110
47
90
15
76
30
51
13
143
118
31
83
80
3
8
149
27
1
18
90
84
68
34
74
42
196
74
27
95
17
16
161
14
34
8
136
88
81
129
58
47
182
20
116
22
25
48
40
40
94
58
9
8
58
24
48
28
125
78
26
4
23
12
86
119
35
110
16
60
37
25
2
51
52
73
1
1
102
23
3
127
25
67
1
10
112
144
66
56
2
78
6
41
11
59
16
21
74
1
154
26
50
19
20
13
25
25
17
97
40
5
37
31
29
2
112
2
40
18
10
3
8
88
13
27
25
142
16
9
15
21
152
3
24
33
32
79
6
94
36
2
96
18
61
108
55
13
15
181
33
102
53
33
29
14
54
1
7
43
20
110
26
183
108
41
21
10
26
35
114
14
139
6
1
8
50
6
12
61
1
46
125
85
40
7
47
104
102
137
186
131
87
37
2
60
93
86
32
1
26
47
4
68
39
21
9
9
12
11
25
9
28
51
7
9
18
108
18
12
155
127
44
47
9
69
11
42
54
12
11
25
27
26
1
73
6
52
104
105
13
33
58
10
9
56
1
5
76
105
17
2
53
8
13
6
6
14
21
80
116
80
3
2
124
57
49
1
187
34
54
100
134
19
39
10
41
39
4
46
5
24
105
7
58
86
41
37
114
32
151
5
44
28
2
74
38
18
87
77
168
2
14
22
17
168
123
41
42
72
7
3
23
117
19
140
18
112
56
13
68
145
5
25
6
17
20
26
1
50
8
37
127
17
46
5
18
184
30
30
51
4
66
15
180
56
22
147
177
23
45
35
22
29
44
7
126
30
17
54
4
10
4
14
24
52
56
31
32
57
7
36
8
52
28
29
27
52
16
150
76
103
11
93
111
36
43
80
117
12
5
110
137
69
12
52
31
143
63
31
12
71
84
5
1
28
133
5
9
7
143
74
140
72
117
3
22
123
63
41
85
7
23
8
1
24
41
76
3
62
5
20
18
154
11
42
9
27
18
15
108
15
110
102
9
10
65
4
47
4
68
35
26
24
54
72
4
10
49
4
4
13
47
74
52
97
88
143
1
164
140
127
2
33
4
14
124
26
22
156
10
57
12
6
8
1
36
42
154
3
154
81
24
18
27
26
95
59
26
10
159
47
112
125
5
72
65
38
45
3
160
6
10
31
31
5
46
3
101
11
19
46
58
5
56
11
60
9
46
39
7
28
44
10
6
10
25
93
12
1
3
10
82
76
4
25
91
35
78
11
72
55
122
39
124
9
4
22
137
37
32
27
32
37
3
30
85
72
80
3
22
3
155
108
76
29
51
88
64
1
189
51
142
58
21
88
177
32
77
66
54
83
8
19
135
12
136
33
3
13
108
18
18
91
3
16
35
30
2
28
84
18
86
8
20
42
18
23
49
1
3
120
55
7
43
113
49
102
108
51
46
65
2
35
11
121
120
126
157
1
1
118
116
6
126
100
109
23
59
27
26
29
86
78
1
73
22
42
59
2
10
2
3
2
36
11
35
101
67
33
8
89
128
16
5
100
35
56
49
2
46
20
31
16
57
67
34
33
46
4
73
90
1
1
97
105
130
4
110
22
54
10
10
56
90
60
48
71
38
36
51
12
106
55
4
9
1
37
99
7
41
26
13
24
35
3
59
6
2
2
73
9
149
55
37
134
7
28
119
5
2
29
27
43
124
56
119
139
1
26
14
13
118
40
38
54
144
132
18
51
17
148
134
6
48
131
15
61
53
25
93
14
71
20
1
104
72
31
152
144
112
1
43
84
34
23
129
15
6
55
103
4
38
26
55
2
18
29
37
26
66
38
22
54
78
31
108
98
81
73
55
41
18
18
28
80
39
14
25
42
25
29
30
70
36
86
87
10
19
48
33
65
31
1
2
15
134
89
52
34
2
5
10
12
45
91
20
149
39
70
35
26
46
73
67
21
87
72
27
1
67
7
14
31
11
60
99
70
26
95
8
50
19
77
2
7
18
71
13
119
11
27
94
32
70
147
65
3
100
46
44
5
78
63
29
32
132
8
150
115
46
99
154
2
33
75
34
1
74
21
24
137
84
62
7
16
4
34
52
124
61
29
48
120
81
32
5
53
43
34
32
57
55
78
56
21
19
127
115
3
30
62
83
6
50
1
80
5
8
4
86
51
61
24
104
41
40
133
103
71
178
6
130
14
44
24
44
14
42
49
79
16
13
32
104
67
43
17
4
9
7
13
129
11
11
13
51
14
14
9
53
59
90
63
40
83
65
15
22
63
35
125
127
58
25
55
1
53
76
29
25
111
21
44
56
57
17
56
4
35
17
52
130
87
14
79
32
115
40
5
80
127
59
43
3
2
29
127
129
155
15
116
100
60
63
7
1
45
42
39
32
85
33
4
12
96
61
90
12
42
9
44
95
15
1
13
23
118
11
7
20
57
61
18
126
75
45
15
112
61
12
86
84
3
39
19
100
73
52
135
10
35
84
74
44
116
180
30
2
66
21
72
1
8
69
85
76
153
17
73
36
67
113
138
6
40
68
74
118
22
94
113
2
15
151
32
63
3
6
2
58
20
25
160
9
104
45
17
36
18
29
42
1
48
23
13
13
109
26
30
81
28
11
101
30
13
35
63
131
53
56
27
1
71
14
55
61
1
5
25
115
34
9
13
39
11
11
91
71
78
48
80
35
5
81
30
128
35
17
9
82
65
118
55
117
75
128
94
6
6
11
50
91
8
90
24
10
56
46
13
4
59
128
31
28
42
72
74
3
36
31
73
55
43
76
12
74
82
30
42
160
44
32
38
46
2
112
165
174
113
23
129
91
179
10
149
27
44
28
16
112
112
98
50
28
6
11
26
32
15
44
10
23
86
25
64
17
140
34
12
12
61
4
12
3
4
40
1
58
5
116
25
64
32
57
98
48
92
22
112
35
2
5
21
17
59
71
3
117
86
26
23
5
1
98
15
54
3
2
13
106
12
14
75
59
57
11
123
1
106
56
8
20
149
59
148
110
9
92
25
14
27
114
3
19
25
1
3
147
44
25
57
40
38
33
14
23
86
5
21
14
57
1
105
57
1
105
66
24
19
9
55
67
22
88
8
23
49
12
9
23
160
88
8
40
16
5
6
16
157
103
12
59
38
90
100
8
2
7
25
4
25
2
57
18
118
29
101
131
20
69
150
63
99
17
100
47
32
167
8
38
65
7
58
7
3
20
7
44
49
37
191
82
19
80
49
134
54
22
42
19
28
36
36
43
8
3
61
5
9
1
108
32
92
83
75
20
15
88
30
11
14
95
39
35
56
130
139
71
26
150
3
77
44
1
60
101
28
116
23
20
5
12
13
41
41
8
6
49
5
1
118
39
21
7
1
23
26
3
51
89
53
85
165
6
162
58
62
52
2
57
158
23
6
4
128
72
97
19
170
97
50
13
24
93
135
27
70
17
5
26
51
77
128
13
42
56
1
8
9
23
68
26
110
117
19
133
47
165
33
50
62
4
89
56
18
104
7
36
21
81
4
2
37
170
52
24
126
36
126
34
1
73
50
79
16
52
24
158
85
104
88
15
54
47
20
149
36
40
109
5
69
20
68
7
1
21
10
39
106
30
63
62
15
23
113
86
7
33
11
20
131
136
29
26
67
29
41
11
10
172
54
118
14
96
17
1
190
2
127
9
72
44
122
22
54
100
54
136
72
124
38
55
39
1
48
67
19
10
18
28
87
84
10
4
31
45
9
117
43
8
7
98
36
144
37
126
4
1
75
1
2
17
13
4
49
1
65
66
177
157
23
1
93
52
68
115
19
1
5
78
10
28
24
26
10
39
30
3
8
36
83
84
40
147
26
6
115
36
12
7
11
22
2
57
58
51
38
28
138
76
3
109
100
11
16
16
56
17
7
38
46
15
130
8
176
92
99
56
99
156
121
86
7
98
180
27
74
147
148
50
150
46
6
18
48
137
66
100
133
117
30
44
7
3
16
93
7
60
107
2
16
2
159
2
104
9
69
7
2
75
63
4
63
15
13
8
86
2
65
88
110
77
4
9
74
50
4
79
78
2
40
46
53
22
102
22
9
28
17
88
86
1
7
18
2
4
118
76
88
60
37
84
94
113
99
1
109
59
9
136
66
62
17
125
22
61
15
29
15
45
65
83
99
6
109
14
12
40
88
59
6
8
63
14
67
13
13
53
34
77
21
74
57
16
63
123
18
2
51
48
1
78
118
70
32
45
1
3
26
156
12
17
50
79
85
31
26
56
47
29
11
95
30
23
103
114
39
128
95
21
12
118
19
48
18
62
2
24
117
31
112
33
17
122
43
15
53
4
4
1
56
4
60
97
42
15
1
34
143
2
13
102
29
28
57
58
73
38
11
9
84
104
6
91
4
3
76
73
29
9
195
93
77
28
32
104
42
31
122
25
2
123
3
39
43
34
53
73
51
86
47
3
48
98
7
97
20
10
72
9
46
18
2
5
70
9
98
4
42
5
18
2
18
121
5
25
49
6
95
7
165
15
117
63
154
45
1
19
5
30
32
44
97
50
2
86
46
113
91
5
1
175
121
1
66
8
27
70
41
3
28
83
39
170
26
56
44
191
17
11
23
7
45
19
99
32
46
63
4
9
50
66
143
48
80
119
13
72
1
1
4
66
50
83
20
34
18
20
94
6
17
4
42
81
24
26
32
5
17
48
37
6
18
30
26
94
21
23
3
91
35
18
184
50
48
5
95
87
5
55
21
69
33
3
34
12
64
62
24
9
2
58
17
35
8
151
1
6
21
133
2
85
47
19
6
64
60
32
17
43
84
6
26
5
134
15
6
68
1
23
93
39
4
1
14
36
96
4
1
18
9
118
51
128
31
3
34
170
155
75
23
131
20
54
31
23
121
17
53
49
62
65
11
12
88
136
41
141
37
13
8
34
154
175
143
40
22
45
24
26
18
86
150
64
29
55
72
110
17
37
48
1
19
105
54
68
43
26
19
37
6
45
54
29
11
8
30
2
10
1
39
168
52
31
7
14
8
1
6
134
96
10
11
27
92
32
60
76
85
177
106
92
50
11
46
4
67
60
155
32
99
113
116
56
50
33
68
160
19
76
175
50
86
78
1
47
11
1
14
47
32
67
59
33
29
13
112
38
64
1
50
58
7
117
106
142
19
114
67
57
95
55
7
7
73
17
54
59
4
3
38
47
7
31
6
120
46
43
11
18
1
8
42
51
31
148
97
40
119
4
13
19
41
60
131
24
11
2
81
3
108
17
65
32
7
179
93
146
124
30
18
109
16
26
92
3
1
5
10
6
107
22
26
24
60
4
54
120
58
11
88
51
16
160
45
34
15
31
65
45
6
27
50
151
123
9
13
128
3
93
12
63
83
21
30
75
35
14
18
38
14
95
1
15
143
43
67
5
23
79
63
26
38
5
58
100
5
113
129
20
3
14
29
55
109
6
24
24
156
4
1
74
140
3
22
17
2
154
41
54
6
64
12
83
23
8
67
20
40
33
81
27
3
85
7
95
42
17
18
120
1
1
16
89
53
10
54
68
180
17
60
15
14
131
182
58
27
14
102
30
22
4
1
39
23
42
44
73
50
67
20
134
9
196
18
14
59
32
7
82
60
71
19
159
13
44
11
53
42
80
7
41
48
10
80
14
80
119
2
136
10
111
21
69
33
21
53
109
59
14
79
23
60
107
138
31
1
32
59
149
6
5
72
12
72
5
36
11
103
23
37
13
18
23
7
21
58
50
7
36
1
68
162
19
98
94
102
35
44
68
10
111
9
59
11
84
77
15
90
12
2
89
64
28
38
132
90
41
6
1
16
17
20
56
53
35
161
61
46
65
16
66
13
172
168
12
16
10
133
37
82
4
33
26
153
41
71
56
97
87
6
79
18
57
119
81
72
96
5
106
2
21
12
55
27
11
57
16
32
42
62
45
186
87
21
84
43
159
1
33
30
115
32
18
97
36
16
32
3
6
36
87
61
1
2
77
83
105
25
20
116
93
9
38
61
47
166
34
71
56
11
179
46
12
19
65
43
1
9
107
4
81
112
7
143
18
54
24
21
80
123
40
33
17
91
146
147
172
69
38
84
17
4
26
19
19
11
74
65
49
48
32
45
31
15
10
124
5
44
47
53
115
78
78
42
47
42
67
74
96
6
85
7
33
80
26
166
6
44
123
122
7
170
16
137
119
124
17
25
4
27
68
76
26
160
94
121
3
27
3
2
65
59
22
55
46
126
4
107
155
23
4
96
105
36
39
109
4
85
9
5
59
15
10
84
74
94
92
74
22
12
49
14
114
5
19
26
40
37
6
52
6
117
10
22
126
28
10
20
62
40
33
59
81
9
63
41
128
39
37
35
147
128
103
1
89
140
72
37
39
27
55
50
56
46
4
154
118
62
116
20
79
78
102
165
44
16
17
15
23
142
1
5
89
2
99
66
27
46
28
86
37
17
3
2
1
96
1
29
1
2
8
123
179
100
18
139
4
42
13
55
80
1
132
12
134
131
20
69
77
3
6
46
27
4
53
77
3
3
41
20
78
140
18
26
80
106
115
20
6
20
27
95
15
38
58
29
9
62
43
48
11
111
51
3
65
30
78
35
8
36
25
105
17
46
90
189
2
91
2
69
68
4
9
55
35
149
16
133
12
53
44
12
80
154
32
112
89
28
18
4
27
44
6
21
90
93
163
86
43
88
103
24
43
28
15
106
6
1
23
1
65
4
2
66
30
98
43
6
57
12
49
74
101
23
54
9
8
134
13
141
59
61
19
21
43
61
37
3
55
163
25
125
20
105
118
57
89
144
65
147
62
23
18
25
3
48
75
111
8
107
35
80
22
16
97
61
31
11
83
2
127
113
32
37
139
12
45
22
84
43
59
23
138
63
11
89
54
7
72
167
11
4
104
107
43
92
20
101
26
69
10
50
172
86
137
8
21
30
5
140
20
22
59
2
42
5
141
63
40
102
56
38
53
72
63
11
166
33
79
4
50
118
56
45
15
131
12
99
88
4
57
2
22
20
54
134
50
77
16
18
82
47
56
38
29
26
57
84
10
145
65
127
29
13
101
18
57
75
19
96
7
28
103
9
40
8
50
1
88
31
86
9
58
1
55
92
51
80
73
57
10
32
80
137
74
5
17
99
14
6
168
25
9
3
113
13
55
1
24
18
12
12
53
184
127
30
26
2
31
15
26
27
42
2
31
7
9
147
57
47
12
12
12
2
48
108
13
4
60
21
7
123
21
21
47
54
4
27
34
3
113
6
77
59
76
85
80
18
23
22
14
5
36
49
133
26
9
7
13
53
28
9
159
115
9
5
2
52
3
109
5
81
133
1
3
110
27
14
141
5
43
2
4
107
45
31
127
45
15
112
87
67
67
54
43
9
27
66
24
6
46
1
21
62
151
30
10
191
54
14
38
76
119
32
74
22
50
101
18
28
129
49
27
3
33
33
3
4
4
18
99
29
102
2
1
79
60
17
52
36
62
19
1
17
65
125
70
1
2
81
122
104
84
38
31
30
91
9
37
84
18
27
9
60
39
26
102
18
3
43
41
8
31
10
46
15
57
36
61
8
41
29
156
1
76
2
2
17
142
4
101
17
7
5
56
54
56
17
40
19
12
76
40
75
87
166
48
29
59
62
91
50
11
71
138
15
26
158
37
10
6
72
12
7
22
56
92
43
130
117
113
13
54
15
117
13
159
158
9
53
9
77
97
38
66
137
90
50
27
5
151
6
51
41
6
27
52
97
32
2
4
52
36
33
67
107
10
126
55
52
57
41
30
9
15
73
44
3
2
22
100
34
73
81
82
78
2
29
79
147
102
1
28
7
64
19
28
14
18
98
62
13
68
74
53
14
3
79
22
21
3
18
87
39
72
146
2
5
63
14
49
1
23
10
4
2
151
9
39
3
36
37
2
81
12
12
33
1
44
100
32
97
64
79
29
21
75
7
72
100
56
2
79
50
6
33
2
114
32
9
102
1
99
23
114
129
92
65
36
8
1
41
33
164
112
17
141
59
18
12
55
46
184
12
99
120
6
1
116
45
12
6
12
31
4
142
23
78
76
25
9
71
34
2
3
7
48
32
156
62
4
7
49
29
52
142
26
85
8
74
110
36
6
52
45
16
27
66
53
39
29
28
7
15
127
10
21
25
67
71
60
15
34
64
71
112
74
31
12
31
8
8
64
68
57
12
130
49
100
2
80
77
30
108
5
62
35
116
2
37
8
81
22
30
12
8
56
11
14
26
21
98
16
12
12
8
41
30
24
188
5
25
11
74
18
26
4
21
120
123
88
106
154
42
27
52
5
115
49
3
110
45
7
15
19
14
19
62
144
12
49
28
9
3
35
34
23
71
17
17
7
26
42
153
82
146
25
14
39
3
6
18
8
43
15
105
48
76
51
56
53
135
42
75
3
14
7
24
5
78
4
43
39
131
21
1
44
31
47
35
82
120
39
13
49
109
60
29
103
64
68
7
78
8
74
7
11
6
36
19
5
6
14
31
105
51
82
3
139
16
29
6
115
3
71
7
1
78
19
63
16
27
2
33
37
7
84
125
57
95
4
98
62
123
152
2
26
93
24
17
30
94
1
47
48
25
7
32
5
17
15
21
6
77
48
32
30
165
1
144
100
2
134
10
7
21
68
5
129
12
24
32
20
37
141
7
107
21
29
42
15
55
1
44
4
123
50
36
89
26
42
14
98
105
24
123
4
85
27
18
153
118
47
26
1
1
60
58
24
116
21
7
14
27
142
160
24
90
44
38
4
68
22
22
53
58
100
161
4
77
5
13
6
118
2
1
41
5
14
130
34
12
109
37
105
1
18
5
28
115
23
6
134
96
3
12
82
96
40
16
23
10
13
5
50
31
60
37
14
97
26
101
54
35
67
28
104
35
16
23
34
30
59
55
13
17
21
1
87
26
120
17
9
39
57
38
39
1
8
10
1
4
62
1
80
115
3
21
1
23
108
21
54
122
35
99
1
51
56
104
12
17
8
46
3
8
29
7
28
24
166
25
2
127
32
48
28
20
82
93
1
22
82
119
21
16
21
76
152
55
4
5
47
4
42
5
167
43
69
6
88
61
2
41
13
63
120
14
87
125
24
71
9
65
68
3
167
119
1
77
64
127
24
22
14
11
87
103
65
16
44
25
22
26
22
97
100
24
81
64
17
134
5
8
106
41
7
136
50
12
17
97
33
27
48
2
55
54
4
19
95
38
4
7
63
107
102
60
39
169
57
26
14
141
35
194
119
17
28
5
96
11
26
22
76
2
85
8
43
67
21
31
152
47
35
64
24
64
81
1
5
22
2
13
53
39
3
77
7
51
177
106
7
78
47
49
9
77
2
78
42
17
142
61
38
69
67
2
121
148
154
158
137
54
23
5
16
1
24
90
150
20
41
37
20
30
80
52
5
12
26
129
1
79
75
8
16
24
21
35
103
17
33
9
10
46
160
12
6
52
13
55
10
28
63
115
2
32
5
38
73
25
9
72
1
101
60
25
59
27
35
126
17
1
27
99
29
11
86
16
16
110
53
20
3
122
129
89
30
30
19
61
170
23
3
24
182
63
63
160
1
74
44
80
26
16
16
121
19
22
110
12
13
26
112
36
16
18
5
70
46
11
64
134
92
42
26
122
124
45
2
55
52
7
44
7
48
37
94
2
67
167
109
1
2
152
17
67
15
14
6
16
52
42
54
53
19
6
9
6
81
94
38
1
66
14
102
10
34
46
106
1
17
77
5
25
139
105
50
89
13
35
50
51
4
29
40
31
39
10
44
21
58
31
106
26
41
66
1
1
141
43
76
12
6
115
53
41
63
64
2
124
113
102
117
34
30
13
21
18
12
2
141
9
147
100
27
45
51
24
27
42
75
20
3
43
87
13
142
11
14
143
42
4
9
44
20
7
9
18
80
117
54
12
40
1
3
84
34
10
87
57
9
169
26
81
45
17
41
121
66
23
114
25
77
11
141
34
54
96
82
56
20
19
37
42
22
31
2
49
165
9
88
41
66
18
29
103
158
3
14
14
94
142
154
44
15
1
45
40
16
54
102
2
6
51
34
96
19
35
72
28
19
23
19
57
12
27
8
32
9
7
60
129
79
10
42
12
11
25
34
13
11
14
22
1
21
67
29
120
52
46
9
15
4
75
110
17
27
6
5
14
38
11
8
4
43
83
83
17
3
126
169
15
69
2
24
93
189
9
6
22
12
5
1
98
24
100
15
18
21
4
79
33
47
14
24
177
104
92
66
102
27
63
30
172
68
14
57
190
32
122
11
51
25
168
2
56
35
12
32
103
20
23
156
49
110
2
80
6
18
5
36
3
133
54
114
11
10
5
44
139
28
87
28
20
44
10
9
15
100
11
4
50
6
22
146
92
51
1
17
7
18
8
8
10
13
47
105
68
88
29
25
59
6
23
79
116
128
37
19
115
2
25
53
74
95
36
1
9
15
25
14
25
21
132
55
2
43
52
7
108
33
24
11
90
60
3
74
56
18
8
61
139
2
67
36
38
17
68
14
24
66
28
71
77
10
59
144
17
61
70
79
17
14
4
103
79
63
3
6
68
51
12
2
3
174
44
26
65
10
2
7
69
65
13
56
5
11
59
57
55
102
92
8
54
36
123
108
60
54
31
61
9
60
91
108
28
129
2
12
34
64
5
8
106
2
32
53
29
43
78
21
61
141
32
77
92
17
19
24
99
162
138
35
25
148
15
143
32
76
68
45
21
21
22
101
147
31
10
52
54
54
25
111
41
121
57
38
55
2
55
150
34
101
40
40
33
34
29
33
106
63
43
112
5
42
6
104
82
1
70
36
31
3
14
50
54
110
12
23
59
111
12
33
1
100
21
134
29
62
98
10
53
90
70
35
50
36
65
37
60
7
92
