1000000 5000
1
32
30
42
20
22
8
58
126
14
116
124
74
64
82
19
82
77
11
5
9
30
32
35
10
16
43
1
41
30
18
56
14
29
40
69
151
37
72
41
7
47
25
123
59
120
47
51
31
50
96
12
47
27
3
23
66
61
34
58
28
4
2
129
24
125
2
149
40
28
99
46
187
67
78
80
27
20
48
37
60
60
2
21
48
133
4
108
8
3
4
176
18
68
88
70
36
19
7
63
158
19
82
84
23
13
122
3
2
2
10
8
112
2
29
7
129
88
64
11
23
14
44
11
35
2
23
142
9
172
11
4
139
81
8
1
30
4
4
1
21
58
12
47
2
120
6
125
12
77
7
81
80
38
46
107
79
31
4
55
12
21
97
37
62
10
2
126
120
10
2
81
26
14
93
69
170
8
49
17
40
20
43
70
19
18
15
39
6
57
104
75
3
74
75
9
40
177
121
85
10
28
7
58
68
10
8
7
124
31
106
125
1
3
96
12
80
19
74
104
31
69
39
77
68
22
38
65
4
60
26
43
80
33
148
123
62
4
10
28
90
36
86
67
36
26
35
87
28
88
61
4
181
37
1
6
2
156
25
31
78
25
49
30
105
46
9
4
90
23
51
58
73
133
8
14
80
147
89
68
136
110
84
81
68
21
18
138
36
1
13
39
2
1
46
9
34
23
4
121
47
28
6
4
163
55
167
37
56
3
103
17
101
16
147
88
4
124
54
55
107
43
2
35
26
22
57
28
29
93
55
21
31
41
48
120
28
102
85
36
30
54
140
22
30
17
8
26
86
84
67
115
23
76
112
1
89
6
3
53
74
16
80
157
43
53
14
66
5
15
49
12
51
51
19
53
6
81
4
20
32
46
1
29
121
12
65
7
99
1
36
35
33
8
21
2
42
36
5
70
108
36
11
161
63
83
6
65
108
10
32
67
133
136
77
3
19
111
60
16
35
100
6
46
7
139
50
193
38
160
21
37
152
3
53
7
98
10
107
3
148
113
17
41
42
27
100
23
90
15
78
16
80
24
39
4
65
66
32
160
20
9
34
12
12
71
78
32
29
15
2
63
28
119
35
17
14
11
21
76
55
169
28
94
68
13
28
37
113
45
81
131
30
6
7
23
118
137
49
39
52
106
85
34
14
44
30
88
1
6
48
104
18
83
116
40
26
93
69
24
145
28
26
91
27
61
14
130
57
1
60
59
29
9
4
32
71
95
67
2
5
18
112
2
65
69
45
114
119
1
127
4
10
21
113
10
74
57
19
128
46
4
44
114
6
29
73
85
30
93
140
43
24
102
40
90
34
7
36
15
4
3
63
128
39
16
43
19
46
63
45
139
172
1
32
35
59
15
82
14
65
12
12
31
12
2
10
125
67
1
11
96
69
117
69
44
60
96
12
94
30
101
69
99
111
127
89
82
7
61
35
21
62
21
152
28
22
13
8
16
77
137
39
26
72
84
85
44
6
13
5
9
40
72
70
73
19
58
17
143
26
37
9
103
29
9
24
68
10
5
66
34
1
66
113
64
13
50
54
87
34
4
42
136
6
94
80
65
89
35
27
15
37
30
3
9
1
110
12
135
10
144
65
74
5
11
157
58
8
69
14
28
22
47
81
82
93
91
76
96
89
37
1
27
62
42
20
119
26
8
21
33
38
17
6
44
9
48
1
71
99
43
17
45
1
45
122
71
127
5
6
89
14
113
46
6
21
6
43
41
41
1
120
4
75
83
2
16
20
12
13
146
17
7
32
19
24
27
19
24
39
20
40
62
6
51
66
10
83
27
35
160
32
69
143
44
112
77
15
116
44
128
155
17
3
105
25
31
21
120
175
1
159
102
33
63
126
67
95
45
46
22
28
67
31
65
71
114
21
12
12
25
21
88
11
135
109
12
81
25
129
1
81
13
64
150
46
155
99
84
82
155
123
11
18
66
66
19
5
45
47
56
120
76
91
93
3
21
14
8
1
63
9
62
36
25
44
81
55
48
31
107
85
58
125
3
94
102
84
40
100
2
22
20
138
10
12
41
6
154
1
35
21
51
120
108
15
6
16
28
126
176
162
69
28
13
134
39
3
25
79
57
23
10
10
51
22
16
33
17
13
153
43
24
37
115
10
32
72
120
40
2
23
14
56
15
106
19
21
145
5
21
42
1
10
110
131
46
20
16
45
14
80
78
10
57
23
37
53
5
102
75
49
88
128
24
15
35
113
134
1
4
89
37
8
11
28
69
35
6
2
5
6
30
128
123
6
47
65
18
6
77
112
22
12
65
23
121
27
53
75
78
104
39
77
20
42
127
48
92
15
28
82
157
21
123
10
49
27
14
6
8
63
14
18
20
18
23
27
13
78
93
115
36
118
11
164
38
60
5
2
28
57
15
58
66
30
80
68
47
19
52
175
67
2
2
80
94
3
7
68
145
27
69
115
105
109
24
52
26
18
51
91
51
17
20
55
6
102
11
139
35
169
125
72
32
56
44
20
6
127
169
75
8
2
11
89
2
29
68
29
122
78
33
168
80
119
18
21
51
9
5
5
6
1
9
16
40
58
39
114
14
47
50
61
14
8
124
147
10
35
41
11
19
3
41
83
11
21
11
39
1
19
32
75
138
29
102
39
75
19
86
12
1
9
33
94
149
45
152
1
37
8
10
4
24
96
3
79
83
2
4
48
15
4
92
20
134
44
52
116
105
31
73
71
93
2
24
79
76
121
94
109
27
11
24
4
102
87
39
10
61
32
152
20
22
69
42
111
70
59
15
152
19
4
34
23
23
5
75
13
4
58
72
37
38
51
74
33
11
82
51
16
31
2
105
112
7
120
115
54
40
54
28
3
92
61
8
61
90
73
107
8
89
80
2
11
133
4
72
133
131
89
32
49
18
51
34
114
9
48
73
15
134
131
1
2
48
10
84
49
5
89
28
5
79
51
9
134
22
23
95
65
55
3
17
6
3
15
13
56
22
45
15
34
57
12
99
8
15
25
1
11
5
25
69
71
160
159
3
19
54
16
25
13
61
58
63
24
64
23
188
5
116
121
39
81
154
105
18
51
3
2
47
54
58
83
125
60
4
191
115
57
92
10
2
7
2
14
31
66
71
11
102
130
122
5
57
114
10
9
71
12
143
14
67
29
62
23
28
31
6
11
35
49
71
74
29
6
157
55
151
43
10
2
54
26
24
18
6
22
35
37
13
71
126
83
22
151
124
34
84
73
24
5
117
4
32
80
60
82
3
75
73
13
49
19
171
64
72
45
73
8
41
5
2
29
138
72
5
8
27
21
45
27
16
107
9
22
12
61
114
52
163
12
47
1
3
32
38
45
32
125
127
6
75
38
24
23
45
12
161
15
14
19
87
69
5
2
74
63
6
62
36
5
25
71
53
20
60
32
40
39
129
87
4
20
26
175
1
20
2
64
14
27
97
105
5
47
2
97
18
115
108
3
72
20
129
32
31
104
109
9
87
8
18
15
1
69
11
91
22
52
27
97
48
16
184
44
40
9
59
35
35
64
80
5
109
26
126
26
84
48
43
7
4
91
5
131
5
51
95
40
30
4
128
2
25
98
1
42
4
24
52
165
53
5
5
58
64
3
102
64
61
67
14
22
1
8
111
28
110
17
5
27
14
8
73
46
32
10
38
114
7
42
20
30
53
6
44
88
30
81
38
82
8
51
6
2
5
14
34
60
140
92
8
127
12
70
37
60
141
109
19
137
60
49
4
9
82
2
4
26
21
12
3
7
163
71
9
63
3
27
39
123
63
78
140
4
98
26
110
35
35
13
81
30
1
38
70
112
107
52
4
17
7
43
2
91
51
112
48
97
150
119
23
71
2
71
9
16
12
39
145
49
1
51
106
71
9
8
23
22
3
77
33
101
8
52
17
69
9
69
33
7
24
48
24
2
13
49
155
5
2
1
157
39
86
69
94
10
10
162
2
12
52
2
20
3
107
165
2
4
46
36
32
20
19
3
158
42
43
28
177
5
109
101
61
48
30
107
48
157
35
62
35
3
45
22
114
5
56
63
41
14
6
56
123
126
156
9
8
125
2
7
130
1
117
20
12
40
99
83
37
118
33
93
25
16
55
3
55
18
17
69
20
42
14
9
6
18
1
68
76
2
1
8
21
97
4
1
2
64
3
16
44
18
69
24
131
26
5
4
103
86
86
38
69
18
181
78
15
30
88
25
18
16
31
8
33
19
190
81
4
16
1
1
22
14
12
14
136
6
126
43
49
94
75
176
119
102
1
52
116
21
53
1
74
123
39
27
108
185
6
1
36
92
2
27
70
7
27
114
11
128
13
29
89
132
62
60
98
88
41
81
51
109
15
49
7
13
11
68
188
23
16
54
15
107
77
91
46
59
85
106
1
6
54
122
124
42
53
136
2
14
32
24
80
52
18
13
31
3
57
57
64
3
11
13
60
7
45
67
159
48
10
41
107
40
110
24
24
60
1
92
102
55
113
45
164
55
6
100
65
61
93
72
9
35
1
89
1
22
81
24
55
103
93
23
123
13
47
43
25
62
49
43
57
37
47
22
39
165
35
3
1
14
41
16
7
27
24
76
122
18
13
40
41
67
3
5
38
4
25
101
42
89
104
26
51
114
103
26
38
80
66
9
4
1
66
25
132
152
33
12
6
3
94
24
28
5
54
171
7
32
79
127
5
34
56
3
2
58
10
112
147
65
86
1
141
6
126
86
83
11
10
4
93
70
50
5
119
23
5
12
167
35
189
28
9
35
3
78
8
49
40
48
94
48
43
8
102
38
77
49
83
30
98
14
4
5
28
30
18
28
102
6
30
117
92
11
122
11
39
73
69
23
7
16
29
2
7
166
55
10
2
19
142
129
132
8
23
159
19
19
1
4
140
22
16
22
106
22
4
4
28
11
28
14
1
4
9
79
80
27
108
148
9
11
6
22
23
89
8
146
49
150
165
117
111
98
65
97
23
19
14
1
60
20
21
23
64
16
78
4
97
12
67
24
1
17
35
115
2
18
16
11
26
67
23
35
69
1
19
139
93
25
2
5
7
12
89
19
51
10
5
44
2
2
143
5
66
62
19
17
4
8
3
18
10
46
56
27
3
72
118
5
17
70
54
6
5
21
123
23
174
39
60
8
39
7
84
43
108
3
115
98
11
184
92
29
21
8
77
6
10
38
121
33
18
11
59
34
32
2
51
54
9
2
51
28
54
30
18
26
132
80
44
15
42
77
172
3
4
2
184
5
17
17
33
60
32
73
45
6
99
85
15
128
13
109
21
29
42
29
92
131
8
6
102
10
30
10
6
6
54
89
6
96
23
16
4
61
37
9
3
52
7
27
55
84
6
139
31
16
9
145
140
7
59
79
1
9
5
8
199
10
4
151
20
34
52
62
48
84
3
36
2
56
10
8
56
22
128
28
1
29
12
2
26
93
66
91
58
3
90
27
32
5
56
48
7
29
110
1
3
13
96
71
79
47
171
7
4
29
100
1
13
16
31
100
19
17
2
2
39
1
15
142
81
134
63
28
6
116
11
45
18
16
4
2
165
47
1
36
53
13
143
43
9
21
21
13
3
75
77
10
78
127
28
31
2
77
33
53
54
164
115
7
149
39
21
8
21
69
45
47
103
45
1
33
5
83
14
9
109
35
21
34
195
88
17
91
103
8
148
90
103
43
24
35
18
98
115
45
140
11
7
57
33
4
10
3
33
64
121
44
5
20
61
47
17
111
141
60
66
81
114
12
24
1
67
37
66
76
39
24
88
20
107
12
86
137
27
13
12
10
25
3
39
49
14
67
165
50
36
1
45
153
39
80
71
59
81
104
53
33
23
3
14
2
5
17
12
25
72
147
37
11
73
41
3
17
1
92
22
135
11
7
94
11
47
58
26
1
19
4
58
31
18
19
40
50
21
1
19
3
132
8
21
12
29
114
82
53
33
168
2
32
33
35
28
111
72
12
129
46
95
5
22
60
72
1
142
23
27
26
5
18
3
45
14
67
157
67
97
9
16
27
11
1
25
17
2
146
82
5
40
58
2
52
12
17
56
148
24
5
8
16
5
3
15
16
109
19
6
146
54
36
2
54
49
7
66
26
73
27
25
97
144
31
150
76
23
111
82
35
52
35
24
107
3
10
78
41
41
27
7
47
10
83
12
15
7
24
49
83
174
17
14
25
162
103
125
28
29
167
185
144
82
1
63
24
147
11
72
50
86
19
33
23
3
100
54
24
12
1
2
42
95
11
17
37
2
153
37
84
69
87
29
50
38
111
112
8
127
64
6
63
139
109
5
16
126
41
163
66
167
16
98
83
185
75
2
38
155
66
10
40
1
64
28
33
1
70
96
48
2
103
4
57
24
81
111
119
1
12
15
1
155
78
35
29
22
25
38
61
2
21
56
5
15
121
9
33
7
68
35
47
99
10
34
99
28
20
89
66
55
12
85
36
76
19
14
92
71
49
53
17
19
71
108
55
18
8
6
114
40
5
103
36
1
1
157
15
42
92
151
5
13
5
70
1
9
105
31
128
57
61
9
22
82
51
135
103
15
56
10
55
29
6
12
16
10
76
145
104
6
1
52
16
39
2
140
61
12
1
22
133
5
9
68
75
125
7
31
30
47
85
2
21
46
11
44
90
32
1
45
62
87
23
82
20
22
14
69
30
145
101
25
85
66
6
43
43
58
97
57
111
79
79
12
70
5
100
163
7
33
36
94
10
34
63
59
109
85
6
84
63
45
9
40
141
15
87
3
176
12
23
152
117
71
89
36
65
92
2
92
9
8
90
65
15
81
77
115
2
108
20
95
88
30
8
64
84
91
104
32
111
7
123
2
69
18
15
33
22
39
3
14
26
71
117
24
139
7
96
103
7
56
2
37
78
51
37
87
100
6
15
16
6
58
86
39
27
97
47
1
141
23
1
62
5
62
3
32
5
28
94
106
45
50
8
5
89
2
96
30
140
65
4
80
29
20
3
48
9
143
70
88
22
9
12
126
23
70
142
107
16
118
34
47
49
59
62
1
47
16
73
72
53
142
4
30
21
72
73
10
11
58
15
12
43
133
1
124
2
11
6
17
47
61
118
49
183
56
8
140
97
19
20
100
53
29
13
54
2
6
32
20
8
40
4
40
13
28
92
5
33
57
78
76
141
14
64
134
25
10
6
19
43
80
17
110
30
121
1
83
41
2
10
37
47
2
12
77
14
47
17
132
119
32
45
78
140
2
60
99
3
67
68
36
95
19
28
55
111
47
76
132
31
102
26
69
78
64
128
130
5
19
3
140
66
7
86
10
25
39
194
104
171
25
42
93
56
9
9
76
41
156
34
12
42
32
59
12
23
20
1
30
22
106
132
160
14
42
126
32
5
126
20
84
44
20
23
32
47
43
136
26
1
14
36
13
17
49
33
7
114
3
3
56
2
62
9
6
54
37
36
120
76
80
1
139
53
3
89
49
46
81
18
121
99
88
67
110
12
18
13
25
1
59
82
55
120
18
65
28
61
146
112
75
117
46
1
102
11
75
70
7
14
100
57
21
31
75
67
15
3
48
17
14
114
14
8
94
79
137
69
28
80
128
14
97
40
134
57
94
63
40
5
86
12
1
30
127
19
29
85
17
49
98
36
147
20
109
8
131
36
50
117
17
58
10
88
8
134
35
36
97
3
19
99
35
36
24
55
66
10
24
54
119
174
183
38
86
56
27
96
30
82
169
108
67
2
30
56
1
11
10
59
28
89
24
18
23
46
122
41
21
50
17
4
91
75
76
24
102
11
6
4
69
16
80
84
39
13
44
67
24
123
5
19
60
21
4
12
106
22
7
4
45
92
108
57
39
22
102
14
62
26
50
6
73
12
15
2
24
74
56
33
71
7
37
45
146
31
4
16
45
44
46
4
84
6
37
100
90
56
71
71
40
44
5
5
25
117
5
48
17
51
83
78
103
116
26
8
18
116
143
86
39
7
23
105
20
159
54
42
43
103
42
79
63
28
80
78
22
102
25
19
41
100
74
19
18
168
153
60
38
82
45
44
68
52
77
5
5
31
54
11
60
49
18
2
61
6
20
66
22
55
18
60
2
12
33
121
89
81
47
7
3
55
22
60
96
36
149
191
17
18
32
3
9
61
4
30
128
143
19
71
3
2
10
130
5
17
30
148
84
87
9
50
138
26
10
30
26
4
32
8
20
42
30
7
30
86
57
2
5
10
12
33
62
3
173
18
7
36
46
49
21
69
2
49
43
15
5
112
93
9
43
1
90
12
81
62
74
59
69
10
40
105
64
20
82
62
10
98
61
161
27
100
24
152
52
42
23
70
3
37
78
3
49
179
45
129
62
64
17
75
14
26
40
47
38
14
60
58
39
48
3
62
74
90
9
47
18
94
2
28
9
46
47
36
37
9
164
12
5
54
7
132
71
10
14
1
104
6
77
146
96
7
15
52
5
23
91
121
62
3
1
26
171
77
84
61
6
47
18
147
110
52
59
5
95
7
29
23
73
49
2
6
53
92
26
34
85
59
8
36
69
163
54
11
12
49
20
22
72
51
4
68
7
26
64
28
35
106
114
21
7
4
72
54
1
60
30
5
160
114
6
21
14
21
11
30
30
97
27
2
72
21
33
22
9
57
80
5
16
43
45
43
29
11
64
1
10
15
59
31
117
71
32
4
2
44
36
35
21
3
33
8
96
97
180
32
88
5
9
83
70
1
86
51
162
77
119
128
62
116
127
74
19
70
88
1
28
156
69
100
2
103
97
66
119
72
37
44
136
19
111
26
1
124
128
26
3
17
55
72
45
103
110
34
79
15
151
125
26
83
29
15
143
95
14
22
107
28
54
28
4
113
27
65
6
149
27
62
29
147
44
30
5
44
76
40
77
17
2
140
56
8
1
126
58
93
37
113
56
52
133
38
13
71
19
27
37
88
128
6
34
151
61
93
68
20
51
5
82
30
4
27
79
5
81
21
10
2
25
4
78
165
5
35
28
1
139
3
111
57
33
105
104
18
144
38
146
72
24
156
56
61
90
4
7
37
34
178
111
10
42
56
10
53
8
88
53
60
71
50
20
8
7
6
22
13
9
75
12
51
1
51
22
1
22
76
44
29
78
40
38
29
8
3
37
4
33
19
8
98
6
11
16
34
8
29
7
15
21
84
194
68
14
5
13
22
1
75
40
25
20
37
30
76
5
109
136
35
26
73
56
17
72
54
191
159
62
34
9
7
45
4
87
6
97
66
78
9
69
81
38
103
4
46
16
92
8
6
18
17
73
18
163
192
49
27
92
68
22
63
54
11
11
46
68
35
104
97
35
51
85
18
54
28
56
55
29
42
54
4
109
37
20
38
14
91
114
63
61
149
39
119
107
47
44
74
118
1
99
103
21
6
28
98
126
47
7
66
22
80
145
4
58
6
7
80
4
14
48
14
64
75
60
112
36
12
10
148
51
48
1
61
163
81
4
40
171
29
75
62
49
9
73
5
94
32
8
44
14
22
39
40
43
78
163
11
24
51
21
29
16
19
2
5
57
51
41
77
32
106
39
41
18
7
8
26
65
10
12
8
71
13
4
102
28
154
93
101
3
2
84
90
83
131
145
13
1
46
103
22
11
18
38
73
74
20
43
109
4
87
1
58
26
21
69
98
101
3
2
15
6
38
6
40
21
42
65
9
40
28
55
23
3
62
1
21
45
6
48
39
62
118
127
9
75
43
76
121
99
21
12
3
10
41
39
144
85
103
27
109
44
12
25
31
106
86
99
62
27
90
28
43
44
33
23
93
95
31
82
34
46
22
167
51
43
11
8
15
4
65
140
20
8
131
1
57
47
28
157
118
51
1
36
31
137
60
23
25
53
5
8
6
141
50
146
51
6
62
40
55
19
134
113
116
79
40
3
142
33
28
18
135
77
27
24
2
143
48
63
125
19
71
41
79
3
3
33
28
13
44
17
17
93
49
116
30
12
109
32
3
3
48
152
37
35
9
26
71
1
60
28
44
10
183
114
42
108
79
37
108
97
80
49
38
18
101
149
21
30
16
45
32
123
25
71
30
67
173
44
58
63
26
7
5
5
95
98
142
14
102
68
179
1
71
15
4
138
144
7
72
39
42
1
9
9
9
10
41
92
114
51
47
63
1
84
21
101
42
133
93
23
97
79
10
33
25
7
41
118
6
1
137
32
114
23
82
60
4
22
138
56
6
5
9
128
39
18
14
5
1
20
2
3
18
65
120
102
38
142
123
104
25
123
59
9
126
77
101
11
79
52
137
18
124
63
141
185
47
24
57
17
17
101
66
119
152
23
1
84
7
109
43
115
8
126
97
61
185
146
37
31
86
69
86
52
126
22
17
27
10
53
79
42
91
8
30
85
93
113
4
9
27
21
3
146
1
2
1
20
35
1
65
36
59
8
13
26
13
141
42
84
39
68
88
65
32
109
39
18
51
19
10
108
75
19
3
99
59
48
4
38
6
11
34
40
6
52
27
17
20
65
9
15
83
28
47
25
8
5
22
10
4
28
61
2
131
23
36
11
19
32
164
27
43
22
1
35
19
138
26
3
84
27
105
85
58
54
93
8
3
56
39
24
2
6
3
17
48
5
53
30
31
46
53
9
30
37
6
1
105
129
88
6
167
148
110
41
46
44
5
26
82
126
60
23
127
17
22
153
1
59
153
17
98
126
35
20
102
187
2
28
55
94
56
35
3
33
76
25
178
80
47
9
12
175
63
88
27
2
70
70
113
96
81
64
79
75
72
71
2
178
129
42
31
22
109
139
50
14
82
126
11
48
36
24
1
4
163
71
100
81
83
45
46
6
24
85
163
125
27
13
35
132
30
66
16
178
9
31
12
17
28
9
108
16
41
165
45
32
23
43
186
93
130
24
130
80
95
65
53
89
29
92
2
111
48
49
18
140
87
9
16
27
7
4
25
23
191
21
8
1
51
45
13
97
71
160
34
33
61
32
26
180
46
111
83
3
25
28
83
33
7
40
84
54
114
4
88
49
121
16
1
11
9
157
59
154
70
8
30
36
122
2
74
59
62
9
17
4
32
3
78
19
139
62
41
30
1
4
83
8
69
18
49
2
105
7
84
99
18
63
16
26
115
27
61
1
12
17
1
101
123
37
25
12
20
111
115
77
14
57
12
19
26
143
26
1
74
149
9
106
1
13
49
132
43
121
18
61
24
10
28
19
20
123
1
15
43
95
121
39
5
8
13
13
85
121
4
31
147
13
5
18
2
75
3
76
102
17
117
47
37
19
65
6
31
41
29
45
145
27
32
12
7
57
8
52
43
17
