1000000 5000
4
66
34
30
32
4
32
29
15
12
12
24
69
4
85
73
39
91
48
28
12
54
9
29
29
21
46
10
45
86
112
4
52
6
21
24
34
27
40
34
175
53
52
52
1
47
7
87
51
1
12
94
30
102
88
85
11
1
77
148
4
103
50
6
37
56
148
108
34
67
27
17
27
49
5
44
77
52
65
41
77
41
77
130
52
106
20
22
164
20
67
133
17
89
30
14
13
5
18
108
4
18
62
60
1
12
28
66
15
67
40
8
60
42
137
97
17
22
93
31
79
92
149
19
6
46
149
13
32
51
119
44
62
43
73
88
114
76
143
49
49
14
2
132
31
142
18
144
38
19
34
19
90
114
31
17
46
19
144
63
11
126
141
129
1
33
27
10
36
39
92
97
4
24
6
109
66
72
2
22
4
44
9
85
108
135
44
43
32
85
74
28
66
14
123
33
15
153
118
82
8
7
14
43
41
82
96
119
8
114
93
33
9
116
10
111
83
37
107
21
16
14
109
25
5
37
10
41
4
16
44
36
26
27
53
85
3
23
46
51
1
74
48
114
13
2
9
1
16
24
36
132
25
18
18
12
75
65
10
11
31
28
22
16
116
58
39
20
32
89
52
141
30
95
118
71
119
17
60
82
9
43
22
3
83
116
20
11
14
7
24
13
157
83
20
28
81
6
26
21
22
92
32
4
62
8
1
138
17
38
10
33
7
3
14
18
47
123
12
7
38
44
65
3
68
69
21
8
4
9
14
74
89
83
1
15
7
52
15
12
9
21
139
35
68
122
155
1
70
111
59
32
41
9
58
21
6
80
77
142
62
72
133
27
6
130
8
3
30
32
3
12
128
45
3
107
10
117
106
79
4
3
54
83
17
30
65
4
41
95
5
20
40
6
5
160
21
43
142
25
77
81
4
94
13
23
27
56
39
15
50
33
11
18
60
17
23
23
72
13
84
113
1
61
76
84
89
72
41
5
11
58
13
25
24
13
93
22
114
156
10
1
80
64
9
28
24
117
83
89
8
18
73
24
23
34
3
6
19
42
46
9
30
59
119
31
49
1
13
6
24
11
12
17
1
57
150
18
50
9
48
56
10
61
97
70
106
18
48
5
20
26
69
87
64
89
38
48
5
84
13
12
42
80
29
15
90
54
8
112
11
29
68
56
2
72
80
7
68
58
59
49
85
163
92
10
2
124
17
30
2
188
32
28
26
15
22
69
34
23
42
5
41
35
7
26
16
96
12
25
21
10
85
88
30
20
73
22
57
3
13
89
29
122
39
20
130
117
15
48
2
4
6
37
139
88
2
56
36
1
5
17
3
4
35
38
28
7
122
54
2
116
116
81
20
1
19
65
65
1
42
18
62
108
95
29
89
52
7
3
41
22
92
25
104
15
18
63
10
25
46
87
18
115
1
20
155
74
51
3
63
91
70
47
25
26
141
21
51
8
85
195
61
89
176
1
21
49
4
105
85
36
131
122
59
8
36
125
76
64
1
128
69
39
15
45
19
13
16
35
31
36
1
6
1
19
65
28
41
28
116
24
51
116
3
10
24
109
90
35
2
1
57
53
82
53
59
5
107
1
1
129
5
51
109
21
139
108
48
3
71
2
117
138
11
93
148
39
36
91
23
7
105
48
61
1
142
3
50
11
95
70
79
9
61
150
4
88
9
10
36
17
7
18
2
59
37
126
61
127
95
38
70
49
10
26
7
56
3
86
3
17
43
11
60
67
53
104
25
92
6
149
7
10
155
159
49
92
47
34
54
16
117
7
114
17
16
29
31
8
52
130
32
18
37
1
19
7
2
28
26
79
38
69
51
4
68
109
1
19
23
37
67
72
31
14
99
165
75
31
2
63
49
19
25
36
51
44
93
12
1
24
82
50
55
29
8
66
11
50
121
146
50
100
11
64
62
64
38
33
86
15
14
16
10
55
4
122
9
8
11
21
115
21
4
91
9
76
117
23
35
37
56
98
103
30
46
36
49
68
7
74
87
169
4
26
64
26
12
22
1
29
62
2
125
25
37
27
1
44
27
42
7
18
6
109
100
3
84
17
58
146
16
84
65
48
13
35
66
39
117
18
151
26
6
113
11
9
47
112
79
61
1
8
11
5
4
86
49
6
107
62
35
4
46
1
9
173
63
147
75
32
8
1
29
101
15
32
7
39
64
38
123
27
17
1
36
28
83
58
78
7
14
130
8
55
57
70
1
5
10
2
5
57
12
162
9
2
75
7
23
27
52
39
47
124
13
61
29
74
65
6
143
10
39
20
70
57
123
23
11
3
9
10
26
87
17
10
81
83
49
25
21
5
24
128
11
80
137
24
16
36
56
105
45
7
53
170
102
33
80
1
58
43
63
57
140
40
24
74
12
9
32
4
82
24
25
41
28
13
2
95
106
71
30
16
8
152
75
15
12
55
134
40
35
11
145
178
8
151
2
16
37
114
23
56
101
36
2
150
58
118
2
78
1
12
104
80
11
149
52
24
116
28
67
2
100
90
13
50
22
36
14
2
1
7
4
23
21
11
93
39
119
30
38
42
105
151
12
19
112
77
135
16
30
102
33
18
1
2
166
62
107
41
114
15
48
16
10
17
37
4
34
27
1
141
21
30
58
23
4
10
60
24
54
17
3
129
27
4
29
124
5
96
7
133
40
79
13
146
62
24
15
76
68
2
4
25
7
16
8
44
55
1
3
28
30
70
75
60
107
3
162
49
18
14
1
15
11
14
34
2
78
80
19
120
10
9
8
53
15
48
20
70
127
145
32
8
73
10
32
12
28
128
19
9
8
134
123
9
17
3
8
165
12
78
5
19
38
34
5
40
41
28
19
33
17
90
2
38
4
150
22
54
11
22
48
57
65
35
2
75
31
188
25
183
3
78
179
10
51
58
31
30
2
59
28
2
136
42
40
2
92
170
75
27
28
37
141
14
119
114
84
39
6
43
7
6
49
132
113
88
51
152
82
1
94
52
128
59
106
180
155
39
59
177
21
1
11
47
29
184
104
111
70
124
15
93
32
7
20
2
124
20
38
57
49
25
24
17
9
52
108
38
6
136
50
46
172
3
6
47
132
10
122
26
162
5
5
5
12
122
167
130
116
51
1
10
4
24
2
38
59
128
26
83
66
99
10
4
8
108
59
33
19
12
77
141
26
91
65
40
74
20
2
7
79
27
24
10
42
75
80
100
24
3
101
31
183
151
7
37
105
71
1
36
17
42
2
74
63
10
72
2
186
32
123
120
18
29
98
33
54
5
61
86
23
71
9
23
52
135
18
3
3
50
40
4
99
25
122
5
1
94
74
91
42
72
159
5
47
160
46
2
20
5
9
190
21
8
32
9
117
46
4
94
135
34
145
147
136
82
1
91
17
90
20
29
31
50
28
8
137
34
117
40
91
134
58
42
21
136
12
34
32
31
22
5
112
12
129
20
100
131
164
65
84
35
15
79
70
124
42
57
97
41
56
19
87
58
36
93
16
174
62
74
5
9
152
70
19
14
4
89
35
86
93
57
1
41
76
18
12
68
2
26
14
12
41
12
3
51
111
41
158
7
17
15
99
110
2
12
144
56
16
19
3
92
37
62
38
49
53
14
11
2
74
7
177
11
77
40
47
94
117
40
4
23
22
24
38
43
112
16
86
4
103
61
6
99
12
40
23
60
25
17
22
71
65
176
23
78
9
89
8
11
25
146
9
71
40
29
54
2
34
111
103
4
29
98
82
65
2
16
111
138
6
9
53
8
34
42
63
20
14
164
39
99
25
94
105
46
143
118
13
70
16
66
44
14
107
47
143
153
82
30
12
50
30
7
4
43
168
28
43
56
47
59
7
14
5
26
25
147
55
5
115
100
11
9
125
50
40
10
79
47
2
14
17
2
20
22
12
112
123
15
13
40
65
8
8
62
17
17
46
23
86
31
37
39
24
14
93
28
11
19
29
121
6
109
132
60
16
27
6
1
118
8
17
29
109
2
21
6
18
111
4
86
13
43
3
10
15
65
46
108
94
26
4
162
10
6
93
18
5
30
38
77
13
3
34
78
60
62
5
110
4
22
81
69
26
90
37
73
89
17
112
181
51
15
22
134
88
16
41
2
22
47
153
2
3
22
9
63
137
40
112
111
90
157
13
79
16
69
54
121
49
1
89
69
13
48
12
12
35
31
44
99
2
81
34
114
1
3
5
122
38
7
141
11
2
13
109
14
32
62
15
4
67
16
78
34
10
33
114
20
15
48
153
75
57
43
118
64
10
38
16
149
72
7
27
10
13
1
16
34
20
9
9
3
6
118
99
122
160
30
148
42
102
12
13
6
57
3
17
7
7
25
2
13
53
57
85
12
35
28
16
7
9
13
61
50
33
10
88
35
17
24
6
23
112
14
87
14
12
80
78
42
13
31
1
124
22
116
36
33
30
37
48
4
2
82
104
9
86
22
83
132
15
27
8
20
22
43
80
32
33
63
66
11
3
88
2
58
38
128
29
94
37
110
59
32
119
62
20
95
30
35
3
7
31
108
80
137
87
20
71
12
67
169
151
22
15
8
2
1
57
7
28
19
4
48
96
154
33
34
4
15
33
43
97
50
58
26
68
130
108
64
28
167
32
17
90
40
26
40
12
10
33
97
150
66
15
40
56
141
55
8
108
5
18
13
47
147
22
153
44
23
3
1
111
58
3
24
6
87
3
3
165
83
25
60
16
26
157
24
25
29
33
72
30
43
11
97
16
21
20
34
4
2
41
138
12
165
31
10
8
98
54
53
1
1
73
16
64
36
92
77
101
24
28
43
27
32
56
60
54
68
9
58
76
64
20
91
3
17
121
11
28
21
49
27
142
19
72
65
3
75
111
8
42
45
65
31
23
38
31
13
10
50
1
40
38
11
5
9
22
118
5
87
28
62
14
58
60
7
130
9
25
74
30
160
33
52
83
31
32
77
58
59
122
88
3
9
73
9
3
2
68
10
9
42
4
9
29
33
115
3
56
123
25
9
2
1
15
31
1
65
13
59
29
122
105
33
11
29
84
56
14
21
66
28
12
74
3
105
53
72
6
39
43
63
21
3
29
61
76
19
73
119
137
7
144
2
124
14
69
1
1
65
94
1
78
104
37
58
27
33
2
13
34
169
13
59
14
54
24
122
36
139
1
18
10
9
118
198
51
5
18
11
43
33
34
113
64
81
10
77
5
30
82
5
52
94
97
126
127
62
169
74
49
138
5
55
13
46
132
28
50
66
45
109
83
71
79
95
57
4
88
109
29
14
12
24
89
39
14
110
62
19
63
32
14
109
139
100
119
13
18
5
17
1
69
20
126
31
41
10
35
125
24
25
6
3
190
127
15
58
124
56
7
72
58
81
166
29
58
105
18
17
32
7
31
63
57
105
7
52
6
27
59
21
115
58
119
73
50
30
82
14
65
106
8
29
138
63
54
72
56
129
55
100
48
76
121
76
11
63
16
34
19
16
28
63
9
102
21
76
1
14
109
47
9
63
138
66
35
68
1
78
85
2
97
57
8
39
108
10
152
27
67
9
33
2
4
138
40
16
2
53
2
81
1
30
48
15
13
3
12
2
2
81
31
93
36
38
3
94
109
2
30
45
12
8
4
1
18
39
4
124
2
86
21
38
101
28
145
146
6
31
34
34
81
3
174
62
85
170
9
54
105
79
20
68
4
41
52
101
13
1
31
35
92
16
129
7
121
28
2
56
72
68
5
3
169
1
1
24
13
82
6
35
39
145
1
84
65
24
88
66
4
1
111
131
35
12
4
43
42
9
21
76
13
121
94
190
1
158
167
102
94
95
55
76
5
4
1
51
21
29
14
98
37
13
8
91
6
1
40
22
19
19
29
7
159
98
5
73
9
16
27
20
48
101
148
80
17
110
11
66
8
4
137
37
63
103
114
23
32
73
93
179
98
79
3
60
16
42
25
8
101
54
60
51
7
39
42
2
81
13
36
5
59
103
19
144
74
22
27
17
15
5
19
11
24
42
17
37
51
8
55
18
168
39
31
56
30
8
2
8
1
54
64
4
11
28
48
8
71
36
4
94
21
128
43
40
64
93
1
32
141
39
38
81
24
18
22
67
31
65
57
42
100
11
2
25
14
149
144
19
2
48
136
36
37
82
64
83
165
11
39
84
73
4
88
18
158
14
61
84
11
5
11
36
177
14
12
43
18
1
44
26
54
120
78
117
7
27
10
47
12
72
11
25
33
63
12
3
122
30
38
94
84
17
48
10
1
174
74
33
10
25
158
27
76
34
63
27
38
107
85
48
23
10
63
116
40
18
53
8
42
161
138
102
25
12
62
7
50
162
16
83
18
5
19
53
15
52
50
48
33
47
18
67
58
9
122
41
51
14
17
48
17
13
153
57
9
21
16
1
30
32
104
5
3
133
13
3
10
4
118
34
14
56
125
26
16
71
50
105
23
1
122
9
31
64
32
107
66
11
19
113
14
50
45
168
15
33
21
40
142
21
141
34
108
1
10
17
169
40
48
14
88
18
72
14
56
68
81
98
116
39
7
15
97
123
117
7
138
33
62
4
21
57
30
42
2
11
25
41
22
60
3
29
99
126
29
39
97
42
10
1
11
25
37
57
47
1
8
1
74
38
75
159
119
2
7
12
44
109
52
58
13
44
40
25
31
1
60
1
88
58
71
56
23
32
26
18
105
39
26
124
105
10
26
20
88
28
17
35
118
39
84
132
6
13
1
81
5
128
76
17
78
153
84
34
43
45
10
158
43
7
2
20
142
105
3
26
152
27
1
34
81
30
158
113
127
29
1
83
135
10
2
13
14
6
8
10
83
77
128
63
19
100
22
14
145
83
44
48
31
144
30
8
23
14
24
16
85
23
2
43
26
57
151
11
44
13
102
61
29
23
178
3
29
41
70
15
7
22
18
7
67
7
14
28
20
116
8
27
64
27
30
96
35
64
2
50
75
40
1
1
26
20
28
25
10
32
3
140
82
21
10
1
1
77
26
175
29
114
64
82
16
78
126
17
115
105
25
5
27
16
15
28
38
10
59
17
77
76
6
50
101
28
137
27
151
65
42
134
4
78
24
38
7
22
104
7
18
10
105
44
51
84
27
14
38
1
14
68
84
2
42
67
71
27
1
2
16
2
69
71
2
122
34
60
50
93
35
10
41
155
3
6
75
53
21
55
15
19
78
62
132
23
106
92
32
32
76
5
24
14
7
44
156
57
90
116
25
180
127
69
27
8
26
5
52
15
92
43
55
61
11
57
30
26
17
32
95
105
29
127
37
25
50
39
72
1
21
6
5
148
7
85
116
36
65
10
132
23
18
91
2
6
95
54
44
104
173
32
23
27
97
103
62
100
2
17
77
13
53
103
115
41
49
14
60
43
1
46
13
32
2
10
38
10
46
83
28
45
5
80
44
82
5
16
121
1
64
80
6
98
66
10
31
10
54
53
67
34
103
68
7
64
17
48
6
130
27
39
49
81
101
15
12
16
73
17
135
8
128
32
13
137
7
93
84
91
51
31
12
102
106
17
128
27
32
133
15
26
39
31
22
38
60
40
20
55
65
1
105
32
24
132
31
38
88
9
59
106
12
49
71
9
2
125
57
12
22
97
41
20
30
18
82
182
139
2
34
7
154
33
87
40
42
25
2
105
46
67
6
173
22
7
162
20
149
39
129
89
161
28
80
3
24
20
4
41
110
23
98
19
49
44
53
12
45
4
36
10
38
4
30
19
29
31
92
40
3
7
28
22
56
117
29
59
71
33
138
104
14
106
10
42
96
22
49
5
10
17
26
1
58
65
165
14
142
42
43
5
2
20
9
36
28
22
45
9
80
13
14
17
3
3
14
121
45
2
8
21
1
49
61
1
49
52
33
7
9
34
60
71
44
129
132
20
22
61
83
3
27
36
17
24
63
104
17
27
15
49
42
17
38
18
9
83
10
2
17
130
49
71
26
35
61
85
61
119
84
23
8
15
45
57
30
15
181
6
27
102
7
71
22
114
117
99
44
108
74
19
50
118
107
109
38
58
3
21
134
48
65
13
51
136
11
91
5
101
18
7
83
5
132
1
110
30
13
49
46
107
28
86
51
9
33
7
3
47
25
65
24
102
72
46
15
105
149
39
37
135
21
23
41
5
5
11
2
5
19
6
68
21
15
1
34
66
79
136
23
123
7
66
23
45
104
16
126
14
44
108
24
28
46
36
110
47
55
79
11
73
24
24
112
135
10
102
39
103
1
172
1
26
13
45
132
76
52
103
28
8
26
46
7
4
116
124
25
36
11
73
44
139
2
120
5
18
84
67
61
56
35
12
107
10
19
76
3
12
19
51
17
77
4
24
46
157
4
1
62
92
1
11
52
23
42
33
47
132
67
117
19
64
25
4
32
44
30
29
15
28
5
19
16
49
112
59
10
37
78
14
36
56
43
68
69
19
32
115
113
38
23
34
13
96
9
19
72
2
2
12
40
12
104
18
12
5
48
68
57
8
54
98
62
23
22
61
88
7
9
71
138
4
45
26
28
45
70
59
31
93
29
36
101
1
2
12
129
27
29
59
1
15
87
3
15
124
25
16
10
117
28
93
5
34
4
91
6
96
188
152
52
18
123
108
111
52
15
37
11
27
25
183
144
95
24
79
1
2
67
15
107
23
134
1
2
108
5
93
9
9
9
18
23
40
43
11
134
42
31
27
9
26
24
79
1
39
79
17
17
80
55
128
7
44
19
23
85
19
88
101
111
53
15
65
132
79
23
15
15
46
15
14
14
42
28
25
145
64
10
57
16
19
18
4
82
11
26
3
5
81
141
33
47
101
22
9
26
52
150
34
16
42
93
59
167
13
108
14
41
50
160
140
58
20
4
67
2
89
73
7
71
85
67
8
33
20
20
1
17
7
36
26
42
85
14
121
78
3
50
70
7
24
82
28
23
64
22
13
85
4
16
60
53
125
4
79
38
25
14
79
12
7
3
2
99
6
118
53
13
166
40
11
41
4
3
80
100
6
8
117
24
36
134
79
28
3
82
104
4
16
15
85
13
5
6
101
128
3
69
66
56
42
78
13
15
1
92
7
150
1
7
134
38
28
133
27
23
21
2
123
58
4
1
142
36
10
44
6
1
50
87
98
48
84
113
47
25
74
80
67
20
72
40
5
8
3
77
31
64
14
1
4
2
108
16
94
14
50
2
69
54
37
8
81
24
4
60
129
114
50
11
151
40
4
135
111
97
106
55
41
8
20
69
48
16
21
6
2
7
133
14
17
3
34
19
63
60
46
148
58
3
24
3
36
16
1
12
15
82
9
55
8
74
92
106
61
46
2
74
43
9
45
59
11
72
26
117
2
52
3
110
86
115
63
77
80
2
158
110
25
31
86
149
109
47
8
17
50
1
17
5
47
106
105
26
95
38
7
60
32
92
126
109
21
98
83
82
17
53
1
82
74
12
77
77
107
7
2
24
20
84
32
1
78
76
135
1
120
12
146
2
33
7
2
66
171
87
1
27
77
7
62
50
132
11
3
20
25
71
47
52
60
18
16
91
48
23
21
9
34
129
25
1
119
12
47
53
89
163
8
78
24
20
28
28
36
15
67
10
21
103
57
24
70
70
63
40
27
15
150
42
46
66
35
2
27
20
25
47
108
136
9
38
89
10
9
50
25
18
58
13
30
28
47
15
7
13
46
50
55
6
3
3
87
32
96
27
21
24
11
58
15
9
1
20
9
8
25
4
63
7
40
36
35
39
4
55
57
90
22
49
35
6
41
75
2
71
34
132
3
7
6
6
4
2
131
95
6
84
7
45
30
37
72
4
45
11
42
31
155
45
3
134
5
69
59
91
138
47
8
4
37
173
6
36
12
33
3
25
12
33
80
4
6
44
13
59
64
8
49
28
16
35
130
171
77
21
16
30
20
61
21
63
94
68
10
142
88
75
67
15
34
23
96
114
86
91
59
20
17
71
48
16
133
27
20
8
29
91
64
12
42
56
33
25
13
12
2
52
16
13
11
21
40
121
51
2
166
52
17
85
5
37
38
2
51
22
1
5
11
45
1
102
23
107
62
5
23
66
60
26
65
8
39
15
24
24
65
38
53
4
9
69
79
19
100
73
49
6
12
51
8
5
10
96
114
117
46
83
1
82
9
76
124
32
106
22
115
12
115
8
45
36
17
78
11
2
72
57
96
13
35
16
82
25
39
73
49
104
96
73
85
16
36
41
184
148
13
54
118
17
103
112
1
55
32
76
89
123
76
22
97
25
2
28
41
38
32
31
6
1
10
14
14
7
47
28
29
59
8
84
12
46
19
156
70
20
21
68
89
114
119
128
7
26
10
39
76
14
36
6
2
2
6
80
15
65
153
79
24
54
29
19
5
45
15
11
131
107
32
99
37
2
196
4
37
47
2
88
87
38
38
19
79
23
101
24
7
27
5
88
49
16
6
4
59
11
33
52
24
114
32
21
21
2
76
2
37
12
9
57
21
58
30
40
21
69
71
15
1
13
122
43
4
80
57
23
16
83
47
44
47
1
18
14
48
46
16
87
45
154
90
23
29
85
136
39
156
5
19
149
37
137
97
81
31
40
124
3
18
96
88
139
3
30
31
104
8
3
18
34
11
16
65
16
27
2
2
89
10
48
20
86
29
81
11
118
65
34
173
180
19
70
116
91
3
4
14
33
68
62
65
4
13
70
20
3
18
29
36
53
9
139
6
21
2
35
14
173
70
6
6
70
96
16
4
13
8
127
143
115
80
51
140
135
88
16
15
15
10
53
14
26
24
76
26
19
101
21
94
10
3
7
110
171
29
12
9
47
8
29
36
7
6
29
54
77
1
29
34
58
79
135
127
51
9
49
4
9
19
116
17
59
30
4
14
109
9
139
4
21
2
129
22
40
32
6
140
94
144
172
28
75
108
87
109
99
151
111
7
40
42
126
30
6
115
34
80
12
2
18
76
108
12
60
27
26
48
43
8
35
41
47
64
9
139
158
10
79
116
63
63
19
110
30
42
40
4
31
23
53
42
11
71
117
59
34
63
145
80
59
150
98
22
7
54
82
122
19
116
3
10
29
38
83
14
7
1
6
180
57
36
65
110
23
177
50
127
5
13
43
107
49
40
56
86
45
97
56
15
21
23
29
119
14
28
8
79
1
23
41
75
105
10
79
9
121
143
21
98
88
7
70
130
116
8
23
98
84
16
124
12
4
50
31
61
19
40
15
39
29
174
40
38
21
18
24
102
4
4
16
31
24
89
66
66
2
3
128
141
25
9
34
56
38
99
130
31
79
169
