1000000 5000
2
14
87
104
52
53
143
157
88
5
6
111
26
105
70
4
164
173
37
102
93
55
9
14
52
113
117
67
17
86
1
89
1
6
33
26
53
29
20
58
11
34
16
21
67
18
12
12
40
6
2
3
47
32
34
89
57
41
50
87
75
2
121
143
13
1
55
41
9
1
62
6
57
5
34
7
3
40
21
14
150
25
19
2
25
31
156
108
4
78
25
98
60
59
42
110
11
35
8
7
1
86
9
23
31
54
86
32
98
2
21
7
107
20
54
95
13
60
13
17
50
25
106
4
87
129
20
106
87
76
4
65
12
9
23
7
56
10
33
22
51
96
52
98
61
35
130
91
69
171
54
95
50
48
117
4
57
7
58
34
46
21
2
98
67
19
63
86
14
85
56
15
10
120
53
37
81
23
1
165
34
11
53
80
138
36
16
52
128
42
114
162
126
80
28
31
16
1
150
113
1
64
12
141
33
107
71
46
61
6
17
56
61
48
76
38
24
102
96
116
20
13
12
19
84
78
13
9
85
3
74
53
30
3
36
47
7
6
22
7
38
123
57
17
24
108
79
8
18
58
107
63
74
187
5
111
34
3
35
68
19
152
123
128
92
64
56
50
2
143
8
6
23
66
45
8
60
62
65
12
89
17
91
98
1
164
27
5
102
26
24
12
34
33
25
13
62
16
54
8
36
28
39
34
149
107
31
199
163
5
115
158
134
25
5
26
66
4
47
107
78
33
90
10
20
13
23
152
115
11
1
18
144
63
44
4
6
84
50
8
16
81
62
2
86
1
3
57
21
91
22
2
33
1
34
88
69
3
48
37
45
23
3
55
71
27
8
88
29
36
1
8
41
1
33
89
79
2
16
6
44
27
56
14
7
91
112
135
22
11
36
18
7
101
40
36
58
7
55
2
85
37
117
140
6
22
9
25
127
88
13
9
54
16
4
78
33
65
21
33
27
29
9
63
145
11
61
16
7
27
8
12
120
6
3
36
10
41
79
6
13
7
11
156
151
27
78
2
10
17
45
37
51
3
27
2
62
6
38
1
30
80
11
12
9
101
55
11
9
18
6
65
131
30
12
64
12
65
141
10
15
141
60
47
55
11
44
34
116
51
157
61
14
2
34
15
62
55
13
27
59
2
1
94
128
22
93
43
113
10
3
146
61
32
82
23
24
2
182
87
36
8
30
55
9
17
22
17
38
8
180
141
34
35
4
17
2
106
52
60
43
54
28
107
71
3
1
20
15
38
5
19
101
34
11
78
9
71
3
60
73
30
93
53
76
17
22
51
186
44
140
18
38
19
70
117
16
42
51
74
35
38
48
122
69
52
17
97
34
111
42
1
57
5
30
34
5
80
10
20
31
53
29
65
75
65
134
7
30
55
18
37
117
84
9
29
40
38
114
75
8
113
39
74
72
141
1
11
14
12
114
7
77
69
66
77
8
51
9
16
92
46
83
105
52
67
74
146
150
81
28
3
6
45
63
22
23
7
92
21
31
18
105
16
23
18
1
11
47
181
29
19
16
15
2
12
96
18
39
77
179
39
18
54
97
1
9
41
28
28
31
18
12
12
23
16
56
21
6
46
8
83
135
84
23
8
65
104
30
145
16
20
5
24
22
86
49
1
37
37
4
76
61
120
7
3
69
80
105
69
106
78
27
22
126
53
114
2
13
13
119
9
75
33
7
12
62
4
37
10
25
42
45
4
24
58
18
67
18
133
51
45
3
62
93
37
75
13
2
21
3
5
10
35
71
20
72
51
68
36
10
121
17
18
16
97
69
8
78
30
118
23
65
32
49
69
2
161
34
7
4
32
14
98
1
11
19
48
98
2
3
8
177
34
1
111
54
64
46
100
89
38
87
70
148
42
40
39
64
8
3
89
171
9
164
25
64
67
5
165
55
80
84
93
104
18
4
27
112
39
11
12
46
48
35
11
7
38
14
51
26
111
2
17
44
5
92
10
3
76
3
46
48
19
18
26
61
6
2
58
105
83
7
2
73
42
43
26
127
149
134
1
3
88
12
1
2
4
64
29
28
131
49
127
36
7
34
6
2
134
166
49
42
72
14
20
7
27
61
7
9
34
2
114
138
50
49
17
13
11
74
31
22
138
68
73
38
1
36
57
13
31
17
119
58
7
38
135
112
4
2
2
24
22
21
82
16
25
117
25
22
14
35
54
18
8
79
61
38
63
88
19
1
4
79
38
78
177
170
88
5
82
4
59
3
154
59
40
42
19
44
54
49
112
53
83
129
109
29
129
84
132
110
32
23
17
122
1
149
168
118
78
133
134
35
24
37
74
5
8
35
28
28
5
26
77
18
53
55
13
81
77
77
6
86
18
91
121
115
79
29
54
57
75
1
1
1
2
50
2
9
63
120
94
125
1
1
4
72
26
12
69
14
6
15
42
25
41
6
61
8
8
115
8
7
44
73
70
107
6
31
55
37
4
37
174
5
1
81
59
5
43
83
32
52
6
51
174
152
21
108
140
12
42
74
25
76
1
73
10
15
12
5
87
74
17
16
30
9
53
22
13
60
10
10
76
7
47
49
39
80
1
49
15
100
21
34
2
51
87
69
3
60
60
23
3
187
83
78
31
55
37
104
124
31
2
33
112
31
10
16
90
48
4
40
107
1
37
32
2
68
44
47
121
47
92
96
16
82
63
38
96
107
112
10
15
97
9
38
18
66
45
8
6
57
7
5
5
110
61
2
113
90
11
91
10
25
26
1
38
15
37
8
28
139
4
22
23
1
103
12
86
18
74
3
45
88
116
9
40
91
26
94
33
9
14
2
50
15
50
13
23
50
37
110
104
19
15
94
83
14
53
72
3
12
10
32
134
39
81
66
21
113
179
73
30
26
49
43
115
1
27
53
9
9
2
20
21
1
9
20
125
118
3
27
4
124
110
50
105
34
54
40
5
45
14
11
35
35
65
24
2
139
29
16
51
45
188
150
91
91
130
33
4
7
21
9
82
10
77
11
10
93
42
47
142
85
23
106
15
36
95
120
16
9
22
16
9
22
41
44
3
24
17
56
20
4
144
31
95
36
114
136
11
95
57
39
6
27
121
71
17
46
50
5
96
51
12
23
89
172
8
3
5
58
109
90
25
17
88
61
69
70
2
96
41
22
90
3
35
28
51
26
92
83
16
4
50
89
8
67
23
97
5
26
35
100
24
104
47
35
164
64
99
57
46
27
185
81
15
171
24
68
132
21
27
134
21
2
19
7
32
7
5
37
2
48
40
156
124
67
19
12
4
14
22
34
155
42
8
19
71
25
3
29
88
51
114
112
5
110
25
101
93
4
13
16
64
78
43
63
135
43
10
109
11
27
29
1
14
54
133
7
69
5
2
11
3
38
80
84
17
42
85
53
9
2
79
27
8
4
66
154
81
2
2
43
10
3
41
3
21
28
137
48
3
57
16
9
22
83
1
20
11
11
80
4
56
1
21
117
127
2
44
93
9
51
72
18
25
153
9
116
59
8
7
26
33
25
1
57
71
10
6
60
165
21
4
30
46
48
48
148
68
80
5
48
91
1
17
67
8
56
47
12
54
83
108
32
18
25
74
27
1
87
7
14
177
92
127
59
92
70
160
12
58
11
12
49
13
4
84
22
4
5
24
21
81
39
62
85
15
104
16
15
46
86
87
16
46
20
31
87
52
11
58
19
13
48
37
42
15
1
56
55
14
129
75
115
41
31
11
10
51
84
134
53
43
34
8
44
62
15
25
23
69
29
29
24
12
29
12
149
136
120
71
61
117
18
33
27
3
41
9
142
7
34
106
72
18
15
135
18
41
75
46
85
68
61
34
29
70
150
160
97
19
79
44
22
2
47
79
18
16
14
61
11
71
120
7
42
98
51
5
7
27
55
130
141
74
84
84
10
117
5
13
24
5
34
54
148
78
16
45
42
106
1
75
29
75
44
2
36
36
59
32
67
23
2
75
108
24
138
51
6
53
6
18
12
17
21
2
59
2
11
27
119
16
59
132
10
17
8
11
65
136
135
68
171
62
30
31
6
5
68
10
6
14
50
94
45
114
143
93
44
91
10
4
45
178
141
35
164
24
67
26
32
36
40
4
9
8
1
21
46
4
50
97
21
4
109
10
123
20
69
2
3
9
96
33
12
43
122
66
48
107
25
99
32
52
51
101
20
34
54
17
104
35
89
87
69
89
21
14
92
49
1
154
26
56
64
70
32
42
134
60
3
93
9
5
26
26
7
60
122
43
32
4
19
68
110
38
43
53
20
34
41
72
134
71
96
104
15
99
94
27
45
138
67
17
91
13
161
26
12
59
35
52
36
49
19
6
133
38
16
63
70
36
1
23
114
48
45
2
165
41
22
31
139
1
85
6
86
34
75
43
30
164
107
45
46
121
82
20
55
21
12
28
40
174
50
87
10
82
137
136
94
102
36
5
18
118
40
28
73
25
1
51
131
70
54
74
14
18
62
94
32
2
130
13
46
49
29
63
28
33
46
68
26
57
44
22
44
3
50
20
6
1
1
73
18
9
37
38
111
97
7
12
98
122
48
85
171
11
7
25
23
54
15
20
1
95
1
1
24
35
72
60
58
21
35
7
5
19
120
56
2
55
19
44
10
67
46
5
14
1
1
76
80
56
17
4
3
5
37
52
45
43
91
19
164
51
7
88
4
150
142
47
11
164
5
39
18
29
111
95
104
4
10
10
100
118
24
37
42
115
29
34
21
2
37
79
72
1
29
130
136
138
66
90
31
4
28
37
27
7
15
10
6
75
79
40
27
65
38
108
28
25
2
17
9
15
29
58
19
137
2
131
134
15
152
130
122
20
96
3
39
135
72
10
50
78
12
10
117
25
58
20
22
16
6
13
77
32
23
1
47
45
124
20
40
9
96
44
117
27
80
37
60
2
36
63
177
47
2
35
69
109
13
20
6
45
60
2
6
45
77
10
70
61
1
57
3
2
51
50
15
16
37
48
6
41
24
15
137
24
20
51
24
113
5
8
103
1
26
48
14
68
104
3
42
112
13
114
14
71
137
172
10
6
68
88
23
26
14
9
99
11
15
129
58
14
139
4
1
26
5
23
7
6
8
4
27
30
24
5
88
136
55
38
3
11
64
33
48
4
4
7
25
22
3
14
34
25
57
107
72
121
32
22
25
24
5
4
47
102
23
18
33
104
29
138
25
3
46
46
161
77
44
11
42
71
129
4
69
7
117
10
18
19
52
8
13
7
25
66
50
10
13
143
42
66
117
1
110
17
135
95
14
5
50
34
42
85
1
6
104
23
3
121
10
11
43
29
92
4
44
28
102
13
34
113
66
14
1
20
57
108
37
10
38
2
14
97
124
135
9
5
51
125
79
4
17
11
32
167
21
41
111
58
3
3
22
102
6
3
73
44
156
139
46
113
51
119
88
4
40
118
6
37
86
92
41
82
57
88
11
2
51
30
22
51
1
4
11
166
43
24
81
24
39
24
14
124
20
137
32
67
99
16
90
12
54
99
143
1
113
108
67
66
19
85
53
74
5
93
24
11
2
69
19
12
2
79
15
33
188
33
44
62
108
170
5
72
100
51
9
34
40
43
37
3
102
7
30
69
12
142
112
32
131
10
13
16
73
65
48
2
9
13
6
99
12
11
53
158
17
58
192
1
37
23
42
21
3
101
3
35
50
7
80
6
45
125
105
16
15
133
93
47
37
101
45
69
128
95
45
16
9
29
96
124
89
74
100
24
29
58
5
133
36
112
12
34
27
111
79
7
56
52
177
158
25
25
99
32
51
44
51
11
2
71
9
80
41
2
10
12
20
164
31
90
129
77
79
17
57
13
4
36
91
95
81
4
135
65
48
9
6
68
61
137
67
50
4
28
52
124
150
8
38
33
28
79
147
44
40
2
54
124
31
90
57
34
187
48
31
30
9
133
62
9
5
164
42
28
2
78
39
7
124
49
42
78
132
195
28
6
13
51
126
31
3
13
26
1
18
35
26
77
28
113
27
106
14
20
82
51
5
24
18
63
112
16
5
85
26
27
14
29
1
1
7
71
7
83
109
40
133
51
10
91
3
5
100
69
59
142
1
36
14
12
5
51
118
67
29
101
8
24
51
87
95
60
52
12
28
13
9
6
9
18
126
39
31
24
117
47
15
74
125
69
8
157
95
18
16
116
66
83
103
92
49
12
3
1
55
37
47
18
43
63
2
55
25
4
61
21
18
77
47
48
18
152
17
24
25
17
31
18
38
12
25
62
5
22
5
108
3
11
107
19
160
26
33
21
3
8
14
50
166
6
109
123
68
1
89
46
1
65
145
31
167
4
1
151
10
66
17
182
53
6
75
32
85
81
3
62
100
3
12
22
31
14
19
52
21
3
6
96
99
1
36
1
2
22
14
64
56
52
18
80
110
22
31
37
4
35
65
10
5
10
45
99
119
70
1
81
17
38
175
37
8
19
146
8
36
66
35
61
24
9
62
26
151
12
12
12
72
4
20
6
7
101
31
22
27
92
8
83
42
5
2
33
127
43
9
19
85
76
83
21
25
43
80
5
34
94
11
39
90
149
21
19
18
52
23
73
51
63
15
75
3
39
55
2
48
4
90
35
50
52
16
142
22
14
94
3
20
24
43
28
16
31
51
41
4
43
21
18
35
145
47
18
16
56
15
23
14
25
171
100
11
17
18
21
84
50
14
34
23
51
65
74
140
14
18
16
2
20
72
114
83
1
15
12
70
35
3
165
19
19
14
101
100
74
5
5
28
82
29
85
30
73
151
77
121
99
5
96
165
30
132
57
27
37
13
70
173
70
8
124
18
6
34
167
96
185
64
28
83
33
7
23
3
64
34
32
9
24
13
13
2
2
15
36
42
61
4
5
110
124
184
70
25
150
42
132
22
141
58
26
42
123
23
54
13
173
16
11
1
57
9
71
44
3
183
36
30
28
55
13
77
78
34
97
115
143
40
62
7
65
170
61
18
51
31
11
39
26
168
17
168
3
38
88
11
17
32
53
24
2
19
47
67
30
56
102
138
3
43
10
27
196
68
30
1
24
32
33
18
17
21
40
43
72
113
3
12
21
44
24
53
123
6
119
13
16
153
75
53
24
2
85
44
38
5
115
2
1
71
33
9
11
65
107
62
21
65
1
28
95
30
77
14
177
20
29
118
42
76
47
160
104
26
9
32
57
83
89
116
93
1
3
141
30
3
166
64
118
55
53
43
14
20
5
5
76
112
1
38
43
51
29
100
33
81
30
4
58
61
19
1
83
102
11
76
109
42
23
73
20
48
97
143
124
94
8
106
20
9
18
97
159
40
2
27
73
4
63
4
97
20
17
19
5
79
78
1
25
172
55
52
66
75
29
104
17
55
7
11
25
3
12
93
62
121
70
14
34
15
162
30
20
80
20
72
11
16
4
109
20
1
87
13
118
33
8
12
93
32
140
43
27
88
14
73
101
37
14
49
5
52
54
82
119
70
197
162
33
127
37
44
89
9
51
40
38
105
124
59
2
133
4
23
23
25
6
24
28
10
24
4
54
80
111
111
72
9
9
31
4
41
11
64
199
52
56
68
120
143
26
127
1
113
81
111
118
77
59
14
15
5
20
137
6
100
14
15
56
87
7
36
129
46
4
8
15
43
72
27
111
106
19
103
104
79
56
11
5
28
40
41
3
93
17
30
2
3
8
56
76
25
68
77
34
58
14
61
104
99
56
5
152
3
5
14
35
18
88
64
85
46
4
131
48
152
75
40
56
14
69
172
107
39
17
29
7
74
90
9
43
1
89
14
20
8
65
72
47
45
1
71
177
74
29
30
48
13
20
9
141
44
79
94
35
28
35
51
61
36
80
1
130
100
3
12
3
39
78
29
18
10
131
111
114
44
74
17
87
124
15
6
1
25
19
57
4
7
52
12
101
31
5
2
15
69
64
17
74
104
8
75
4
16
105
102
8
21
23
1
45
15
11
104
46
15
64
26
61
115
12
74
49
28
36
108
1
155
17
38
14
21
78
85
7
123
147
64
33
52
86
32
114
10
137
32
30
40
33
49
22
96
80
22
72
17
97
97
39
11
178
115
34
67
80
56
6
5
10
41
8
26
17
113
194
2
11
9
4
133
21
96
12
13
5
89
93
28
92
24
58
46
57
135
151
13
6
53
26
76
7
39
18
82
50
36
39
68
69
113
97
8
14
11
59
22
7
52
48
1
107
17
7
32
12
12
41
13
44
162
97
148
21
9
51
26
47
5
6
77
10
82
4
89
70
22
14
33
131
125
2
40
44
6
126
100
11
125
97
12
57
46
29
70
45
91
64
36
91
34
3
10
141
26
4
67
38
136
118
49
2
36
49
100
12
73
51
49
23
76
20
38
75
7
56
113
1
103
16
59
76
85
19
16
44
12
65
56
10
6
12
80
12
46
56
88
1
11
82
3
47
10
51
138
18
22
95
41
64
8
101
78
116
35
54
25
24
48
11
74
50
25
137
62
17
2
86
154
25
8
67
48
25
11
71
44
10
52
6
36
127
119
43
36
124
10
20
79
159
123
18
55
44
46
56
183
132
1
162
59
156
14
102
12
142
172
24
117
107
106
73
83
2
131
100
17
71
22
5
144
49
12
25
138
58
46
129
13
56
5
11
144
1
163
47
17
53
60
16
20
26
83
52
31
37
22
8
4
34
47
4
69
21
16
4
107
74
161
36
2
41
46
39
26
14
19
2
96
5
8
170
38
64
103
40
18
134
53
10
92
92
57
2
49
54
26
29
27
76
26
21
59
2
71
4
2
23
67
116
29
25
159
31
10
11
43
30
8
6
29
19
161
2
4
47
65
3
59
61
166
83
3
85
2
7
135
46
3
49
17
61
27
10
47
7
62
4
105
106
2
30
104
27
127
18
8
60
6
146
20
3
56
6
91
68
2
59
19
33
36
19
9
93
14
13
47
17
10
118
45
104
6
1
4
2
24
8
4
66
41
67
43
164
29
65
86
12
59
27
73
12
133
90
1
14
10
51
41
151
81
19
63
32
97
6
56
19
28
73
25
27
37
57
57
64
15
6
1
28
71
14
5
52
7
29
82
10
32
45
27
2
19
31
110
22
18
22
135
28
131
49
72
5
5
45
17
48
6
13
29
27
98
58
24
58
1
56
5
19
40
13
70
128
135
62
24
42
19
26
31
3
37
41
45
28
147
46
23
86
131
38
32
3
63
10
4
6
27
97
37
63
17
31
22
22
102
52
7
20
35
77
97
138
42
11
7
71
35
29
14
20
106
58
123
61
19
4
14
6
29
68
33
110
152
12
4
119
65
35
143
136
35
99
4
87
9
23
62
4
69
47
32
13
60
120
29
86
87
23
75
26
17
35
11
2
134
16
7
128
125
96
66
30
80
2
134
21
53
1
5
49
5
36
28
4
24
1
33
120
30
177
48
62
38
9
89
10
12
139
51
65
3
107
58
30
1
26
13
3
1
5
18
2
12
1
91
34
13
21
4
21
13
21
77
14
24
1
8
40
71
9
13
8
125
81
24
118
29
30
15
6
118
81
21
47
48
9
15
90
43
2
22
84
31
20
27
8
127
83
96
66
157
6
18
143
29
41
61
69
93
126
68
92
12
99
81
49
73
95
2
17
12
101
82
79
7
78
28
23
27
101
78
119
13
16
28
11
10
26
50
29
61
41
18
64
60
59
79
76
31
50
21
25
35
9
5
87
107
39
35
20
11
8
45
80
8
7
3
164
74
7
5
10
61
91
57
79
78
81
23
150
3
27
120
34
75
3
44
13
77
8
78
34
54
113
28
19
124
2
31
97
8
11
175
12
67
15
1
92
13
17
59
49
87
68
126
73
65
41
21
176
5
4
94
13
3
27
32
122
114
31
1
126
68
2
62
1
48
167
55
150
36
77
86
18
77
199
101
79
2
73
22
56
33
154
1
26
21
84
98
144
78
19
49
5
43
21
128
54
42
7
5
25
39
9
19
12
27
52
55
34
176
20
81
19
48
60
9
35
15
5
178
17
1
29
90
20
49
23
12
1
6
83
50
127
18
31
28
4
2
33
3
81
168
30
32
35
8
22
82
46
4
68
94
99
35
80
32
5
149
123
37
135
4
10
79
5
190
18
51
71
57
4
8
4
38
58
103
32
88
136
109
102
75
65
50
15
129
35
57
16
2
30
12
134
45
73
87
17
104
63
2
41
73
14
76
3
67
8
25
76
48
3
19
28
4
75
56
42
67
86
50
1
53
132
37
21
9
70
3
36
24
126
11
110
16
60
13
5
26
87
1
70
124
37
96
2
25
148
76
3
19
17
50
15
30
12
37
101
5
103
90
8
18
47
35
107
9
6
68
41
69
52
22
54
26
1
25
29
24
1
184
89
106
136
18
126
52
3
83
139
61
85
23
57
24
87
13
17
135
4
59
13
107
30
3
9
30
2
71
38
13
45
82
37
37
27
46
20
90
92
123
26
25
1
2
68
49
61
9
40
115
21
13
3
83
97
7
59
92
15
92
88
122
78
68
103
140
19
61
15
2
29
96
123
1
60
4
31
61
33
35
13
71
48
40
5
63
76
47
49
3
73
15
3
3
54
52
11
93
25
87
44
8
13
19
5
26
12
3
1
27
67
68
138
15
2
73
2
127
63
23
19
33
43
1
13
4
4
12
51
3
4
45
26
65
143
23
2
36
53
10
7
33
68
1
12
23
1
105
89
104
5
11
119
8
51
27
141
12
62
14
13
30
74
19
63
2
104
25
1
38
114
74
13
45
94
42
13
49
115
72
31
175
159
173
154
76
87
9
11
56
41
44
4
29
10
37
55
1
95
32
22
16
47
91
40
122
21
42
3
69
119
138
17
131
40
71
9
164
37
63
16
128
14
21
52
64
128
23
86
28
2
38
135
15
67
36
37
49
137
123
56
3
6
48
19
103
5
18
123
14
25
45
4
16
102
9
61
86
91
54
136
16
52
58
167
12
127
1
1
36
139
43
28
69
5
55
13
33
39
90
90
30
51
77
132
18
3
25
25
8
13
9
38
57
7
117
67
25
52
107
98
140
25
57
35
12
7
39
101
151
2
102
11
37
26
66
40
107
9
162
41
24
38
3
176
52
30
5
118
65
87
1
6
2
24
56
80
29
86
33
85
174
35
21
57
124
5
64
79
129
37
38
10
38
95
4
4
11
32
49
75
9
9
41
18
11
122
15
5
1
15
14
78
92
30
32
34
59
119
8
14
73
6
82
89
103
49
126
180
34
24
19
34
1
49
55
53
30
49
54
26
21
1
31
1
109
19
