100
7155.14 416 12
163.14 81 166
7962.24 352 1
6825.21 415 435
2090.45 425 288
8119.88 283 295
4277.91 492 334
7693.51 157 402
4657.80 363 193
881.99 355 311
7607.73 217 60
2556.32 121 121
4961.12 4 353
2204.87 133 252
4477.32 24 161
9919.17 137 52
7274.38 391 49
5414.28 304 429
372.51 415 180
3007.21 230 448
8682.65 298 469
1641.60 147 222
9989.92 333 466
9505.72 330 38
1086.83 75 421
1436.54 220 390
2194.73 423 106
9128.41 51 143
2058.22 139 500
1898.52 276 483
4145.86 187 377
1321.75 148 242
1893.15 375 225
636.93 341 78
9465.40 425 396
5219.93 396 233
6151.41 453 231
4816.59 37 419
5375.37 429 40
6710.10 73 50
3224.82 492 272
3585.14 341 471
2207.28 480 106
338.25 404 293
7588.80 282 60
3210.68 72 76
1883.16 365 99
8022.05 15 126
3134.05 119 360
7687.93 16 291
1764.50 294 247
6362.12 443 52
408.84 104 158
2227.40 349 55
7461.96 106 75
1901.39 21 179
3390.10 417 436
6851.22 231 298
4555.74 483 477
8743.63 112 112
3334.34 446 0
4988.93 255 326
1899.24 259 452
562.98 382 469
5923.48 447 197
2654.96 72 417
3500.23 474 350
6079.41 50 299
3594.27 33 322
5559.30 462 302
3969.78 130 11
7644.96 435 184
436.28 293 55
1384.38 401 485
4537.55 162 97
3304.85 203 441
7191.35 205 478
1128.94 30 262
8226.56 348 408
8240.44 175 384
4727.53 154 13
4980.52 57 209
2129.74 76 180
2612.83 468 335
7759.49 299 410
2189.47 48 145
8486.95 234 478
6257.63 437 230
6542.99 493 218
1085.62 211 161
5964.44 463 310
2515.73 337 322
3800.67 111 184
9327.27 309 431
8066.64 145 446
8847.49 86 491
7071.30 183 327
4206.68 149 240
6923.56 294 120
8013.13 312 35
