100
435.27 204 248
9851.84 374 60
6300.48 220 170
3207.77 52 437
1635.81 227 134
4559.56 64 330
1027.98 275 439
3493.54 116 486
8807.16 424 208
6108.91 232 158
6002.40 247 49
6199.99 231 463
7779.28 156 325
1564.84 119 154
8545.27 92 379
6243.03 47 481
6434.01 182 18
630.72 213 193
2227.44 18 37
1749.31 171 201
9098.25 42 37
2229.29 275 223
2461.54 154 475
6561.62 313 216
7040.39 108 255
3291.54 299 490
6422.42 423 204
6846.07 405 253
9068.68 244 48
2298.20 151 6
1384.58 487 315
4290.66 472 353
7511.11 274 320
7790.97 471 139
8237.33 252 52
3814.80 416 324
8956.71 84 175
3919.75 66 149
2249.08 227 106
8502.60 88 124
8221.80 253 332
2673.06 269 198
8807.02 111 181
7055.05 211 204
832.64 171 403
7276.22 383 480
2712.44 272 219
9095.54 48 89
734.28 241 158
1131.76 471 73
6536.95 119 283
7073.78 202 0
12.40 450 102
333.03 494 245
4824.87 61 303
4537.89 168 467
8582.06 477 138
4574.73 243 245
9508.20 74 263
3048.46 484 179
3983.54 433 146
1284.77 219 221
818.76 354 351
3240.97 392 291
9562.74 240 346
8754.84 73 228
169.06 47 158
4667.23 199 343
4536.26 314 183
9988.25 428 497
3885.86 146 466
427.06 330 469
3683.22 227 345
7748.26 345 200
5.94 223 333
5242.06 419 480
1153.05 71 435
6561.94 192 110
9240.62 276 172
1804.17 281 192
266.47 75 343
4529.32 364 345
7851.95 103 174
734.90 273 213
358.38 220 70
6117.21 449 19
5716.04 15 354
8868.75 412 338
3842.44 197 7
5468.84 27 392
4815.13 230 284
4772.46 453 475
9135.11 164 64
1232.23 156 475
3332.85 483 57
3130.48 27 482
7952.53 406 231
1587.94 339 399
4890.28 421 64
8231.53 262 401
