100
8162.09 309 134
9465.46 86 286
7802.02 26 28
6105.68 143 294
5029.76 91 276
3078.43 388 32
7355.32 331 255
2093.59 37 357
9587.76 306 249
360.09 81 258
1089.36 104 35
2453.63 70 453
8390.15 127 313
3968.22 126 391
5578.74 454 174
486.23 32 91
952.72 87 152
2991.77 384 142
684.42 290 220
8327.64 167 315
7005.41 141 409
8984.54 97 78
4830.05 463 305
9846.67 193 498
7816.45 175 218
362.04 394 213
6001.25 96 311
6788.75 383 312
1062.69 394 434
4040.71 75 140
7909.96 266 437
7594.27 457 108
1965.36 333 420
6173.48 137 6
8349.99 428 178
453.86 394 161
8159.11 470 122
6424.25 252 305
4850.57 138 238
7085.66 477 8
8926.29 146 355
6245.18 62 307
5422.27 273 498
7289.11 482 14
5484.34 277 215
250.42 234 90
802.50 202 231
1825.16 343 79
2669.78 5 416
8316.72 451 16
7229.84 225 485
2700.69 200 138
7834.62 478 421
2955.00 399 311
3798.31 160 133
8744.50 434 493
7615.84 436 100
9906.01 243 379
133.10 169 372
3265.55 411 178
7627.30 326 391
948.12 187 356
3283.41 499 311
2200.46 332 464
4550.00 270 138
9697.58 173 450
882.23 161 450
7772.77 30 154
3794.04 433 45
1599.41 101 165
9219.54 146 349
9760.92 428 415
2554.64 154 498
7231.02 157 269
6140.55 486 46
2895.81 449 477
3312.24 104 455
561.84 89 123
2239.19 55 241
9064.12 336 366
4978.99 191 468
8258.25 96 45
4526.02 471 480
3655.63 260 47
1547.57 55 462
5377.50 208 312
3267.60 347 82
6547.71 8 423
3596.75 318 31
1760.27 411 348
2524.38 168 416
5975.99 496 142
8205.64 229 154
979.69 260 201
453.23 429 5
4193.26 406 105
5390.37 250 178
4185.82 58 225
4794.71 43 31
1412.53 109 240
