1000
643422 34224
-78205846 -4159886
-10022006 -533086
53801832 2861799
-64759052 -3444631
-7329094 -389846
-11375794 -605096
-56544674 -3007696
-47015706 -2500836
25318234 1346714
4373624 232639
89071948 4737869
1880368 100019
-86906768 -4622701
60794586 3233754
13664584 726839
-62558888 -3327601
-74065804 -3939671
37232076 1980429
76472564 4067689
-61403628 -3266151
-73320102 -3900006
-78947976 -4199361
-58179898 -3094676
-23257488 -1237101
-19612450 -1043216
-77299592 -4111681
-38193524 -2031571
91511248 4867619
-53207486 -2830186
-81942158 -4358626
-77809260 -4138791
-28908580 -1537691
-74040518 -3938326
69490526 3696304
80633662 4289024
-51009954 -2713296
-68260646 -3630886
-65591798 -3488926
4269566 227104
-52383388 -2786351
12288424 653639
55138230 2932884
4961218 263894
67606766 3596104
16033196 852829
-36946802 -1965256
7153956 380529
3275610 174234
67003944 3564039
45855260 2439109
-68094360 -3622041
46728050 2485534
-6625692 -352431
-93139908 -4954251
87506472 4654599
91935564 4890189
-68109118 -3622826
-29161440 -1551141
57328336 3049379
-34063822 -1811906
44322778 2357594
-88083460 -4685291
3373558 179444
32079842 1706374
-75285548 -4004551
-44408616 -2362161
20770890 1104834
-69707400 -3707841
-32201682 -1712856
74546692 3965249
-54338588 -2890351
-48209600 -2564341
-19688966 -1047286
19107372 1016349
82476438 4387044
86705498 4611994
-78593972 -4180531
7556746 401954
562676 29929
82468542 4386624
70327972 3740849
74358222 3955224
80448106 4279154
-78412176 -4170861
68885354 3664114
87086480 4632259
42165384 2242839
31885920 1696059
6145618 326894
89112932 4740049
-85502408 -4548001
-57352886 -3050686
54774262 2913524
17500630 930884
-24660814 -1311746
-66401890 -3532016
-76636986 -4076436
21217672 1128599
-37356736 -1987061
-2926604 -155671
75143686 3997004
41428988 2203669
21721982 1155424
84906620 4516309
85085314 4525814
-583372 -31031
57942156 3082029
-67155676 -3572111
62919832 3346799
-5456896 -290261
21523548 1144869
70058944 3726539
61088430 3249384
38959984 2072339
6497366 345604
-2385822 -126906
-68069544 -3620721
-89376242 -4754056
-75159494 -3997846
64250590 3417584
-13273184 -706021
-64960776 -3455361
-42092080 -2238941
78301146 4164954
7713632 410299
-39123372 -2081031
-43467112 -2312081
1421178 75594
-9494666 -505036
-40175608 -2137001
62707956 3335529
-61672750 -3280466
17182628 913969
-90882968 -4834201
22511958 1197444
19306746 1026954
63419160 3373359
-60373952 -3211381
25326694 1347164
-45088518 -2398326
-22262780 -1184191
74624618 3969394
-75708924 -4027071
-39376514 -2094496
34002518 1808644
-9960060 -529791
78637478 4182844
-15122352 -804381
24402956 1298029
38843518 2066144
71186286 3786504
6480446 344704
22009528 1170719
-87229000 -4639841
-40485620 -2153491
-78112222 -4154906
-44135076 -2347611
92148474 4901514
29186146 1552454
-38706764 -2058871
-87259550 -4641466
-52623370 -2799116
89982338 4786294
33393680 1776259
-52994012 -2818831
-49632760 -2640041
-80971514 -4306996
22530382 1198424
7846736 417379
59229674 3150514
16446984 874839
-8357266 -444536
-90152212 -4795331
10335762 549774
-26651546 -1417636
75119904 3995739
51957646 2763704
-12225460 -650291
-46900180 -2494691
-63262760 -3365041
-25832524 -1374071
-92341284 -4911771
36777586 1956254
-53002002 -2819256
-79614530 -4234816
13339156 709529
19207576 1021679
-90115082 -4793356
57241762 3044774
-61204724 -3255571
42202608 2244819
25037550 1331784
-83087078 -4419526
67453358 3587944
3551594 188914
-55671038 -2961226
32376600 1722159
34799356 1851029
-64612130 -3436816
-81241200 -4321341
39744226 2114054
-63921982 -3400106
-33897160 -1803041
43876372 2333849
-70688102 -3760006
-48247576 -2566361
-72166158 -3838626
78419868 4171269
-41567184 -2211021
-37914438 -2016726
-61003470 -3244866
39211434 2085714
-38134680 -2028441
24576292 1307249
-53919724 -2868071
50959648 2710619
-90461378 -4811776
55382348 2945869
-21770596 -1158011
65039156 3459529
-45169828 -2402651
11344382 603424
35373414 1881564
-12705800 -675841
13106788 697169
58204134 3095964
16110934 856964
-65976540 -3509391
14945522 794974
78420808 4171319
-23969538 -1274976
-41821548 -2224551
-91922232 -4889481
-44775404 -2381671
76174678 4051844
-88616252 -4713631
-88150200 -4688841
70179734 3732964
-792146 -42136
68709292 3654749
-13847242 -736556
64339796 3422329
-34879366 -1855286
73443602 3906574
-23892834 -1270896
29786994 1584414
-13589494 -722846
70311334 3739964
-61471590 -3269766
48659280 2588259
85756004 4561489
-5993448 -318801
-40391432 -2148481
16994346 903954
31955574 1699764
-20692980 -1100691
-8377852 -445631
-30520868 -1623451
-42418448 -2256301
13708952 729199
-14850974 -789946
-81964530 -4359816
-61684030 -3281066
91255286 4854004
-70685564 -3759871
31964222 1700224
55268232 2939799
-89484624 -4759821
59494660 3164609
-76563478 -4072526
-60145344 -3199221
-15527398 -825926
-42606824 -2266321
-1087870 -57866
7257826 386054
-67163854 -3572546
-75588228 -4020651
92875188 4940169
15224984 809839
87459472 4652099
84275786 4482754
-10394716 -552911
-9299710 -494666
-73053048 -3885801
-34086476 -1813111
64679982 3440424
79221406 4213904
-20886902 -1111006
-44260096 -2354261
38287696 2036579
53452340 2843209
-1028462 -54706
41333954 2198614
61659856 3279779
14408312 766399
-64771460 -3445291
62182214 3307564
34906798 1856744
-20210572 -1075031
5422100 288409
24504382 1303424
30846750 1640784
-66593744 -3542221
-57904854 -3080046
22353286 1189004
-18478528 -982901
-25784396 -1371511
-8751878 -465526
25053530 1332634
-12384602 -658756
59946518 3188644
-86188044 -4584471
14104692 750249
92732308 4932569
-77261992 -4109681
-88637308 -4714751
-41748416 -2220661
18320780 974509
89433848 4757119
81805090 4351334
66336544 3528539
-69856954 -3715796
79932046 4251704
-15258088 -811601
-25155536 -1338061
-79382820 -4222491
38507374 2048264
63627840 3384459
-44726900 -2379091
-21994692 -1169931
9339926 496804
-58032412 -3086831
-42441196 -2257511
-27702748 -1473551
-82281686 -4376686
69332136 3687879
36468420 1939809
59946330 3188634
53822794 2862914
-44118438 -2346726
-35185430 -1871566
-88606288 -4713101
-62489516 -3323911
-65725654 -3496046
-68857264 -3662621
1686258 89694
-47666 -2536
2525678 134344
-17366226 -923736
-38365826 -2040736
-44834718 -2384826
-1380774 -73446
26748350 1422784
81545838 4337544
-17535332 -932731
-25332068 -1347451
14029774 746264
73163764 3891689
-90719784 -4825521
-38519140 -2048891
68975312 3668899
-3644012 -193831
-41537762 -2209456
80764228 4295969
13969708 743069
16548222 880224
-41343746 -2199136
-90072594 -4791096
-76578048 -4073301
-99742 -5306
-723996 -38511
27289132 1451549
-47155860 -2508291
73019944 3884039
93717428 4984969
43144488 2294919
34673772 1844349
-43618640 -2320141
-48103662 -2558706
11401252 606449
-70709440 -3761141
52546838 2795044
-53107846 -2824886
81020848 4309619
15947750 848284
15391928 818719
-6988626 -371736
2235688 118919
27753868 1476269
-31868828 -1695151
88785624 4722639
-58743240 -3124641
84021140 4469209
-2402084 -127771
-16691118 -887826
-74138936 -3943561
31115402 1655074
37484278 1993844
-10032158 -533626
-27559398 -1465926
-43714990 -2325266
12555384 667839
-5314862 -282706
27319400 1453159
11271438 599544
-4369880 -232441
46025588 2448169
7946094 422664
88143510 4688484
-3150230 -167566
-87522092 -4655431
64642852 3438449
68484538 3642794
25870954 1376114
-68310936 -3633561
-53864170 -2865116
31922956 1698029
-83086326 -4419486
-34827666 -1852536
-5220110 -277666
-80306840 -4271641
-46976414 -2498746
291768 15519
42180142 2243624
-70421424 -3745821
-79761076 -4242611
-15809116 -840911
-64032996 -3406011
72798668 3872269
54781030 2913884
-89847840 -4779141
-12033042 -640056
37337074 1986014
84571228 4498469
-24527804 -1304671
-56605586 -3010936
-23744502 -1263006
4901810 260734
-54919884 -2921271
59222060 3150109
-85901626 -4569236
3107068 165269
39262570 2088434
-47665058 -2535376
-974130 -51816
-69427656 -3692961
-43154938 -2295476
-50783790 -2701266
-64526778 -3432276
-42173108 -2243251
69336460 3688109
69079934 3674464
-25329060 -1347291
-88206694 -4691846
65713230 3495384
-38143140 -2028891
-64970364 -3455871
-88559476 -4710611
-25002128 -1329901
-66537532 -3539231
75495528 4015719
36771476 1955929
75648466 4023854
62738130 3337134
-44171266 -2349536
30463512 1620399
50936900 2709409
52504444 2792789
71124434 3783214
-59987236 -3190811
20733854 1102864
44217498 2351994
68283942 3632124
81408598 4330244
-17400536 -925561
37488884 1994089
57357288 3050919
-45732982 -2432606
67814694 3607164
-89984328 -4786401
91251150 4853784
-48840340 -2597891
-88481456 -4706461
-77517296 -4123261
82701098 4398994
69433468 3693269
-30554332 -1625231
86732664 4613439
29924422 1591724
60885296 3238579
-24247778 -1289776
6254846 332704
-9173938 -487976
15217840 809459
-9731640 -517641
9765088 519419
8291074 441014
92160882 4902174
71864214 3822564
-10024450 -533216
-64485418 -3430076
-20235952 -1076381
-76922276 -4091611
-18718792 -995681
12200534 648964
-85035040 -4523141
-50187924 -2669571
-35529752 -1889881
-65551660 -3486791
33308140 1771709
6443786 342754
-12318990 -655266
29586304 1573739
-30321964 -1612871
-27127844 -1442971
74998456 3989279
-58124438 -3091726
-58055912 -3088081
41786188 2222669
-57897052 -3079631
-87047486 -4630186
21853676 1162429
-35704216 -1899161
-11882078 -632026
34825018 1852394
-9001636 -478811
-83972182 -4466606
-5401248 -287301
61910272 3293099
-61078388 -3248851
41530978 2209094
7800112 414899
20992354 1116614
50018614 2660564
51516222 2740224
85601844 4553289
-79166150 -4210966
89524464 4761939
7984258 424694
-37909174 -2016446
-6700046 -356386
85421928 4543719
-20462962 -1088456
90063554 4790614
-35253016 -1875161
45539984 2422339
-84207276 -4479111
39929500 2123909
-53135200 -2826341
28688228 1525969
-16048158 -853626
66048434 3513214
-3387204 -180171
7614650 405034
77693060 4132609
-27617114 -1468996
-72676766 -3865786
-52326142 -2783306
-53208426 -2830236
7349852 390949
53765736 2859879
-87393876 -4648611
69825448 3714119
-90868586 -4833436
-55233656 -2937961
-88992440 -4733641
-79185608 -4212001
13146644 699289
60307196 3207829
82568088 4391919
-10744960 -571541
20679804 1099989
-21514352 -1144381
-12608322 -670656
62799888 3340419
8227342 437624
-70738204 -3762671
-7410592 -394181
79517882 4229674
78251608 4162319
-14254920 -758241
62019500 3298909
20706782 1101424
29722134 1580964
-63413066 -3373036
61100932 3250049
-93546740 -4975891
-24160452 -1285131
47183198 2509744
-28517070 -1516866
-26963156 -1434211
-30067882 -1599356
-54418488 -2894601
-7229548 -384551
-51424118 -2735326
-42821426 -2277736
80708768 4293019
-34663918 -1843826
-64191668 -3414451
74453256 3960279
-65884514 -3504496
5052680 268759
5082290 270334
2334670 124184
-58853314 -3130496
81468758 4333444
37318932 1985049
-41142022 -2188406
-35745200 -1901341
51043120 2715059
-40141768 -2135201
88416016 4702979
-7658470 -407366
64465756 3429029
-46787286 -2488686
-44629046 -2373886
-52235996 -2778511
46983448 2499119
-49199796 -2617011
55285622 2940724
33114406 1761404
-78540674 -4177696
26476408 1408319
-34626694 -1841846
38709850 2059034
62552104 3327239
-59666038 -3173726
32828176 1746179
-68558438 -3646726
-30526038 -1623726
92951140 4944209
-33643830 -1789566
80966140 4306709
-29483202 -1568256
-35594330 -1893316
49137176 2613679
73695898 3919994
-70582164 -3754371
-20750696 -1103761
1926052 102449
-11525348 -613051
-66168770 -3519616
-10753514 -571996
-36711520 -1952741
-39407252 -2096131
-26970394 -1434596
24737502 1315824
29521256 1570279
-70027000 -3724841
9260308 492569
65468360 3482359
-77512972 -4123031
23805586 1266254
68855556 3662529
-24430044 -1299471
-6598808 -351001
-308516 -16411
7314414 389064
93869708 4993069
91688344 4877039
80456660 4279609
93936166 4996604
-47821380 -2543691
1162208 61819
86143848 4582119
5545428 294969
69141692 3677749
23991894 1276164
20399120 1085059
70762064 3763939
24405024 1298139
25342204 1347989
-52764370 -2806616
18708342 995124
-56771214 -3019746
72623640 3862959
-38732144 -2060221
-41472432 -2205981
35898498 1909494
52630310 2799484
-10590236 -563311
-87713288 -4665601
6364262 338524
-79014904 -4202921
-1696144 -90221
-75759120 -4029741
63273554 3365614
-8484636 -451311
54361508 2891569
-36869628 -1961151
64918554 3453114
27378056 1456279
30563622 1625724
62509428 3324969
74090698 3940994
16041374 853264
-61747198 -3284426
59077206 3142404
5289184 281339
-23337388 -1241351
38066420 2024809
23533456 1251779
24347308 1295069
-79809298 -4245176
-56153258 -2986876
-5945508 -316251
-9037638 -480726
89260606 4747904
51376538 2732794
16105858 856694
6640998 353244
-59119146 -3144636
-75933396 -4039011
66878266 3557354
61276712 3259399
-45431994 -2416596
-4719372 -251031
-84005364 -4468371
74516142 3963624
22240768 1183019
-70320092 -3740431
8201022 436224
5025044 267289
85075256 4525279
17723034 942714
-62989878 -3350526
-50962484 -2710771
-35218236 -1873311
64925134 3453464
-36467214 -1939746
9020608 479819
91984162 4892774
-5551460 -295291
58428418 3107894
36289068 1930269
-33116114 -1761496
76801282 4085174
84524604 4495989
996204 52989
-31107804 -1654671
68420148 3639369
-66186724 -3520571
-31945720 -1699241
28041414 1491564
-10759060 -572291
-23116394 -1229596
-39052778 -2077276
-50172696 -2668761
-86794814 -4616746
17810736 947379
37334254 1985864
56304582 2994924
6189422 329224
7117296 378579
-36115654 -1921046
38536138 2049794
-5852354 -311296
1234964 65689
51075080 2716759
-76030404 -4044171
89909582 4782424
7495740 398709
77443490 4119334
-61457490 -3269016
88952004 4731489
-63433652 -3374131
-88925324 -4730071
-17748430 -944066
-52890988 -2813351
-43744788 -2326851
-37508922 -1995156
-73839734 -3927646
93245078 4959844
-52937142 -2815806
-12856764 -683871
-4964806 -264086
-62254516 -3311411
-68898342 -3664806
84851724 4513389
5157020 274309
62401516 3319229
68294188 3632669
37691266 2004854
-57277592 -3046681
34356240 1827459
57969228 3083469
-19665654 -1046046
-53062726 -2822486
65502764 3484189
83269798 4429244
-53163118 -2827826
2973400 158159
47760640 2540459
55616126 2958304
18302732 973549
15099776 803179
-17031492 -905931
37602154 2000114
60823726 3235304
44462744 2365039
79199410 4212734
79171774 4211264
-84866592 -4514181
42202890 2244834
33983154 1807614
27387832 1456799
69621186 3703254
-10805120 -574741
6587982 350424
-83546644 -4443971
-49225740 -2618391
36876192 1961499
-75596406 -4021086
-92968828 -4945151
-50864160 -2705541
80652274 4290014
42863052 2279949
-91001314 -4840496
46686408 2483319
-59131084 -3145271
-7051042 -375056
-52004098 -2766176
-49555398 -2635926
-3545218 -188576
-81351086 -4327186
32918980 1751009
50831338 2703794
21940250 1167034
-45705440 -2431141
-75495544 -4015721
-90656240 -4822141
-60004626 -3191736
-24271654 -1291046
47541902 2528824
64123596 3410829
-81086570 -4313116
5577294 296664
-31797858 -1691376
-71707532 -3814231
26073994 1386914
31044902 1651324
34428150 1831284
46914640 2495459
-10185190 -541766
93918682 4995674
-23087630 -1228066
71119076 3782929
-33827036 -1799311
47663914 2535314
-83101084 -4420271
-78547912 -4178081
75716616 4027479
-30464562 -1620456
-79075346 -4206136
-59024206 -3139586
51420624 2735139
-60125604 -3198171
-23854858 -1268876
71209034 3787714
-39104384 -2080021
-46429992 -2469681
60959556 3242529
-32287786 -1717436
67462476 3588429
-37558554 -1997796
41431808 2203819
-41131870 -2187866
41258096 2194579
-68516796 -3644511
11148486 593004
58975592 3136999
28576462 1520024
-6739996 -358511
-12477004 -663671
2840954 151114
46328268 2464269
6786792 360999
-33514768 -1782701
-82628734 -4395146
-41216470 -2192366
-64024630 -3405566
-71254076 -3790111
43234822 2299724
-60322534 -3208646
-77657262 -4130706
-30814618 -1639076
-13024836 -692811
-378358 -20126
31477960 1674359
-91335202 -4858256
-22057860 -1173291
-90843018 -4832076
-58581560 -3116041
6742706 358654
29109254 1548364
-13752490 -731516
37809894 2011164
-43822996 -2331011
54580434 2903214
-15516776 -825361
-39399168 -2095701
38832614 2065564
-43308816 -2303661
-85516414 -4548746
-16242456 -863961
81031000 4310159
73255320 3896559
33698146 1792454
73286810 3898234
-36972558 -1966626
49326116 2623729
-82817956 -4405211
56077102 2982824
74177648 3945619
30719004 1633989
-68629408 -3650501
-39410354 -2096296
-82331412 -4379331
66887948 3557869
-5737016 -305161
-62587840 -3329141
60478464 3216939
34638428 1842469
19786710 1052484
-52569038 -2796226
44679132 2376549
-75726220 -4027991
59731916 3177229
47076226 2504054
6239430 331884
67614380 3596509
-34603758 -1840626
71142388 3784169
-84537310 -4496666
69992486 3723004
-92469594 -4918596
52341824 2784139
8965430 476884
44247954 2353614
93258050 4960534
-73369546 -3902636
-88657612 -4715831
-62034086 -3299686
-54092872 -2877281
14780270 786184
-44980042 -2392556
-37005176 -1968361
-32560668 -1731951
55685498 2961994
-10526974 -559946
33171276 1764429
29453200 1566659
26923378 1432094
30583362 1626774
22983274 1222514
-69565366 -3700286
-2715762 -144456
-71932474 -3826196
-11898152 -632881
-56733896 -3017761
-39067630 -2078066
-71969886 -3828186
82377362 4381774
-10102658 -537376
-38071418 -2025076
-93173748 -4956051
21843712 1161899
-76063022 -4045906
-2168212 -115331
-70961360 -3774541
34001202 1808574
-35410278 -1883526
61746336 3284379
69586500 3701409
-53196018 -2829576
-55821250 -2969216
69370958 3689944
35282422 1876724
-91793734 -4882646
-15212780 -809191
33187444 1765289
-75588792 -4020681
-27205206 -1447086
-88818540 -4724391
-34092868 -1813451
-77396600 -4116841
-43546448 -2316301
-2636332 -140231
-315942 -16806
55391090 2946334
-27071632 -1439981
-85699808 -4558501
75778750 4030784
-85660892 -4556431
-8130914 -432496
3997154 212614
-50038088 -2661601
-77483174 -4121446
42044312 2236399
