2000
57980882 -56747266
-85182716 83370298
-10105977 16169554
-2669107 4270562
5539410 -5421570
-18780458 18380854
48654108 -47618934
-20136277 32218034
27865558 -44584902
-39828468 38981034
34903600 -34160990
32965023 -52744046
-2310392 3696618
36351200 -35577790
-15803067 25284898
-8225252 13160394
-33579392 53727018
-89995892 88081066
31676043 -50681678
-24118248 23605074
1163334 -1138602
-25737677 41180274
-8478967 13566338
-11443747 18309986
79776192 -78078846
-28219912 45151850
72426050 -70885090
3357482 -3286066
31220774 -30556522
21369313 -34190910
-54202666 53049398
-939162 1502650
-890477 1424754
7076013 -11321630
-16481087 26369730
-66409036 64996058
27985048 -44776086
5533353 -8853374
-31432737 50292370
-25686192 41097898
6258238 -10013190
31762633 -50820222
-22446137 35913810
-60182006 58901518
-8004087 12806530
-78247584 76582722
83056792 -81289646
-45496198 44528174
34670048 -55472086
82991368 -81225614
30012703 -48020334
-9804116 9595498
6209483 -9935182
90683952 -88754526
-33908952 54254314
26329583 -42127342
-30108092 48172938
-9042362 14467770
-10713122 17140986
11237784 -10998702
78093968 -76432414
-52283562 51171126
7452686 -7294138
-23641702 37826714
-5874634 5749622
-27620970 27033270
20851068 -33361718
-85755552 83930946
65208542 -63821146
44622448 -43673054
48138142 -47113946
-17401447 27842306
-30358344 29712402
38230448 -37417054
-32940148 32239274
-2317862 2268526
-55818996 54631338
-6836912 6691426
32197473 -51515966
18515448 -29624726
74115606 -72538698
67763556 -66321798
15008693 -24013918
-19354062 30966490
-25289537 40463250
19081520 -18675550
-56920958 55709854
63286618 -61940114
-34223742 54757978
30139018 -48222438
-28794122 46070586
10918208 -17469142
29797838 -47676550
30808960 -30153470
93129644 -91148182
20704138 -33126630
829178 -1326694
91153294 -89213882
-39513098 38672374
73565330 -72000130
-40310594 39452902
38314296 -37499118
-25285547 40456866
43043248 -42127454
-18311116 17921498
12476140 -12210710
25801888 -41283030
53382872 -52247086
25653698 -41045926
-7158417 11453458
-58277002 57037046
-40072868 39220234
-26643276 26076378
14461232 -14153566
92769624 -90795822
16365153 -26184254
-51579126 50481678
-26275382 42040602
3624138 -5798630
-91799564 89846362
65813526 -64413258
77962274 -76303522
-31614560 30941890
48797176 -47758958
-18102427 28963874
52676086 -51555338
-89316648 87416274
-99267 158818
-41464256 40582018
26935398 -43096646
-9322257 14915602
24969133 -39950622
-8662612 13860170
-65777262 64377726
31249350 -30584490
-68298342 66845166
-65472984 64079922
-2220652 3553034
13835528 -22136854
30136708 -48218742
61435946 -60128818
13909938 -22255910
18308353 -29293374
30601753 -48962814
11954243 -19126798
-6204480 6072450
-25391527 40626434
-2065672 3305066
-32343192 51749098
-91084036 89146058
-73388536 71827058
-4276237 6841970
16650928 -26641494
2115288 -3384470
14352513 -22964030
89679280 -87771230
-6890116 6743498
-16294158 15947454
-84770244 82966602
-65293444 63904202
-22042412 35267850
20191002 -19761426
-25930037 41488050
-34688266 33950198
28667863 -45868590
-58075278 56839614
3894863 -6231790
6296178 -10073894
11784582 -11533866
-53581890 52441830
-49165488 48119394
-25196898 24660774
-29828302 47725274
-31767022 50827226
13579083 -21726542
-17947867 28716578
-82924742 81160366
-21280388 20827594
-30815127 49304194
-70781446 69275438
31699598 -50719366
-23580452 37728714
-27971517 44754418
-14365936 14060258
28647283 -45835662
-32088226 31405478
-10527164 10303162
34071982 -33347066
71272576 -69756158
74426840 -72843310
-62142470 60820270
2550688 -4081110
22145158 -35432262
1427153 -2283454
-81190442 79462966
16886443 -27018318
78297478 -76631594
6872488 -10995990
-69595636 68114858
-20157276 19728378
3260348 -5216566
69577944 -68097582
-8103844 7931402
31704874 -31030322
5282403 -8451854
-31129707 49807522
-78740144 77064802
34830908 -55729462
-29530872 47249386
-15827042 25323258
-19854387 31767010
5847373 -9355806
33579413 -53727070
-34212822 54740506
-3755874 3675942
19989928 -31983894
15980272 -15640286
-49458110 48405790
34661893 -55459038
-12116062 19385690
4622758 -7396422
31071784 -30410702
7527513 -12044030
93071834 -91091602
-67820164 66377162
7785918 -12457478
20578348 -32925366
-84541354 82742582
16013642 -15672946
10140228 -16224374
18703223 -29925166
-21503450 21045910
-30786357 49258162
-33050787 52881250
-17467667 27948258
-3522442 5635898
-27542557 44068082
4555103 -7288174
-17160744 16795602
-59243698 57983174
-10274992 16439978
37838280 -37033230
-44355226 43411478
-18019022 28830426
-11538040 11292530
9199770 -9004050
-15660722 25057146
52951036 -51824438
32672423 -52275886
-17930717 28689138
26996543 -43194478
14179138 -13877474
22979418 -22490514
-5822047 9315266
-425467 680738
17583468 -28133558
83254568 -81483214
29047438 -46475910
-13780522 22048826
34749628 -34010294
-34659912 55455850
-34541682 55266682
-76350664 74726162
-24159527 38655234
-4635407 7416642
21871633 -34994622
7312403 -11699854
74321842 -72740546
51305096 -50213518
32921973 -52675166
-1807162 2891450
642383 -1027822
-718417 1149458
42923774 -42010522
55131460 -53958470
27537678 -44060294
11403903 -18246254
5518688 -8829910
28390873 -45425406
67597082 -66158866
71206306 -69691298
30453598 -48725766
16621248 -26594006
83841504 -82057662
-991207 1585922
9286018 -14857638
31441683 -50306702
-19178502 30685594
-10876468 10645034
2577918 -4124678
2685963 -4297550
35669136 -34910238
83984290 -82197410
705383 -1128622
20896183 -33433902
75001462 -73405706
83918584 -82133102
-10510542 16816858
43718826 -42788658
10460780 -10238230
47197484 -46193302
-42065386 41170358
32948678 -52717894
49001250 -47958690
-23105782 36969242
10279458 -16447142
35027962 -34282706
954793 -1527678
48339396 -47310918
-7903718 7735534
11693213 -18709150
-31223437 49957490
-22160322 21688806
9367323 -14987726
-65464806 64071918
516908 -827062
90868756 -88935398
31115658 -49785062
-65785158 64385454
-24249512 38799210
4002134 -3917002
76247244 -74624982
5956433 -9530302
63912564 -62552742
22693993 -36310398
18745888 -29993430
-83005958 81239854
92457826 -90490658
53609130 -52468530
14565873 -23305406
-50768658 49688454
-42522414 41617662
32967388 -32265974
-49211830 48164750
26411868 -42258998
-12343702 19749914
-6015037 9624050
-5537 8850
17940783 -28705262
-26137517 41820018
59724112 -58453406
88515372 -86632086
-17197310 16831390
-16374827 26199714
31834313 -50934910
33446483 -53514382
-29153537 46645650
39827602 -38980226
36570408 -35792334
10220868 -16353398
-65815520 64415170
25813578 -41301734
31330754 -30664162
91319110 -89376170
17258390 -16891210
82791806 -81030298
-62331128 61004914
20167903 -32268654
-62553814 61222862
10849573 -17359326
-42871624 41959442
11019148 -17630646
14931868 -23890998
22742048 -36387286
31604482 -30932066
-15476307 24762082
-23843267 38149218
21566363 -34506190
-9331042 14929658
29601278 -47362054
18362883 -29380622
-465612 744970
13547373 -21675806
22020103 -35232174
20971503 -33554414
1005718 -1609158
-4693962 7510330
-19259947 30815906
92943806 -90966298
9829288 -15726870
-31477432 50363882
28776153 -46041854
18123623 -28997806
-2820198 2760174
45362510 -44397370
-6187832 9900522
-80186428 78480314
5640742 -5520746
32176158 -51481862
-10419647 16671426
33957728 -54332374
9377683 -15004302
-25366747 40586786
20121724 -19693622
-10791398 10561774
-2368877 3790194
-11254187 18006690
33409313 -53454910
-53992012 52843226
-13948522 22317626
30054353 -48086974
90443876 -88519558
-65552414 64157662
6477758 -10364422
-16500864 16149762
11538268 -18461238
-69641320 68159570
-65903692 64501466
-1760612 2816970
17492433 -27987902
-33199607 53119362
10231368 -16370198
860293 -1376478
-32660992 52257578
27762168 -44419478
-32629666 31935398
-86092448 84260674
55857046 -54668618
-6072974 5943742
5184613 -8295390
5590613 -8944990
-21136568 20686834
-34854757 55767602
-15298962 24478330
28753932 -28142166
-12513452 20021514
23133672 -22641486
18522658 -29636262
1571773 -2514846
77588060 -75937270
19681928 -31491094
-22350484 21874922
-65514908 64120954
-32806137 52489810
41559646 -40675418
20662698 -33060326
-57641092 56414666
-19447232 31115562
79626826 -77932658
21638568 -34621718
-32074042 51318458
25550036 -25006438
-19765202 19344646
28673374 -28063322
-23523122 37636986
-70360044 68863002
48395890 -47366210
33198228 -53117174
73394814 -71833242
42187284 -41289702
22241048 -21767854
-19193937 30710290
-16063952 15722146
61895230 -60578330
-18586547 29738466
9999703 -15999534
-38795220 37969770
6516446 -6377818
-27137222 43419546
-57118546 55903238
-36428676 35653578
-30043377 48069394
39247622 -38412586
-29337974 28713742
-43014410 42099190
8266468 -13226358
-2240602 3584954
-13776368 13483234
-1077344 1054402
26127773 -41804446
-33165692 53065098
863474 -845122
-38058730 37248950
49469370 -48416850
-33988927 54382274
24364578 -38983334
-45047536 44089058
-64812916 63433898
-26134402 41815034
32241802 -31555826
11196424 -10958222
23736223 -37977966
-31870622 50992986
73682266 -72114578
-25046216 24513298
-47610352 46597346
13538903 -21662254
-7398552 11837674
1901298 -3042086
-52352464 51238562
-17172372 27475786
10926678 -17482694
-50474532 49400586
32070633 -51313022
26900713 -43041150
-14530152 23248234
-76917390 75280830
11572330 -11326130
-92584276 90614378
32452268 -31761814
5148983 -8238382
30412823 -48660526
6894044 -6747382
-28387728 27783714
18426548 -29482486
15813986 -15477538
-84156612 82366026
6842808 -10948502
-9610902 15377434
24386103 -39017774
-21041132 33665802
-25808167 41293058
-22145802 35433274
-4612026 4513878
-27311710 26730590
-23977247 38363586
6826393 -10922238
-28122052 44995274
74494050 -72909090
56898472 -55687886
79456028 -77765494
-24960397 39936626
7356712 -7200206
85810052 -83984326
25982208 -41571542
-88403720 86522770
-44604608 43655554
-58830004 57578282
50507224 -49432622
-77390210 75743590
-22626280 22144850
33563103 -53700974
37247302 -36454826
34181492 -33454246
-6881844 6735402
-40963894 40092302
32957848 -52732566
69728344 -68244782
11051278 -17682054
19038663 -30461870
16813018 -16455314
-9716672 15546666
-23753998 23248574
25749318 -41198918
-28993797 46390066
-24285177 38856274
-77712818 76059334
32164346 -31480018
74692202 -73103026
-18167108 17780554
3636948 -5819126
-20219542 32351258
70032152 -68542126
-41187520 40311170
-55769458 54582854
-20115067 32184098
-50932030 49848350
-76790208 75156354
-4943337 7909330
-20392932 32628682
-56390610 55190790
28533690 -27926610
-7836884 7670122
87660912 -85795806
-10782938 10553494
21399833 -34239742
-68015496 66568338
25771406 -25223098
53001796 -51874118
19594568 -31351318
-7689962 12303930
31493092 -30823046
86315396 -84478918
21304563 -34087310
-4267242 6827578
-70753716 69248298
-21160062 33856090
-73336742 71776366
-22814022 36502426
31936866 -31257378
-15714587 25143330
-29616872 28986706
-21317142 34107418
-63774686 62417758
13298698 -21277926
-30596447 48954306
41651390 -40765210
40929094 -40058282
-5608967 8974338
-30160850 29519110
19415858 -31065382
-30487352 48779754
-2753458 2694854
-13921607 22274562
-16456237 26329970
73924410 -72351570
34404258 -55046822
-22132432 35411882
28466998 -45547206
16249394 -15903682
93819886 -91823738
31631272 -30958286
-18784017 30054418
-67533464 66096562
-28736897 45979026
56452818 -55251714
-39114538 38282294
32265793 -51625278
-70981948 69471674
52071854 -50963962
-62989034 61648822
-33155542 53048858
18546108 -29673782
-65949658 64546454
-30140992 48225578
83919712 -82134206
6928072 -6780686
60037696 -58760318
1300838 -2081350
-54147394 52995302
36141580 -35372630
-36736432 35954786
-34669012 55470410
-5899782 9439642
-5944302 9510874
46915296 -45917118
-58524880 57279650
-67771284 66329322
22632428 -36211894
33126758 -53002822
-26981300 26407210
7759738 -12415590
-60283056 59000418
41720104 -40832462
19297348 -30875766
-30988657 49581842
-77895084 76237722
-27350792 43761258
-11718007 18748802
-58967244 57712602
17913028 -28660854
20320503 -32512814
-89804038 87893294
-13545504 13257282
57704522 -56476786
51288082 -50196866
-85807722 83982006
52882980 -51757830
-30488192 48781098
82772348 -81011254
23341563 -37346510
30235653 -48377054
25957148 -41531446
-10633987 17014370
9705396 -9498918
-25239292 24702266
27681110 -27092170
4122078 -4034394
42902154 -41989362
9560243 -15296398
-24281397 38850226
-26117534 25561822
34419693 -55071518
-32359040 31670530
28495943 -45593518
49863418 -48802514
31628408 -50605462
1886353 -3018174
-24356927 38971074
-7376712 11802730
661983 -1059182
-38562100 37741610
-7536522 12058426
-2635488 2579394
-17129742 27407578
29199210 -28577970
-2651082 4241722
52979236 -51852038
20973708 -33557942
-26619212 26052826
-37974600 37166610
66209266 -64800578
34735218 -55576358
49744414 -48686042
-33200797 53121266
-28458192 45533098
-1564472 2503146
12127563 -19404110
7676158 -12281862
29464568 -47143318
-1024772 1639626
-30985647 49577026
56373200 -55173790
47678952 -46664526
93415874 -91428322
-7033654 6883982
-21834612 21370026
77190440 -75548110
-12266597 19626546
31057523 -49692046
27902308 -44643702
65576552 -64181326
-14453432 23125482
-12318467 19709538
22113623 -35381806
24880933 -39809502
18366650 -17975890
76962772 -75325286
32074106 -31391698
33181078 -53089734
-64463706 63092118
27408353 -43853374
53024356 -51896198
85245206 -83431498
3773693 -6037918
9838970 -9629650
11159883 -17855822
57301638 -56082474
-26470504 25907282
91232536 -89291438
-14212457 22739922
79669878 -77974794
-79972860 78271290
8660022 -8475786
34849832 -34108366
-60305334 59022222
-17457587 27932130
-30943964 30285562
35966082 -35200866
23374463 -37399150
-1443757 2310002
-13255767 21209218
-19992870 19567470
-92520920 90552370
74429566 -72845978
2716938 -4347110
-7089222 11342746
11150573 -17840926
-71495846 69974638
41268058 -40390034
20190478 -32304774
-10962196 10728938
35717358 -34957434
-4438287 7101250
19975742 -19550746
-9942457 15907922
-87049368 85197234
91969026 -90012258
53109426 -51979458
10168893 -16270238
20642433 -33027902
-83132858 81364054
-23787477 38059954
-29832884 29198122
-20325347 32520546
32373590 -31684810
-30998877 49598194
13020623 -20833006
3972054 -3887562
-5585482 8936762
-7029236 6879658
-9122547 14596066
-28132612 27534026
-91248348 89306874
-37253996 36461338
22276268 -35642038
-34440106 33707318
-13605452 21768714
61011536 -59713438
23304638 -37287430
71022160 -69511070
74469046 -72884618
-77953834 76295222
-11575837 18521330
23466583 -37546542
90014296 -88099118
-17519712 28031530
-31698784 31024322
-17574438 17200494
-74024728 72449714
21247844 -20795782
81073110 -79348170
-18183067 29092898
51789948 -50688054
16026802 -15685826
-27090252 43344394
-87872620 86002970
28431123 -45489806
-67489284 66053322
-86978680 85128050
51519322 -50423186
55615090 -54431810
-18814467 30103138
57119090 -55903810
-25170766 24635198
-33404602 53447354
92633512 -90662606
-9098740 8905130
13139938 -21023910
-18389567 29423298
20674178 -33078694
-5156802 8250874
-6518547 10429666
21279993 -34047998
21051373 -33682206
8133622 -7960586
-6422466 6285798
-74261232 72681186
-2088972 2044506
-7949417 12719058
-21923307 35077282
-9473142 9271566
-44497072 43550306
-24894124 24364442
-21472472 34355946
4077668 -6524278
-20817867 33308578
-666652 1066634
17396428 -27834294
10662428 -17059894
96978 -155174
-83431872 81656706
21251608 -34002582
-18963812 30342090
-23325862 37321370
-13130817 21009298
59004730 -57749330
-38806876 37981178
-5995052 9592074
10970953 -17553534
-26276537 42042450
-22212774 21740142
-16895570 16536070
71656942 -70132346
-4718602 7549754
22965033 -36744062
-20159447 32255106
5544483 -8871182
-27003067 43204898
-57884082 56652486
-6434617 10295378
-25851847 41362946
-80688764 78971962
-28318402 45309434
-7012187 11219490
21058338 -33693350
-31111378 30449414
-88062594 86188902
23829498 -38127206
-22632652 36212234
21015778 -33625254
-34492997 55188786
15258313 -24413310
-14415072 23064106
-15141252 24225994
-66990896 65565538
21553062 -21094506
-31265717 50025138
-12093907 19350242
-17809617 28495378
1079674 -1056722
-30205812 48329290
-83020998 81254574
32635756 -31941398
-28689938 28079494
30759328 -30104894
-17668252 28269194
4167863 -6668590
-68559380 67100650
-33858867 54174178
54815620 -53649350
-65095010 63709990
21594153 -34550654
88925776 -87033758
-14707357 23531762
56723256 -55516398
23554573 -37687326
54897588 -53729574
-6457822 10332506
11113928 -17782294
4764893 -7623838
18593743 -29749998
16214898 -25943846
12322920 -12060750
25156138 -40249830
75570726 -73962858
-87011110 85159790
-63445686 62095758
-17128657 27405842
33851433 -54162302
8721503 -13954414
-8405607 13448962
26182374 -25625322
92979620 -91001350
-35810814 35048862
20858768 -33374038
-4229164 4139162
8123633 -12997822
-77252 123594
40548864 -39686142
-37258978 36466214
4349583 -6959342
17734703 -28375534
-80100324 78396042
-31051097 49681746
-82896730 81132950
-39617438 38774494
14366548 -22986486
15006523 -24010446
-6696758 6554254
84554400 -82755390
-63114994 61772102
53752950 -52609290
54384160 -53227070
-35701210 34941590
24757334 -24230602
-35479746 34724838
29803823 -47686126
-10622574 10396542
-50729648 49650274
-33859322 54174906
43290562 -42369506
74321278 -72739994
-33963237 54341170
-8643572 13829706
-85794280 83968850
-8815706 8628118
-69335068 67859834
45381498 -44415954
-46704380 45710650
-81997902 80253246
-5185607 8296962
-17754142 28406618
28685993 -45897598
-8820637 14113010
-24761492 39618378
75296152 -73694126
43928916 -42994278
3613218 -5781158
12611753 -20178814
25319903 -40511854
-7443317 11909298
-73839642 72268566
-1039472 1663146
22066020 -21596550
-12960297 20736466
-53188970 52057270
-54684698 53521174
-959707 1535522
-14567182 23307482
-28765037 46024050
24104248 -38566806
68193888 -66742974
74127356 -72550198
34671553 -55474494
74076690 -72500610
-30617202 48987514
32943512 -32242606
30958138 -30299474
49693748 -48636454
17728438 -28365510
-26819808 26249154
6657588 -10652150
22261352 -21787726
-7741568 7576834
59018172 -57762486
-22922452 36675914
-77708494 76055102
6538518 -10461638
8693853 -13910174
41963846 -41071018
-42569508 41663754
20820163 -33312270
30705388 -49128630
35183532 -34434966
-28019342 27423166
84792126 -82988058
18585868 -29737398
-17221232 27553962
28269003 -45230414
78700174 -77025722
-27664567 44263298
14403610 -14097170
-17475647 27961026
28658623 -45853806
3679403 -5887054
67528180 -66091430
30391193 -48625918
4302683 -6884302
30904678 -49447494
-68439624 66983442
27868148 -44589046
85103924 -83293222
-8989722 14383546
-32420192 51872298
74402400 -72819390
-18050487 28880770
-65631750 64235310
-51826158 50723454
-25009292 40014858
-9510872 15217386
-26416992 42267178
-15823682 25317882
-792430 775550
107056 -104798
-58375326 57133278
31682343 -50691758
-43955256 43020018
32731783 -52370862
-7352220 7195770
-18116882 28987002
13981644 -13684182
87100766 -85247578
8154923 -13047886
-1006642 1610618
-87967654 86095982
2367323 -3787726
-18189472 29103146
-71119470 69606270
44027522 -43090786
13200033 -21120062
32873388 -32173974
-83006522 81240406
-33033882 52854202
-28923587 46277730
27737318 -44379718
10516933 -16827102
-17160962 27457530
41663704 -40777262
9762928 -15620694
28480578 -45568934
77660158 -76007834
-24640672 39425066
28063448 -44901526
-1961508 1919754
-33599657 53759442
43590610 -42663170
8129768 -7956814
3169663 -5071470
10007683 -16012302
-32789652 52463434
-88983794 87090502
-16245747 25993186
87983990 -86112010
-5748967 9198338
-28611982 45779162
-85643692 83821466
17072176 -16708958
-32462332 51939722
-88012210 86139590
33127000 -32422190
-26236532 41978442
-24985422 39976666
93413336 -91425838
-12729157 20366642
-9336887 14939010
66907404 -65483862
7112483 -11379982
3266613 -5226590
-14288687 22861890
16782388 -26851830
-73004452 71451146
-21535822 34457306
11135523 -17816846
-48612580 47578250
57659308 -56432534
1414878 -1384794
17312673 -27700286
-28720112 28109026
-47362 75770
7161763 -11458830
60180576 -58900158
30657150 -30004890
-14427672 23084266
-23748102 37996954
41805550 -40916090
10642198 -17027526
-33663392 53861418
3458588 -5533750
6801823 -10882926
-65420438 64028494
-29514667 47223458
-30712612 49140170
-19082198 18676174
-52944100 51817610
2233806 -2186298
-10724707 17159522
-22964868 22476234
-77727670 76073870
-31425142 50280218
-80687542 78970766
-11158742 17853978
-13607132 21771402
-16232447 25971906
-31765237 50824370
-16645832 26633322
-24975998 24444574
-55503250 54322310
23206428 -37130294
-83579546 81801238
-19015367 30424578
4222568 -6756118
49713018 -48655314
-16595257 26552402
-16387602 26220154
28206913 -45131070
70288866 -68793378
-18430402 18038246
456323 -730126
-38217308 37404154
-19297537 30876050
-941402 1506234
-10278002 16444794
-28627898 28018774
31733723 -50773966
51572714 -50475442
-30689162 49102650
24351912 -23833806
-33870942 54193498
-49566586 48511958
46788302 -45792826
20369958 -32591942
21773003 -34836814
-82217298 80467974
20676418 -20236514
9082388 -14531830
-17638852 28222154
1619828 -2591734
72388826 -70848658
-30168652 29526746
2416463 -3866350
-25269062 40430490
1511433 -2418302
-17720402 28352634
15936844 -15597782
34898773 -55838046
-91870440 89915730
-31267712 50028330
-24420270 23900670
-67841690 66398230
9448208 -15117142
-19752642 31604218
30847103 -49355374
-13096202 20953914
-52318812 51205626
2963340 -2900310
-90932226 88997478
-46979424 45979842
18671210 -18273970
48218794 -47192882
24635478 -39416774
26225520 -25667550
-18716292 29946058
-24126522 38602426
25171818 -40274918
366443 -586318
-69806666 68321398
4526753 -7242814
34243818 -54790118
7235613 -11576990
-25744824 25197042
32057018 -51291238
93394536 -91407438
2014313 -3222910
-13724856 13432818
-26615897 42585426
-58045856 56810818
-16518536 16167058
-12410447 19856706
23493673 -37589886
-7676837 12282930
-28082327 44931714
-3253444 3184202
11954838 -19127750
15382338 -15055074
-47091002 46089046
88902840 -87011310
-19225542 30760858
-18867387 30187810
10911980 -10679830
-60310034 59026822
77122854 -75481962
-49998328 48934514
20825868 -33321398
-21066256 20618018
62313906 -60988098
19090544 -18684382
-9368332 9168986
-9685907 15497442
28017038 -44827270
33448104 -32736462
49544852 -48490726
67275038 -65843674
10364994 -10144482
-7880537 12608850
-10771564 10542362
-23363067 37380898
9876153 -15801854
-82881314 81117862
-56704382 55497886
-31404282 30736086
54197664 -53044542
43366984 -42444302
18420528 -29472854
-35185432 34436786
84913856 -83107198
-12796888 12524594
-44067210 43129590
-30607017 48971218
-78015122 76355206
-40756812 39889626
-33209512 53135210
171703 -274734
-11549132 11303386
75311098 -73708754
1213898 -1942246
25516883 -40827022
43233222 -42313386
15887776 -15549758
825083 -1320142
-91083660 89145690
-15919827 25471714
-22853817 36566098
61151314 -59850242
-65209220 63821770
19205438 -30728710
26787264 -26217342
-42873504 41961282
-42487634 41583622
-49867668 48806634
-52528338 51410694
27621044 -27033382
-15694217 25110738
-83712650 81931510
-48802366 47763998
-10575677 16921074
-6811392 10898218
-78486156 76816218
-84020030 82232350
-60564680 59276050
588273 -941246
-10805592 10575666
5093928 -8150294
-36140190 35371230
54118046 -52966618
80661672 -78945486
-41303892 40425066
32196703 -51514734
-25639012 41022410
76652008 -75021134
-84443970 82647270
22495882 -22017266
9917084 -9706102
-3162887 5060610
-4781707 7650722
60314056 -59030798
-18646957 29835122
-7659582 12255322
-1277376 1250178
-84713656 82911218
21940548 -35104886
-30589832 48943722
-91763374 89810942
3917263 -6267630
-43534324 42608042
-40546722 39684006
6205073 -9928126
-45543010 44573990
9604168 -15366678
-78901824 77223042
-18741542 18342766
11695628 -18713014
-28060032 44896042
22883763 -36614030
-26261382 42018202
-28247386 27646358
1106063 -1769710
47453728 -46444094
-42304522 41404406
-85945056 84116418
-36326310 35553390
-18437264 18044962
24048038 -38476870
23833784 -23326702
53460046 -52322618
-26297747 42076386
1024478 -1639174
-26563362 42501370
-4649827 7439714
-38906704 38078882
89596560 -87690270
-12277832 19644522
12641083 -20225742
-18102812 17717626
-3810002 6095994
55921342 -54731546
74341018 -72759314
87699076 -85833158
20491513 -32786430
29202628 -46724214
-13289227 21262754
-54542570 53382070
-25553122 40884986
6246653 -9994654
-4510422 7216666
92939388 -90961974
-3098207 4957122
43340570 -42418450
23262778 -37220454
23117493 -36987998
33041323 -52866126
-33797547 54076066
-7125517 11400818
-774767 1239618
-17359132 27774602
5222273 -8355646
26668278 -42669254
-49610390 48554830
-15711822 25138906
22197693 -35516318
61798880 -60484030
-26036087 41657730
61654872 -60343086
8845298 -14152486
-60044672 58767106
-7347050 7190710
26820283 -42912462
76975556 -75337798
38803848 -37978254
-11264757 18023602
16533153 -26453054
3273018 -5236838
-22652357 36243762
-27510252 44016394
11090898 -17745446
-12148752 19437994
30824983 -49319982
1990910 -1948570
16404178 -26246694
-24782947 39652706
-27964352 27369346
-88660340 86773930
9356718 -14970758
15080058 -24128102
-3251564 3182362
-28411537 45458450
-90722136 88791858
-25355337 40568530
-21863667 34981858
56730024 -55523022
14482013 -23171230
44023 -70446
57241102 -56023226
16815988 -26905590
-68544246 67085838
-24941357 39906162
66227314 -64818242
-30040297 48064466
-27242677 43588274
26752296 -26183118
-29408582 47053722
-2027242 3243578
16413424 -16064222
7695198 -12312326
-56800262 55591726
22307733 -35692382
-33396237 53433970
71824732 -70296566
67814786 -66371938
21220678 -20769194
21579664 -21120542
20019076 -19593158
-77820260 76164490
7246638 -7092474
-79102514 77419462
-14797762 23676410
10667486 -10440538
-60407042 59121766
71847386 -70318738
-22242052 35587274
22356523 -35770446
-23755837 38009330
11270623 -18033006
-30486652 48778634
-51500166 50404398
16533368 -16181614
59108 -94582
-46636606 45644318
46500192 -45510846
-22416877 35866994
-93451802 91463446
2998684 -2934902
-64380798 63010974
83639216 -81859678
71399382 -69880266
57649908 -56423334
35762384 -35001502
-31536916 30865898
70813480 -69306830
57690892 -56463446
-38338850 37523110
-39841440 38993730
76110944 -74491582
25033148 -40053046
2966348 -2903254
17628408 -28205462
-17262287 27619650
-8096032 12953642
-2881674 2820342
66578686 -65162138
-25767917 41228658
-4673172 7477066
-45596778 44626614
1043202 -1021026
19226158 -30761862
39930250 -39080690
-34307742 54892378
10677826 -10450658
-77119584 75478722
-11978242 11723366
-27852867 44564578
-66977454 65552382
-49485182 48432286
-90612626 88684678
-93864368 91867234
-21246932 33995082
-29098832 46558122
-33851102 33130846
17789863 -28463790
15461173 -24737886
11814803 -18903694
28238553 -45181694
10314423 -16503086
84159318 -82368714
3451763 -5522830
-1198617 1917778
-69659274 68177142
-13798740 13505130
-11961537 19138450
15190763 -24305230
91451932 -89506166
-9893527 15829634
84930776 -83123758
1001413 -1602270
5207153 -8331454
60919698 -59623554
6395508 -10232822
78156854 -76493962
-11689552 18703274
49008206 -47965498
-689017 1102418
76362676 -74737958
-42440352 41537346
71233096 -69717518
-82432370 80678470
-90540716 88614298
1903114 -1862642
31468143 -50349038
-88345628 86465914
30936894 -30278682
-72110700 70576410
-19541242 31265978
64667666 -63291778
1693538 -2709670
21786723 -34858766
-1896084 1855722
30058343 -48093358
11947698 -19116326
21281498 -34050406
7178038 -11484870
25934153 -41494654
-19596437 31354290
-62543944 61213202
11278953 -18046334
-76155802 74535446
7082103 -11331374
-60929682 59633286
-17309747 27695586
80472826 -78760658
-9200352 14720554
30106783 -48170862
26653408 -26086334
-29966834 29329222
-80390220 78679770
-26710782 42737242
76071182 -74452666
-80667426 78951078
8786568 -14058518
5811883 -9299022
-26492977 42388754
-73732576 72163778
-44842522 43888406
-15556387 24890210
84462656 -82665598
32086796 -31404118
-7308672 11693866
9381883 -15011022
-9896222 15833946
7157633 -11452222
89977636 -88063238
-43474728 42549714
-42741246 41831838
-28548947 45678306
6898423 -11037486
2732443 -4371918
-4858812 7774090
74228218 -72648914
16514498 -26423206
23904660 -23396070
34960846 -34217018
-25710132 41136202
-18226677 29162674
17411933 -27859102
-63321982 61974686
-91417454 89472382
68155818 -66705714
20243548 -19812854
-16605792 26569258
9831168 -9622014
70980612 -69470406
91047826 -89110658
-92366760 90401490
-62959800 61620210
92932620 -90955350
-54826262 53659726
-58273524 57033642
-70821208 69314354
-20657638 20218094
84878606 -83072698
-6479277 10366834
19070898 -18665154
66834366 -65412378
-81166190 79439230
-9319912 14911850
-76093010 74473990
-21716352 34746154
-73620528 72054114
63006874 -61666322
-2543072 4068906
23350173 -37360286
58238630 -56999530
-4777936 4676258
-8716022 13945626
12107660 -11850070
-47788764 46771962
80675584 -78959102
83778806 -81996298
-58937728 57683714
29327802 -28703826
-65762692 64363466
17689028 -28302454
-6422087 10275330
-42162864 41265762
-16274042 15927766
18538653 -29661854
239596 -234518
-15761522 25218426
30354023 -48566446
-16781842 26850938
-19758904 19338482
-92890246 90913838
88114556 -86239798
24296398 -38874246
28503818 -45606118
32688803 -52302094
-50404220 49331770
8439823 -13503726
69419554 -67942562
48010396 -46988918
2353844 -2303782
14493633 -23189822
4370513 -6992830
14940163 -23904270
44596786 -43647938
67734510 -66293370
-70529808 69029154
-547197 875506
27275633 -43641022
-88574988 86690394
-1180977 1889554
-23878442 38205498
22971753 -36754814
-12059458 11802854
-35906694 35142702
27322323 -43715726
10121853 -16194974
-89415912 87513426
68415728 -66960094
53996504 -52847662
-89602596 87696138
-13972952 22356714
53867912 -52721806
85254324 -83440422
-7803890 7637830
-2577722 4124346
53015520 -51887550
-31989526 31308878
10394468 -16631158
23577463 -37723950
-69044890 67575830
20751430 -20309930
24492678 -39188294
7845593 -12552958
11308563 -18093710
2476978 -3963174
-20816117 33305778
-14024227 22438754
2465953 -3945534
-7319767 11711618
-70774396 69268538
26938968 -43102358
-6025502 9640794
34858313 -55773310
-2657137 4251410
-27922992 27328866
-54743072 53578306
35102128 -34355294
-6575632 10521002
-25726212 25178826
-10000872 16001386
-19644224 19226242
13206228 -21129974
-14742392 23587818
40731506 -39864898
-24558074 24035542
5593343 -8949358
-48310652 47282746
-5566267 8906018
-9313332 14901322
48861566 -47821978
14600628 -23361014
20545763 -32873230
17789233 -28462782
36835206 -36051498
2896348 -4634166
29563863 -47302190
72893324 -71342422
-18683672 29893866
39351492 -38514246
62547872 -61217086
32525494 -31833482
-19230092 30768138
1273468 -2037558
40226914 -39371042
-8701812 13922890
12756408 -20410262
-34484457 55175122
87653486 -85788538
-22190637 35505010
61638798 -60327354
-46359212 45372826
40904842 -40034546
-27014337 43222930
-31565807 50505282
69882316 -68395478
92014334 -90056602
-34309527 54895234
52142166 -51032778
1802910 -1764570
-47685928 46671314
2082808 -3332502
-89148106 87251318
-77758878 76104414
-24491012 39185610
34761538 -55618470
-87430444 85570202
-89495624 87591442
23574873 -37719806
20635993 -33017598
-8845692 8657466
-34847302 55755674
11268710 -11028970
-85743238 83918894
-3317867 5308578
25203552 -24667326
-3771432 6034282
2949653 -4719454
-21134267 33814818
-48946280 47904850
84772104 -82968462
43773722 -42842386
17151183 -27441902
-58849932 57597786
-11053658 10818454
-34315932 54905482
-35824444 35062202
-12247767 19596418
-390047 624066
-12299882 19679802
84245986 -82453538
16463363 -26341390
10283590 -10064810
38239472 -37425886
30035138 -48056230
-1946952 3115114
26314632 -25754766
-12553492 20085578
16878638 -27005830
40906158 -40035834
5053153 -8085054
6281198 -10049926
-22171877 35474994
41538214 -40654442
24764138 -39622630
8469398 -13551046
22500898 -36001446
83689882 -81909266
91052620 -89115350
44600358 -43651434
-25595822 40953306
-7180257 11488402
1288378 -2061414
-345317 552498
-35756388 34995594
9741298 -15586086
-11574857 18519762
30569378 -48911014
14920843 -23873358
55370690 -54192610
39167534 -38334202
32937233 -52699582
-14308502 14004046
88943354 -87050962
-90749772 88818906
-30956177 49529874
-10044832 16071722
-14739398 14425774
26260353 -42016574
-12842452 20547914
-86846704 84998882
89195650 -87297890
81849456 -80107998
-21258412 34013450
17344488 -27751190
8343748 -13350006
33528943 -53646318
-22671047 36273666
-25188807 40302082
13090973 -20945566
78256400 -76591390
31643983 -50630382
-80786712 79067826
-10451400 10229010
6984768 -11175638
34574148 -55318646
6791772 -6647286
-26140247 41824386
85993728 -84164094
27519478 -44031174
26558693 -42493918
28950016 -28334078
55459990 -54280010
-83544484 81766922
81393932 -79662166
-18740512 29984810
-27101032 43361642
-5756852 5634346
25894638 -41431430
-48699624 47663442
-3670387 5872610
43111022 -42193786
24515848 -23994254
36269232 -35497566
-21540162 34464250
-32892412 52627850
-32217332 51547722
-38614364 37792762
56717240 -55510510
-12068182 19309082
18605993 -29769598
-5274632 5162386
30775878 -49241414
-8195782 13113242
71132046 -69618618
63748252 -62391926
-5779872 9247786
-9857038 9647294
-13766216 13473298
28163408 -45061462
-13411867 21458978
55834486 -54646538
46290478 -45305594
14661264 -14349342
-13025966 12748798
16269886 -15923738
-6451606 6314318
-22702232 22219186
28922523 -46276046
-26557167 42491458
78086448 -76425054
-11302452 18083914
14102368 -22563798
-1810826 1772278
-20814892 33303818
28084588 -44935350
-42572892 41667066
-13700932 21921482
-1400707 2241122
-79738894 78042302
24034738 -38455590
6267618 -10028198
32155980 -31471830
29427254 -28801162
-24722480 24196450
35851872 -35089086
-72402006 70861518
30165373 -48264606
-14804202 23686714
-10172757 16276402
110663 -177070
69990698 -68501554
52245566 -51133978
-7815052 12504074
-14890512 23824810
-2021677 3234674
26703033 -42724862
-62281402 60956246
-29266867 46826978
-60361170 59076870
6111273 -9778046
-26235447 41976706
24087098 -38539366
-7529522 12047226
44861866 -43907378
-23096052 36953674
-59596292 58328266
77278706 -75634498
-24833697 39733906
-74841494 73249102
49983832 -48920366
27916956 -27322998
11383953 -18214334
27981478 -44770374
-18378542 29405658
-74592300 73005210
41845876 -40955558
-17245438 16878494
18470158 -29552262
-4681502 7490394
-12089567 19343298
25867944 -25317582
-1253970 1227270
-60751458 59458854
23652176 -23148958
-6790707 10865122
22983272 -22494286
-29257312 46811690
67158196 -65729318
-17617572 28188106
-70582448 69080674
-14055548 13756474
76725892 -75093446
-80968414 79245662
-25577128 25032914
-58924850 57671110
14187453 -22699934
-36546834 35769222
-77085086 75444958
40971676 -40099958
-29450757 47121202
17404233 -27846782
22507688 -36012310
46996606 -45996698
-22447537 35916050
313856 -307198
52626548 -51506854
12148843 -19438158
147006 -143898
-10796474 10566742
-25332202 40531514
-14509922 23215866
80770524 -79052022
7959483 -12735182
24709608 -39535382
81935654 -80192362
-39527762 38686726
-10568887 16910210
27247563 -43596110
-17440864 17069762
13321482 -13038066
-31643087 50628930
10874178 -17398694
-57934466 56701798
27075783 -43321262
-3247552 5196074
-73921516 72348698
-62780542 61444766
81915444 -80172582
65225932 -63838166
34462288 -55139670
-57501596 56278138
-26712847 42740546
-70730686 69225758
20516328 -32826134
17460772 -17089286
245938 -393510
59750056 -58478798
-53450948 52313674
31407488 -50251990
90510804 -88585062
-34173867 54678178
-71339148 69821274
13050480 -12772830
-14402752 23044394
-14688807 23502082
29243333 -46789342
16144163 -25830670
-247492 395978
89336556 -87435798
-30692172 49107466
88661166 -86774778
18317018 -17927314
32542602 -31850226
25841624 -25291822
-14875252 23800394
18830623 -30129006
77927964 -76269942
-29226866 28604998
-884597 1415346
8568693 -13709918
90762442 -88831346
-88036180 86163050
-3321052 5313674
-44850230 43895950
-47743644 46727802
-47313030 46306350
49788124 -48728822
-5496022 8793626
-12920257 20672402
11243043 -17988878
-33588842 32874166
29167062 -28546506
-35544418 34788134
43157082 -42238866
86425188 -84586374
-42923324 42010042
-27233577 43573714
-18905642 30249018
17109673 -27375486
3236758 -5178822
6149752 -6018926
5212290 -5101410
-29811828 29177514
-34842802 34101446
-16321767 26114818
17662120 -17286350
19094116 -18687878
87868558 -85999034
-1709582 2735322
72019124 -70486822
-37579612 36780026
-29198932 46718282
-64032434 62670022
49001438 -47958874
-29673987 47478370
-61429010 60121990
85830074 -84003922
9162328 -14659734
-6352612 10164170
-91925148 89969274
-16476887 26363010
55922940 -54733110
10950723 -17521166
-3575502 5720794
6586468 -10538358
-49986390 48922830
11307198 -18091526
-17532767 28052418
68340340 -66886310
33877543 -54204078
69306002 -67831426
-12855997 20569586
12660158 -20256262
-6309196 6174938
58541686 -57296138
-25391492 40626378
-19358122 30972986
-25736487 41178370
-60335602 59051846
141113 -225790
-56958934 55747022
41420526 -40539258
-4197837 6716530
-4639712 7423530
-31443132 50309002
68678270 -67217050
-71395266 69876198
33669083 -53870542
-25318517 40509618
17092103 -27347374
-5535388 5417594
-31547444 30876202
-19018482 30429562
9102668 -8909014
16421608 -26274582
25147152 -24612126
6798498 -10877606
-30496382 48794202
-4389246 4295838
70455340 -68956310
