3000
5920653 -63153666
-2197083 23435518
3361227 -35853122
37862690 58250303
33686291 37054933
-19237359 -21161082
-5025813 53608638
-20746159 -22820762
25954625 39930203
41924475 64499203
5672610 8727103
4181229 -44599810
-55893375 -85989797
-14147709 -15562467
-26808809 -29489677
-17566359 -19322982
16361441 17997598
-18714459 -20585892
35400685 54462603
52201560 80310103
-1406673 15004478
-30583009 -33641297
12658991 13924903
-19358359 -21294182
57143575 87913203
-2626809 28019262
4675311 -49870018
10743000 16527703
49839590 76676303
-4769217 50871614
4147137 -44236162
-56201410 -86463697
-47860459 -52646492
-25348965 -38998397
18543241 20397578
-5098719 54386302
-1653585 17638206
-19312155 -29710997
-3704793 39517758
-10664609 -11731057
-5768523 61530878
-3962379 42265342
-10704609 -11775057
-4933887 52628094
-4458267 47554814
-34437109 -37880807
-40498659 -44548512
-63989125 -98444797
-44015559 -48417102
46535445 71593003
-688473 7343678
-28808005 -44319997
-22079509 -24287447
5165535 -55099074
-6067059 -6673752
5672619 -60507970
-37026959 -40729642
55553025 85466203
-3342359 -3676582
-34121209 -37533317
-23618459 -25980292
-1380417 14724414
-19394770 -29838097
9151541 10066708
-2028111 21633150
-47809455 -73552997
26646541 29311208
5367843 -57257026
-40702615 -62619397
7343091 8077413
23596491 25956153
835395 -8910914
-24222109 -26644307
22791530 35063903
38164941 41981448
-15654159 -17219562
25661041 28227158
-4901277 52280254
34393835 52913603
30883120 47512503
-59086045 -90901597
-26389550 -40599297
1281885 -13673474
-3755637 40060094
-5537301 59064510
3556730 5471903
-1400937 14943294
-3640299 38829822
-16361509 -17997647
63626610 97887103
-63973980 -98421497
25549241 28104178
-4417080 -6795497
7507741 8258528
-46597270 -71688097
-1657575 17680766
30158491 33174353
28378791 31216683
4477851 -47763778
-4907439 52345982
-9248959 -10173842
-14812909 -16294187
1254669 -13383170
17100130 26307903
43155445 66393003
21607241 23767978
4617807 -49256642
-686601 7323710
-189610 -291697
18322065 28187803
-2708901 28894910
-457173 4876478
1566543 -16709826
-44685425 -68746797
53810245 82785003
-47358309 -52094127
4135227 -44109122
260691 -2780738
595149 -6348290
-2715201 28962110
32112660 49404103
26766930 41179903
-28813075 -44327797
-1948413 20783038
-3914109 -4305507
-34926455 -53732997
3972207 -42370242
-13005725 -20008797
39782491 43760753
-3373023 35978878
64392700 99065703
39862591 43848863
-1852233 19757118
-4133559 44091262
28582441 31440698
45905791 50496383
-21203659 -23324012
-13454459 -14799892
-3020517 32218814
26373420 40574503
-37389209 -41128117
-4141785 44179006
-3694737 39410494
-19864309 -21850727
-39481309 -43429427
-11047459 -12152192
3137829 -33470210
-18126109 -19938707
9322490 14342303
-640935 6836606
28254715 43468803
-60490565 -93062397
13677230 21041903
-47677830 -73350497
-48525559 -53378102
30026541 33029208
-47170960 -72570697
-2605773 27794878
4056621 -43270658
-31863409 -35049737
-13197150 -20303297
-638529 6810942
-29583715 -45513397
-49942909 -54937187
3900279 -41603010
5118543 -54597826
14373380 22112903
-57685360 -88746697
43216441 47538098
-6187810 -9519697
-20027675 -30811797
-8758559 -9634402
-48372810 -74419697
61551550 94694703
11426691 12569373
-204759 -225222
51047745 78535003
2719557 -29008642
1929417 -20580482
992739 -10589250
-28536435 -43902197
1440087 -15360962
-1494675 15943166
30537641 33591418
-2843799 30333822
57187905 87981403
1138551 -12144578
-33488859 -36837732
-8164460 -12560697
-584385 6233406
10371841 11409038
-25629809 -28192777
-1146657 12230974
4180329 -44590210
4098939 -43722050
11523325 17728203
-1193625 12731966
1211271 -12920258
-11342859 -12477132
-2592585 27654206
-1177610 -1811697
-4507413 48079038
-51168070 -78720097
-2423289 25848382
3070629 -32753410
-11690840 -17985897
46093991 50703403
11777891 12955693
47087425 72442203
49742480 76526903
7596341 8355988
-3556629 37937342
1194669 -12743170
361791 -3859138
33555790 51624303
2713443 -28943426
-2788909 -3067787
1849707 -19730242
561075 863203
-18894400 -29068297
-946587 10096894
7116741 7828428
-6893580 -10605497
-26296459 -28926092
-4050399 43204222
25597441 28157198
26417941 29059748
-60708445 -93397597
-36823959 -40506342
-25199259 -27719172
30534720 46976503
-31591175 -48601797
-1982830 -3050497
-2381769 25405502
-3162609 33734462
-42876109 -47163707
4648299 -49581890
53374875 82115203
-32382159 -35620362
3055281 -32589698
-27513855 -42328997
-60047590 -92380897
-35398709 -38938567
-27218495 -41874597
-37960809 -41756877
22833910 35129103
12040291 13244333
22505920 34624503
-25999875 -39999797
-39851559 -43836702
5967339 -63651650
50013725 76944203
4901037 -52277762
19015591 20917163
9273041 10200358
-45539659 -50093612
-3658665 39025726
468459 -4996930
-925275 9869566
48419391 53261343
3969491 4366453
-2759601 29435710
-44981159 -49479262
17913391 19704743
-46499309 -51149227
3602535 -38427074
-21600409 -23760437
47018991 51720903
44724675 68807203
-1561353 16654398
15452341 16997588
-5075217 54135614
28007130 43087903
-24069159 -26476062
-35474210 -54575697
6450591 7095663
19025541 20928108
-37712225 -58018797
28696650 44148703
-2704980 -4161497
5039667 -53756482
-12485075 -19207797
-5589465 59620926
4072505 6265403
45830780 70508903
6818170 10489503
-22984655 -35360997
-44498259 -48948072
29550141 32505168
-48621859 -53484032
2342445 -24986114
-53104875 -81699797
-542265 5784126
-5436591 57990270
12192191 13411423
35755715 55008803
-16381109 -18019207
2931591 3224763
1785609 -19046530
-34714165 -53406397
16355741 17991328
-3044289 32472382
4983159 -53153730
415541 457108
-28262109 -31088307
-39662745 -61019597
-16031009 -17634097
13955341 15350888
4815903 -51369666
39583435 60897603
2440527 -26032322
-37918559 -41710402
2265489 -24165250
-5175249 55202622
3981115 6124803
4459311 -47566018
2999979 -31999810
1430457 -15258242
20251720 31156503
-50638840 -77905897
59150450 91000703
-4126149 44012222
43717045 67257003
46635740 71747303
699111 -7457218
2348505 -25050754
36944110 56837103
-29339709 -32273667
-27595009 -30354497
24395405 37531403
-5072853 54110398
-3808551 40624510
-17639759 -19403722
39425615 60654803
19881740 30587303
-21926159 -24118762
37398641 41138518
526833 -5619586
29192091 32111313
41994341 46193788
22735741 25009328
-1153371 12302590
-10493059 -11542352
31000691 34100773
18497491 20347253
5607363 -59811906
51844710 79761103
-39547175 -60841797
-49021120 -75417097
36060191 39666223
-907665 9681726
3093279 -32995010
-42779309 -47057227
-28672059 -31539252
26018441 28620298
2470710 3801103
-29678709 -32646567
-27121909 -29834087
-9689359 -10658282
4737243 -50530626
49753141 54728468
279783 -2984386
8711165 13401803
12183991 13402403
10682741 11751028
3934569 -41968770
20931341 23024488
-5319819 56744702
23342080 35910903
39218915 60336803
19602045 30157003
43649341 48014288
-5203809 55507262
39316155 60486403
4225941 -45076738
5526843 -58953026
-5572395 59438846
-24801459 -27281592
-3606195 38466046
-5036865 53726526
4452231 -47490498
4010145 -42774914
-46797730 -71996497
-767403 8185598
64804930 99699903
-51165080 -78715497
-1246743 13298558
52497180 80764903
20962170 32249503
7047841 7752638
-3712759 -4084022
-51713030 -79558497
-7402309 -8142527
12984005 19975403
-22589859 -24848832
-29772215 -45803397
-6388595 -9828597
45675950 70270703
1915827 -20435522
-907395 9678846
47348691 52083573
1487199 -15863490
15737080 24210903
-4331019 46197502
-48236700 -74210297
-62047510 -95457697
5650701 -60274178
4503249 -48034690
-32465815 -49947397
-3716589 39643582
-4148949 44255422
-4442217 47383614
18612891 20474193
2881233 -30733186
33555791 36911383
-9147909 -10062687
57981230 89201903
48794241 53673678
4589703 -48956866
2757105 -29409154
23300791 25630883
5996991 6596703
-233659 -257012
12355975 19009203
-3224109 34390462
3989217 -42551682
-25364209 -27900617
-44892859 -49382132
-1523055 16245886
39343741 43278128
-5003277 53368254
-31560690 -48554897
357933 -3817986
5686407 -60655042
-1271067 13558014
-195831 2088830
-2454015 26176126
29742441 32716698
-5064659 -5571112
-6303445 -9697597
-56805520 -87393097
3776925 -40287234
-4146675 44231166
-24108960 -37090697
-176037 1877694
4102145 6311003
2726625 -29084034
29726120 45732503
3943971 -42069058
16834865 25899803
-15564840 -23945897
-2869197 30604734
11693300 17989703
-53535370 -82362097
3859227 -41165122
181670 279503
47616135 73255603
3509641 3860618
-220550 -339297
307605 -3281154
7795250 11992703
-2176677 23217854
-30142309 -33156527
17476891 19224593
-44950959 -49446042
41938580 64520903
3691149 -39372290
-44610359 -49071382
-5721045 61024446
-2394951 25546110
-3114903 33225598
-32923459 -36215792
757269 -8077570
-2255973 24063678
5413260 8328103
3119367 -33273282
52837065 81287803
-41118609 -45230457
-1066359 11374462
168609 -1798530
27325215 42038803
-31048909 -34153787
-18763859 -20640232
-41883665 -64436397
3821625 -40764034
3650421 -38937858
-8447459 -9292192
16894340 25991303
-4997439 53305982
-28761010 -44247697
-2829621 30182590
692427 -7385922
12726085 19578603
-17161305 -26401997
-5101713 54418238
4702917 -50164482
17926410 27579103
2798145 -29846914
9212191 10133423
-1869621 19942590
19001241 20901378
-18766025 -28870797
-46419109 -51061007
-39754309 -43729727
45688495 70290003
-16471609 -18118757
-40114755 -61714997
2625791 2888383
-2890929 30836542
-4614559 -5076002
-9223245 -14189597
-4207065 -6472397
-7034609 -7738057
-6489809 -7138777
5766771 -61512258
18707141 20577868
59549095 91614003
45716891 50288593
2328231 -24834498
-12068859 -13275732
-41366850 -63641297
31072741 34180028
53848725 82844203
1069291 1176233
-47651375 -73309797
-3749883 39998718
-4689423 50020478
-2895885 -4455197
25527575 39273203
14722235 22649603
-3257133 34742718
-2293515 24464126
-2891909 -3181087
-1380921 14729790
16257535 25011603
-24353959 -26789342
41141891 45256093
28696260 44148103
3472731 -37042498
-110421 1177790
-12070830 -18570497
55160295 84862003
39844410 61299103
-39729759 -43702722
189105 -2017154
-381909 -420087
-4979787 53117694
-30923820 -47575097
3925707 -41874242
-9214145 -14175597
-2570885 -3955197
-16894909 -18584387
-40501765 -62310397
-18848609 -20733457
-1390413 14831038
-22708809 -24979677
1201455 -12815554
-10206370 -15702097
46436775 71441203
17429641 19172618
-63902805 -98311997
-2791347 29774334
-1865883 19902718
4052313 -43224706
-55288745 -85059597
26253365 40389803
4887831 -52136898
-23729459 -26102392
-1545999 16490622
-32027709 -35230467
1977100 3041703
3598647 -38385602
-28236395 -43440597
35814441 39395898
51567940 79335303
20878441 22966298
33149741 36464728
-1550259 16536062
5350091 5885113
64838600 99751703
4319325 -46072834
-17990900 -27678297
-35281485 -54279197
-1246449 13295422
-29052809 -31958077
-28551450 -43925297
-64893340 -99835897
-5538693 59079358
48484795 74592003
-8123059 -8935352
4426887 -47220162
-1342359 14318462
1973991 -21055938
717975 -7658434
42052395 64696003
42028605 64659403
-40651859 -44717032
46616500 71717703
624807 -6664642
-55342955 -85142997
-3555003 37919998
-29753409 -32728737
-25501509 -28051647
-27517625 -42334797
-6931259 -7624372
-49010059 -53911052
-38583680 -59359497
-1003455 10703486
-34725109 -38197607
-30879759 -33967722
-4718841 50334270
-224325 2392766
2652549 -28293890
-736563 7856638
10036841 11040538
-44750559 -49225602
36288041 39916858
-42951810 -66079697
-2950905 31476286
5001315 -53347394
1909461 -20367618
483075 -5152834
3837249 -40930690
28313091 31144413
-9198609 -10118457
-36531159 -40184262
4062291 4468533
-45340560 -69754697
56937005 87595403
-4700199 50135422
54165925 83332203
5743527 -61264322
-5439357 58019774
-2817897 30057534
-5289663 56423038
-37437210 -57595697
-26907925 -41396797
3029517 -32314882
-923877 9854654
34065780 52408903
21802750 33542703
-989169 10551102
41203441 45323798
4296111 -45825218
5424945 -57866114
-5423859 57854462
-46663635 -71790197
29320891 32252993
-688059 7339262
-1942599 20721022
-41702409 -45872637
-2127045 22688446
256065 -2731394
-5757627 61414654
8542555 13142403
16117841 17729638
-24623825 -37882797
-12657000 -19472297
-11067490 -17026897
-3239529 34554942
8890041 9779058
3163119 -33739970
494313 -5272706
-23227820 -35735097
3571251 -38093378
4767189 -50850050
-1745397 18617534
32020750 49262703
55112455 84788403
9501941 10452148
-20162355 -31018997
-63108375 -97089797
-23267709 -25594467
-30816505 -47409997
5506599 -58737090
-3521727 37565054
-45350209 -49885217
-56256075 -86547797
-21188445 -32597597
-10579730 -16276497
-2178915 23241726
5541 -59138
1248501 -13317378
30390875 46755203
-4869579 51942142
43836320 67440503
-41893559 -46082902
418131 -4460098
-21807909 -23988687
912555 -9733954
3079467 -32847682
1630449 -17391490
21479041 23626958
41942870 64527503
-29923709 -32916067
63662555 97942403
-16875959 -18563542
167073 -1782146
38636091 42499713
2844393 -30340226
1100619 -11739970
-13387759 -14726522
-29530740 -45431897
18478791 20326683
10466880 16102903
-33107559 -36418302
34307341 37738088
-5443859 -5988232
-1937313 20664638
48769741 53646728
-48926409 -53819037
18486125 28440203
3779691 -40316738
1527641 1680418
-43863695 -67482597
44046790 67764303
-14757309 -16233027
38541991 42396203
-1718583 18331518
40638291 44702133
329037 -3509762
2478941 2726848
28827091 31709813
-4724415 50393726
1874487 -19994562
10959991 12056003
60555100 93161703
-59368015 -91335397
-49168150 -75643297
-1377123 14689278
30183841 33202238
-180495 1925246
1733559 -18491330
-34778060 -53504697
61093560 93990103
5680020 8738503
-822405 8772286
55957650 86088703
30607791 33668583
-3787653 40401598
-22367610 -34411697
16101925 24772203
-58673035 -90266197
-5500419 58671102
44709691 49180673
-355017 3786814
3293511 -35130818
-19080040 -29353897
-3219309 -3541227
-248835 2654206
2166369 -23107970
-694857 7411774
-52819135 -81260197
16876441 18564098
8745745 13455003
63895905 98301403
-2151159 -2366262
46386205 71363403
-4713867 50281214
-1755651 18726910
-4017357 42851774
-23939709 -26333667
18403770 28313503
2410959 -25716930
13991691 15390873
1584519 -16901570
-24628809 -27091677
16000541 17600608
-5732331 61144830
-2441259 26040062
9325991 10258603
-62143515 -95605397
945525 -10085634
-2621583 27963518
-1374285 14659006
51895670 79839503
-2610885 27849406
4372107 -46635842
37498891 41248793
-47537459 -52291192
-543045 5792446
27060141 29766168
-14335365 -22054397
37026530 56963903
-49855159 -54840662
-1922475 20506366
26296441 28926098
-4295643 45820158
32944741 36239228
-817459 -899192
3438755 5290403
41799691 45979673
44348260 68228103
-22123109 -24335407
43329905 66661403
-4700289 50136382
-211775 -325797
-59963675 -92251797
47778391 52556243
-12409090 -19090897
-35214925 -54176797
5045307 -53816642
38682405 59511403
12725991 13998603
-5947839 63443582
10036385 15440603
-26974709 -29672167
-21060460 -32400697
8019955 12338403
45415341 49956888
-1254627 13382654
21542141 23696368
1544631 -16476098
2279817 -24318082
1992627 -21254722
7040795 10832003
-36444459 -40088892
-57364845 -88253597
37346341 41080988
2174463 -23194306
-5323459 -5855792
41761691 45937873
-37610955 -57862997
22851941 25137148
47543091 52297413
-37479980 -57661497
-8752009 -9627197
61346215 94378803
216933 -2313986
-28144680 -43299497
-40326459 -44359092
5825741 6408328
-13906495 -21394597
2649879 -28265410
125091 137613
-75849 809022
5668437 -60463362
-2877663 30695038
-2413593 25744958
27006975 41549203
7635941 8399548
40097130 61687903
1140791 1254883
-17927359 -19720082
6860225 10554203
67841 74638
-21122909 -23235187
-37949085 -58383197
14879795 22892003
35692405 54911403
4411941 4853148
-59647125 -91764797
3918650 6028703
13328941 14661848
-16610820 -25555097
11768741 12945628
-2313861 24681150
-1711179 18252542
-934359 9966462
56652565 87157803
5892351 -62851778
-54385440 -83669897
-3193935 34068606
6925541 7618108
5110767 -54514882
-63935240 -98361897
-26405800 -40624297
-2652945 28298046
36709141 40380068
-17107160 -26318697
18050141 19855168
63562325 97788203
4403355 -46969154
-23562309 -25918527
-5337891 56937470
-21321825 -32802797
19489790 29984303
2560449 -27311490
-2406651 25670910
17218391 18940243
44619991 49082003
-10572959 -11630242
26131841 28745038
35970191 39567223
-48637880 -74827497
-17942020 -27603097
3008195 4628003
-7981359 -8779482
-5648265 60248126
-5465691 58300670
24323741 26756128
-5518245 -8489597
-517009 -568697
62254265 95775803
-27567509 -30324247
-20143609 -22157957
5442241 5986478
-1528203 16300798
-53429745 -82199597
-40111709 -44122867
-4342911 46324350
5041791 5545983
-1164525 12421566
-15416900 -23718297
38129191 41942123
-29233209 -32156517
-43117159 -47428862
-4158081 44352830
-16702015 -25695397
-4121415 43961726
28356891 31192593
35835340 55131303
46601541 51261708
-1385509 -1524047
-46337530 -71288497
-5973993 63722558
-4856309 -5341927
18749960 28846103
4022871 -42910658
-3861573 41190078
-36251675 -55771797
-2017257 21517374
-5593287 59661694
-8318640 -12797897
-8589820 -13215097
5150475 -54938434
-7333559 -8066902
-13656765 -21010397
2193951 -23402178
-1349133 14390718
3323085 -35446274
4053459 -43236930
7942091 8736313
47868341 52655188
39084690 60130303
-35431959 -38975142
-40442095 -62218597
-6746615 -10379397
5621061 -59958018
59238655 91136403
62307760 95858103
-15355959 -16891542
-26009559 -28610502
-17983360 -27666697
-36388890 -55982897
625165 961803
-19283230 -29666497
16159060 24860103
-48290845 -74293597
29520915 45416803
-59029430 -90814497
54649785 84076603
5637957 -60138242
39687191 43655923
-19695309 -21664827
34319085 52798603
-19750759 -21725822
53317480 82026903
27595420 42454503
-22196259 -24415872
-8615909 -9477487
-14690395 -22600597
18096041 19905658
-16915280 -26023497
-45697059 -50266752
-20986230 -32286497
-4932975 52618366
-48755109 -53630607
-15356909 -16892587
7040291 7744333
-9253059 -10178352
-27057880 -41627497
3050859 -32542530
-16339359 -17973282
35665300 54869703
-8077659 -8885412
1668315 -17795394
-5854941 62452670
-26024575 -40037797
-3118497 33263934
-5918409 63129662
41802441 45982698
-980349 10457022
3836555 5902403
28300591 31130663
5386413 -57455106
-29413859 -32355232
19906830 30625903
4028985 -42975874
39829915 61276803
42383791 46622183
-35999085 -55383197
16567455 25488403
-29420959 -32363042
22829815 35122803
55589815 85522803
3943683 -42065986
47993591 52792963
1526991 1679703
-2788947 29748734
54362940 83635303
-55551345 -85463597
46033991 50637403
-51837895 -79750597
-14786209 -16264817
-1208420 -1859097
-1006491 10735870
28663435 44097603
-19823315 -30497397
-24182809 -26601077
1945137 -20748162
14151841 15567038
16469141 18116068
-792135 8449406
-17852840 -27465897
5822355 -62105154
12721665 19571803
5024637 -53596162
-21904909 -24095387
-4092003 43647998
29970741 32967828
-25739940 -39599897
-12509109 -13760007
33652941 37018248
-4014675 42823166
37807491 41588253
3069425 4722203
2587425 -27599234
-3129059 -3441952
-3950589 42139582
35289791 38818783
38907825 59858203
-11068559 -12175402
40605691 44666273
-857715 9148926
18039380 27752903
31330541 34463608
-43567809 -47924577
-60978390 -93812897
-4681773 49938878
40121191 44133323
-16705209 -18375717
17695465 27223803
-62251935 -95772197
-40240075 -61907797
24336840 37441303
2404875 -25652034
54692230 84141903
5751879 -61353410
-3841461 40975550
4612655 7096403
-35020209 -38522217
5293443 -56463426
-22644359 -24908782
-36761359 -40437482
-29703185 -45697197
1373139 -14646850
-61279860 -94276697
-4804353 51246398
10915380 16792903
37960645 58401003
1248141 1372968
14142305 21757403
-39288345 -60443597
10004991 11005503
-23536209 -25889817
5834211 -62231618
5291343 -56441026
-1685949 17983422
31496241 34645878
55821345 85879003
-2377239 25357182
18619635 28645603
2872551 -30640578
4594221 -49005058
-6079130 -9352497
5905505 9085403
-100911 1076350
3579105 -38177154
-15566559 -17123202
-14388809 -15827677
-458067 4886014
30595841 33655438
-34269159 -37696062
-61132180 -94049497
-1243455 13263486
-12562759 -13819022
-40286745 -61979597
4222655 6496403
25547941 28102748
3106839 -33139650
-9813709 -10795067
-1300909 -1430987
-27690709 -30459767
-1175075 -1807797
-53441900 -82218297
-20670135 -31800197
-716909 -788587
-24718010 -38027697
990291 1089333
-3807645 40614846
-30624959 -33687442
-40285640 -61977897
1268613 -13531906
43735541 48109108
10855691 11941273
-47613480 -73251497
-28258430 -43474497
-2180759 -2398822
-43440409 -47784437
6532885 10050603
4466291 4912933
8294941 9124448
-1158987 12362494
-23469209 -25816117
-421389 4494782
6906741 7597428
-18384085 -28283197
-27701705 -42617997
-47672695 -73342597
35024335 53883603
-3141325 -4832797
-48011540 -73863897
10466991 11513703
22565391 24821943
-480837 5128894
2677545 -28560514
31455041 34600558
-16566620 -25487097
-8792359 -9671582
-28132709 -30945967
13516341 14867988
-42094980 -64761497
-11629509 -12792447
-17883009 -19671297
2725893 -29076226
-33736110 -51901697
-28929759 -31822722
-2927307 31224574
3888183 -41473986
-1228173 13100478
33387141 36725868
21888615 33674803
-38127640 -58657897
16735991 18409603
-3958505 -6089997
1621641 -17297538
-25731559 -28304702
-617841 6590270
-37815250 -58177297
-36410470 -56016097
48603160 74774103
-17368265 -26720397
-59005380 -90777497
4733391 -50489538
-36707260 -56472697
15132941 16646248
-8015350 -12331297
-8233425 -12666797
7587841 8346638
-9773759 -10751122
-2944797 31411134
750051 -8000578
-3092829 32990142
32854491 36139953
-64802730 -99696497
2104077 -22443522
53789120 82752503
22641 -241538
54769385 84260603
-43499305 -66921997
42561141 46817268
-8636609 -9500257
-9964440 -15329897
-31544700 -48530297
27189430 41829903
34213720 52636503
-27819225 -42798797
5500677 -58673922
64885075 99823203
50507075 77703203
17647791 19412583
3948495 -42117314
-1926813 20552638
4367193 -46583426
-2507697 26748734
395865 -4222594
-7934559 -8728002
3702585 -39494274
-5491983 58581118
52154110 80237103
32249550 49614703
39522291 43474533
21102091 23212313
-7277730 -11196497
-16855545 -25931597
-1138459 -1252292
-40938209 -45032017
2361915 -25193794
51015830 78485903
9596491 10556153
-3227169 34423102
-20232409 -22255637
13611385 20940603
4012161 -42796418
48892280 75218903
-44088985 -67829197
-48871035 -75186197
3679023 -39242946
3043341 -32462338
2606853 -27806466
-30538909 -33592787
-3242253 34583998
-6597115 -10149397
-10331950 -15895297
5062773 -54002946
-11226935 -17272197
-27568209 -30325017
-45340809 -49874877
20392141 22431368
-35662509 -39228747
4859067 -51830082
-4641177 49505854
-35575409 -39132937
3841485 -40975874
-14272959 -15700242
61581190 94740303
-34176420 -52579097
357621 -3814658
-45904565 -70622397
-13377059 -14714752
113487 -1210562
-316737 3378494
-2601345 27747646
44765341 49241888
35887691 39476473
-25128550 -38659297
-43060509 -47366547
-3485209 -3833717
-999063 10656638
-563355 6009086
-10587530 -16288497
25555691 28111273
-21738459 -23912292
-27727575 -42657797
-16391559 -18030702
25838041 28421858
-697089 7435582
23262910 35789103
-1850001 19733310
-3020859 32222462
5319231 -56738498
-35492159 -39041362
27544980 42376903
-6589055 -10136997
808941 889848
7237791 7961583
10037641 11041418
1159113 -12363906
24622645 37881003
-48541940 -74679897
-5212833 55603518
-3232443 34479358
5967633 -63654786
-25770259 -28347272
-51122115 -78649397
-19169859 -21086832
5469741 6016728
-16300759 -17930822
-2295441 24484670
39501860 60772103
48914445 75253003
14545370 22377503
-35857645 -55165597
-751863 8019838
-36860709 -40546767
-46494830 -71530497
15285591 16814163
3546771 -37832258
1534305 -16365954
39649891 43614893
28866241 31752878
37302241 41032478
3545141 3899668
-3253443 34703358
-17644775 -27145797
35284041 38812458
36920125 56800203
1392241 1531478
2003985 -21375874
-24399259 -26839172
-16834959 -18518442
59025065 90807803
-21033009 -23136297
-56653030 -87158497
41285391 45413943
-49184985 -75669197
-2662323 28398078
2020425 -21551234
-3659667 39036414
-15316509 -16848147
36454855 56084403
-7995259 -8794772
-866133 9238718
4872837 -51976962
21985891 24184493
22713 -242306
-7842125 -12064797
5723211 -61047618
-36197530 -55688497
46166541 50783208
62517645 96181003
-44388570 -68290097
-231639 2470782
5440845 -58035714
23203305 35697403
21036891 23140593
30632415 47126803
12983541 14281908
59145250 90992703
2457515 3780803
-63406140 -97547897
-26388259 -29027072
40896045 62917003
-8865009 -9751497
-3670521 39152190
-4423233 47181118
9703641 10674018
-2330841 24862270
-21602309 -23762527
1295085 -13814274
-1235535 13179006
19639591 21603563
1157397 -12345602
-43906209 -48296817
64414150 99098703
-19416709 -21358367
-40863759 -44950122
677109 -7222530
2534805 -27037954
40952075 63003203
-6289309 -6918227
-30054659 -33060112
-45659190 -70244897
32350820 49770503
-16552259 -18207472
-29326120 -45117097
18607141 20467868
5778195 -61634114
-55190 -84897
38561180 59324903
-34077009 -37484697
1344549 -14341890
-44253259 -48678572
41897591 46087363
-32813909 -36095287
-36667209 -40333917
-63198920 -97229097
1053057 -11232642
-17331865 -26664397
5683591 6251963
15883191 17471523
-35926109 -39518707
-49291260 -75832697
200649 -2140290
-60972540 -93803897
2570420 3954503
32011325 49248203
-6644760 -10222697
12348565 18997803
49413691 54355073
4375167 -46668482
-47942009 -52736197
46846340 72071303
4451901 -47486978
26907655 41396403
-18351585 -28233197
27052341 29757588
-27355309 -30090827
3475539 -37072450
2657625 -28348034
-40381359 -44419482
-7459795 -11476597
-7199359 -7919282
54902115 84464803
-27771450 -42725297
-31478010 -48427697
38970591 42867663
-1657845 17683646
-685035 7307006
-782253 8343998
-10753609 -11828957
-493119 5259902
-3391563 36176638
-3408033 36352318
-5836605 62257086
-53963525 -83020797
-47642159 -52406362
46938591 51632463
-5952447 63492734
-28149100 -43306297
4408641 -47025538
-27745809 -30520377
-35835809 -39419377
-43546859 -47901532
44094241 48503678
3905727 -41661122
-16229959 -17852942
-23768100 -36566297
5043303 -53795266
-5460021 58240190
-49857859 -54843632
-290613 3099838
-1811349 19321022
1878765 -20040194
-47532259 -52285472
3351981 -35754498
47389091 52128013
-30884659 -33973112
2345391 2579943
3496899 -37300290
-4123089 43979582
-5890743 62834558
-5467065 58315326
-1246851 13299710
1043163 -11127106
10299991 11330003
4210473 -44911746
1022441 1124698
24420441 26862498
-12547309 -13802027
13216380 20332903
1778643 -18972226
5480193 -58455426
-3885159 -4273662
3288939 -35082050
24825 -264834
4791417 -51108482
47764341 52540788
-1838859 19614462
36359240 55937303
2486133 -26518786
53576050 82424703
-37450795 -57616597
1331931 -14207298
-27101235 -41694197
-5240760 -8062697
-1102233 11757118
-4355703 46460798
-35622059 -39184252
-25911709 -28502867
-49257659 -54183412
35660741 39226828
1849310 2845103
-3230517 34458814
41680091 45848113
-5179149 55244222
38047591 41852363
-1513609 -1664957
-6203609 -6823957
1186653 -12657666
16097245 24765003
-39223410 -60343697
-40127359 -44140082
-53632805 -82511997
-2465337 26296894
57798580 88920903
-2114763 22557438
-19823705 -30497997
-4005861 42729150
20196600 31071703
16979750 26122703
5435491 5979053
60862875 93635203
16963891 18660293
-40236759 -44260422
-26535959 -29189542
1849341 2034288
-64048600 -98536297
-1691109 -1860207
-5695221 60748990
20226370 31117503
948540 1459303
-5442591 58054270
60837005 93595403
18370035 28261603
-3767367 40185214
2377071 -25355458
16758991 18434903
35468741 39015628
-622389 6638782
-32729859 -36002832
-49246475 -75763797
1289115 -13750594
-46353859 -50989232
45577345 70119003
-5936409 -6530037
-15268180 -23489497
10801841 11882038
4100997 -43744002
-3539109 -3893007
-19609530 -30168497
-49631059 -54594152
-47722745 -73419597
-30068875 -46259797
866847 -9246402
-4743717 50599614
34296191 37725823
127461 -1359618
-6680109 -7348107
-33447559 -36792302
27111941 29823148
25701041 28271158
-924465 9860926
-41343645 -63605597
-2470599 26353022
-174429 1860542
-3245609 -3570157
5039469 -53754370
-44927959 -49420742
-4515735 48167806
-912885 9737406
18895365 29069803
5717073 -60982146
31595910 48609103
39104991 43015503
20074791 22082283
3108081 -33152898
31053391 34158743
22104991 24315503
47188341 51907188
61459900 94553703
988425 -10543234
37878591 41666463
38119765 58645803
-26480859 -29128932
1503663 -16039106
-7779409 -8557337
-48142190 -74064897
-947823 10110078
4427511 -47226818
3910599 -41713090
-19394900 -29838297
29012641 31913918
-5396397 57561534
4279407 -45647042
-1303599 13905022
1233175 1897203
-3283929 35028542
-37101359 -40811482
-3838233 40941118
45121941 49634148
33497691 36847473
-46248309 -50873127
-5210809 -5731877
-50394440 -77529897
39365295 60562003
-1469559 -1616502
2560857 -27315842
-36803330 -56620497
-5704479 60847742
48058720 73936503
39159891 43075893
5611275 -59853634
-243109 -267407
1767393 -18852226
5745399 -61284290
-61121195 -94032597
29949460 46076103
-295935 3156606
46244245 71145003
2725437 -29071362
-43333945 -66667597
1593483 -16997186
-22326400 -34348297
43441741 47785928
-23287259 -25615972
8109655 12476403
-7419495 -11414597
-27032559 -29735802
11600155 17846403
-35223635 -54190197
4647430 7149903
-31865709 -35052267
-17577859 -19335632
43458191 47804023
-63008860 -96936697
-12869109 -14156007
16948225 26074203
-71409 761662
18295870 28147503
-44324559 -48757002
30663141 33729468
4136133 -44118786
-49502159 -54452362
-4602051 49088510
-6455480 -9931497
-10571159 -11628262
1065085 1638603
-32631695 -50202597
5897757 -62909442
-2853375 30435966
5073310 7805103
1356153 -14465666
-54266880 -83487497
-2495809 -2745377
-47816859 -52598532
-3460809 -3806877
-9805059 -10785552
-22494620 -34607097
-5184243 55298558
-23357690 -35934897
-26764359 -29440782
58184160 89514103
45943685 70682603
30463391 33509743
18583365 28589803
32391 -345538
36075041 39682558
-53565010 -82407697
43712950 67250703
2488845 -26547714
38250941 42076048
35061580 53940903
3858573 -41158146
-2899491 30927870
-5254281 56045630
8390585 12908603
5372469 -57306370
-40115709 -44127267
-40691045 -62601597
-20454660 -31468697
-2592705 27655486
-52458840 -80705897
639159 -6817730
-18063830 -27790497
616803 -6579266
43364591 47701063
-1744893 18612158
251025 386203
132645 -1414914
-2831145 30198846
-20895959 -22985542
-15286059 -16814652
-25206680 -38779497
20990445 32293003
-457539 4880382
14699541 16169508
965391 -10297538
-56031760 -86202697
-3200625 34139966
3054573 -32582146
-57013780 -87713497
-2681463 28602238
21353991 23489403
50361800 77479703
-1411137 15052094
23307591 25638363
-2374809 -2612277
-17415659 -19157212
-5895357 62883774
23683850 36436703
-10169709 -11186667
49317900 75873703
23910841 26301938
7586730 11671903
-5400411 57604350
-5840541 62299070
52519800 80799703
-8641209 -9505317
-394455 4207486
39395541 43335108
34502970 53081503
-35537585 -54673197
-2237643 23868158
-2706519 28869502
46122241 50734478
13363491 14699853
-2886273 30786878
28370155 43646403
1030497 -10992002
8650520 13308503
-53930830 -82970497
9597830 14765903
2536707 -27058242
3682899 -39284290
-2111595 22523646
-44407680 -68319497
-5688057 60672574
-2587851 27603710
-22009980 -33861497
11297710 17381103
40636941 44700648
3871587 -41296962
25937530 39903903
-27531080 -42355497
-36620225 -56338797
39477291 43425033
7290591 8019663
5877685 9042603
1761483 -18789186
28712141 31583368
42079370 64737503
44195491 48615053
5191959 -55380930
12032891 13236193
-1798959 19188862
6951441 7646598
-1671597 17830334
-12771709 -14048867
-37172335 -57188197
-58539005 -90059997
56776390 87348303
-17017460 -26180697
-61498715 -94613397
8236535 12671603
-60127085 -92503197
3467875 5335203
-56739090 -87290897
47563095 73174003
-333747 3559934
-48162459 -52978692
200520 308503
2329140 3583303
-16254230 -25006497
3259329 -34766210
-5994279 63938942
-1760075 -2707797
-25504909 -28055387
1571973 -16767746
23374450 35960703
-1957095 20875646
-20992535 -32296197
-24096870 -37072097
18890691 20779773
17981140 27663303
-34881670 -53664097
6482741 7131028
610917 -6516482
25245441 27769998
-10144360 -15606697
3740127 -39894722
37778941 41556848
-45679210 -70275697
-3628413 38703038
5959461 -63567618
9026891 9929593
-3968961 42335550
-4091301 43640510
2059377 -21966722
46104641 50715118
-3746345 -5763597
-33200759 -36520822
-10554900 -16238297
-17208950 -26475297
6308441 6939298
-20309709 -22340667
7602341 8362588
-4816923 51380478
-36155410 -55623697
-4902441 52292670
7764191 8540623
3317859 -35390530
-3189783 34024318
36043405 55451403
-2767377 29518654
-11543810 -17759697
2891535 -30843074
-36369715 -55953397
33847120 52072503
3653641 4019018
38652291 42517533
25916600 39871703
49900885 76770603
162519 -1733570
55220550 84954703
-23346185 -35917197
-43318909 -47650787
-2814339 30019582
-37309485 -57399197
-53044425 -81606797
-40248655 -61920997
3948657 -42119042
41620041 45782058
3456513 -36869506
-5400417 57604414
52290610 80447103
2650551 -28272578
40372791 44410083
53160505 81785403
37640715 57908803
-20545259 -22599772
2167221 -23117058
-204399 2180222
4972467 -53039682
-1353795 14440446
-2719609 -2991557
-39547559 -43502302
-4140795 44168446
-5034435 53700606
4085355 -43577154
31257260 48088103
-4074885 43465406
-5650323 60270078
-944493 10074558
-6596595 -10148597
-30834059 -33917452
5597715 -59708994
29794941 32774448
-4109853 43838398
4790013 -51093506
2006641 2207318
9583541 10541908
-5970710 -9185697
2889513 -30821506
-5141583 54843518
-1890747 20167934
4593333 -48995586
-11360259 -12496272
-1651923 17620478
-11669609 -12836557
3453285 -36835074
-3706473 39535678
16585980 25516903
13725785 21116603
-49295420 -75839097
-483109 -531407
-1877835 20030206
689739 -7357250
4861947 -51860802
-32764359 -36040782
-3685809 39315262
-36879709 -40567667
-33603709 -36964067
-4617099 49249022
-37991400 -58448297
37423355 57574403
8367441 9204198
344391 -3673538
140637 -1500162
53027125 81580203
-3933597 41958334
27806041 30586658
13619091 14981013
-4911207 52386174
2480205 -26455554
5479875 -58452034
4432241 4875478
-11509035 -17706197
1848099 -19713090
-5035833 53715518
-1206519 12869502
-24655059 -27120552
-6654809 -7320277
-5065059 54027262
2491281 -26573698
-4954899 52852222
-51033000 -78512297
-61948190 -95304897
3812643 -40668226
-19482650 -29973297
35222455 54188403
-33359435 -51322197
3417291 3759033
-44560495 -68554597
43802891 48183193
-34487640 -53057897
30516691 33568373
5524455 -58927554
-3339801 35624510
6313835 9713603
-3541215 37772926
46685270 71823503
52855395 81316003
-1773920 -2729097
1324045 2037003
22694550 34914703
23360091 25696113
14950391 16445443
-62014750 -95407297
5160341 5676388
-45161909 -49678087
-29984009 -32982397
39463391 43409743
-30826060 -47424697
58586835 90133603
-6697800 -10304297
50207425 77242203
-28208559 -31029402
31081491 34189653
37796291 41575933
-1569045 16736446
62862990 96712303
-8626509 -9489147
-23949060 -36844697
45613485 70174603
49845391 54829943
-27285315 -41977397
-54850125 -84384797
28978425 44582203
1734309 -18499330
-31029159 -34132062
2812263 -29997506
-41556859 -45712532
-1780745 -2739597
-58634945 -90207597
3441213 -36706306
48217710 74181103
-11297159 -12426862
-2182965 23284926
2214633 -23622786
-44280859 -48708932
5211069 -55584770
35162005 54095403
38907191 42797923
1009359 -10766530
-5165509 -5682047
4613223 -49207746
-5373651 57318910
36897841 40587638
-34775259 -38252772
376677 -4017922
10453620 16082503
34618085 53258603
20679615 31814803
-2634909 -2898387
5543739 -59133250
-2651667 28284414
9228110 14197103
-3950979 42143742
25422990 39112303
-61291495 -94294597
42591291 46850433
52260905 80401403
-25637309 -28201027
-17667859 -19434632
-22184059 -24402452
5367309 -57251330
-5664573 60422078
-4540377 48430654
-4079445 43514046
3599823 -38398146
-26689159 -29358062
-18429509 -20272447
11673345 17959003
55645845 85609003
-12847309 -14132027
1657059 -17675330
-17555509 -19311047
-42029109 -46232007
2591061 -27638018
4989321 -53219458
-23702659 -26072912
3185547 -33979202
-11897410 -18303697
18310170 28169503
3946395 -42094914
142653 -1521666
-46126215 -70963397
-1134969 12106302
4126053 -44011266
2975487 -31738562
2016141 2217768
52360095 80554003
-1807563 19280638
22958841 25254738
-56559235 -87014197
-5948631 63452030
5303733 -56573186
-25473635 -39190197
1943041 2137358
10009441 11010398
15199591 16719563
49789930 76599903
-905121 9654590
18132460 27896103
-30628859 -33691732
41701191 45871323
41459465 63783803
9074091 9981513
-470367 5017214
-18805155 -28930997
-920145 9814846
30147941 33162748
-2479677 26449854
14120010 21723103
4515207 -48162242
5730081 -61120898
5539875 -59092034
-45340259 -49874272
-38658609 -42524457
-15135409 -16648937
4669270 7183503
43175491 47493053
3385101 -36107778
3066249 -32706690
-28666695 -44102597
-26728259 -29401072
3357297 -35811202
-2560761 27314750
1808073 -19286146
24395925 37532203
14711575 22633203
463797 -4947202
37756891 41532593
16246341 17870988
43096941 47406648
48821641 53703818
-61028115 -93889397
1163415 -12409794
43311741 47642928
25405141 27945668
-29056059 -31961652
-5005539 53392382
-31471409 -34618537
18498741 20348628
320853 -3422466
-46532985 -71589197
-20491959 -22541142
-29967909 -32964687
1504355 2314403
-5875809 -6463377
20516140 31563303
38880070 59815503
-5721675 61031166
53784765 82745803
-44591509 -49050647
-527673 5628478
4462809 -47603330
14574425 22422203
-19813890 -30482897
38966541 42863208
-26187725 -40288797
12762841 14039138
-1593981 17002430
-3278150 -5043297
17427925 26812203
33195885 51070603
5395185 -57548674
37421665 57571803
-4823967 51455614
-31838959 -35022842
49711491 54682653
-23531059 -25884152
-2549055 27189886
-26008130 -40012497
-14597859 -16057632
1177101 -12555778
7796691 8576373
24992560 38450103
-58356030 -89778497
-16203985 -24929197
15709691 17280673
33887341 37276088
-3557445 37946046
20399335 31383603
6137035 9441603
-61695990 -94916897
15034841 16538338
59764245 91945003
-63812650 -98173297
19818391 21800243
9920991 10913103
51980365 79969803
-1182591 12614270
-4854205 -7467997
3532551 -37680578
-4636497 49455934
44503191 48953523
36326545 55887003
56398805 86767403
48315391 53146943
-569931 6079230
727209 -7756930
60400205 92923403
40910491 45001553
-39846359 -43830982
28127591 30940363
5267775 -56189634
-5076171 54145790
-5339673 56956478
-36334109 -39967507
-2855019 30453502
36551391 40206543
64897750 99842703
-4577451 48826110
-57028015 -87735397
19739520 30368503
10852265 16695803
12465891 13712493
26269091 28896013
3914721 -41757058
-33703859 -37074232
-5245437 55951294
28562191 31418423
1329645 -14182914
38172891 41990193
31163591 34279963
-19554475 -30083797
3949091 4344013
5182671 -55281858
5413071 -57739458
-4594407 49006974
-21918509 -24110347
-37920459 -41712492
19778691 21756573
-2578035 -3966197
3732091 4105313
-1776867 18953214
-49686200 -76440297
4486827 -47859522
-2154483 22981118
9134241 10047678
-15539959 -17093942
-14858359 -16344182
-5219959 -5741942
19458141 21403968
61100255 94000403
1319715 -14076994
32710400 50323703
-42730745 -65739597
-40248785 -61921197
37585855 57824403
-58327885 -89735197
-5312455 -8172997
-8494660 -13068697
-4276527 45616254
1046817 -11166082
-45617809 -50179577
-36161609 -39777757
27229691 29952673
-25374009 -27911397
5415399 -57764290
-769309 -846227
1637223 -17463746
-2996817 31966014
-44966859 -49463532
-40612915 -62481397
-5855361 62457150
-4171203 44492798
-25394909 -27934387
1222515 -13040194
33215385 51100603
-50988280 -78443497
-62425485 -96039197
1395051 -14880578
3869889 -41278850
891837 -9512962
-37229359 -40952282
25006925 38472203
-1960080 -3015497
54096050 83224703
19425991 21368603
31707891 34878693
45235250 69592703
2504415 -26713794
-19020630 -29262497
-1542000 -2372297
-41920859 -46112932
38514575 59253203
-2728155 29100286
-4559703 48636798
13262691 14588973
-11612009 -12773197
278591 306463
-23067530 -35488497
-54202335 -83388197
-46676559 -51344202
29112845 44789003
-14435859 -15879432
-34877459 -38365192
-1375443 14671358
-25914595 -39868597
-17106109 -18816707
3999933 -42665986
-34529565 -53122397
5972787 -63709762
10900341 11990388
18436595 28364003
-18102635 -27850197
32290091 35519113
5897949 -62911490
-6749909 -7424887
5463069 -58272770
-16517259 -18168972
-5730501 61125310
4158969 -44362370
22118891 24330793
20331441 22364598
5313333 -56675586
45525991 50078603
-14436960 -22210697
-26193185 -40297197
-63212960 -97250697
13878341 15266188
-27139209 -29853117
-23367830 -35950497
12539925 19292203
-2694859 -2964332
-3485115 37174526
32015095 49254003
-47275459 -52002992
41633730 64051903
1136265 -12120194
-4140399 44164222
5183691 5702073
8577541 9435308
53981585 83048603
20931141 23024268
3543837 -37800962
34631410 53279103
-21757609 -23933357
41639840 64061303
-24374559 -26812002
-3935495 -6054597
-3822879 40777342
-2502621 26694590
5135847 -54782402
-1131209 -1244317
44922730 69111903
-3129509 -3442447
-7793245 -11989597
-55280945 -85047597
1327947 -14164802
-49421455 -76032997
59524265 91575803
5320359 -56750530
-6477159 -7124862
1509417 -16100482
-5125215 54668926
45832891 50416193
-2669343 28472958
-5765733 61501118
21113165 32481803
-678543 7237758
-38331959 -42165142
-48895215 -75223397
16960445 26093003
-17475580 -26885497
2601555 4002403
31007855 47704403
-1466385 15641406
40068140 61643303
-40092135 -61680197
10083391 11091743
-40082909 -44091187
5801441 6381598
-47322085 -72803197
-3449991 36799870
-4478745 47773246
2897031 -30901698
-6234609 -6858057
30801241 33881378
-34278659 -37706512
24734510 38053103
27936291 30729933
3264915 -34825794
-28604165 -44006397
-21552120 -33157097
-1392957 14858174
11901891 13092093
-46317909 -50949687
2760729 -29447810
3859890 5938303
15906741 17497428
34302341 37732588
-534387 5700094
3712591 4083863
58895520 90608503
-14203259 -15623572
-10811715 -16633397
-15099409 -16609337
19345441 21279998
-41691409 -45860537
783327 -8355522
-4154967 44319614
2737053 -29195266
55841040 85909303
17819341 19601288
6369670 9799503
-347931 3711230
44271941 48699148
5475027 -58400322
1754895 -18718914
2025591 -21606338
23089620 35522503
4449495 -47461314
-2702679 28828542
61221935 94187603
4704171 -50177858
-419421 4473790
-28236009 -31059597
-27260225 -41938797
18026391 19829043
-33991909 -37391087
33362090 51326303
694935 -7412674
-5744159 -6318562
-870339 9283582
-5817525 62053566
44559900 68553703
-3877645 -5965597
22485841 24734438
14022041 15424258
40521905 62341403
13425875 20655203
-17580609 -19338657
15197791 16717583
-4734813 50504638
-4678089 49899582
-460407 4910974
-442899 4724222
-1146540 -1763897
1238217 -13207682
5884851 -62771778
-1786869 19059902
21612690 33250303
11285100 17361703
31068441 34175298
6488291 7137133
-30639309 -33703227
5875735 9039603
-4488867 47881214
-46041959 -50646142
41078630 63197903
-45862309 -50448527
-34226009 -37648597
-3833967 40895614
9312791 10244083
42086130 64747903
24985591 27484163
-1843145 -2835597
49418260 76028103
24985735 38439603
59703665 91851803
46792841 51472138
57962055 89172403
1580625 -16860034
3787285 5826603
8616091 9477713
-41395775 -63685797
30813941 33895348
59552865 91619803
-3787353 40398398
63451630 97617903
64300790 98924303
-1607037 17141694
60562900 93173703
-23613075 -36327797
402855 -4297154
-31480309 -34628327
-622137 6636094
20987641 23086418
23702841 26073138
-47384859 -52123332
-7625675 -11731797
-8215095 -12638597
-3766359 40174462
-43904059 -48294452
-51856355 -79778997
19872185 30572603
-21255200 -32700297
36041195 55448003
-2377497 25359934
29798691 32778573
55502585 85388603
1920489 -20485250
5079639 -54182850
3895835 5993603
-4891077 52171454
5076291 5583933
34653191 38118523
-12703459 -13973792
12738841 14012738
-4010859 -4411932
3697239 -39437250
-2745723 29287678
3247317 -34638082
14750041 16225058
-8210909 -9031987
-5639727 60157054
51475 79203
3879867 -41385282
-974295 10392446
-21705009 -23875497
5555529 -59259010
-9836130 -15132497
38126655 58656403
45208391 49729243
-46880959 -51569042
51297540 78919303
-17665159 -19431662
-14860409 -16346437
-8991000 -13832297
17079200 26275703
-22651465 -34848397
1469787 -15677762
-5539791 59091070
-31485509 -34634047
-13734259 -15107672
-16281909 -17910087
15783880 24282903
32113091 35324413
23128685 35582603
790971 -8437058
-6332309 -6965527
-40488209 -44537017
3760209 -40108930
4508277 -48088322
5442369 -58051970
46900041 51590058
-7537859 -8291632
203439 -2170050
37194425 57222203
-10225659 -11248212
-6760459 -7436492
-20859409 -22945337
-27910355 -42938997
-15723209 -17295517
2662833 -28403586
32752390 50388303
12634991 13898503
-44695959 -49165542
-7564159 -8320562
39657641 43623418
62030665 95431803
5098263 -54381506
-52001500 -80002297
45629341 50192288
22144130 34067903
-28259759 -31085722
-5254305 56045886
3434427 -36633922
-38567409 -42424137
63418415 97566803
48148550 74074703
-12269925 -18876797
-1299399 13860222
-45818309 -50400127
5854329 -62446210
45211491 49732653
-42758459 -47034292
18340785 28216603
33221191 36543323
19323291 21255633
22732841 25006138
-13692710 -21065697
-41056800 -63164297
-3737811 39869950
-20108340 -30935897
26940041 29634058
-31720720 -48801097
35391390 54448303
-20330109 -22363107
-29566109 -32522707
22335341 24568888
-40839159 -44923062
-5181753 55271998
47673291 52440633
49438345 76059003
-17886900 -27518297
-5271459 56228862
-11577675 -17811797
2736357 -29187842
-29705559 -32676102
-2664549 28421822
-7999259 -8799172
14146341 15560988
5357559 -57147330
13328050 20504703
-12907159 -14197862
-37728605 -58043997
43970941 48368048
-45963809 -50560177
-2348505 25050686
-154809 -170277
-26488959 -29137842
-1449315 15459326
-58974700 -90730297
718023 -7658946
-2516019 26837502
4257755 6550403
29140891 32054993
12220391 13442443
-1747767 18642814
7408435 11397603
-45190410 -69523697
46127960 70966103
62955 -671554
2259655 3476403
4683741 -49959938
22632391 24895643
-4335915 46249726
21384291 23522733
42455041 46700558
-1185705 12647486
-16953809 -18649177
5283699 -56359490
2811999 -29994690
17994985 27684603
-3524823 37598078
1194765 -12744194
-919437 9807294
4055151 -43254978
-461109 -507207
2309829 -24638210
-27394385 -42145197
6359591 6995563
28431741 31274928
1912441 2103698
56825205 87423403
29262930 45019903
-47655209 -52420717
-8239925 -12676797
-6433705 -9897997
-28647845 -44073597
44559191 49015123
-3143445 33530046
-18011209 -19812317
-4037001 43061310
-3637497 38799934
25060940 38555303
46384970 71361503
3896175 -41559234
-62244135 -95760197
-8778580 -13505497
14452485 22234603
285045 -3040514
253329 -2702210
-3412161 36396350
-20072859 -22080132
-20682160 -31818697
-1663335 17742206
1589373 -16953346
-5817711 62055550
45734291 50307733
-3575877 38142654
44550605 68539403
1375071 -14667458
41252241 45377478
-3196095 34091646
2589819 -27624770
49717260 76488103
-4569915 48745726
2203779 -23507010
389961 -4159618
-18407659 -20248412
27479720 42276503
36344741 39979228
-753501 8037310
-46079509 -50687447
-25385909 -27924487
49751125 76540203
2566857 -27379842
-37170125 -57184797
-1379907 14718974
-22204309 -24424727
-60341715 -92833397
47466341 52212988
-2224293 23725758
-5368131 57260030
5229191 5752123
1342293 -14317826
-53604855 -82468997
48985841 53884438
44253555 68082403
-32064459 -35270892
4906899 -52340290
-10813925 -16636797
20851800 32079703
13275241 14602778
-30116195 -46332597
13892575 21373203
43787895 67366003
-43325009 -47657497
28648550 44074703
-4336805 -6671997
-57457925 -88396797
-1775571 18939390
-33331810 -51279697
6295310 9685103
-5454831 58184830
-3175977 33877054
505935 -5396674
-1913925 20415166
-8932309 -9825527
43951241 48346378
3464741 3811228
2456215 3778803
5697519 -60773570
2816727 -30045122
13572691 14929973
-40514659 -44566112
-7818270 -12028097
-1663407 17742974
-11455309 -12600827
-168813 1800638
-20746259 -22820872
-37046105 -56993997
-56820665 -87416397
-45189659 -49708612
-19664065 -30252397
-1776789 18952382
2208411 -23556418
4103511 -43770818
51282850 78896703
-48425525 -74500797
37219141 40941068
43394385 66760603
-1327509 14160062
-46844959 -51529442
40701191 44771323
2594741 2854228
59899510 92153103
5370880 8262903
-3489141 37217470
15791940 24295303
-31533909 -34687287
-48384609 -53223057
7507991 8258803
48247441 53072198
62324660 95884103
19087310 29365103
123441 -1316738
2328117 -24833282
-48833660 -75128697
-57543335 -88528197
-2771643 29564158
-5377467 57359614
-13952109 -15347307
449463 -4794306
-11260150 -17323297
-32080755 -49354997
-16763959 -18440342
1820491 2002553
35390891 38929993
-50804070 -78160097
-1536891 16393470
-416427 4441854
-48458025 -74550797
-47098559 -51808402
-3655335 38990206
1386801 -14792578
-6257555 -9626997
-21536409 -23690037
43347585 66688603
-32390090 -49830897
-31584220 -48591097
-27109159 -29820062
-2167761 23122750
4892805 -52189954
-21807459 -23988192
46420491 51062553
-34586809 -38045477
3500491 3850553
34049441 37454398
-5540637 59100094
4587093 -48929026
-2514381 26820030
1076073 -11478146
37293940 57375303
-1115059 -1226552
-16397165 -25226397
193565 297803
7419841 8161838
12582691 13840973
-1193405 -1835997
83547 -891202
62851095 96694003
-4776903 50953598
-48154410 -74083697
594201 -6338178
14071585 21648603
-41877360 -64426697
42930610 66047103
20730491 22803553
-56672790 -87188897
37969391 41766343
4842225 -51650434
-29965159 -32961662
-15225759 -16748322
-5260149 56108222
-13196500 -20302297
-6281609 -6909757
-16176750 -24887297
-57205400 -88008297
881067 -9398082
2864397 -30553602
-32967859 -36264632
-62508425 -96166797
14703970 22621503
-26903259 -29593572
27213155 41866403
-37547209 -41301917
3930241 4323278
42716500 65717703
-46132780 -70973497
48657841 53523638
47836810 73595103
22135691 24349273
4864287 -51885762
-1686327 17987454
-4215141 44961470
-33617420 -51719097
16963191 18659523
2543523 -27130946
7317305 11257403
-3750261 40002750
5438391 -58009538
-59946905 -92225997
1836009 -19584130
-42365009 -46601497
35778991 39356903
52338970 80521503
-9430059 -10373052
-20815309 -22896827
-26400860 -40616697
17571315 27032803
865263 -9229506
-24381059 -26819152
-5077167 54156414
10267041 11293758
64730960 99586103
-32966965 -50718397
399381 -4260098
61103440 94005303
-10573359 -11630682
-5001921 53353790
-32222909 -35445187
-15786859 -17365532
2901855 4464403
-28995660 -44608697
41191641 45310818
11086720 17056503
49034045 75437003
-8781635 -13510197
-4504107 48043774
49963141 54959468
-2246511 23962750
-37027809 -40730577
43245141 47569668
-57563745 -88559597
-28593859 -31453232
-35687609 -39256357
-36513759 -40165122
-25862059 -28448252
-10192209 -11211417
5206713 -55538306
10877191 11964923
-1565319 16696702
-2585259 27576062
-4489587 47888894
-24858670 -38244097
-2350947 25076734
24621540 37879303
-2496903 26633598
32265540 49639303
-3467439 36985982
-18976509 -20874147
2246349 -23961090
-16855415 -25931397
4767333 -50851586
-16759109 -18435007
-1195437 12751294
-46183059 -50801352
-34553550 -53159297
-3459 36862
-862269 9197502
-5971215 63692926
58374545 89807003
4227791 4650583
4602483 -49093186
-5415279 57762942
4283049 -45685890
-42722609 -46994857
4894731 -52210498
3985860 6132103
2144901 -22878978
6121175 9417203
-3787263 40397438
61770015 95030803
17519770 26953503
1010373 -10777346
-24399055 -37536997
44230541 48653608
6527391 7180143
21131690 32510303
24160755 37170403
-5980590 -9200897
-2950299 31469822
176791 194483
17056190 26240303
-13636810 -20979697
-4247235 45303806
-33966009 -37362597
-2614365 27886526
-42085959 -46294542
58449750 89922703
-1518795 -2336597
-4042311 43117950
613205 943403
36518165 56181803
-2507457 26746174
-1975431 21071230
4450857 -47475842
-47327859 -52060632
21487760 33058103
1920745 2955003
1112493 -11866626
3645699 -38887490
59320165 91261803
-8363409 -9199737
-49450909 -54395987
-4663695 49746046
-4535661 48380350
-38121725 -58648797
1983275 3051203
-4319517 46074814
-5480727 58461054
12973941 14271348
7987491 8786253
7453935 11467603
-34567590 -53180897
-40687600 -62596297
-41856859 -46042532
942641 1036918
-3856459 -4242092
-2953653 31505598
-9315959 -10247542
-45150309 -49665327
1264479 -13487810
-37689559 -41458502
-1247487 13306494
-4760685 50780606
31971941 35169148
-1465587 15632894
27645990 42532303
4182831 -44616898
1009563 -10768706
2003035 3081603
-47210805 -72631997
-2465727 26301054
-55734580 -85745497
-48107859 -52918632
46078241 50686078
-396999 4234622
-1673811 17853950
-4671951 49834110
-2863083 30539518
-1076659 -1184312
12506291 13756933
-6449459 -7094392
-16558109 -18213907
-39094905 -60145997
-1170915 12489726
5678277 -60568322
46131691 50744873
61409785 94476603
45476541 50024208
49646341 54610988
18178941 19996848
4981245 -53133314
5216727 -55645122
-41100009 -45209997
1404033 -14976386
3894951 -41546178
1488807 -15880642
2411673 -25724546
-5683887 60628094
25305841 27836438
45343391 49877743
-20308459 -22339292
-2473269 26381502
-15224825 -23422797
1030491 1133553
-51602855 -79388997
-1915815 -2947397
-3699693 39463358
63007940 96935303
38247360 58842103
-11459409 -12605337
-564771 6024190
44682880 68742903
-3739749 39890622
369975 -3946434
32284691 35513173
29910841 32901938
49594735 76299603
-4854993 51786558
56920040 87569303
-2146509 -2361147
5771469 -61562370
-1052895 11230846
-2867907 30590974
10874560 16730103
-39430959 -43374042
19434241 21377678
-4639107 49483774
-31186550 -47979297
36880941 40569048
-43576980 -67041497
48600430 74769903
2389891 2628893
40599741 44659728
-59190175 -91061797
-39447270 -60688097
11442920 17604503
28344285 43606603
-3657111 39009150
-3283995 35029246
-19893385 -30605197
-36549359 -40204282
32174865 49499803
-46334509 -50967947
-4141159 -4555262
-5771487 61562494
-5792241 61783870
18205650 28008703
-771579 8230142
-20551965 -31618397
11690791 12859883
2469215 3798803
-31631865 -48664397
-818781 8733630
4561833 -48659586
30167841 33184638
-5628027 60032254
-17011609 -18712757
-23813860 -36636697
936339 -9987650
28771191 31648323
4473093 -47713026
56386715 86748803
-31558675 -48551797
5563455 -59343554
-23884109 -26272507
-39906560 -61394697
2744865 -29278594
-21487900 -33058297
2553520 3928503
-3577425 38159166
-3954150 -6083297
-16771890 -25802897
-9212845 -14173597
2352691 2587973
-44738400 -68828297
-2459409 -2705337
22591741 24850928
-3501681 37351230
-2768901 29534910
-3003465 32036926
-6369609 -7006557
1816299 -19373890
-3744633 39942718
-3147015 33568126
-47516909 -52268587
-21257800 -32704297
-18549965 -28538397
801363 -8547906
36865991 40552603
58218610 89567103
445923 -4756546
-20090270 -30908097
28908420 44474503
30680691 33748773
-4259909 -4685887
1039741 1143728
-53715420 -82639097
-36556460 -56240697
28949091 31844013
-5784249 61698622
37923441 41715798
4534671 -48369858
7371515 11340803
-227157 2422974
9898130 15227903
-4393359 -4832682
-2325759 24808062
49972191 54969423
16824855 25884403
-5161655 -7940997
49501590 76156303
9137630 14057903
36425735 56039603
-546147 5825534
-46254009 -50879397
29661441 32627598
-9969959 -10966942
-49383560 -75974697
12919241 14211178
29601775 45541203
-6644825 -10222797
-5143599 54865022
-48558840 -74705897
9501541 10451708
4571141 5028268
-3761055 40117886
-5804835 61918206
-2612589 27867582
25161365 38709803
