2326
303927604 -914563089
-77323935 489701277
-138300123 880229415
238967520 -718618716
68231724 -203614479
-92463997 -11366901
-145351791 925392533
-10175044 -2139219
-30865887 192156029
233218840 -701278506
-106567617 676995384
-153418777 -18202221
-70064865 443209832
-83753397 530879414
-24436425 150977892
59033836 -175870143
-739600578 -83935215
-117352521 746068388
201026232 -604173330
-384031028 -44062515
-150371038 -17860455
-793443967 -89973081
-734521013 -83365605
-68405649 432583216
-466319981 -53290197
131467204 -394356789
-65502021 413986638
-593309106 -67530447
-144936987 922735879
-397237897 -45543501
-872685181 -98858997
49835948 -148125807
-624802409 -71062029
-723345970 -82112463
134341544 -403026894
330371532 -994328055
-71129824 -8974539
-458192677 -52378821
322323380 -970051761
-28999269 180201086
-62183589 392733406
283232356 -852138333
-35843535 224035877
-113798170 -13759263
-856430573 -97036245
74555272 -222688710
188379136 -566024868
30865304 -90903114
251614616 -756767178
-507972414 -57960999
-393174245 -45087813
-17177355 104486447
-907226223 -102732345
-41858193 262557360
-910273962 -103074111
-859478312 -97378011
-46421037 291780554
136066148 -408228957
-423651635 -48505473
243566464 -732490884
-731473274 -83023839
-111752667 710203559
-965133264 -109225899
-451081286 -51581367
-124404189 791231506
-374887811 -43037217
-737568752 -83707371
-108849039 691606981
-743664230 -84390903
-77738739 492357931
31440172 -92637135
-100138155 635817247
253339220 -761969241
-78775749 498999566
218272272 -656193960
-74212905 469776372
-108718605 -13189653
93525916 -279911403
-381999202 -43834671
-28791867 178872759
-168657472 -19911051
-906210310 -102618423
-499845110 -57049623
-630897887 -71745561
-719282318 -81656775
-819857705 -92935053
-60316971 380778463
-87071829 552132646
106173012 -318059865
-50983881 321003748
210224120 -631917666
-196087123 -22986945
-441938069 -50556069
-114034089 724815156
176306908 -529610427
-291582945 -33695613
286106696 -860808438
-29621475 184186067
-97649331 619877323
187229400 -562556826
-266185120 -30847563
-39991575 250602417
133766676 -401292873
-448033547 -51239601
-154477479 983838921
-353553638 -40644855
-36258339 226692531
-121925474 -14670639
-38332359 239975801
-869637442 -98517231
-82716387 524237779
-65709423 415314965
-26925249 166917816
178606380 -536546511
231494236 -696076443
-66124227 417971619
172857700 -519206301
-74835111 473761353
-474447285 -54201573
-442953982 -50669991
69381460 -207082521
-264153294 -30619719
280932884 -845202249
-141227821 -16835157
23966888 -70094862
-26510445 164261162
-500861023 -57163545
-504924675 -57619233
94100784 -281645424
-794459880 -90087003
63057912 -188008290
-394190158 -45201735
18218208 -52754652
-68613051 433911543
-980371959 -110934729
-333235378 -38366415
-116315511 739426753
-522779616 295880011
-96404919 611907361
-119841345 762008312
-114448893 727471810
-85827417 544162684
-547593021 -62403957
-87694035 556117627
-95990115 609250707
-55546725 350226942
-762966577 -86555421
-565879455 -64454553
-981387872 -111048651
307376812 -924967215
-62805795 396718387
314275228 -945775467
-43724811 274512303
121119580 -363144411
-346442247 -39847401
-93479910 -11480823
-544545282 -62062191
-996626567 -112757481
-555720325 -63315333
22242284 -64892799
280358016 -843468228
309101416 -930169278
-81471975 516267817
-100967763 641130555
59608704 -177604164
-215389470 -25151463
-37604695 -5215113
255063824 -767171304
-201166688 -23556555
100424332 -300719655
-56583735 356868577
-132492867 843036259
-102004773 647772190
-683725363 -77669505
-302757988 -34948755
-621754670 -70720263
212523592 -638853750
-21947601 135037968
-18214365 111128082
187804268 -564290847
64207648 -191476332
191253476 -574694973
-932624048 -105580395
-36465741 228020858
89501840 -267773256
-42480399 266542341
-275328337 -31872861
-146803605 934690822
-91842075 582684167
-814778140 -92365443
-156344097 995793864
-871669268 -98745075
-25473435 157619527
-978340133 -110706885
-147011007 936019149
-63428001 400703368
-11190957 -2253141
-789380315 -89517393
4421376 -11138148
56159496 -167200038
-119219139 758023331
-78360945 496342912
257363296 -774107388
-58657755 370151847
-38124957 238647474
286681564 -862542459
-45591429 286467246
-60109569 379450136
-46213635 290452227
-535402065 -61036893
-212341731 -24809697
16493604 -47552589
-78568347 497671239
-75664719 479074661
-422635722 -48391551
-130418847 829752989
-567911281 -64682397
140090224 -420367104
112496560 -337134096
174582304 -524408364
-41443389 259900706
-415524331 -47594097
-41668347 -5670801
215972800 -649257876
-61768785 390076752
250464880 -753299136
-139959339 890856031
301628132 -907627005
60183572 -179338185
35464248 -104775282
-428731200 -49075083
-98893743 627847285
-104493597 663712114
-100760361 639802228
-151573851 965242343
284382092 -855606375
-17799561 108471428
-351521812 -40417011
-711155014 -80745399
-202182601 -23670477
-836112313 -94757805
-578070411 -65821617
88352104 -264305214
-383015115 -43948593
-39576771 247945763
-96819723 614564015
-41235987 258572379
-67576041 427269908
-92879085 589325802
-746711969 -84732669
245291068 -737692947
-131870661 839051278
-62598393 395390060
-601436410 -68441823
-27132651 168246143
306801944 -923233194
-464288155 -53062353
-136848309 870931126
-43932213 275840630
-5148039 27443481
-9503481 55338348
-4111029 20801846
-15310737 92531504
-997642480 -112871403
-231644078 -26974215
84328028 -252167067
-83320780 -10341603
200451364 -602439309
-73798101 467119718
-751791534 -85302279
-64018433 -8177085
-486638241 -55568637
-526258848 -60011595
-542513456 -61834347
-93086487 590654129
316574700 -952711551
-317996683 -36657585
-591277280 -67302603
-95160507 603937399
-662391190 -75277143
-977324220 -110592963
-939735439 -106377849
-379967376 -43606827
-611595540 -69581043
-156551499 997122191
-3063653 -1341765
38338588 -113445387
-811730401 -92023677
-89353251 566744243
-857446486 -97150167
29715568 -87435072
-60939177 384763444
-296662510 -34265223
-9159131 -2025297
42937532 -127317555
-530322500 -60467283
-801571271 -90884457
90076708 -269507277
-98478939 625190631
-570959020 -65024163
-82508985 522909452
-61146579 386091771
-192023471 -22531257
260812504 -784511514
-64050207 404688349
-59279961 374136828
-16969953 103158120
-51827477 -6810021
197577024 -593769204
-130004043 827096335
-290567032 -33581691
246440804 -741160989
-2037009 7518576
-98686341 626518958
-519147457 -59214141
-27340053 169574470
-153440469 977197286
-60970694 -7835319
-106775019 678323711
-256025990 -29708343
-185927993 -21847725
10744924 -30212379
-12206870 -2367063
-252978251 -29366577
-454129025 -51923133
-4525833 23458500
-92049477 584012494
-46747912 -6240411
-732489187 -83137761
-10955295 64636637
170558228 -512270217
-238755469 -27771669
-651216147 -74024001
38913456 -115179408
-219453122 -25607151
193552948 -581631057
295879452 -890286795
-72761091 460478083
-853382834 -96694479
-942783178 -106719615
-962085525 -108884133
-432794852 -49530771
-16555149 100501466
-654263886 -74365767
25691492 -75296925
-480542763 -54885105
-93708693 594639110
-134359485 854991202
-109263843 694263635
-247898686 -28796967
-54924519 346241961
-97543562 -11936511
-741632404 -84163059
-50154273 315690440
-903162571 -102276657
128592864 -385686684
-122952375 781933217
-307837553 -35518365
91801312 -274709340
-127722621 812484738
-153855273 979853940
-22984611 141679603
-58242951 367495193
-97441929 618548996
-405365201 -46454877
118820108 -356208327
-149085027 949302419
87202368 -260837172
244716200 -735958926
-861510138 -97605855
-502892849 -57391389
-597372758 -67986135
-767030229 -87011109
-103871391 659727133
226895292 -682204275
-199134862 -23328711
211373856 -635385708
55584628 -165466017
-695916319 -79036569
-40652434 -5556879
-86657025 549475992
-691852667 -78580881
-406381114 -46568799
91226444 -272975319
-143070369 910780936
-61561383 388748425
-94745703 601280745
-43700173 -5898645
-112782257 -13645341
-126893013 807171430
-443969895 -50783913
-720298231 -81770697
-97027125 615892342
-818841792 -92821131
-566895368 -64568475
-46006233 289123900
-125233797 796544814
36613984 -108243324
-800555358 -90770535
-368792333 -42353685
-919417179 -104099409
-66050259 -8404929
-925512657 -104782941
284956960 -857340396
329796664 -992594034
-745696056 -84618747
-175768863 -20708505
-641057017 -72884781
-300726162 -34720911
182630456 -548684658
-77531337 491029604
-895035267 -101365281
213098460 -640587771
-5095479 -1569609
-81679377 517596144
-8051667 46040059
-470383633 -53745885
-150744243 959929035
-30658485 190827702
151587584 -455047524
-715218666 -81201087
-49795651 -6582177
-244850947 -28455201
-133529877 849677894
-1031827 -1113921
-475463198 -54315495
7870584 -21542274
-25888239 160276181
-753823360 -85530123
-400285636 -45885267
182055588 -546950637
-69027855 436568197
-97856733 621205650
-512036066 -58416687
-191007558 -22417335
-988499263 -111846105
-560799890 -63884943
-588229541 -66960837
-82923789 525566106
-30493304 -4417659
-556736238 -63429255
-31509217 -4531581
-95367909 605265726
-642072930 -72998703
-520163370 -59328063
98699728 -295517592
64782516 -193210353
-160530168 -18999675
-109678647 696920289
146413772 -439441335
-118182129 751381696
-120048747 763336639
-10747893 63308310
-47872851 301078843
86052632 -257369130
232643972 -699544485
240117256 -722086758
-331203552 -38138571
83178292 -248699025
-687789015 -78125193
207924648 -624981582
-417556157 -47821941
-581118150 -66163383
148713244 -446377419
-666454842 -75732831
-899098919 -101820969
-135132343 -16151625
-447017634 -51125679
-908242136 -102846267
-203198514 -23784399
-170689298 -20138895
-538449804 -61378659
-80849769 512282836
-277360163 -32100705
-25680837 158947854
331521268 -997796097
-54302313 342256980
318299304 -957913614
-94953105 602609072
-985451524 -111504339
-45798831 287795573
80878820 -241762941
-3903627 19473519
-88523643 561430935
-137470515 874916107
-100345557 637145574
-86368519 -10683369
290130772 -872946585
-754839273 -85644045
81453688 -243496962
132042072 -396090810
209074384 -628449624
-396221984 -45429579
-143692575 914765917
-670518494 -76188519
99849464 -298985634
-245866860 -28569123
-15518139 93859831
-615659192 -70036731
141814828 -425569167
-323076248 -37227195
82028556 -245230983
-23192013 143007930
-699979971 -79492257
-7127305 -1797453
-927544483 -105010785
10170056 -28478358
96975124 -290315529
-705059536 -80061867
46961608 -139455702
113071428 -338868117
-755855186 -85757967
109622220 -328463991
-73383297 464463064
24541756 -71828883
206200044 -619779519
-138922329 884214396
73980404 -220954689
-37295349 233334166
-140374143 893512685
129167732 -387420705
-858462399 -97264089
-103639040 -12620043
-696932232 -79150491
-945830917 -107061381
-223516774 -26062839
293579980 -883350711
-129796641 825768008
-41028585 257244052
-249930512 -29024811
-885892050 -100339983
-23399415 144336257
-49946871 314362113
-515083805 -58758453
275759072 -829596060
-92256879 585340821
-589245454 -67074759
-584165889 -66505149
-35221329 220050896
-104908401 666368768
-837128226 -94871727
-3696225 18145192
-875732920 -99200763
-133115073 847021240
-459208590 -52492743
-55754127 351555269
321748512 -968317740
215397932 -647523855
-18302348 -3050595
128017996 -383952663
-966149177 -109339821
315424964 -949243509
-916369440 -103757643
-6185049 34085116
-58450353 368823520
115945768 -347538222
-774141620 -87808563
162510076 -487993923
-714202753 -81087165
185504796 -557354763
-350505899 -40303089
-130052778 -15582015
-100591301 -12278277
322898248 -971785782
-457176764 -52264899
-148048017 942660784
159060868 -477589797
-15725541 95188158
163084944 -489727944
-440922156 -50442147
-221484948 -25834995
-151781253 966570670
329221796 -990860013
-855414660 -96922323
264836580 -796649661
-123159777 783261544
-282439728 -32670315
-40198977 251930744
-809698575 -91795833
258513032 -777575430
-15932943 96516485
-288535206 -33353847
-552672586 -62973567
-76909131 487044623
195277552 -586833120
-50811564 -6696099
-146388801 932034168
-477495024 -54543339
-63013197 398046714
123419052 -370080495
-363712768 -41784075
-94123497 597295764
-18006963 109799755
26266360 -77030946
228045028 -685672317
-127100415 808499757
-17592159 107143101
196427288 -590301162
-74420307 471104699
164809548 -494930007
271160128 -815723892
-105945411 673010403
222296348 -668332107
-860494225 -97491933
72255800 -215752626
107322748 -321527907
-795475793 -90200925
-79257128 -9885915
48111344 -142923744
-764998403 -86783265
-173737037 -20480661
156186528 -468919692
-125856003 800529795
-911289875 -103188033
-825953183 -93618585
-120670953 767321620
192403212 -578163015
-292598858 -33809535
-569943107 -64910241
-36588782 -5101191
53285156 -158529933
-34806525 217394242
-132084604 -15809859
-639025191 -72656937
-32110299 200125991
-150951645 961257362
-66539031 420628273
-437874417 -50100381
287831300 -866010501
-354569551 -40758777
-138714927 882886069
-124196787 789903179
33739644 -99573219
-461240416 -52720587
117095504 -351006264
-98559475 -12050433
-84997809 538849376
-30243681 188171048
-227580426 -26518527
6145980 -16340211
312550624 -940573404
-132078063 840379605
77429612 -231358815
-151386951 -17974377
-20495787 125739679
-138180082 -16493391
-125648601 799201468
-149292429 950630746
153887056 -461983608
92951048 -278177382
-879796572 -99656451
-456160851 -52150977
-86034819 545491011
-973260568 -110137275
100999200 -302453676
-142033359 904139301
-450065373 -51467445
-999999 876941
-119426541 759351658
-833064574 -94416039
-200150775 -23442633
-328155813 -37796805
-713186840 -80973243
-896051180 -101479203
262537108 -789713577
-369808246 -42467607
136641016 -409962978
19942812 -57956715
-385046941 -44176437
-111545265 708875232
229769632 -690874380
-154270077 982510594
-344410421 -39619557
-182880254 -21505959
-28584465 177544432
125718524 -377016579
-884876137 -100226061
-436858504 -49986459
-53265303 335615345
-143899977 916094244
-299710249 -34606989
-614643279 -69922809
-145144389 924064206
-136226103 866946145
-498829197 -56935701
134916412 -404760915
-84790407 537521049
247590540 -744629031
-37087947 232005839
-115829996 -13987107
-602452323 -68555745
-646136582 -73454391
58458968 -174136122
267710920 -805319766
-968181003 -109567665
-130211445 828424662
39488324 -116913429
-771093881 -87466797
108472484 -324995949
-548608934 -62517879
-147840615 941332457
-150536841 958600708
-128344827 816469719
-2451813 10175230
-685757189 -77897349
-900114832 -101934891
22817152 -66626820
-164593820 -19455363
-154434690 -18316143
76279876 -227890773
-69650061 440553178
-909258049 -102960189
-123574581 785918198
-94330899 598624091
-8466471 48696713
-84168201 533536068
294154848 -885084732
-106152813 674338730
-747727882 -84846591
46386740 -137721681
138365620 -415165041
-258057816 -29936187
34889380 -103041261
-207262166 -24240087
-75457317 477746334
-946846830 -107175303
-7222059 40726751
-960053699 -108656289
-115900707 736770099
-506956501 -57847077
-47763825 -6354333
-89768055 569400897
-595340932 -67758291
-51398685 323660402
-294630684 -34037379
-653247973 -74251845
-313933031 -36201897
141239960 -423835146
-31902897 198797664
-866589703 -98175465
145264036 -435973293
-84375603 534864395
78579348 -234826857
-8673873 50025040
-81057171 513611163
-75872121 480402988
-149914635 954615727
-489685980 -55910403
-133737279 851006221
-429747113 -49189005
-293614771 -33923457
-698964058 -79378335
-206246253 -24126165
-55131921 347570288
-882844311 -99998217
-117767325 748725042
-6392451 35413443
275184204 -827862039
-660359364 -75049299
-110300853 700905270
5571112 -14606190
-19873581 121754698
-226564513 -26404605
320023908 -963115677
226320424 -680470254
-136640907 869602799
-359649116 -41328387
-193039384 -22645179
-829000922 -93960351
102723804 -307655739
-600420497 -68327901
276908808 -833064102
-151988655 967898997
-517115631 -58986297
-82304867 -10227681
214823064 -645789834
188954004 -567758889
-67368639 425941581
-735536926 -83479527
-689820841 -78353037
-482574589 -55112949
-115278501 732785118
261962240 -787979556
220571744 -663130044
-27754857 172231124
73405536 -219220668
-92671683 587997475
-692868580 -78694803
142964564 -429037209
-761950664 -86441499
-32939907 205439299
-709123188 -80517555
-617691018 -70264575
-366760507 -42125841
-130626249 831081316
-590261367 -67188681
-151159047 962585689
-91012467 577370859
190103740 -571226931
-38620608 -5329035
-126063405 801858122
-936687700 -106036083
-503908762 -57505311
-650200234 -73910079
-12199707 72606599
-250946425 -29138733
-110923059 704890251
-125026395 795216487
130317468 -390888747
-53859303 -7037865
-34184319 213409261
-391142419 -44859969
-2659215 11503557
175732040 -527876406
310826020 -935371341
-101589969 645115536
-144107379 917422571
-496797371 -56707857
-399269723 -45771345
-697948145 -79264413
-19043973 116441390
-126478209 804514776
-799539445 -90656613
-25266033 156291200
-257041903 -29822265
-24397826 -3734127
-950910482 -107630991
260237636 -782777493
-140211908 -16721235
-47250645 297093862
-140788947 896169339
-304789814 -35176599
-7429461 42055078
-92464281 586669148
-785316663 -89061705
-993578828 -112415715
-18836571 115113063
289555904 -871212564
-6111392 -1683531
-28169661 174887778
-479526850 -54771183
-392158332 -44973891
-608547801 -69239277
-54509715 343585307
-760934751 -86327577
-78241215 -9771993
-1622205 4861922
-627850148 -71403795
137215884 -411696999
-176784776 -20822427
324622852 -976987845
148138376 -444643398
218847140 -657927981
-315964857 -36429741
303352736 -912829068
-135396495 861632837
265411448 -798383682
-44761821 281153938
14194132 -40616505
-61353981 387420098
-345426334 -39733479
209649252 -630183645
-14066325 84561542
296454320 -892020816
159635736 -479323818
-255010077 -29594421
-142448163 906795955
-117861822 -14214951
114221164 -342336159
116520636 -349272243
197002156 -592035183
227470160 -683938296
-125441199 797873141
-599404584 -68213979
-4733235 24786827
42362664 -125583534
-72346287 457821429
285531828 -859074417
-140166741 892184358
-638009278 -72543015
-134116430 -16037703
-634961539 -72201249
-113411883 720830175
-571974933 -65138085
-337299030 -38822103
150437848 -451579482
180905852 -543482595
-888939789 -100681749
-123989385 788574852
259087900 -779309451
32015040 -94371156
-118596933 754038350
-559783977 -63771021
-24851229 153634546
-81264573 514939490
-222500861 -25948917
-998658393 -112985325
-210309905 -24581853
-488670067 -55796481
-286503380 -33126003
140665092 -422101125
-79397955 502984547
249890012 -751565115
222871216 -670066128
37763720 -111711366
50410816 -149859828
-622770583 -70834185
-145973997 929377514
305077340 -918031131
50985684 -151593849
-120909561 -14556717
-59954781 -7721397
-103456587 657070479
-122122767 776619909
-135189093 860304510
-139129731 885542723
-609563714 -69353199
133191808 -399558852
-131248455 835066297
-842207791 -95441337
-804619010 -91226223
-74177563 -9316305
86627500 -259103151
-718266405 -81542853
327497192 -985657950
1547036 -2468043
-338314943 -38936025
57309232 -170668080
-2866617 12831884
-39636521 -5442957
169408492 -508802175
-55961529 352883596
-661375277 -75163221
6720848 -18074232
-146181399 930705841
-135603897 862961164
186654532 -560822805
228619896 -687406338
-738584665 -83821293
-412476592 -47252331
-155514489 990480556
-149707233 953287400
-59487363 375465155
-198118949 -23214789
-431778939 -49416849
45811872 -135987660
-874717007 -99086841
330946400 -996062076
-531338413 -60581205
-491717806 -56138247
68806592 -205348500
-983419698 -111276495
-50776479 319675421
-69235257 437896524
-86242221 546819338
-972244655 -110023353
-851351008 -96466635
-11577501 68621618
-101797371 646443863
-104078793 661055460
-161546081 -19113597
-220469035 -25721073
-81886779 518924471
259662768 -781043472
-156758901 998450518
158486000 -475855776
-854398747 -96808401
-121915365 775291582
-13651521 81904888
-141203751 898825993
-137263113 873587780
-94538301 599952418
272884732 -820925955
-58035549 366166866
-89975457 570729224
-864557877 -97947621
-13029315 77919907
-35013927 218722569
-132285465 841707932
-944815004 -106947459
-557752151 -63543177
-105670866 -12847887
62483044 -186274269
28565832 -83967030
181480720 -545216616
-108434235 688950327
-792428054 -89859159
-931608135 -105466473
-103249185 655742152
-137885319 877572761
71106064 -212284584
-239771382 -27885591
54434892 -161997975
-612611453 -69694965
-411460679 -47138409
-620738757 -70606341
-16270522 -2822751
-873701094 -98972919
-150122037 955944054
-334251291 -38480337
-38539761 241304128
261387372 -786245535
-15103335 91203177
-115693305 735441772
65357384 -194944374
-921449005 -104327253
-214373557 -25037541
-50361675 317018767
-75249915 476418007
-114863697 730128464
-424667548 -48619395
186079664 -559088784
-659343451 -74935377
-402317462 -46113111
-52643097 331630364
-387078767 -44404281
-131455857 836394624
-99308547 630503939
9595188 -26744337
34314512 -101307240
-90432171 -11139057
-23606817 145664584
-34599123 216065915
-127005039 -15240249
297604056 -895488858
-129174435 821783027
271734996 -817457913
-67161237 424613254
240692124 -723820779
76854744 -229624794
-56376333 355540250
48686212 -144657765
-297678423 -34379145
-970212829 -109795509
268860656 -808787808
-118389531 752710023
-261105555 -30277953
-403333375 -46227033
20517680 -59690736
-422257097 -503023596
-951926395 -107744913
-139195995 -16607313
95250520 -285113466
-13236717 79248234
-915353527 -103643721
-677629885 -76985973
291855376 -878148648
-724361883 -82226385
-136018701 865617818
95825388 -286847487
23392020 -68360841
-367776420 -42239763
-8881275 51353367
-86864427 550804319
-152402864 -18088299
-667470755 -75846753
-926528570 -104896863
-117145119 744740061
317724436 -956179593
-127307817 809828084
-562831716 -64112787
-51191283 322332075
-243835034 -28341279
122844184 -368346474
-63635403 402031695
210798988 -633651687
69956328 -208816542
-116522913 740755080
-29477391 -4303737
-467335894 -53404119
255638692 -768905325
18793076 -54488673
-495781458 -56593935
-416540244 -47708019
-152610861 971883978
-72145737 -9088461
-88108839 558774281
-878780659 -99542529
-122744973 780604890
-513051979 -58530609
299903528 -902424942
214248196 -644055813
-124818993 793888160
-142243734 -16949079
-16347747 99173139
4996244 -12872169
229194764 -689140359
-52228293 328973710
-413492505 -47366253
-579086324 -65935539
-111337863 707546905
-137677917 876244434
-48909861 307720478
-839160052 -95099571
-652232060 -74137923
-56998539 359525231
-25413739 -3848049
-166625646 -19683207
-129589239 824439681
205050308 -616311477
180330984 -541748574
-85352606 -10569447
-66746433 421956600
85477764 -255635109
149862980 -449845461
-132700269 844364586
-776173446 -88036407
-876748833 -99314685
-263137381 -30505797
-549624847 -62631801
-628866061 -71517717
155611660 -467185671
290705640 -874680606
-186943906 -21961647
-643088843 -73112625
43512400 -129051576
-145559193 926720860
-70272267 444538159
-976308307 -110479041
-360665029 -41442309
17643340 -51020631
-13858923 83233215
105598144 -316325844
-50569077 318347094
-138507525 881557742
203325704 -611109414
-905194397 -102504501
-949894569 -107517069
-65294619 412658311
-665438929 -75618909
-47043243 295765535
-561815803 -63998865
-511020153 -58302765
-141825957 902810974
-625818322 -71175951
-155929293 993137210
-271264685 -31417173
-778205272 -88264251
-88400345 -10911213
-51813489 326317056
-913321701 -103415877
-154684881 985167248
-41650791 261229033
328646928 -989125992
-686773102 -78011271
-940751352 -106491771
84902896 -253901088
-144314781 918750898
-742648317 -84276981
283807224 -853872354
-52435695 330302037
-72968493 461806410
44662136 -132519618
-101175165 642458882
-740616491 -84049137
-87486633 554789300
44087268 -130785597
15918736 -45818568
-119011737 756695004
-80227563 508297855
-68082085 -8632773
-21117993 129724660
172282832 -517472280
-16140345 97844812
-197103036 -23100867
-128137425 815141392
-122330169 777948236
-308853466 -35632287
-736552839 -83593449
-784300750 -88947783
45237004 -134253639
308526548 -928435257
-672550320 -76416363
-924496744 -104669019
-148877625 947974092
-83338593 528222760
-43102605 270527322
-280407902 -32442471
221721480 -666598086
-57205941 360853558
-69442659 439224851
-14481129 87218196
-45176625 283810592
-77116533 488372950
234368576 -704746548
82603424 -246965004
-171705211 -20252817
-320028509 -36885429
205625176 -618045498
-61986607 -7949241
-693884493 -78808725
-681693537 -77441661
-433810765 -49644693
263111976 -791447598
-73590699 465791391
-106360215 675667057
-865573790 -98061543
-358633203 -41214465
-596356845 -67872213
-155307087 989152229
-94495823 -11594745
-211325818 -24695775
-934655874 -105808239
-80434965 509626182
-716234579 -81315009
-468351807 -53518041
47536476 -141189723
-39161967 245289109
-35636133 222707550
273459600 -822659976
-823921357 -93390741
-66331629 419299946
176881776 -531344448
122269316 -366612453
-14895933 89874850
14769000 -42350526
-791412141 -89745237
-44554419 279825611
-86449623 548147665
306227076 -921499173
-52843390 -6923943
-241803208 -28113435
-726393709 -82454229
203900572 -612843435
-752436 4468041
-766014316 -86897187
253914088 -763703262
-121293159 771306601
-831032748 -94188195
-109471245 695591962
-116937717 743411734
155036792 -465451650
-781253011 -88606017
-57620745 363510212
-67990845 429926562
-93501291 593310783
749190969 -17834972
-418572070 -47935863
-917385353 -103871565
-78153543 495014585
-439906243 -50328225
-551656673 -62859645
-35572869 -4987269
-155450603 -18430065
120544712 -361410390
-655279799 -74479689
-45384027 285138919
-63220599 399375041
25116624 -73562904
-59902167 378121809
-55339323 348898615
-380983289 -43720749
-25058631 154962873
-5770245 31428462
-306821640 -35404443
184929928 -555620742
-104654953 -12733965
-522195196 -59555907
-83545995 529551087
-48779738 -6468255
-52020891 327645383
-80020161 506969528
-984435611 -111390417
-69857463 441881505
-78983151 500327893
-420603896 -48163707
-958021873 -108428445
-592293193 -67416525
-19666179 120426371
-114814083 -13873185
-583149976 -66391227
-586197715 -66732993
-721314144 -81884619
199876496 -600705288
127443128 -382218642
-18421767 112456409
279208280 -840000186
-22777209 140351276
-103663989 658398806
311975756 -938839383
-295646597 -34151301
-49739469 313033786
-694900406 -78922647
204475440 -614577456
-134774289 857647856
-537433891 -61264737
-893003441 -101137437
-37917555 237319147
-967165090 -109453743
245865936 -739426968
-79812759 505641201
-88316241 560102608
-88938447 564087589
145838904 -437707314
-76286925 483059642
178031512 -534812490
142389696 -427303188
-111130461 706218578
-28461478 -4189815
-505940588 -57733155
80303952 -240028920
-700995884 -79606179
-577054498 -65707695
-648168408 -73682235
-357617290 -41100543
-96612321 613235688
-42272997 265214014
-788364402 -89403471
-142655565 908124282
61333308 -182806227
-36673143 229349185
-106686779 -12961809
-375903724 -43151139
-70479669 445866486
192978080 -579897036
-42684260 -5784723
-36880545 230677512
-841191878 -95327415
-134152083 853662875
-77225302 -9658071
-501876936 -57277467
125143656 -375282558
-66953835 423284927
-23381913 -3620205
171133096 -514004238
-722330057 -81998541
-260089642 -30164031
-675598059 -76758129
-17286435 -2936673
-40406379 253259071
-84583005 536192722
-112789677 716845194
19367944 -56222694
278058544 -836532144
-803603097 -91112301
-95782713 607922380
-986467437 -111618261
-287519293 -33239925
-955990047 -108200601
-904178484 -102390579
-824937270 -93504663
318874172 -959647635
-14273727 85889869
-886907963 -100453905
-56791137 358196904
79729084 -238294899
237817784 -715150674
-71724081 453836448
-102834381 653085498
-144275560 -17176923
-155099685 987823902
252764352 -760235220
-558768064 -63657099
-982403785 -111162573
-64879815 410001657
207349780 -623247561
-902146658 -102162735
-71101875 449851467
149288112 -448111440
266561184 -801851724
-961069612 -108770211
-5355441 28771808
-33976917 212080934
315999832 -950977530
-763982490 -86669343
-933639961 -105694317
-60731775 383435117
-472415459 -53973729
144689168 -434239272
-554704412 -63201411
-33562113 209424280
-729441448 -82795995
-102626979 651757171
-270248772 -31303251
-883860224 -100112139
-154892283 986495575
-34556956 -4873347
-957005960 -108314523
-80273041 -9999837
-676613972 -76872051
-971228742 -109909431
-987483350 -111732183
248165408 -746363052
-138092721 878901088
-12614511 75263253
-923480831 -104555097
-156466516 -18543987
-81288954 -10113759
53860024 -160263954
-568927194 -64796319
-301742075 -34834833
-473431372 -54087651
-262121468 -30391875
-8143218 -1911375
13619264 -38882484
-775157533 -87922485
-124973213 -15012405
-246882773 -28683045
-453113112 -51809211
224595820 -675268191
-690836754 -78466959
-633945626 -72087327
-314948944 -36315819
-52850499 332958691
-33769515 210752607
-786332576 -89175627
-68198247 431254889
-20910591 128396333
-770077968 -87352875
-31280691 194812683
-790396228 -89631315
-348474073 -40075245
323473116 -973519803
-279391989 -32328549
117670372 -352740285
-610579627 -69467121
-208278079 -24354009
-108641637 690278654
326347456 -982189908
163659812 -491461965
53252956 761822933
314850096 -947509488
-796491706 -90314847
-93293889 591982456
-77946141 493686258
-807666749 -91567989
-838144139 -94985649
-54717117 344913634
-613627366 -69808887
-478510937 -54657261
279783148 -841734207
-850335095 -96352713
-376919637 -43265061
-564863542 -64340631
-33147309 206767626
-576038585 -65593773
-27547455 170902797
-31073289 193484356
-510004240 -58188843
313125492 -942307425
-65087217 411329984
-63842805 403360022
402865993 -204377759
-640041104 -72770859
-15254609 -2708829
-51606087 324988729
-111766344 -13531419
-407397027 -46682721
-787348489 -89289549
-815794053 -92479365
202175968 -607641372
-521891539 -42320440
-44347017 278497284
-217421296 -25379307
-32317701 201454318
-682709450 -77555583
194127816 -583365078
-151366449 963914016
-362696855 -41670153
-603468236 -68669667
291280508 -876414627
-820873618 -93048975
-521179283 -59441985
-149499831 951959073
21092548 -61424757
-32525103 202782645
126293392 -378750600
-72138885 456493102
-273296511 -31645017
-172721124 -20366739
-483590502 -55226871
-156136695 994465537
-532354326 -60695127
-58865157 371480174
121694448 -364878432
152162452 -456781545
75130140 -224422731
-147633213 940004130
-920433092 -104213331
295304584 -888552774
-53472705 336943672
-372855985 -42809373
11319792 -31946400
-3281421 15488538
-130833651 832409643
-188975732 -22189491
198726760 -597237246
-632929713 -71973405
-28377063 176216105
-137164169 -16379469
90651576 -271241298
-16762551 101829793
274034468 -824393997
-142240761 905467628
-285487467 -33012081
-73175895 463134737
-21740199 133709641
15343868 -44084547
-484606415 -55340793
-9088677 52681694
-629881974 -71631639
-48495057 305063824
297029188 -893754837
-325108074 -37455039
-843223704 -95555259
36039116 -106509303
-126270807 803186449
-146596203 933362495
-90805065 576042532
98124860 -293783571
-349489986 -40189167
132616940 -397824831
-446420832 328215243
-340346769 -39163869
-153233067 975868959
165384416 -496664028
147563508 -442909377
-79605357 504312874
213673328 -642321792
294729716 -886818753
-322060335 -37113273
-131663259 837722951
-673566233 -76530285
-553688499 -63087489
177456644 -533078469
-269232859 -31189329
-56907042 -7379631
-124611591 792559833
99274596 -297251613
-1829607 6190249
-494765545 -56480013
-658327538 -74821455
88926972 -266039235
277483676 -834798123
-862526051 -97719777
110197088 -330198012
189528872 -569492910
-187959819 -22075569
321173644 -966583719
-76079523 481731315
-810714488 -91909755
-727409622 -82568151
307951680 -926701236
301053264 -905892984
248740276 -748097073
160785472 -482791860
-45731999 -6126489
-708107275 -80403633
-782268924 -88719939
-265169207 -30733641
-29414073 182857740
146988640 -441175356
-528290674 -60239439
-744680143 -84504825
-76209389 -9544149
-6599853 36741770
-80642367 510954509
-48080253 302407170
-7844265 44711732
-802587184 -90998379
-22569807 139022949
-990531089 -112073949
-1414803 3533595
-137055711 872259453
-21350087 -3392361
-605500062 -68897511
313700360 -944041446
-67783443 428598235
-991547002 -112187871
-123367179 784589871
-303773901 -35062677
114796032 -344070180
-4940637 26115154
-136433505 868274472
-606515975 -69011433
-57922955 -7493553
-119893648 -14442795
-68820453 435239870
397300 999999
-22362405 137694622
-706075449 -80175789
-414508418 -47480175
-371840072 -42695451
12469528 -35414442
257938164 -775841409
-623786496 -70948107
-29828877 185514394
-126685611 805843103
126868260 -380484621
-870653355 -98631153
-109886049 698248616
41212928 -122115492
-177568 2734020
-756871099 -85871889
-26429652 -3961971
-131068691 -15695937
-410444766 -47024487
-162561994 -19227519
-426699374 -48847239
-974276481 -110251197
-805634923 -91340145
-148670223 946645765
26841228 -78764967
292430244 -879882669
-237739556 -27657747
-817825879 -92707209
-44139615 277168957
83753160 -250433046
-891987528 -101023515
-109056441 692935308
-844239617 -95669181
-152196057 969227324
52135420 -155061891
-83131191 526894433
-941767265 -106605693
-995610654 -112643559
-216405383 -25265385
-79190553 501656220
-99723351 633160593
-649184321 -73796157
-179832515 -21164193
223446084 -671800149
302777868 -911095047
242416728 -729022842
-849319182 -96238791
107897616 -323261928
-59694765 376793482
-95575311 606594053
-99101145 629175612
-852366921 -96580557
-868621529 -98403309
57884100 -172402101
-310885292 -35860131
-83960799 532207741
27416096 -80498988
281507752 -846936270
-141618555 901482647
-497813284 -56821779
71680932 -214018605
-21532797 132381314
-73161650 -9202383
-148339212 -17632611
-85620015 542834357
183205324 -550418679
-113204481 719501848
-550640760 -62745723
-133322475 848349567
-136148256 -16265547
-70687071 447194813
-104700999 665040441
-725377796 -82340307
-228596339 -26632449
-707091362 -80289711
225170688 -677002212
94675652 -283379445
-826969096 -93732507
-446001721 -51011757
288981036 -869478543
-242819121 -28227357
232069104 -697810464
-234691817 -27315981
-106982421 679652038
-20288385 124411352
-783284837 -88833861
282082620 -848670291
-321044422 -36999351
-342378595 -39391713
-5977647 32756789
-107604627 683637019
-508988327 -58074921
-53057901 334287018
-408412940 -46796643
-57828147 364838539
288406168 -867744522
139515356 -418633083
41787796 -123849513
-117974727 750053369
-822905444 -93276819
-54875216 -7151787
-62390991 394061733
268285788 -807053787
9020320 -25010316
-779221185 -88378173
252189484 -758501199
-69097998 -8746695
-881828398 -99884295
-319012596 -36771507
191828344 -576428994
-546577108 -62290035
-536417978 -61150815
72830668 -217486647
65932252 -196678395
70531196 -210550563
-91634673 581355840
-110715657 703561924
-102212175 649100517
-31488093 196141010
-834080487 -94529961
-153025665 974540632
325772588 -980455887
173432568 -520940322
-127930023 813813065
-112997079 718173521
-922464918 -104441175
11894660 -33680421
-143259647 -17063001
-102623127 -12506121
-749759708 -85074435
-87279231 553460973
-178816602 -21050271
216547668 -650991897
-816809966 -92593287
-352537725 -40530933
-75193476 -9430227
-341362682 -39277791
161360340 -484525881
-3074019 14160211
-49324665 310377132
-587213628 -66846915
-635977452 -72315171
-607531888 -69125355
-90182859 572057551
298753792 -898956900
-798523532 -90542691
92376180 -276443361
-311901205 -35974053
-401301549 -45999189
-989507650 -767323357
-702011797 -79720101
-9918285 57995002
-120878355 768649947
-54094911 340928653
156761396 -470653713
-181864341 -21392037
152737320 -458515566
-827985009 -93846429
-954974134 -108086679
-113826687 723486829
-134566887 856319529
-107397225 682308692
-897067093 -101593125
-20703189 127068006
-444985808 -50897835
-688804928 -78239115
-481558676 -54999027
-928560396 -105124707
-952942308 -107858835
-20334174 -3278439
37188852 -109977345
-110750431 -13417497
-89560653 568072570
235518312 -708214590
-631913800 -71859483
-99575388 -12164355
-10125687 59323329
-116108109 738098426
-53887509 339600326
317149568 -954445572
-26095641 161604508
-7636863 43383405
-887923876 -100567827
-656295712 -74593611
-813762227 -92251521
-364728681 -41897997
219422008 -659662002
-101607214 -12392199
-65916825 416643292
-575022672 -65479851
-361680942 -41556231
-889955702 -100795671
-34391721 214737588
-425683461 -48733317
-645120669 -73340469
104448408 -312857802
-616675105 -70150653
-797507619 -90428769
-91427271 580027513
-128967033 820454700
164234680 -493195986
55009760 -163731996
110771956 -331932033
293005112 -881616690
-27962259 173559451
-143277771 912109263
-897584542 826487726
-84336693 -10455525
168833624 -507068154
-85412613 541506030
-157482429 -18657909
169983360 -510536196
-572990846 -65252007
-236723643 -27543825
-42895203 269198995
2121904 -4202064
-435842591 -49872537
-812746314 -92137599
-53680107 338271999
-65034346 -8291007
-74627709 472433026
-147323299 -17518689
-159514255 -18885753
276333940 -831330081
-12821913 76591580
-355585464 -40872699
-937703613 -106150005
-452097199 -51695289
-224532687 -26176761
-580102237 -66049461
75705008 -226156752
-964117351 -109111977
-2244411 8846903
-122537571 779276563
29140700 -85701051
-4079566 -1455687
-540481630 -61606503
-204214427 -23898321
-11784903 69949945
-11992305 71278272
304502472 -916297110
-943799091 -106833537
-469367720 -53631963
-312917118 -36087975
-147425811 938675803
13044396 -37148463
-901130745 -102048813
208499516 -626715603
111921692 -335400075
-840175965 -95213493
-221999115 -286674533
-38747163 242632455
-110508255 702233597
-13444119 80576561
-183896167 -21619881
-912305788 -103301955
119969844 -359676369
-877764746 -99428607
-434826678 -49758615
-101382567 643787209
225745556 -678736233
-533370239 -60809049
-404349288 -46340955
179756116 -540014553
-40821183 255915725
-123957300 -14898483
-773125707 -87694641
167109020 -501866091
153312188 -460249587
56734364 -168934059
-7014657 39398424
-953958221 -107972757
-438890330 -50214303
-63002520 -8063163
-98271537 623862304
-232659991 -27088137
-574006759 -65365929
-598388671 -68100057
63632780 -189742311
-152818263 973212305
-845255530 -95783103
-133944681 852334548
251039748 -755033157
144114300 -432505251
-647152495 -73568313
-32732505 204110972
-678645798 -77099895
-36050937 225364204
-11162697 65964964
-108226833 687622000
-668486668 -75960675
-26303043 162932835
-963101438 -108998055
67081988 -200146437
-24643827 152306219
-144729585 921407552
-880812485 -99770373
-88731045 562759262
-110093451 699576943
-116845909 -14101029
247015672 -742895010
3846508 -9404127
103298672 -309389760
-6807255 38070097
-284471554 -32898159
219996876 -661396023
310251152 -933637320
113646296 -340602138
-48287655 303735497
-527274761 -60125517
124568788 -373548537
40638060 -120381471
-87384432 -10797291
-114656295 728800137
21667416 -63158778
87777236 -262571193
320598776 -964849698
184355060 -553886721
123993920 -371814516
-59072559 372808501
305652208 -919765152
-150329439 957272381
-107702692 -13075731
-539465717 -61492581
-626834235 -71289873
-728425535 -82682073
-9296079 54010021
96400256 -288581508
300478396 -904158963
-365744594 -42011919
270010392 -812255850
-492733719 -56252169
-189991645 -22303413
-225548600 -26290683
-230628165 -26860293
-455144938 -52037055
-128552229 817798046
-684741276 -77783427
-140581545 894841012
311400888 -937105362
-541497543 -61720425
-465304068 -53176275
32589908 -96105177
-18629169 113784736
-147218409 937347476
-543529369 -61948269
109047352 -326729970
-97234527 617220669
-127515219 811156411
130892336 -392622768
129742600 -389154726
-427715287 -48961161
-100552959 638473901
-730457361 -82909917
-1207401 2205268
-40613781 254587398
-259073729 -30050109
-430763026 -49302927
-114241491 726143483
-274312424 -31758939
263686844 -793181619
-118804335 755366677
199301628 -598971267
-867605616 -98289387
-91448084 -11252979
118245240 -354474306
-324092161 -37341117
-4318431 22130173
-327139900 -37682883
-123781983 787246525
238392652 -716884695
-163577907 -19341441
135491280 -406494936
-148462821 945317438
-96527649 -11822589
-821889531 -93162897
-289551119 -33467769
67656856 -201880458
234943444 -706480569
287256432 -864276480
-335267204 -38594259
-704043623 -79947945
-194055297 -22759101
254488956 -765437283
101574068 -304187697
-120463551 765993293
-253994164 -29480499
-27445565 -4075893
-808682662 -91681911
324047984 -975253824
79154216 -236560878
-419587983 -48049785
-26717847 165589489
-149355125 -17746533
201601100 -605907351
-135811299 864289491
-377935550 -43378983
-70113911 -8860617
-848303269 -96124869
-2047740 -1227843
105023276 -314591823
-58938868 -7607475
-105115803 667697095
-118877735 -14328873
49261080 -146391786
138940488 -416899062
-460224503 -52606665
237242916 -713416653
-15914 -999999
-929576309 -105238629
269435524 -810521829
-975292394 -110365119
-24229023 149649565
165959284 -498398049
-389110593 -44632125
-56168931 354211923
102148936 -305921718
-846271443 -95897025
244141332 -734224905
143539432 -430771230
221146612 -664864065
-768046142 -87125031
151012716 -453313503
-37710153 235990820
-49532067 311705459
-272280598 -31531095
-76701729 485716296
-90390261 573385878
-281423815 -32556393
233793708 -703012527
-43310007 271855649
-125989126 -15126327
179181248 -538280532
-278376076 -32214627
-332219465 -38252493
-604484149 -68783589
-733505100 -83251683
-44969223 282482265
-33354711 208095953
972168 -734022
-112582275 715516867
-830016835 -94074273
-46628439 293108881
198151892 -595503225
-155721891 991808883
-111960069 711531886
27990964 -82233009
106747880 -319793886
2696772 -5936085
-524227022 -59783751
-112374873 714188540
-129036865 -15468093
272309864 -819191934
230919368 -694342422
-347458160 -39961323
265986316 -800117703
-102419577 650428844
-395206071 -45315657
-145766595 928049187
-772109794 -87580719
-268216946 -31075407
-38954565 243960782
-107812029 684965346
-153647871 978525613
-93916095 595967437
-863541964 -97833699
-9710883 56666675
299328660 -900690921
-235707730 -27429903
-108019431 686293673
-329171726 -37910727
-96197517 610579034
217122536 -652725918
-316980770 -36543663
-22366000 -3506283
-463272242 -52948431
-82094181 520252798
3271640 -7670106
-669502581 -76074597
302203000 -909361026
-930592222 -105352551
256788428 -772373367
-174752950 -20594583
-64672413 408673330
-835096400 -94643883
-847287356 -96010947
-152403459 970555651
-146307386 -17404767
-95511736 -11708667
-636993365 -72429093
-24021621 148321238
-471399546 -53859807
-72553689 459149756
-154062675 981182267
166534152 -500132070
-490701893 -56024325
-71309277 451179794
33164776 -97839198
-132907671 845692913
-37502751 234662493
167683888 -503600112
-894019354 -101251359
-989515176 -111960027
-994594741 -112529637
-388094680 -44518203
-61976187 391405079
274609336 -826128018
-619722844 -70492419
-752807447 -85416201
-11370099 67293291
-76494327 484387969
-71516679 452508121
-703027710 -79834023
-343394508 -39505635
-131041053 833737970
-120256149 764664966
-205230340 -24012243
-87901437 557445954
-3488823 16816865
270585260 -813989871
-128759631 819126373
-42065595 263885687
-832048661 -94302117
298178924 -897222879
-184912080 -21733803
-91219869 578699186
-44716086 -6012567
-47665449 299750516
-898083006 -101707047
-769062055 -87238953
-116730315 742083407
-121085757 769978274
-298694336 -34493067
-35428731 221379223
-717250492 -81428931
-523211109 -59669829
-133100517 -15923781
-679661711 -77213817
-890971615 -100909593
-657311625 -74707533
-60524373 382106790
-585181802 -66619071
239542388 -720352737
-17384757 105814774
-757887012 -85985811
-780237098 -88492095
-89145849 565415916
-240787295 -27999513
-449049460 -51353523
-55891129 -7265709
-90597663 574714205
-356601377 -40986621
-48702459 306392151
-712170927 -80859321
-121707963 773963255
-5562843 30100135
-122941387 -14784561
-74005503 468448045
17068472 -49286610
-534386152 -60922971
-177800689 -20936349
-671534407 -76302441
40063192 -118647450
-267201033 -30961485
-107189823 680980365
-99515949 631832266
-145291473 -17290845
-487654154 -55682559
-195071210 -22873023
-167641559 -19797129
-759918838 -86213655
168258756 -505334133
-67066172 -8518851
-545561195 -62176113
157336264 -472387734
-680677624 -77327739
-229612252 -26746371
-326123987 -37568961
8445452 -23276295
-462256329 -52834509
-563847629 -64226709
-806650836 -91454067
-103041783 654413825
-19458777 119098044
190678608 -572960952
-339330856 -39049947
-169673385 -20024973
-947862743 -107289225
-21325395 131052987
326922324 -983923929
51560552 -153327870
-213357644 -24923619
-31695495 197469337
-948878656 -107403147
-117559923 747396715
-518131544 -59100219
-143485173 913437590
-39784173 249274090
-134981691 858976183
325197720 -978721866
-969196916 -109681587
-99930753 634488920
-39369369 246617436
-113619285 722158502
-104286195 662383787
-373871898 -42923295
119394976 -357942348
-49117263 309048805
-139337133 886871050
-82301583 521581125
-140996349 897497666
61908176 -184540248
-142862967 909452609
282657488 -850404312
60758440 -181072206
-119633943 760679985
-23814219 146992911
267136052 -803585745
278633412 -838266165
175157172 -526142385
66507120 -198412416
-1327304 6202062
195852420 -588567141
-71931483 455164775
-165609733 -19569285
211948724 -637119729
-594325019 -67644369
-43517409 273183976
78004480 -233092836
-109734518 -13303575
-959037786 -108542367
-209293992 -24467931
171707964 -515738259
-47458047 298422189
-485622328 -55454715
-22155003 136366295
-139544535 888199377
236668048 -711682632
309676284 -931903299
249315144 -749831094
241841860 -727288821
-409428853 -46910565
-13222783 -2480985
-112167471 712860213
-33541043 -4759425
-144522183 920079225
97549992 -292049550
-75042513 475089680
-10540491 61979983
-10333089 60651656
-370824159 -42581529
-514067892 -58644531
-529306587 -60353361
-309869379 -35746209
-32525130 -4645503
236093180 -709948611
-128020952 -15354171
230344500 -692608401
-248914599 -28910889
-46835841 294437208
-251962338 -29252655
-938719526 -106263927
7295716 -19808253
-29206671 181529413
-664423016 -75504987
-386062854 -44290359
202750836 -609375393
-158498342 -18771831
-57413343 362181885
-992562915 -112301793
-330187639 -38024649
-276344250 -31986783
-121500561 772634928
328072060 -987391971
-70894473 448523140
-644104756 -73226547
206774912 -621513540
-8259069 47368386
-233675904 -27202059
319449040 -961381656
-336283117 -38708181
-20080983 123083025
-918401266 -103985487
115370900 -345804201
-14238696 -2594907
-105323205 669025422
-89416258 -11025135
-105530607 670353749
-115071099 731456791
-139751937 889527704
154461924 -463717629
174007436 -522674343
-64257609 406016676
256213560 -770639346
-758902925 -86099733
137790752 -413431020
-582134063 -66277305
-64465011 407345003
-378951463 -43492905
242991596 -730756863
-979356046 -110820807
194702684 -585099099
157911132 -474121755
-283455641 -32784237
-476479111 -54429417
-42687801 267870668
-525242935 -59897673
-663407103 -75391065
264261712 -794915640
-115485903 734113445
52710288 -156795912
-398253810 -45657423
-218437209 -25493229
-421619809 -48277629
-305805727 -35290521
-710139101 -80631477
183780192 -552152700
-516099718 -58872375
-493749632 -56366091
-98064135 622533977
-674582146 -76644207
161935208 -486259902
241266992 -725554800
-19318261 -3164517
-750775621 -85188357
-390126506 -44746047
-148255419 943989111
-30451083 189499375
111346824 -333666054
-14688531 88546523
-12407109 73934926
30290436 -89169093
-180848428 -21278115
217697404 -654459939
224020952 -673534170
-618706931 -70378497
-129381837 823111354
-748743795 -84960513
-935671787 -105922161
-777189359 -88150329
-30036279 186842721
160210604 -481057839
-19251375 117769717
103873540 -311123781
-85205211 540177703
-105738009 671682076
-141411153 900154320
-914337614 -103529799
