2919
34030220 -11279836
339336945 -121334961
80355779 -377117881
200582769 -946950612
332266684 -118786316
855465998 -307386046
925525857 -332640801
349620961 -125042081
-340507503 -945074110
688350738 -247145346
194075219 -68971891
125701939 -592042385
12038209 -53317148
26954709 -124015998
730772304 -262437216
376616503 -134773271
868321018 -312019946
307842146 -109981906
455032125 -163040061
178804679 -843730291
554658530 -198952786
886960797 -318739101
-178941231 -495662342
657498690 -236023986
345764455 -123651911
510308711 -182965831
76477489 -358736180
-208416159 -577649624
-342144999 -949628959
199091119 -939880727
76179159 -357322203
289845118 -103494446
137933469 -650015442
589367084 -211464316
708918770 -254559586
70024276 -24254756
10248229 -44833286
-341599167 -948110676
412610559 -147748191
53207749 -248445974
381115760 -136395136
583582325 -209379061
664568951 -238572631
211429496 -75227656
-104162247 -287657571
177611359 -838074383
712775276 -255949756
890817303 -320129271
-283740975 -787172678
96167269 -452058662
178006444 -63179516
16513159 -74526803
-343782495 -954183808
100045559 -470440363
165379829 -780101326
162694859 -767375533
-278828487 -773508131
-146191311 -404565362
-273915999 -759843584
312341403 -111603771
-69774831 -192005742
826542203 -296959771
-231886935 -642935793
-163112103 -451632135
288559616 -103031056
97662569 -34217641
542446261 -194550581
41274549 -191886894
352834716 -126200556
181787979 -857870061
119735339 -563762845
79022790 -27498486
509023209 -182502441
690921742 -248072126
506452205 -181575661
-165295431 -457705267
773836621 -277960781
-76870647 -211743421
957020656 -343993856
584225076 -209610756
87217369 -409639352
140726886 -49741206
19794789 -90080550
191036209 -901703348
152296404 -53911716
695420999 -249693991
935167122 -336116226
126298599 -594870339
-244986903 -679374585
974374933 -350249621
205952709 -972402198
152551639 -719300315
939666379 -337738091
457603129 -163966841
-318674223 -884342790
509665960 -182734136
811758930 -291630786
-327953367 -910153601
90498999 -425193099
-228066111 -632307812
52611089 -245618020
226855520 -80788336
-141824655 -392419098
910742584 -327311816
-243895239 -676338019
908171580 -326385036
-280465983 -778062980
66334269 -310660962
745555577 -267766201
37396259 -173505193
-333411687 -925336431
44854509 -208854618
-182216223 -504772040
-5366655 -12848348
208041019 -982300037
5176619 -20795677
14126519 -63214987
287274114 -102567666
-235161927 -652045491
431893089 -154699041
95734316 -33522556
793119151 -284911631
478813912 -171612776
176418039 -832418475
78267469 -367220042
117050369 -551037052
126596929 -596284316
53312750 -18230686
143303409 -675467028
890174552 -319897576
-282649311 -784136112
23103453 -7341021
-207870327 -576131341
133458519 -628805787
-293565951 -814501772
186262929 -879079716
-295749279 -820574904
789262645 -283521461
367617989 -131529541
608006863 -218183471
-105253911 -290694137
507094956 -181807356
902386821 -324299781
832969713 -299276721
7677429 -1780341
-209507823 -580686190
922312102 -331482326
447319113 -160259721
440248852 -157711076
108100469 -508617742
782835135 -281204511
40677889 -189058940
984016198 -353725046
124015360 -43717136
701848509 -252010941
-317036727 -879787941
-125449695 -346870608
325839174 -116469366
634359654 -227682966
375331001 -134309881
94973949 -446402754
-145645479 -403047079
-269003511 -746179037
143297890 -50667986
784763388 -281899596
-92699775 -255773628
-67591503 -185932610
236496785 -84263761
539232506 -193392106
38291249 -177747124
707633268 -254096196
126000269 -593456362
306556644 -109518516
375973752 -134541576
32744718 -10816446
84830729 -398327536
-105799743 -292212420
691564493 -248303821
217857006 -77544606
302057387 -107896651
-356882463 -990622600
370188993 -132456321
174792689 -62021041
-20649951 -55360272
-153832959 -425821324
660712445 -237182461
-293020119 -812983489
303985640 -108591736
100642219 -473268317
-175666239 -486552644
73195859 -343182433
40976219 -190472917
267348833 -95385121
91692319 -430849007
-38116575 -103945328
572012807 -205208551
945451138 -339823346
-113441391 -313468382
30534669 -140983722
872820275 -313641811
818829191 -294179431
747483830 -268461286
135248499 -637289649
316197909 -112993941
118542019 -558106937
-331228359 -919263299
56787709 -265413698
920383849 -330787241
901744070 -324068086
-303390927 -841830866
482027667 -172771251
-195862023 -542729115
360547728 -128980896
113731344 -40010016
386257768 -138248696
338051443 -120871571
402326543 -144041071
-203503671 -563985077
900458568 -323604696
-88333119 -243627364
-257541039 -714295094
852252243 -306227571
547588269 -196404141
975017684 -350481316
68124249 -319144824
899815817 -323373001
-313761735 -870678243
989800957 -355810301
11533935 -3170511
110487109 -519929558
-304482591 -844867432
662640698 -237877546
119437009 -562348868
463387888 -166052096
448604615 -160723111
674210216 -242048056
247423552 -88202576
753268589 -270546541
-291382623 -808428640
49329459 -230064273
143601739 -676881005
-314853399 -873714809
-199682847 -553357096
807902424 -290240616
-288653463 -800837225
50224449 -234306204
537304253 -192697021
838111721 -301130281
834897966 -299971806
428036583 -153308871
839397223 -301593671
720488288 -258730096
24269739 -111290205
408754053 -146358021
-346511655 -961775223
154043289 -726370200
37992919 -176333147
23673079 -108462251
187004958 -66423246
244852548 -87275796
802760416 -288387056
-87787287 -242109081
-329045031 -913190167
302700138 -108128346
359262226 -128517506
386900519 -138480391
-23924943 -64469970
735271561 -264059081
28446359 -131085883
18601469 -84424642
-267911847 -743142471
46242489 -15682041
51384497 -17535601
212072247 -75459351
864464512 -310629776
979516941 -352103181
810473428 -291167396
310413150 -110908686
982730696 -353261656
174031399 -821106659
172864436 -61325956
442819856 -158637856
33387469 -11048141
-91608111 -252737062
527020237 -188989901
408111302 -146126326
136227629 -48119341
177313029 -836660406
330981182 -118322926
604150357 -216793301
137513131 -48582731
861250757 -309471301
-123812199 -342315759
508380458 -182270746
-214420311 -594350737
-97066431 -267919892
730129553 -262205521
459531382 -164661926
134942127 -47655951
-213328647 -591314171
994942965 -357663861
22460702 -7109326
382401262 -136858526
-289745127 -803873791
-160382943 -444040720
603507606 -216561606
-148920471 -412156777
-157107951 -434931022
502595699 -180185491
67453272 -23327976
84164798 -29352046
947379391 -340518431
-311578407 -864605111
45451169 -211682572
953806901 -342835381
-265182687 -735551056
200284439 -945536635
99747229 -469026386
-351424143 -975439770
426108330 -152613786
30173714 -9889666
57384369 -268241652
-200774511 -556393662
557872285 -200111261
112873749 -531241374
72595280 -25181536
11441549 -50489194
680637726 -244365006
487169675 -174624811
77074149 -361564134
115857049 -545381144
456317627 -163503451
-335049183 -929891280
811116179 -291399091
446676362 -160028026
291773371 -104189531
156131599 -736268039
175435440 -62252736
840039974 -301825366
176720942 -62716126
488455177 -175088201
97658919 -459128547
60383011 -20779331
606078610 -217488386
46346159 -215924503
89949557 -31437301
951878648 -342140296
-107983071 -298285552
216571504 -77081216
143940641 -50899681
201788231 -71752231
203716484 -72447316
398470037 -142650901
154867408 -54838496
-143462151 -396973947
168064799 -792827119
190141219 -897461417
-217149471 -601942152
771908368 -277265696
262206825 -93531561
579083068 -207757196
43661189 -203198710
143900069 -678294982
960877162 -345384026
131668539 -620321925
873463026 -313873506
147778359 -696676683
313626905 -112067161
821400195 -295106211
668425457 -239962801
170936183 -60630871
-262453527 -727959641
851609492 -305995876
-162020439 -448595569
-354153303 -983031185
106018332 -37229676
990443708 -356041996
158518239 -747579855
942880134 -338896566
424180077 -151918701
777693127 -279350951
82236545 -28656961
106310489 -500133880
17318694 -5255766
-169662087 -469851531
631788650 -226756186
-183307887 -507808606
-348694983 -967848355
182981299 -863525969
857394251 -308081131
535376000 -192001936
136143489 -641531580
-121628871 -336242627
246780801 -87970881
552730277 -198257701
54598252 -18694076
1894989 -5241930
820114693 -294642821
50821109 -237134158
77094537 -26803401
131966869 -621735902
155534939 -733440085
3820923 -390171
827184954 -297191466
1298329 -2413976
-46304055 -126719573
-93791439 -258810194
181489649 -856456084
356048471 -127359031
-83420631 -229962817
152939155 -54143411
777050376 -279119256
-10279143 -26512895
207572990 -73837486
946736640 -340286736
895316560 -321751136
-292474287 -811465206
240353291 -85653931
285988612 -102104276
390114274 -139638866
804688669 -289082141
365689736 -130834456
-198591183 -550320530
568156301 -203818381
410682306 -147053106
202074419 -954020497
-171845415 -475924663
629217646 -225829406
-43029063 -117609875
110188779 -518515581
418395318 -149833446
174329729 -822520636
-35387415 -96353913
529591241 -189916681
152849969 -720714292
-255357711 -708221962
598365598 -214708046
79162459 -371461973
447961864 -160491416
555301281 -199184481
14747690 -4328986
43028734 -14523566
153148299 -722128269
989158206 -355578606
752625838 -270314846
801474914 -287923666
138530129 -652843396
77670809 -364392088
581654072 -208683976
23971409 -109876228
409396804 -146589716
-15737463 -41695725
101519075 -35607811
915884592 -329165376
462102386 -165588706
568799052 -204050076
-14099967 -37140876
704419513 -252937721
99150569 -466198432
-266820183 -740105905
961519913 -345615721
692849995 -248767211
-24470775 -65988253
342550700 -122493436
-285378471 -791727527
521235478 -186904646
998799471 -359054031
-48487383 -132792705
-131453847 -363571721
173136409 -816864728
228141022 -81251726
-211691151 -586759322
739128067 -265449251
206549369 -975230152
748126581 -268692981
-213874479 -592832454
-285924303 -793245810
109874838 -38619846
-32658255 -88762498
-272278503 -755288735
118230601 -41631881
570727305 -204745161
586796080 -210537536
12176686 -3402206
8159919 -34935447
670353710 -240657886
936452624 -336579616
-112349727 -310431816
262849576 -93763256
230712026 -82178506
387543270 -138712086
-76324815 -210225138
149082649 -52753241
519307225 -186209561
172838079 -815450751
222356263 -79166471
633716903 -227451271
148673349 -700918614
952521399 -342371991
331623933 -118554621
149866669 -706574522
590009835 -211696011
813044432 -292094176
744270075 -267302811
52312759 -244204043
168959789 -797069050
72300869 -338940502
9949899 -43419309
108995459 -512859673
-186582879 -516918304
148375019 -699504637
81250769 -381359812
26358049 -121188044
619576381 -222353981
-51216543 -140384120
498096442 -178563626
64239517 -22169501
26656379 -122602021
84234069 -395499582
587438831 -210769231
-64862343 -178341195
954449652 -343067076
597722847 -214476351
4463674 -621866
215928753 -76849521
530876743 -190380071
453103872 -162344976
161937669 -57387141
897244813 -322446221
789905396 -283753156
46942819 -218752457
388186021 -138943781
-21741615 -58396838
-2637495 -5256933
249994556 -89129356
-25562439 -69024819
-212236983 -588277605
124806949 -587800454
570084554 -204513466
86735802 -30278826
157026589 -740509970
980159692 -352334876
854180496 -306922656
1892670 304914
182384639 -860698015
179699669 -847972222
106608819 -501547857
133013874 -46960866
275704596 -98397156
9605682 -2475426
62954015 -21706111
884389793 -317812321
29043019 -133913837
334194937 -119481401
-328499199 -911671884
-40299903 -110018460
-70866495 -195042308
808545175 -290472311
181862950 -64569686
-45758223 -125201290
53506079 -249859951
705062264 -253169416
107802139 -507203765
150463329 -709402476
-61587351 -169231497
-94337271 -260328477
659426943 -236719071
405540298 -145199546
21883099 -99978389
362475981 -129675981
99448899 -467612409
145868894 -51594766
725630296 -260583656
-270641007 -750733886
-277736823 -770471565
185666269 -876251762
24388955 -7804411
490383430 -175783286
-252082719 -699112264
4281629 -16553746
882461540 -317117236
984658949 -353956741
186362207 -66191551
194616169 -918671072
-199137015 -551838813
-26108271 -70543102
23374749 -107048274
167722428 -59472396
257064817 -91678001
4878289 -19381700
359904977 -128749201
183148452 -65033076
-177849567 -492625776
248709054 -88665966
-118353879 -327132929
715346280 -256876536
-85603959 -236035949
561728791 -201501431
345121704 -123420216
-155470455 -430376173
565585297 -202891601
-309940911 -860050262
37097929 -172091216
153446629 -723542246
84532399 -396913559
443462607 -158869551
404254796 -144736156
-149466303 -413675060
90592308 -31668996
858037002 -308312826
91990649 -432262984
120158854 -42326966
-276645159 -767434999
-77962311 -214779987
335480439 -119944791
137336809 -647187488
912028086 -327775206
118243689 -556692960
534090498 -191538546
-111258063 -307395250
162993189 -768789510
-153287127 -424303041
93806063 -32827471
775122123 -278424171
-263545191 -730996207
-73595655 -202633723
60367669 -282381422
709561521 -254791281
804045918 -288850446
-258632703 -717331660
739770818 -265680946
191632869 -904531302
-166387095 -460741833
357333973 -127822421
8458249 -36349424
480099414 -172076166
-94883103 -261846760
994300214 -357432166
63947629 -299349146
184433954 -65496466
919741098 -330555546
265420580 -94690036
-141278823 -390900815
470458149 -168600741
845181982 -303678926
320054415 -114384111
134651839 -634461695
188649569 -890391532
100940549 -474682294
55892719 -261171767
5749176 -1085256
-288107631 -799318942
944165636 -339359956
-291928455 -809946923
784120637 -281667901
835540717 -300203501
-222607791 -617124982
-302845095 -840312583
141811759 -668397143
98553909 -463370478
877962283 -315495371
-57220695 -157085233
51119439 -238548135
-246624399 -683929434
123372609 -43485441
191334539 -903117325
636287907 -228378051
-286470135 -794764093
-47941551 -131274422
-349240815 -969366638
-171299583 -474406380
813687183 -292325871
299486383 -106969871
48813493 -16608821
166274819 -784343257
155833269 -734854062
460816884 -165125316
996228467 -358127251
40081229 -186230986
169258119 -798483027
139723449 -658499304
25674457 -8267801
678066722 -243438226
-17920791 -47768857
33517969 -155123492
757767846 -272168406
-227520279 -630789529
951235897 -341908601
323910921 -115774281
-64316511 -176822912
206251039 -973816175
205057719 -968160267
912670837 -328006901
532162245 -190843461
-345965823 -960256940
330338431 -118091231
122729858 -43253746
-330136695 -916226733
198494459 -937052773
-332865855 -923818148
663283449 -238109241
494239936 -177173456
82444089 -387015720
114365399 -538311259
967947423 -347932671
393328029 -140797341
211024319 -996439807
894673809 -321519441
987229953 -354883521
721773790 -259193486
571370056 -204976856
118840349 -559520914
556586783 -199647871
74687509 -350252318
537947004 -192928716
438320599 -157015991
-20104119 -53841989
-115078887 -318023231
122087107 -43022051
-68683167 -188969176
-58312359 -160121799
296915379 -106043091
207146029 -978058106
90200669 -423779122
58279359 -272483583
613791622 -220268726
5474949 -22209654
160652167 -56923751
510951462 -183197526
795047404 -285606716
719202786 -258266706
-86149791 -237554232
761624352 -273558576
842610978 -302752146
573298309 -205671941
748769332 -268924676
723059292 -259656876
116453709 -548209098
135546829 -638703626
865750014 -311093166
18303139 -83010665
822042946 -295337906
706990517 -253864501
815615436 -293020956
-221516127 -614088416
-167478759 -463778399
-281557647 -781099546
791190898 -284216546
652999433 -234402121
78380039 -27266791
-23379111 -62951687
727558549 -261278741
157438412 -55765276
687065236 -246681956
-38662407 -105463611
715989031 -257108231
-307757583 -853977130
57169256 -19620856
791833649 -284448241
-290836791 -806910357
-119991375 -331687778
15618169 -70284872
-217695303 -603460435
713418027 -256181451
852894994 -306459266
91095659 -428021053
-218241135 -604978718
66632599 -312074939
959591660 -344920636
88112359 -413881283
525734735 -188526511
75166284 -26108316
44257849 -206026664
741056320 -266144336
516093470 -185051086
-44120727 -120646441
-146737143 -406083645
501952948 -179953796
350263712 -125273776
102133869 -480338202
124508619 -586386477
640787164 -229999916
417752567 -149601751
-248807727 -690002566
140916769 -664155212
406183049 -145431241
70809219 -331870617
840682725 -302057061
964733668 -346774196
-172391247 -477442946
767409111 -275643831
69019239 -323386755
646571923 -232085171
-96520599 -266401609
62455979 -292279261
69381525 -24023061
838754472 -301361976
787977143 -283058071
158081163 -55996971
751983087 -270083151
115016846 -40473406
-278282655 -771989848
674852967 -242279751
503881201 -180648881
234568532 -83568676
642072666 -230463306
847752986 -304605706
116752039 -549623075
742341822 -266607726
203864399 -962504359
611863369 -219573641
198196129 -935638796
819471942 -294411126
253851062 -90519526
4579959 -17967723
318126162 -113689026
366332487 -131066151
582296823 -208915671
911385335 -327543511
661355196 -237414156
-169116255 -468333248
-11916639 -31067744
456960378 -163735146
773193870 -277729086
363118732 -129907676
-181124559 -501735474
92587309 -435090938
73792519 -346010387
390757025 -139870561
981445194 -352798266
327124676 -116932756
15021509 -67456918
567513550 -203586686
80654109 -378531858
88709019 -416709237
-242803575 -673301453
-289199295 -802355508
-128724687 -355980306
289202367 -103262751
75284169 -353080272
35904609 -166435308
-359611623 -998214015
850323990 -305532486
32324649 -149467584
171943089 -811208820
137038479 -645773511
-127633023 -352943740
142012388 -50204596
948022142 -340750126
56489379 -263999721
962805415 -346079111
13462188 -3865596
363761483 -130139371
528948490 -189684986
160904879 -758891671
697349252 -250389076
5106425 -853561
272490841 -97238681
786048890 -282362986
105415499 -495891949
-306665919 -850940564
214643251 -76386131
7264929 -30693516
77737288 -27035096
19889698 -6182546
-91062279 -251218779
-294111783 -816020055
125300862 -44180526
112277089 -528413420
769337364 -276338916
67825919 -317730847
-337778343 -937482695
414538812 -148443276
178649195 -63411211
-109074735 -301322118
98305320 -34449336
41871209 -194714848
322625419 -115310891
817543689 -293716041
104732830 -36766286
-279920151 -776544697
-150012135 -415193343
379187507 -135700051
45152839 -210268595
59472679 -278139491
114663729 -539725236
434464093 -155625821
91235059 -31900691
732057806 -262900606
877319532 -315263676
204162729 -963918336
605435859 -217256691
549516522 -197099226
361833230 -129444286
103923849 -488822064
-63770679 -175304629
465958892 -166978876
-284832639 -790209244
415181563 -148674971
344478953 -123188521
163291519 -770203487
325196423 -116237671
795690155 -285838411
-157653783 -436449305
-187128711 -518436587
809187926 -290704006
569441803 -204281771
160606549 -757477694
68422579 -320558801
25761389 -118360090
-144007983 -398492230
396541784 -141955816
374045499 -133846491
609292365 -218646861
148439898 -52521546
-223153623 -618643265
-321949215 -893452488
94078959 -442160823
-309395079 -858531979
163223171 -57850531
285345861 -101872581
946093889 -340055041
130475219 -614666017
-15191631 -40177442
241638793 -86117321
-211145319 -585241039
450532868 -161418196
29341349 -135327814
653642184 -234633816
931953367 -334957751
62157649 -290865284
252565560 -90056136
197897799 -934224819
281489355 -100482411
949950395 -341445211
-100341423 -277029590
159366665 -56460361
417109816 -149370056
737199814 -264754166
24568069 -112704182
26959959 -8731191
-131999679 -365090004
496168189 -177868541
963448166 -346310806
-207324495 -574613058
-142370487 -393937381
136740149 -644359534
271205339 -96775291
25164729 -115532136
125403609 -590628408
-226428615 -627752963
245495299 -87507491
86919039 -408225375
-74141487 -204152006
16675943 -5024071
891460054 -320360966
110517589 -38851541
13231529 -58973056
593223590 -212854486
86620709 -406811398
186561259 -880493693
2789979 -9483861
197301139 -931396865
918455596 -330092156
-37570743 -102427045
616362626 -221195506
184771279 -872009831
-266274351 -738587622
38529477 -12901701
188290460 -66886636
140084135 -49509511
778335878 -279582646
-106345575 -293730703
638216160 -229073136
-222061959 -615606699
863179010 -310166386
112575419 -529827397
955735154 -343530466
98852239 -464784455
9054909 -39177378
-321403383 -891934205
-347603319 -964811789
-256995207 -712776811
130442870 -46034086
-151649631 -419748192
50741746 -17303906
28888212 -9426276
227498271 -81020031
997513969 -358590641
759696099 -272863491
530233992 -190148376
-274461831 -761361867
-240074415 -665710038
244209797 -87044101
351549214 -125737166
539875257 -193623801
899173066 -323141306
-325770039 -904080469
-121083039 -334724344
43671485 -14755261
771265617 -277034001
866392765 -311324861
756482344 -271705016
532804996 -191075156
276990098 -98860546
81593794 -28425266
995585716 -357895556
32101967 -10584751
-201320343 -557911945
103327189 -485994110
-113987223 -314986665
175821379 -829590521
593866341 -213086181
29938009 -138155768
57682699 -269655629
934524371 -335884531
208215741 -74069181
-272824335 -756807018
-357974127 -993659166
921026600 -331018936
-359065791 -996695732
-47395719 -129756139
12819437 -3633901
399112788 -142882596
849038488 -305069096
-253174383 -702148830
83637409 -392671628
-269549343 -747697320
368260740 -131761236
25031706 -8036106
366975238 -131297846
578440317 -207525501
703776762 -252706026
346407206 -123883606
-6458319 -15884914
-7549983 -18921480
479456663 -171844471
353477467 -126432251
47527991 -16145431
755196842 -271241626
735914312 -264290776
-297386775 -825129753
64245959 -300763123
828470456 -297654856
787334392 -282826376
25463059 -116946113
348978210 -124810386
10546559 -46247263
886318046 -318507406
162580420 -57618836
-62133183 -170749780
-247716063 -686966000
31459216 -10353056
248066303 -88434271
499381944 -179027016
753911340 -270778236
221713512 -78934776
84807549 -29583741
-126541359 -349907174
564942546 -202659906
-267366015 -741624188
128088579 -603354201
496810940 -178100236
641429915 -230231611
-154924623 -428857890
93780629 -440746846
512236964 -183660916
-260270199 -721886509
148971679 -702332591
239710540 -85422236
207444359 -979472083
6966599 -29279539
154639949 -729198154
185719456 -65959856
52909419 -247031997
-14645799 -38659159
484598671 -173698031
407468551 -145894631
-216057807 -598905586
394613531 -141260731
-252628551 -700630547
-16829127 -44732291
125105279 -589214431
377259254 -135004966
-136366335 -377236268
41572879 -193300871
169650681 -60167481
151656649 -715058384
210786745 -74995961
273776343 -97702071
-182762055 -506290323
514165217 -184356001
829113207 -297886551
146883369 -692434752
-95428935 -263365043
785406139 -282131291
-59949855 -164676648
39814979 -13365091
-103070583 -284621005
-176212071 -488070927
58876019 -275311537
-13008303 -34104310
955092403 -343298771
733986059 -263595691
909457082 -326848426
-336686679 -934446129
-90516447 -249700496
-86695623 -239072515
-150557967 -416711626
628574895 -225597711
65737609 -307833008
228783773 -81483421
-138549663 -383309400
788619894 -283289766
-210599487 -583722756
967304672 -347700976
158723914 -56228666
-170753751 -472888097
413896061 -148211581
-145099647 -401528796
199217227 -70825451
-156562119 -433412739
-198045351 -548802247
814972685 -292789261
577154815 -207062111
993014712 -356968776
320697166 -114615806
73494189 -344596410
2491649 -8069884
861893508 -309702996
-53399871 -146457252
-215511975 -597387303
-36479079 -99390479
469815398 -168369046
431250338 -154467346
930667865 -334494361
89306806 -31205606
269919837 -96311901
694135497 -249230601
72599199 -340354479
437035097 -156552601
296272628 -105811396
-125995527 -348388891
816900938 -293484346
-49033215 -134310988
624718389 -224207541
-294657615 -817538338
210725989 -995025830
956377905 -343762161
81847429 -384187766
442177105 -158406161
975660435 -350713011
-116170551 -321059797
-130908015 -362053438
440891603 -157942771
683851481 -245523481
173434739 -818278705
192146966 -68276806
437677848 -156784296
171644759 -809794843
44314236 -14986956
976303186 -350944706
546945518 -196172446
545017265 -195477361
187754579 -886149601
-326315871 -905598752
419680820 -150296836
187157919 -883321647
544374514 -195245666
-174574575 -483516078
-275553495 -764398433
732700557 -263132301
-57766527 -158603516
621504634 -223049066
157921579 -744751901
-111803895 -308913533
32622979 -150881561
95868939 -450644685
145988379 -688192821
141369637 -49972901
523806482 -187831426
146511645 -51826461
201776089 -952606520
627289393 -225134321
130176889 -613252040
489740679 -175551591
-232978599 -645972359
128514617 -45339001
471743651 -169064131
561086040 -201269736
-265728519 -737069339
996871218 -358358946
-202412007 -560948511
36799599 -170677239
-8641647 -21958046
361190479 -129212591
435106844 -155857516
-85058127 -234517666
-295203447 -819056621
432535840 -154930736
980802443 -352566571
-101978919 -281584439
624075638 -223975846
78565799 -368634019
676138469 -242743141
143005079 -674053051
87814029 -412467306
185069609 -873423808
134055179 -631633741
170153109 -802724958
-234616095 -650527208
114374095 -40241711
-135820503 -375717985
916527343 -329397071
697992003 -250620771
474957406 -170222606
985301700 -354188436
-334503351 -928372997
136870380 -48351036
161203209 -760305648
31429659 -145225653
188351239 -888977555
105117169 -494477972
124658111 -43948831
18899799 -85838619
-81783135 -225407968
-117808047 -325614646
389471523 -139407171
782192384 -280972816
-258086871 -715813377
166436926 -59009006
-273370167 -758325301
109592119 -515687627
35606279 -165021331
485241422 -173929726
-70320663 -193524025
88021304 -30742216
151653653 -53680021
498739193 -178795321
-322495047 -894970771
397827286 -142419206
43959519 -204612687
-236799423 -656600340
-237345255 -658118623
460174133 -164893621
151358319 -713644407
89007349 -418123214
818186440 -293947736
-97612263 -269438175
188052909 -887563578
940951881 -338201481
343836202 -122956826
-81237303 -223889685
177014699 -835246429
279561102 -99787326
-235707759 -653563774
111680429 -525585466
97360589 -457714570
885675295 -318275711
754554091 -271009931
853537745 -306690961
-193132863 -535137700
766123609 -275180441
292416122 -104421226
163589849 -771617464
645929172 -231853476
-184945383 -512363455
180296329 -850800176
723702043 -259888571
61025762 -21011026
834255215 -299740111
200502729 -71288841
-236253591 -655082057
132861859 -625977833
209234339 -987955945
880533287 -316422151
385615017 -138017001
99590822 -34912726
-22833279 -61433404
429322085 -153772261
760981601 -273326881
12634869 -56145102
848395737 -304837401
144496729 -681122936
633074152 -227219576
19198129 -87252596
-78508143 -216298270
-343236663 -952665525
85427389 -401155490
260921323 -93068171
100343889 -471854340
384329515 -137553611
-133091343 -368126570
137635139 -648601465
522520980 -187368036
6369939 -26451585
-172937079 -478961229
546302767 -195940751
20391449 -92908504
841325476 -302288756
-204595335 -567021643
-168024591 -465296682
681280477 -244596701
240996042 -85885626
63350969 -296521192
9651569 -42005332
-224245287 -621679831
10891184 -2938816
-270095175 -749215603
97062259 -456300593
-1545831 -2220367
242924295 -86580711
-19558287 -52323706
222999014 -79398166
601579353 -215866521
195360721 -69435281
783477886 -281436206
-287015967 -796282376
107503809 -505789788
-41937399 -114573309
114067069 -536897282
111803091 -39314931
-117262215 -324096363
736557063 -264522471
182086309 -859284038
640144413 -229768221
321339917 -114847501
999999 -999999
33219639 -153709515
105713829 -497305926
111160340 -39083236
293058873 -104652921
786691641 -282594681
-75778983 -208706855
487812426 -174856506
477528410 -171149386
243567046 -86812406
32026319 -148053607
76451786 -26571706
120801605 -42558661
805974171 -289545531
825899452 -296728076
127229115 -44875611
541160759 -194087191
208339349 -983714014
-122720535 -339279193
263492327 -93994951
516736221 -185282781
638858911 -229304831
183279629 -864939946
3178172 -158476
-230795271 -639899227
51417769 -239962112
-299024271 -829684602
206847699 -976644129
-170207919 -471369814
110785439 -521343535
831684211 -298813331
-329590863 -914708450
469172647 -168137351
702491260 -252242636
119138679 -560934891
656855939 -235792291
-316490895 -878269658
480742165 -172307861
381758511 -136626831
178208019 -840902337
133160189 -627391810
435749595 -156089211
669068208 -240194496
338694194 -121103266
131728372 -46497476
923597604 -331945716
147154396 -52058156
746198328 -267997896
505166703 -181112271
87515699 -411053329
-134183007 -371163136
807259673 -290008921
860608006 -309239606
264135078 -94226646
803403167 -288618751
461459635 -165357011
833612464 -299508416
689636240 -247608736
-116716383 -322578080
145093389 -683950890
655570437 -235328901
35307949 -163607354
189575962 -67350026
181191319 -855042107
18004809 -81596688
201145480 -71520536
54401069 -254101882
684494232 -245755176
39484569 -183403032
27849699 -128257929
294344375 -105116311
62754309 -293693238
-191495367 -530582851
129157368 -45570696
948664893 -340981821
482670418 -173002946
626003891 -224670931
-114533055 -316504948
189544559 -894633463
53955501 -18462381
774479372 -278192476
906243327 -325689951
164783169 -777273372
579725819 -207988891
-192587031 -533619417
-139095495 -384827683
-151103799 -418229909
-330682527 -917745016
595794594 -213781266
-9733311 -24994612
122121979 -575074661
44556179 -207440641
555944032 -199416176
107946585 -37924761
602864855 -216329911
-300115935 -832721168
251280058 -89592746
226212769 -80556641
654927686 -235097206
5773279 -23623631
208858492 -74300876
304628391 -108823431
637573409 -228841441
126586364 -44643916
-240620247 -667228321
422251824 -151223616
15319839 -68870895
35315722 -11743226
144795059 -682536913
-338324175 -939000978
501310197 -179722101
326481925 -116701061
892745556 -320824356
908814331 -326616731
858679753 -308544521
-194224527 -538174266
-163657935 -453150418
300129134 -107201566
-28291599 -76616234
-49579047 -135829271
239067789 -85190541
215286002 -76617826
575869313 -206598721
-139641327 -386345966
-99249759 -273993024
318768913 -113920721
182505701 -64801381
609935116 -218878556
973089431 -349786231
406825800 -145662936
-16283295 -43214008
-264636855 -734032773
-306120087 -849422281
631145899 -226524491
-354699135 -984549468
358619475 -128285811
196003472 -69666976
-7004151 -17403197
476885659 -170917691
-44666559 -122164724
67527589 -316316870
-200228679 -554875379
68096023 -23559671
374688250 -134078186
474314655 -169990911
209532669 -989369922
757125095 -271936711
486526924 -174393116
-80691471 -222371402
548231020 -196635836
922954853 -331714021
123016969 -579316592
-31566591 -85725932
-206232831 -571576492
60964329 -285209376
43064529 -200370756
173507187 -61557651
622790136 -223512456
200881099 -948364589
103447328 -36302896
475600157 -170454301
552087526 -198026006
-232432767 -644454076
566870799 -203354991
31727989 -146639630
483313169 -173234641
76775819 -360150157
297558130 -106274786
181220199 -64337991
966661921 -347469281
150164999 -707988499
-17374959 -46250574
531519494 -190611766
-4274991 -9811782
610577867 -219110251
198574476 -70593756
-51762375 -141902403
-239528583 -664191755
60069339 -280967445
504523952 -180880576
519949976 -186441256
170293432 -60399176
89902339 -422365145
-130362183 -360535155
726273047 -260815351
526377486 -188758206
177363693 -62947821
185964599 -877665739
96465599 -453472639
156429929 -737682016
68738774 -23791366
74389179 -348838341
82879296 -28888656
38589579 -179161101
939023628 -337506396
932596118 -335189446
731415055 -262668911
-320857551 -890415922
184472949 -870595854
144583392 -51131376
51716099 -241376089
-82328967 -226926251
108398799 -510031719
15390441 -4560681
314912407 -112530551
119516103 -42095271
850966741 -305764181
615077124 -220732116
60665999 -283795399
518664474 -185977866
23076419 -105634297
168661459 -795655073
-238436919 -661155189
-193678695 -536655983
960234411 -345152331
651071180 -233707036
180892989 -853628130
765480858 -274948746
196107819 -925740957
128386909 -604768178
-301207599 -835757734
6071609 -25037608
698634754 -250852466
560443289 -201038041
206930239 -73605791
187647709 -66654941
-142916319 -395455664
507737707 -182039051
717274533 -257571621
906886078 -325921646
90797329 -426607076
124210289 -584972500
574583811 -206135331
-106891407 -295248986
22181429 -101392366
701205758 -251779246
764838107 -274717051
30832999 -142397699
-50670711 -138865837
543089012 -194782276
46047829 -214510526
42385983 -14291871
198792789 -938466750
-249899391 -693039132
696706501 -250157381
-133637175 -369644853
86093051 -30047131
224284516 -79861556
-347057487 -963293506
197288974 -70130366
816258187 -293252651
681923228 -244828396
683208730 -245291786
-308303415 -855495413
57086039 -266827675
108589336 -38156456
180577448 -64106296
-79053975 -217816553
38887909 -180575078
-242257743 -671783170
824613950 -296264686
255136564 -90982916
340622447 -121798351
416467065 -149138361
654284935 -234865511
30816465 -10121361
639501662 -229536526
614434373 -220500421
391399776 -140102256
693492746 -248998906
42766199 -198956779
-256449375 -711258528
642715417 -230695001
392042527 -140333951
649785678 -233243646
102730529 -483166156
87378553 -30510521
-154378791 -427339607
18604196 -5719156
59740260 -20547636
-128178855 -354462023
762909854 -274021966
699277505 -251084161
-344874159 -957220374
229426524 -81715116
685779734 -246218566
559800538 -200806346
-315399231 -875233092
672924714 -241584666
441534354 -158174466
123911959 -583558523
400398290 -143345986
266706082 -95153426
970518427 -348859451
875391279 -314568591
190861464 -67813416
-165841263 -459223550
588081582 -211000926
870249271 -312715031
635645156 -228146356
910099833 -327080121
337408692 -120639876
760338850 -273095186
-323586711 -898007337
149725400 -52984936
65439279 -306419031
494882687 -177405151
663926200 -238340936
-175120407 -485034361
586153329 -210305841
266063331 -94921731
768051862 -275875526
179934697 -63874601
278275600 -99323936
140618439 -662741235
797618408 -286533496
859322504 -308776216
153744959 -724956223
575226562 -206367026
-122174703 -337760910
128983569 -607596132
-244441071 -677856302
-358519959 -995177449
-129270519 -357498589
635002405 -227914661
444748109 -159332941
483955920 -173466336
-124903863 -345352325
988515455 -355346911
-342690831 -951147242
-28837431 -78134517
-152195463 -421266475
287916865 -102799361
61262659 -286623353
562371542 -201733126
311698652 -111372076
423537326 -151687006
63052639 -295107215
101238879 -476096271
-190403703 -527546285
3684969 -13725792
425465579 -152382091
867678267 -311788251
599651100 -215171436
515450719 -184819391
617648128 -221658896
142110089 -669811120
-188766207 -522991436
73238031 -25413231
129878559 -611838063
944808387 -339591651
856751500 -307849436
108697129 -511445696
164508673 -58313921
592580839 -212622791
-35933247 -97872196
-351969975 -976958053
-55037367 -151012101
521878229 -187136341
180594659 -852214153
-99795591 -275511307
903672323 -324763171
-223699455 -620161548
195511159 -922913003
686422485 -246450261
-159291279 -441004154
208637679 -985127991
170749769 -805552912
-189857871 -526028002
161799869 -763133602
-27199935 -73579668
895959311 -321982831
-355244967 -986067751
700563007 -251547551
426751081 -152845481
7034678 -1548646
35009619 -162193377
39782899 -184817009
879890536 -316190456
667782706 -239731106
98255579 -461956501
167169809 -788585188
172241419 -812622797
511594213 -183429221
904315074 -324994866
868963769 -312251641
69317569 -324800732
719845537 -258498401
50522779 -235720181
79460789 -372875950
420966322 -150760226
-140187159 -387864249
737842565 -264985861
161294918 -57155446
901101319 -323836391
275061845 -98165461
856108749 -307617741
52014429 -242790066
8962931 -2243731
636930658 -228609746
-320311719 -888897639
717917284 -257803316
763552605 -274253661
473671904 -169759216
-115624719 -319541514
66930929 -313488916
71704209 -336112548
8320180 -2012036
155236609 -732026108
54997729 -256929836
903029572 -324531476
383044013 -137090221
950593146 -341676906
608649614 -218415166
36501269 -169263262
517378972 -185514476
94675619 -444988777
1249919 536609
121823649 -573660684
329052929 -117627841
-196953687 -545765681
599008349 -214939741
428679334 -153540566
644643670 -231390086
94377289 -443574800
-161474607 -447077286
-319220055 -885861073
651713931 -233938731
223641765 -79629861
-210053655 -582204473
667139955 -239499411
315555158 -112762246
-136912167 -378754551
-254811879 -706703679
28245461 -9194581
48732799 -227236319
-260816031 -723404792
85450300 -29815436
935809873 -336347921
924240355 -332177411
965376419 -347005891
849681239 -305300791
65140949 -305005054
116302348 -40936796
350906463 -125505471
159413229 -751821786
-158199615 -437967588
191931199 -905945279
160009889 -754649740
50098995 -17072211
21584769 -98564412
-21195783 -56878555
6668269 -27865562
79759119 -374289927
865107263 -310861471
286631363 -102335971
161501539 -761719625
-83966463 -231481100
328410178 -117396146
928096861 -333567581
11739879 -51903171
131085621 -46265781
871534773 -313178421
42467869 -197542802
-29383263 -79652800
919098347 -330323851
-52854039 -144938969
-317582559 -881306224
371474495 -132919711
472386402 -169295826
-308849247 -857013696
82742419 -388429697
524449233 -188063121
600293851 -215403131
140320109 -661327258
548873771 -196867531
14104939 -4097291
142706749 -672639074
354762969 -126895641
600936602 -215634826
139126789 -655671350
660069694 -236950766
91393989 -429435030
799546661 -287228581
30236339 -139569745
775764874 -278655866
-238982751 -662673472
612506120 -219805336
-192041199 -532101134
333552186 -119249706
-39208239 -106981894
823328448 -295801296
452461121 -162113281
169854779 -801310981
131071879 -617493971
175224719 -826762567
277632849 -99092241
577797566 -207293806
793761902 -285143326
718560035 -258035011
278918351 -99555631
2193319 -6655907
492311683 -176478371
-999999 -702084
348335459 -124578691
129281899 -609010109
364404234 -130371066
53804409 -251273928
-132545511 -366608287
798903910 -286996886
12336539 -54731125
269277086 -96080206
48136139 -224408365
-305028423 -846385715
917170094 -329628766
100233573 -35144421
673567465 -241816361
794404653 -285375021
205001986 -72910706
497453691 -178331931
-237891087 -659636906
591938088 -212391096
874748528 -314336896
-315945063 -876751375
876676781 -315031981
451175619 -161649891
80951043 -28193571
312984154 -111835466
528305739 -189453291
298843632 -106738176
85129059 -399741513
-277190991 -768953282
86024049 -403983444
-69228999 -190487459
-164203767 -454668701
194019509 -915843118
572655558 -205440246
-98703927 -272474741
97019818 -33985946
712132525 -255718061
56191049 -262585744
971803929 -349322841
876034030 -314800286
907528829 -326153341
300771885 -107433261
-18466623 -49287140
973732182 -350017926
103625519 -487408087
176119709 -831004498
167468139 -789999165
202430982 -71983926
11143219 -49075217
-220970295 -612570133
696063750 -249925686
210143994 -74764266
464673390 -166515486
233925781 -83336981
-218786967 -606497001
21286439 -97150435
-39754071 -108500177
-339415839 -942037544
89305679 -419537191
219142508 -78007996
930025114 -334262666
45599738 -15450346
235211283 -83800371
-301753431 -837276017
148076689 -698090660
127871866 -45107306
156152910 -55301886
107205479 -504375811
998156720 -358822336
225570018 -80324946
-180578727 -500217191
311055901 -111140381
-341053335 -946592393
-194770359 -539692549
-25016607 -67506536
928739612 -333799276
157623249 -743337924
21175200 -6645936
-127087191 -351425457
91877810 -32132386
-52308207 -143420686
116945099 -41168491
64842619 -303591077
436392346 -156320906
190439549 -898875394
421609073 -150991921
197931725 -70362061
800189412 -287460276
383686764 -137321916
476242908 -170685996
126895259 -597698293
58454758 -20084246
-98158095 -270956458
726915798 -261047046
545660016 -195709056
210129329 -992197876
117348699 -552451029
321982668 -115079196
-243349407 -674819736
61859319 -289451307
806616922 -289777226
-297932607 -826648036
-19012455 -50805423
863821761 -310398081
-325224207 -902562186
-65954007 -181377761
28744689 -132499860
-176757903 -489589210
618290879 -221890591
-66499839 -182896044
95091565 -33290861
72002539 -337526525
419038069 -150065141
10844889 -47661240
679994975 -244133311
647857425 -232548561
-226974447 -629271246
395899033 -141724121
536018751 -192233631
-350878311 -973921487
-250445223 -694557415
714703529 -256644841
-68137335 -187450893
611220618 -219341946
-72503991 -199597157
-201866175 -559430228
138231799 -651429419
-2091663 -3738650
142655139 -50436291
740413569 -265912641
-12462471 -32586027
127193589 -599112270
95272279 -447816731
72897529 -341768456
199986109 -944122658
584867827 -209842451
968590174 -348164366
187456249 -884735624
688993489 -247377041
132563529 -624563856
70667027 -24486451
-233524431 -647490642
194717970 -69203586
-56674863 -155566950
193721179 -914429141
-261361863 -724923075
-156016287 -431894456
212714998 -75691046
204359235 -72679011
112445842 -39546626
163865922 -58082226
927454110 -333335886
-103616415 -286139288
679352224 -243901616
862536259 -309934691
829755958 -298118246
188947899 -891805509
101537209 -477510248
-216603639 -600423869
-118899711 -328651212
66810521 -23096281
192826189 -910187210
658141441 -236255681
355405720 -127127336
92885639 -436504915
165976489 -782929280
317483411 -113457331
462745137 -165820401
898530315 -322909611
427393832 -153077176
259635821 -92604781
205654379 -970988221
-33749919 -91799064
-80145639 -220853119
32921309 -152295538
894031058 -321287746
291130620 -103957836
134353509 -633047718
61560989 -288037330
202372749 -955434474
109293789 -514273650
759053348 -272631796
146585039 -691020775
-189312039 -524509719
250637307 -89361051
146286709 -689606798
724987545 -260351961
937738126 -337043006
649142927 -233011951
189246229 -893219486
166871479 -787171211
-350332479 -972403204
-50124879 -137347554
-348149151 -966330072
-339961671 -943555827
46885240 -15913736
16033192 -4792376
-92153943 -254255345
836826219 -300666891
9353239 -40591355
36202939 -167849285
734628810 -263827386
671639212 -241121276
242281544 -86349016
204461059 -965332313
147181699 -693848729
354120218 -126663946
430607587 -154235651
597080096 -214244656
-229703607 -636862661
823971199 -296032991
13529859 -60387033
744912826 -267534506
139425119 -657085327
-225336951 -624716397
-296840943 -823611470
22479759 -102806343
-219878631 -609533567
596437345 -214012961
47539479 -221580411
929382363 -334030971
-225882783 -626234680
-312670071 -867641677
972446680 -349554536
138798633 -49046121
59771009 -279553468
926168608 -332872496
669710959 -240426191
843253729 -302983841
128685239 -606182155
836183468 -300435196
127491919 -600526247
527662988 -189221596
-302299263 -838794300
138155882 -48814426
751340336 -269851456
194317839 -917257095
854823247 -307154351
59097509 -20315941
209830999 -990783899
192527859 -908773233
41743232 -14060176
658784192 -236487376
-249353559 -691520849
178506349 -842316314
298200881 -106506481
543731763 -195013971
983373447 -353493351
258350319 -92141391
-144553815 -400010513
-190949535 -529064568
132371123 -46729171
576512064 -206830416
36601224 -12206616
235854034 -84032066
-34841583 -94835630
66035939 -309246985
102804577 -36071201
133756849 -630219764
690278991 -247840431
185076705 -65728161
825256701 -296496381
-331774191 -920781582
557229534 -199879566
365046985 -130602761
626646642 -224902626
-214966143 -595869020
541803510 -194318886
455674876 -163271756
-261907695 -726441358
233283030 -83105286
156728259 -739095993
284060359 -101409191
728201300 -261510436
-352515807 -978476336
-259724367 -720368226
80057449 -375703904
812401681 -291862481
-356336631 -989104317
822685697 -295569601
620861883 -222817371
208936009 -986541968
219785259 -78239691
-264091023 -732514490
73880782 -25644926
-73049823 -201115440
644000919 -231158391
205356049 -969574244
-168570423 -466814965
167079677 -59240701
630503148 -226292796
177909689 -839488360
61668513 -21242721
-323040879 -896489054
116155379 -546795121
121525319 -572246707
40457730 -13596786
44956987 -15218651
-336140847 -932927846
190218713 -67581721
-184399551 -510845172
343193451 -122725131
339979696 -121566656
881818789 -316885541
101835539 -478924225
93183969 -437918892
-338870007 -940519261
191504215 -68045111
267991584 -95616816
523163731 -187599731
179997999 -849386199
357976724 -128054116
332909435 -119018011
138828459 -654257373
-208961991 -579167907
80308292 -27961876
551444775 -197794311
768694613 -276107221
-158745447 -439485871
129580229 -610424086
207742689 -980886060
471100900 -168832436
171578934 -60862566
514807968 -184587696
711489774 -255486366
832326962 -299045026
-204049503 -565503360
454389374 -162808366
-75233151 -207188572
606721361 -217720081
652356682 -234170426
151059989 -712230430
-234070263 -649008925
978874190 -351871486
158816569 -748993832
758410597 -272400101
142408419 -671225097
184174619 -869181877
-74687319 -205670289
117587850 -41400186
193124519 -911601187
458245880 -164198536
618933630 -222122286
721131039 -258961791
500024695 -179258711
-219332799 -608015284
264777829 -94458341
796332906 -286070106
83935739 -394085605
672281963 -241352971
256422066 -91446306
714060778 -256413146
113172079 -532655351
96377067 -33754251
111382099 -524171489
347692708 -124346996
558515036 -200342956
670996461 -240889581
186859589 -881907670
133656625 -47192561
29530963 -9657971
-259178535 -718849943
249351805 -88897661
-140732991 -389382532
96763929 -454886616
926811359 -333104191
433821342 -155394126
790548147 -283984851
251922809 -89824441
77372479 -362978111
941594632 -338433176
105375581 -36997981
-63224847 -173786346
104818839 -493063995
769980115 -276570611
-205686999 -570058209
-137457999 -380272834
625361140 -224439236
168365179 -59704091
145226143 -51363071
301414636 -107664956
379830258 -135931746
20093119 -91494527
685136983 -245986871
-56129031 -154048667
-335595015 -931409563
-100887255 -278547873
971161178 -349091146
218499757 -77776301
738485316 -265217556
280846604 -100250716
246138050 -87739186
-89970615 -248182213
199687779 -942708681
217214255 -77312911
492954434 -176710066
-3183327 -6775216
203073733 -72215621
33816299 -156537469
183577959 -866353923
22778089 -104220320
157324919 -741923947
393970780 -141029036
977588688 -351408096
83522047 -29120351
196406149 -927154934
-202957839 -562466794
214000500 -76154436
429964836 -154003956
742984573 -266839421
139441384 -49277816
-33204087 -90280781
71405879 -334698571
47837809 -222994388
-120537207 -333206061
17408149 -78768734
63649299 -297935169
190737879 -900289371
778978629 -279814341
-8095815 -20439763
716631782 -257339926
643358168 -230926696
314269656 -112298856
276347347 -98628851
682565979 -245060091
49456244 -16840516
141215099 -665569189
762267103 -273790271
352191965 -125968861
163888179 -773031441
147797147 -52289851
-65408175 -179859478
283417608 -101177496
915241841 -328933681
196704479 -928568911
290487869 -103726141
-62679015 -172268063
372759997 -133383101
237782287 -84727151
888889050 -319434186
495525438 -177636846
377902005 -135236661
199389449 -941294704
445390860 -159564636
169556449 -799897004
-55583199 -152530384
170451439 -804138935
75582499 -354494249
991729210 -356505386
-250991055 -696075698
-454167 816199
595151843 -213549571
-77416479 -213261704
273133592 -97470376
809830677 -290935701
209501243 -74532571
-353061639 -979994619
115659597 -40705101
962162664 -345847416
729486802 -261973826
152253309 -717886338
411967808 -147516496
81549099 -382773789
805331420 -289313836
132265199 -623149879
538589755 -193160411
324553672 -116005976
710204272 -255022976
120928659 -569418753
-284286807 -788690961
78864129 -370047996
-241711911 -670264887
103028859 -484580133
453746623 -162576671
329695680 -117859536
156795661 -55533581
750054834 -269388066
211322649 -997853784
874105777 -314105201
203566069 -961090382
188933211 -67118331
687707987 -246913651
-279374319 -775026414
20988109 -95736458
-180032895 -498698908
722416541 -259425181
-173482911 -480479512
-282103479 -782617829
47241149 -220166434
958306158 -344457246
-179487063 -497180625
588724333 -211232621
-253720215 -703667113
82145759 -385601743
870892022 -312946726
780906882 -280509426
814329934 -292557566
149568339 -705160545
10248433 -2707121
26059719 -119774067
520592727 -186672951
341265198 -122030046
373402748 -133614796
179291946 -63642906
-307211751 -852458847
8756579 -37763401
-177303735 -491107493
203267739 -959676405
176078191 -62484431
15916499 -71698849
-164749599 -456186984
307199395 -109750211
-119445543 -330169495
410039555 -146821411
123315299 -580730569
356691222 -127590726
943522885 -339128261
327767427 -117164451
-305574255 -847903998
123613629 -582144546
77969139 -365806065
590652586 -211927706
-67045671 -184414327
969232925 -348396061
43362859 -201784733
27253039 -125429975
92288979 -433676961
553373028 -198489396
-32112423 -87244215
268634335 -95848511
692207244 -248535516
594509092 -213317876
-147282975 -407601928
160009416 -56692056
179103009 -845144268
69615899 -326214709
258993070 -92373086
221070761 -78703081
-268457679 -744660754
-281011815 -779581263
-71958159 -198078874
958948909 -344688941
-183853719 -509326889
34672971 -11511531
17961445 -5487461
230069275 -81946811
-185491215 -513881738
305913893 -109286821
869606520 -312483336
966019170 -347237586
175523049 -828176544
468529896 -167905656
136441819 -642945557
613148871 -220037031
678709473 -243669921
831041460 -298581636
86322379 -405397421
166573149 -785757234
160308219 -756063717
63596766 -21937806
-59404023 -163158365
845824733 -303910621
-247170231 -685447717
-333957519 -926854714
-95974767 -264883326
872177524 -313410116
193422849 -913015164
-147828807 -409120211
401683792 -143809376
677423971 -243206531
-108528903 -299803835
-271186839 -752252169
467887145 -167673961
-27745767 -75097951
34412959 -159365423
-162566271 -450113852
185367939 -874837785
129800119 -45802391
232640279 -82873591
573941060 -205903636
83040749 -389843674
372117246 -133151406
976945937 -351176401
192789717 -68508501
550802024 -197562616
518021723 -185746171
159114899 -750407809
-110712231 -305876967
182682969 -862111992
766766360 -275412136
-110166399 -304358684
165081499 -778687349
66167770 -22864586
3088309 -10897838
937095375 -336811311
439606101 -157479381
540518008 -193855496
473029153 -169527521
536661502 -192465326
74090849 -347424364
491026181 -176014981
201179429 -949778566
67229259 -314902893
-310486743 -861568545
830398709 -298349941
204759389 -966746290
885032544 -318044016
802117665 -288155361
-287561799 -797800659
781549633 -280741121
-275007663 -762880150
-45212391 -123683007
149270009 -703746568
604793108 -217024996
41100481 -13828481
914599090 -328701986
489097928 -175319896
130773549 -616079994
755839593 -271473321
-104708079 -289175854
404897547 -144967851
-3729159 -8293499
-303936759 -843349149
107303834 -37693066
104520509 -491650018
162396529 -765961556
151954979 -716472361
-22287447 -59915121
-196407855 -544247398
-87241455 -240590798
316840660 -113225636
21817951 -6877631
-206778663 -573094775
-160928775 -445559003
49627789 -231478250
27551369 -126843952
122420309 -576488638
992371961 -356737081
102432199 -481752179
607364112 -217951776
675495718 -242511446
71952529 -24949841
-5912487 -14366631
-319765887 -887379356
7861589 -33521470
3983299 -15139769
13828189 -61801010
-290290959 -805392074
779621380 -280046036
57981029 -271069606
705705015 -253401111
820757444 -294874516
-138003831 -381791117
75809035 -26340011
-246078567 -682411151
978231439 -351639791
465316141 -166747181
-283195143 -785654395
563657044 -202196516
402969294 -144272766
-101433087 -280066156
-312124239 -866123394
917812845 -329860461
446033611 -159796331
933881620 -335652836
28148029 -129671906
1596659 -3827953
780264131 -280277731
661997947 -237645851
399755539 -143114291
319411664 -114152416
102161826 -35839506
111978759 -526999443
770622866 -276802306
-9187479 -23476329
-26654103 -72061385
-181670391 -503253757
-109620567 -302840401
95570609 -449230708
938380877 -337274701
844539231 -303447231
-107437239 -296767269
117945359 -555278983
796975657 -286301801
20532449 -6414241
347049957 -124115301
632431401 -226987881
19246947 -5950851
70212559 -329042663
883747042 -317580626
623432887 -223744151
98948071 -34681031
20689779 -94322481
167766469 -791413142
-314307567 -872196526
92520561 -32364081
676781220 -242974836
-10824975 -28031178
424822828 -152150396
113768739 -535483305
282774857 -100945801
16811489 -75940780
109232087 -38388151
80952439 -379945835
238425038 -84958846
42169539 -196128825
231997528 -82641896
843896480 -303215536
415824314 -148906666
411325057 -147284801
749412083 -269156371
585510578 -210074146
-13554135 -35622593
127790249 -601940224
420323571 -150528531
-228611943 -633826095
58577689 -273897560
969875676 -348627756
-220424463 -611051850
581011321 -208452281
-89424783 -246663930
79665541 -27730181
-40845735 -111536743
478171161 -171381081
-241166079 -668746604
837468970 -300898586
564299795 -202428211
728844051 -261742131
699920256 -251315856
741699071 -266376031
64882268 -22401196
-326861703 -907117035
403612045 -144504461
334837688 -119713096
134950169 -635875672
647214674 -232316866
-11370807 -29549461
438963350 -157247686
120033669 -565176822
134299376 -47424256
113470409 -534069328
164186509 -774445418
-245532735 -680892868
733343308 -263363996
121226989 -570832730
746841079 -268229591
194914499 -920085049
106661083 -37461371
255779315 -91214611
55594389 -259757790
83339079 -391257651
449247366 -160954806
104222179 -490236041
607168 768304
29639679 -136741791
703134011 -252474331
183791203 -65264771
-42483231 -116091592
887603548 -318970796
309770399 -110676991
147480029 -695262706
323268170 -115542586
202671079 -956848451
-88878951 -245145647
168363129 -794241096
-337232511 -935964412
566228048 -203123296
-159837111 -442522437
422894575 -151455311
503238450 -180417186
37886726 -12670006
388828772 -139175476
294987126 -105348006
104090079 -36534591
-112895559 -311950099
3386639 -12311815
-84512295 -232999383
37243975 -12438311
71309778 -24718146
154224657 -54606801
921669351 -331250631
14723179 -66042941
158219909 -746165878
878605034 -315727066
-271732671 -753770452
-4820823 -11330065
193432468 -68740196
629860397 -226061101
525091984 -188294816
-311032575 -863086828
859965255 -309007911
49031129 -228650296
-262999359 -729477924
533447747 -191306851
-188220375 -521473153
115558719 -543967167
-187674543 -519954870
897887564 -322677916
368903491 -131992931
401041041 -143577681
-251536887 -697593981
-276099327 -765916716
174149938 -61789346
174628059 -823934613
-318128391 -882824507
55241003 -18925771
776407625 -278887561
52669999 -17998991
500667446 -179490406
800832163 -287691971
942237383 -338664871
451818370 -161881586
485884173 -174161421
12933199 -57559079
-195316191 -541210832
121444356 -42790356
172221685 -61094261
615719875 -220963811
85725719 -402569467
708276019 -254327891
-324678375 -901043903
74985839 -351666295
131370209 -618907948
-129816351 -359016872
905600576 -325458256
827827705 -297423161
197599469 -932810842
-296295111 -822093187
6391927 -1316951
534733249 -191770241
-300661767 -834239451
491668932 -176246676
369546242 -132224626
-43574895 -119128158
122718639 -577902615
196646223 -69898671
949307644 -341213516
75880829 -355908226
199859978 -71057146
-332320023 -922299865
617005377 -221427201
893388307 -321056051
165794175 -58777311
154938279 -730612131
-255903543 -709740245
23746204 -7572716
-197499519 -547283964
-345419991 -958738657
155510159 -55070191
987872704 -355115216
113088593 -39778321
48170742 -16377126
284703110 -101640886
-298478439 -828166319
100876324 -35376116
458888631 -164430231
370831744 -132688016
88664055 -30973911
665211702 -238804326
-355790799 -987586034
-186037047 -515400021
957663407 -344225551
309127648 -110445296
213357749 -75922741
888246299 -319202491
150368151 -53216631
295629877 -105579701
171346429 -808380866
117647029 -553865006
-29929095 -81171083
154341619 -727784177
650428429 -233475341
192229529 -907359256
93163312 -32595776
694778248 -249462296
164484839 -775859395
144198399 -679708959
-93245607 -257291911
179401339 -846558245
986587202 -354651826
879247785 -315958761
145690049 -686778844
985944451 -354420131
772551119 -277497391
493597185 -176941761
34711289 -160779400
-224791119 -623198114
14424849 -64628964
205644737 -73142401
88410689 -415295260
56526505 -19389161
-178395399 -494144059
892102805 -320592661
706347766 -253632806
17109819 -77354757
-124358031 -343834042
-30474927 -82689366
140021779 -659913281
172539749 -814036774
40379559 -187644963
792476400 -284679936
54102739 -252687905
846467484 -304142316
37694589 -174919170
645286421 -231621781
55883754 -19157466
150761659 -710816453
62311264 -21474416
-205141167 -568539926
991086459 -356273691
964090917 -346542501
254493813 -90751221
135845159 -640117603
931310616 -334726056
206287488 -73374096
231354777 -82410201
940309130 -337969786
924883106 -332409106
270562588 -96543596
93482299 -439332869
274419094 -97933766
303342889 -108360041
183876289 -867767900
174926389 -825348590
39172228 -13133396
111083769 -522757512
54699399 -255515859
49926119 -232892227
59174349 -276725514
173733069 -819692682
69914229 -327628686
45749499 -213096549
563014293 -201964821
118873352 -41863576
201477759 -951192543
554015779 -198721091
-46849887 -128237856
2535421 73219
512879715 -183892611
159711559 -753235763
413253310 -147979886
627932144 -225366016
953164150 -342603686
602222104 -216098216
260278572 -92836476
293701624 -104884616
881176038 -316653846
867035516 -311556556
-135274671 -374199702
-41391567 -113055026
-148374639 -410638494
195809489 -924326980
26317208 -8499496
52027248 -17767296
444105358 -159101246
-79599807 -219334836
-123266367 -340797476
-166932927 -462260116
171048099 -806966889
-134728839 -372681419
505809454 -181343966
648500176 -232780256
89604009 -420951168
39186239 -181989055
64544289 -302177100
34114629 -157951446
336123190 -120176486
35958473 -11974921
135584878 -47887646
392685278 -140565646
993657463 -357200471
-357428295 -992140883
591295337 -212159401
550159273 -197330921
120331999 -566590799
106012159 -498719903
896602062 -322214526
-212782815 -589795888
125943613 -44412221
-324132543 -899525620
165678159 -781515303
120630329 -568004776
395256282 -141492426
115260389 -542553190
253208311 -90287831
883104291 -317348931
55296059 -258343813
341907949 -122261741
-353607471 -981512902
114962059 -541139213
-60495687 -166194931
-248261895 -688484283
481384916 -172539556
-229157775 -635344378
622147385 -223280761
380473009 -136163441
-37024911 -100908762
257707568 -91909696
913313588 -328238596
271848090 -97006986
17706479 -80182711
70510889 -330456640
-34295751 -93317347
97957249 -460542524
-31020759 -84207649
19496459 -88666573
798261159 -286765191
57812007 -19852551
169007930 -59935786
162098199 -764547579
109890449 -517101604
467244394 -167442266
904957825 -325226561
94448814 -33059166
-102524751 -283102722
656213188 -235560596
176716369 -833832452
-152741295 -422784758
48434469 -225822342
151010902 -53448326
68720909 -321972778
397184535 -142187511
141513429 -666983166
-231341103 -641417510
666497204 -239267716
750697585 -269619761
378544756 -135468356
-174028743 -481997795
913956339 -328470291
384972266 -137785306
710847023 -255254671
-299570103 -831202885
46644489 -217338480
71107549 -333284594
16214829 -73112826
308484897 -110213601
724344794 -260120266
-71412327 -196560591
847110235 -304374011
165151424 -58545616
202969409 -958262428
-327407535 -908635318
-230249439 -638380944
-54491535 -149493818
74523533 -25876621
280203853 -100019021
764195356 -274485356
153581906 -54375106
106907149 -502961834
433178591 -155162431
7563259 -32107493
305271142 -109055126
282132106 -100714106
449890117 -161186501
210427659 -993611853
65525019 -22632891
933238869 -335421141
620219132 -222585676
195212829 -921499026
-349786647 -970884921
743627324 -267071116
513522466 -184124306
220428010 -78471386
-58858191 -161640082
27602710 -8962886
982087945 -353029961
336765941 -120408181
559157787 -200574651
261564074 -93299866
580368570 -208220586
-254266047 -705185396
665854453 -239036021
466601643 -167210571
145391719 -685364867
189842889 -896047440
841968227 -302520451
-344328327 -955702091
-61041519 -167713214
237139536 -84495456
224927267 -80093251
197002809 -929982888
889531801 -319665881
-313215903 -869159960
464030639 -166283791
31131329 -143811676
24866399 -114118159
-82874799 -228444534
582939574 -209147366
-53945703 -147975535
