2749
281749723 -586012219
729388979 878239320
186847963 -388143019
226081493 273035886
382187419 -795423789
-459513999 -90926396
-749611800 -147735423
152446075 -316415434
694648900 836466019
-524558349 -103663846
267600124 322960075
-718390512 -141621447
326065135 393261484
130302331 -270245954
723457746 871107293
437911243 527751136
164704219 -341973539
346599259 -721222839
256838011 -534071554
94747048 115112431
-198035712 -39721847
-61442577 -12973202
50686460 62131659
498918211 601109128
180125755 -374127284
131093179 -271894864
750571954 903710845
297256289 358620210
93132475 -192747184
49839141 61112798
-499841496 -98823615
-743107365 -146461678
-450407790 -89143153
-92663865 -19087178
326828059 -680000089
383769115 -798721609
459295099 -956192514
-646841727 -127610252
246952411 -513460179
145723867 -302399699
-671558580 -132450483
604833086 728466753
-299504898 -59592269
292821595 -609096959
369929275 -769865684
15629371 -31154004
-21115080 -5075983
-199336599 -39976596
405713121 489034418
79495306 96772933
381396571 -793774879
-162911763 -32843624
92341627 -191098274
174194395 -361760459
186257500 225149419
653130269 786541830
200661923 242470056
120416731 -249634579
-573992055 -113344308
99459259 -205938464
370125723 446242256
-778231314 -153339901
714137237 859899822
192779323 -400509844
330301730 398355789
256442587 -533247099
48144503 59075076
-994178556 -195628235
726847022 875182737
288471931 -600027954
-566186733 -111815814
-149902893 -30296134
-590903586 -116656045
-623425761 -123024770
637878527 768202332
-403575858 -79972189
108158587 -224076474
-140796684 -28512891
208991707 -434312499
-382761666 -75896205
-972063477 -191297502
316744626 382054013
292426171 -608272504
367161307 -764094499
770060291 927144648
-62743464 -13227951
237943959 287299940
622626785 749862834
95900443 -198518369
286241142 345375017
204898518 247564361
-103070961 -21125170
-239664096 -47873815
209135113 252658666
469576123 -977628344
178544059 -370829464
236275963 -491199894
-191531277 -38448102
-888806709 -174993566
753961230 907786289
396392612 477826947
359110576 432997063
-253973853 -50676054
696343538 838503741
58335163 -120195144
-587000925 -115891798
469262046 565448993
160354555 -332904534
577718878 695863201
-394469649 -78188946
-765222444 -150792411
-343735056 -68253735
-387965214 -76915201
764129058 920012621
781075438 940389841
-815957037 -160727622
-44531046 -9661465
357671131 -744307579
163122523 -338675719
235880539 -490375439
122708575 148734844
229470769 277111330
303102619 -630532789
-999999 -18862
-956452833 -188240514
129487127 156885732
650588312 783485247
23933275 -48467559
41727355 -85568034
438337627 -912496399
299543803 -623112694
347248110 418733009
652282950 785522969
132674875 -275192684
410262523 -853960094
-871895178 -171681829
453363739 -943825689
261978523 -544789469
-977267025 -192316498
194730690 235338029
72965851 -150699979
90510453 110018126
735320212 885371347
732778255 882314764
444689795 535902024
-584399151 -115382300
653977588 787560691
579413516 697900923
-101770074 -20870421
-516753027 -102135352
-196734825 -39467098
222692217 268960442
197128987 -409578849
692106943 833409436
65090883 79452296
244975291 -509337904
395545293 476808086
331573147 -689893549
-938240415 -184674028
112540747 136508512
346203835 -720398384
-700178094 -138054961
-359345700 -71310723
669229330 805900189
455704942 549147217
162331675 -337026809
101436379 -210060739
211364251 -439259229
-282593367 -56280532
251697499 -523353639
158295973 191527006
245766139 -510986814
303187522 365752237
665840054 801824745
-903116466 -177795805
291325056 351488183
52799227 -108652774
386932507 -805317249
435965083 -907549669
203455771 -422770129
271864123 -565400844
387327931 -806141704
-48433707 -10425712
70174797 85565462
309966074 373903125
125161819 -259528039
-936939528 -184419279
565856412 681599147
372697243 -775636869
-355443039 -70546476
149822783 181338396
265141915 -551385109
383373691 -797897154
-57539916 -12208955
439919323 -915794219
-926532432 -182381287
492986978 593977101
101525600 123263319
204051199 246545500
82037263 99829516
63080251 -130088604
495528935 597033684
53228417 65188242
24419571 30546968
-64044351 -13482700
21560731 -43520829
433592539 -902602939
-949948398 -186966769
82060603 -169662444
190494095 230243724
310220251 -645372979
657366864 791636135
437942203 -911671944
688717667 829333992
28282939 -57536564
381140870 459487449
273531357 330092102
66243643 -136684244
35434718 43792161
-311212881 -61885010
378233179 -787179239
-200637486 -40231345
164227206 198659033
326432635 -679175634
324850939 -675877814
300730075 -625586059
106972315 -221603109
409471675 -852311184
-560983185 -110796818
-398372310 -78953193
201478651 -418647854
165074525 199677894
201083227 -417823399
531963652 640844707
411053371 -855609004
208596283 -433488044
346994683 -722047294
-440000694 -87105161
210573403 -437610319
-351540378 -69782229
-596107134 -117675041
320981221 387148318
51612955 -106179409
193883371 234319168
787006671 947521868
37976675 46848744
681939115 821183104
783617395 943446424
201509242 243488917
139654955 169112064
662450778 797749301
175776091 -365058279
-899213805 -177031558
103018075 -213358559
104914876 127338763
58730587 -121019599
-678063015 -133724228
-635133744 -125317511
289658203 -602501319
-302106672 -60101767
-533664558 -105447089
794632542 956691617
-88761204 -18322931
320896699 -667633264
628558018 756994861
752266592 905748567
6930043 -13015994
454550011 -946299054
-217549017 -43543082
416193883 -866326919
-488133513 -96530874
-760018896 -149773415
-836771229 -164803606
521795824 628618375
258815131 -538193829
700580133 843598046
-861488082 -169643837
95594367 116131292
-475124643 -93983384
-175920633 -35391114
423706939 -881991564
-575292942 -113599057
105390619 -218305289
409867099 -853135639
411448795 -856433459
215713915 -448328234
-622124874 -122770021
46472443 -95461494
47263291 -97110404
238791278 288318801
324370497 391223762
532810971 641863568
748029997 900654262
114880795 -238092209
32045442 39716717
-60141690 -12718453
-959054607 -188750012
-142097571 -28767640
259210555 -539018284
-266982723 -53223544
369138427 -768216774
218455622 263866137
670923968 807937911
598901853 721334726
180326267 218017392
395631835 -823455259
748877316 901673123
187638811 -389791929
686175710 826277409
114089947 -236443299
265905486 320922353
214923067 -446679324
-650744388 -128374499
-95265639 -19596676
536200247 645939012
-964258155 -189769008
220997579 266922720
639573165 770240054
102227227 -211709649
65938202 80471157
407099131 -847364454
245569830 296469689
328607092 396318067
38168539 -78147939
318919579 -663510989
220150260 265903859
655672226 789598413
331968571 -690718004
677702520 816088799
-234460548 -46854819
9167829 12207470
286099387 -595081224
817510155 984200864
-70548786 -14756445
813273560 979106559
217691035 -452450509
-666355032 -131431487
-423089163 -83793424
153236923 -318064344
148491835 -308170884
269096155 -559629659
10015148 13226331
424102363 -882816019
72175003 -149051069
18488338 23414941
166681339 -346095814
553993946 667335093
733625574 883333625
153212059 185413840
275027515 -571996484
413821339 -861380189
254860891 -529949279
375069787 -780583599
-594806247 -117420292
-352841265 -70036978
638725846 769221193
801411094 964842505
759892463 914918316
703122090 846654629
242602747 -504391174
284122267 -590958949
376651483 -783881419
347390107 -722871749
-489434400 -96785623
230318088 278130191
191197627 -397212024
-283894254 -56535281
-402274971 -79717440
766671015 923069204
706511366 850730073
-74451447 -15520692
148096411 -307346429
169844731 -352691454
141374203 -293330694
-207141921 -41505090
-308611107 -61375512
81665179 -168837989
311011099 -647021889
205432891 -426892404
-606514230 -119713033
176962363 -367531644
459941537 554241522
-453009564 -89652651
-360646587 -71565472
565009093 680580286
-455611338 -90162149
-890107596 -175248315
609917000 734579919
107456833 130395346
-339832395 -67489488
-887505822 -174738817
176936991 213941948
-65345238 -13737449
260792251 -542316104
229553755 -477184159
384559963 -800370519
464040187 -966085974
601443810 724391309
814968198 981144281
61498555 -126790784
171821851 -356813729
152364740 184394979
296380411 -616517054
-240964983 -48128564
209982432 253677527
397213531 -826753079
713289918 858880961
381791995 -794599334
573482283 690768896
354112315 -736887484
145586188 176244091
44755227 54999632
719221151 866012988
163913371 -340324629
467203579 -972681614
661603459 796730440
-506345931 -100097360
-537567219 -106211336
-597408021 -117929790
59916859 -123492964
104995195 -217480834
-347637717 -69017982
-495938835 -98059368
612458957 737636502
227972059 -473886339
126097851 152810288
721763108 869069571
360439099 -750078764
-421788276 -83538675
420148123 -874571469
-519354801 -102644850
335385644 404468955
235402002 284243357
-179823294 -36155361
-531062784 -104937591
114235385 138546234
509933358 614354321
186057115 -386494109
169311120 204772199
438758562 528769997
188034235 -390616384
48991822 60093937
537894885 647976734
-204540147 -40995592
389700475 -811088434
705664047 849711212
-367151022 -72839217
-449106903 -88888404
559077860 673448259
-727496721 -143404690
171853077 207828782
-900514692 -177286307
-801647280 -157925383
613306276 738655363
176566939 -366707189
53194651 -109477229
477735236 575637603
-203239260 -40740843
-113478057 -23163162
744640721 896578818
-104371848 -21379919
-830266794 -163529861
4083915 6094304
-802948167 -158180132
121998427 -252932399
221645275 -460695059
-320319090 -63668253
640420484 771258915
765823696 922050343
113694523 -235618844
-307310220 -61120763
176171515 -365882734
824288707 992351752
77800668 94735211
572634964 689750035
78647987 95754072
264351067 -549736199
282145147 -586836674
261583099 -543965014
397239931 478845808
34609723 -70727844
374362318 451336561
74942971 -154822254
391677595 -815210709
208287794 251639805
324455515 -675053359
-300805785 -59847018
-58840803 -12463704
499765530 602127989
206223739 -428541314
45286171 -92988129
104067557 126319902
-501142383 -99078364
-261779175 -52204548
720068470 867031849
446246107 -928985499
-247469418 -49402309
759045144 913899455
199501531 -414525579
138807636 168093203
42518203 -87216944
344226715 -716276109
43060589 52961910
344706153 415676426
466017307 -970208249
426870331 -888587204
7325467 -13840449
-276088932 -55006787
111321979 -230672114
360805214 435034785
260396827 -541491649
-397071423 -78698444
165099643 -342797994
-557080524 -110032571
28678363 -58361019
-28920402 -6604477
429438053 517562526
323664667 -673404449
27808847 34622412
71869435 87603184
54075736 66207103
777686162 936314397
595512577 717259282
75258711 91678628
515017272 620467487
-511549479 -101116356
-434797146 -86086165
319315003 -664335444
414612187 -863029099
350637386 422808453
462483494 557298105
171031003 -355164819
-6805323 -2273744
711595280 856843239
327759773 395299206
169053883 -351042544
184870843 -384020744
195942715 -407105484
321828540 388167179
-540168993 -106720834
337899931 -703084829
-497239722 -98314117
465226459 -968559339
-390566988 -77424699
-627328422 -123789017
-985072347 -193844992
-986373234 -194099741
382978267 -797072699
91357772 111036987
-940842189 -185183526
14251743 18320636
325217816 392242623
443842476 534883163
598054534 720315865
120812155 -250459034
299798246 361676793
-883603161 -173974570
461636175 556279244
358461979 -745956489
67034491 -138333154
-469921095 -92964388
172700396 208847643
226390363 -470588519
-674160354 -132959981
-126486927 -25710652
205745837 248583222
-508947705 -100606858
684481072 824239687
-693673659 -136781216
400376923 -833348719
430824571 -896831754
-849780099 -167351096
48844987 -100408224
-854983647 -168370092
409949716 494128723
-71849673 -15011194
305475163 -635479519
231530875 -481306434
143351323 -297452969
415033630 500241889
501460168 604165711
742946083 894541096
107367739 -222427564
243027873 293413106
-862788969 -169898586
339877051 -707207104
751419273 904729706
369533851 -769041229
118439611 -245512304
-185026842 -37174357
-324221751 -64432500
480277193 578694186
225234174 272017025
-165513537 -33353122
478670875 -996590809
-593505360 -117165543
433674648 522656831
-97867413 -20106174
784464714 944465285
267909883 -557156294
785312033 945484146
-637735518 -125827009
-377558118 -74877209
272654971 -567049754
-481629078 -95257129
792937904 954653895
-56239029 -11954206
-655947936 -129393495
-53637255 -11444708
722610427 870088432
428590734 516543665
149678107 -310644249
239439355 -497795534
-346336830 -68763233
-356743926 -70801225
-818558811 -161237120
80083483 -165540169
124403213 150772566
477880027 -994941899
717526513 863975266
-18513306 -4566485
359648251 -748429854
393850655 474770364
-445204242 -88124157
-779532201 -153594650
31446331 -64132204
-192832164 -38702851
182498299 -379074014
160837930 194583589
401167771 -834997629
-419186502 -83029177
301125499 -626410514
438733051 -913320854
116462491 -241390029
-532363671 -105192340
134256571 -278490504
448079071 539977468
134571041 162998898
294714332 355563627
71022116 86584323
253674619 -527475914
368347579 -766567864
-757417122 -149263917
260001403 -540667194
704816728 848692351
146119291 -303224154
550604670 663259649
12465979 -24558364
360043675 -749254309
593817939 715221560
690412305 831371714
119319299 144659400
212155099 -440908139
-425690937 -84302922
-579195603 -114363304
25119547 -50940924
391282171 -814386254
807342327 971974532
526879738 634731541
439128475 -914145309
310615675 -646197434
191341414 231262585
404865802 488015557
234554683 283224496
450991195 -938878959
231165407 279149052
-268283610 -53478293
93899729 114093570
-692372772 -136526467
462458491 -962788154
250511227 -520880274
55171771 -113599504
433197115 -901778484
418422906 504317333
15233947 -30329549
-783434862 -154358897
394840987 -821806349
-603912456 -119203535
687023029 827296270
17641019 22396080
361625371 -752552129
-791240184 -155887391
-701478981 -138309710
603985767 727447892
184562862 223111697
161145403 -334553444
24724123 -50116469
460085947 -957841424
-413982954 -82010181
-878399613 -172955574
35795995 -73201209
76129243 -157295619
353716891 -736063029
103808923 -215007469
193036052 233300307
433987963 -903427394
435569659 -906725214
196425328 237375751
126348091 -262001404
156601335 189489284
-100469187 -20615672
138606235 -287559509
-182425068 -36664859
78501787 -162242349
292172375 352507044
457317979 -952070239
635336570 765145749
161936251 -336202354
182020905 220055114
82884582 100848377
287935780 347412739
641267803 772277776
32632603 -66605569
463249339 -964437064
357415938 430959341
113299099 -234794389
398934569 480883530
475507483 -989995169
249324955 -518406909
243875192 294431967
-380159892 -75386707
6625872 9150887
11675131 -22909454
490445021 590920518
514169953 619448626
737014850 887409069
452315666 545071773
-83557656 -17303935
-2902662 -1509497
65848219 -135859789
476298331 -991644079
340667899 -708856014
255256315 -530773734
-874496952 -172191327
6139195 -11367084
348971803 -726169569
820052112 987257447
268447443 323978936
-77053221 -16030190
564161774 679561425
451468347 544052912
159990611 193564728
266723611 -554682929
158377435 -328782259
112508251 -233145479
137024539 -284261689
452968315 -943001234
337080282 406506677
180916603 -375776194
429242875 -893533934
322082971 -670106629
506544082 610278877
313355350 377978569
89178235 -184502634
403171164 485977835
-821160585 -161746618
149282683 -309819794
-319018203 -63413504
808189646 972993393
479429874 577675325
632794613 762089166
435174235 -905900759
456922555 -951245784
-978567912 -192571247
-609116004 -120222531
434521967 523675692
-183725955 -36919608
-224053452 -44816827
427743415 515524804
-251372079 -50166556
567551050 683636869
25266890 31565829
-745709139 -146971176
89573659 -185327089
270989400 327035519
22747003 -45994194
746335359 898616540
1394107 -1473624
-776930427 -153085152
309118755 372884264
109998790 133451929
651435631 784504108
-119982492 -24436907
265058167 319903492
825983345 994389474
365184187 -759972224
184475419 -383196289
383682827 462544032
14443099 -28680639
422125243 -878693744
307452283 -639601794
-953851059 -187731016
123184699 -255405764
-917426223 -180598044
23537851 -47643104
18792763 -37749644
-645540840 -127355503
445455259 -927336589
747182678 899635401
258279615 311752604
-326823525 -64941998
233707364 282205635
52381098 64169381
-663753258 -130921989
-164212650 -33098373
534505609 643901290
-808151715 -159199128
5743771 -10542629
102372919 124282180
211677070 255715249
295561651 356582488
-698877207 -137800212
277400059 -576943214
407494555 -848188909
-943443963 -185693024
269887003 -561278569
-518053914 -102390101
36586843 -74850119
308243131 -641250704
457399580 551184939
-653346162 -128883997
-719691399 -141876196
-741806478 -146206929
306266011 -637128429
356568619 429940480
-244867644 -48892811
-316416429 -62904006
-735302043 -144933184
241021051 -501093354
-147301119 -29786636
301492884 363714515
-369752796 -73348715
447231752 538958607
-761319783 -150028164
-260478288 -51949799
100678281 122244458
197919835 -411227759
581108154 699938645
99854683 -206762919
680244477 819145382
339622239 409563260
8907163 -17138269
306661435 -637952884
535352928 644920151
60854288 74357991
84433147 -174609174
69011611 -142455429
-30221289 -6859226
466720089 562392410
67825339 -139982064
561619817 676504842
117253339 -243038939
-864089856 -170153335
562467136 677523703
-788638410 -155377893
-330726186 -65706245
307424117 370846542
-835470342 -164548857
-633832857 -125062762
498070892 600090267
-211044582 -42269337
257432296 310733743
547215394 659184205
207440475 250620944
176089672 212923087
13404424 17301775
-225354339 -45071576
206619163 -429365769
394050139 -820157439
404726587 -842417724
-771726879 -152066156
426079483 -886938294
631099975 760051444
-386664327 -76660452
-43230159 -9406716
30655483 -62483294
-498540609 -98568866
14838523 -29505094
-841974777 -165822602
-720992286 -142130945
188825083 -392265294
-585700038 -115637049
-368451909 -73093966
-895311144 -176267311
590428663 711146116
-151203780 -30550883
-944744850 -185947773
-857585421 -168879590
570940326 687712313
437151355 -910023034
-571390281 -112834810
402354043 -837470994
-69247899 -14501696
-127787814 -25965401
177784310 214960809
161685249 195602450
610764319 735598780
3371227 -5595899
-834169455 -164294108
-549275202 -108504077
-27619515 -6349728
358263257 431978202
300334651 -624761604
-328124412 -65196747
-31522176 -7113975
189615931 -393914204
-477726417 -94492882
167867611 -348569179
379419451 -789652604
422916091 -880342654
553146627 666316232
-372354570 -73858213
-796443732 -156906387
-132991362 -26984397
625168742 752919417
370973042 447261117
790395947 951597312
629405337 758013722
728541660 877220459
264746491 -550560654
510780677 615373182
-607815117 -119967782
100250107 -207587374
-159009102 -32079377
57148891 -117721779
-965559042 -190023757
-756116235 -149009168
415403035 -864678009
-338531508 -67234739
-546673428 -107994579
-160309989 -32334126
389305051 -810263979
446384433 537939746
136265679 165036620
-525859236 -103918595
325246363 -676702269
-710585190 -140092953
587039387 707070672
326912454 394280345
40145659 -82270214
734472893 884352486
823441388 991332891
270677851 -562927479
-555779637 -109777822
-983771460 -193590243
257628859 -535720464
270142081 326016658
244722511 295450828
330782299 -688244639
10488859 -20436089
394445563 -820981894
-130389588 -26474899
33818875 -69078934
791243266 952616173
23572252 29528107
100645531 -208411829
254465467 -529124824
281157228 339261851
341458747 -710504924
6534619 -12191539
428847451 -892709479
500612849 603146850
449014075 -934756684
-665054145 -131176738
366370459 -762445589
304288891 -633006154
400629207 482921252
283699185 342318434
57544315 -118546234
-786036636 -154868395
222040699 -461519514
86014843 -177906994
-870594291 -171427080
-473823756 -93728635
-979868799 -192825996
352332024 424846175
157191163 -326308894
-507646818 -100352109
292030747 -607448049
-728797608 -143659439
270282427 -562103024
216504763 -449977144
546368075 658165344
254890339 307677160
407889979 -849013364
-715788738 -141111949
221844898 267941581
1789531 -2298079
774296886 932238953
523490462 630656097
-168115311 -33862620
605680405 729485614
736167531 886390208
81189944 98810655
-812054376 -159963375
121013937 146697122
-891408483 -175503064
170240155 -353515909
393654715 -819332984
193570171 -402158754
450200347 -937230049
63475675 -130913059
199814604 241451195
725999703 874163876
-329425299 -65451496
-968160816 -190533255
431132691 519600248
679397158 818126521
291635323 -606623594
248959106 300545133
-295602237 -58828022
129116059 -267772589
21877614 27490385
33028027 -67430024
141349593 171149786
202664923 -421121219
348180955 -724520659
454857623 548128356
375209637 452355422
-256575627 -51185552
626863380 754957139
455340859 -947947964
442995157 533864302
419270225 505336194
63871099 -131737514
-860187195 -169389088
293217019 -609921414
569245688 685674591
-208442808 -41759839
293612443 -610745869
252488347 -525002549
-201938373 -40486094
-648142614 -127865001
-79654995 -16539688
276609211 -575294304
425288635 -885289384
-291699576 -58063775
-975966138 -192061749
70988731 -146577704
36191419 -74025664
-345035943 -68508484
-873196065 -171936578
352530619 -733589664
178631629 215979670
816662836 983182003
-363248361 -72074970
376904275 454393144
56617693 69263686
269294762 324997797
-493337061 -97549870
-333327960 -66215743
5778553 8132026
210829751 254696388
85426539 103904960
328805179 -684122364
56753467 -116897324
-563584959 -111306316
-923930658 -181871789
519253867 625561792
-769125105 -151556658
430285372 518581387
304684315 -633830609
-723594060 -142640443
-169416198 -34117369
412491673 497185306
354903163 -738536394
-661151484 -130412491
-467319321 -92454890
470956684 567486715
574329602 691787757
474716635 -988346259
132279451 -274368229
-411381180 -81500683
-843275664 -166077351
12557105 16282914
223226971 -463992879
313779067 -652793074
393003336 473751503
195151867 -405456574
-797744619 -157161136
623474104 750881695
-904417353 -178050554
388118779 -807790614
475193279 572581020
388766741 468657198
-792541071 -156142140
408285403 -849837819
-9407097 -2783242
385746235 -802843884
473134939 -985048439
298357531 -620639329
-714487851 -140857200
76524667 -158120074
314174491 -653617529
120021307 -248810124
-490735287 -97040372
469971547 -978452799
518406548 624542931
109151471 132433068
343831291 -715451654
488750383 588882796
-974665251 -191807000
181312027 -376600649
-726195834 -143149941
-480328191 -95002380
803953051 967899088
-600009795 -118439288
354873981 427902758
88815815 107980404
425201458 512468221
-935638641 -184164530
-910921788 -179324299
96441686 117150153
231926299 -482130889
-616921326 -121751025
-676762128 -133469479
297566683 -618990419
-114778944 -23417911
318439264 384091735
-472522869 -93473886
290844475 -604974684
334538325 403450094
-309911994 -61630261
615000914 740693085
-259177401 -51695050
819204793 986238586
-912222675 -179579048
179478948 216998531
46077019 -94637039
-274788045 -54752038
-675461241 -133214730
492139659 592958240
129906907 -269421499
349790067 421789592
-426991824 -84557671
709053323 853786656
-680664789 -134233726
215066346 259790693
5348347 -9718174
331149049 399374650
154059378 186432701
331996368 400393511
477089179 -993292989
620932147 747825112
556535903 670391676
392863867 -817684074
277767952 335186407
42913627 -88041399
143891550 174206369
-512850366 -101371105
447432379 -931458864
39354811 -80621304
392156017 472732642
-658549710 -129902993
335131963 -697313644
415007611 -863853554
429638299 -894358389
771754929 929182370
-905718240 -178305303
87596539 -181204814
-374956344 -74367711
341854171 -711329379
16793700 21377219
-598708908 -118184539
35400571 -72376754
200687803 -416998944
-51035481 -10935210
290053627 -603325774
541284161 652052178
436755931 -909198579
-391867875 -77679448
-446505129 -88378906
715831875 861937544
137419963 -285086144
275422939 -572820939
234298843 -487077619
-17212419 -4311736
140583355 -291681784
-195433938 -39212349
188799457 228206002
-809452602 -159453877
168463801 203753338
392073019 -816035164
-350239491 -69527480
185410181 224130558
-503744157 -99587862
826830664 995408335
336713659 -700611464
178148635 -370005009
687870348 828315131
603138448 726429031
327618907 -681648999
237857659 -494497714
-325522638 -64687249
-922629771 -181617040
-780833088 -153849399
69407035 -143279884
503154806 606203433
737862169 888427930
608222362 732542197
-277389819 -55261536
306576798 369827681
427265755 -889411659
34587399 42773300
62289403 -128439694
-110876283 -22653664
401958619 -836646539
-485531739 -96021376
-907019127 -178560052
368431085 444204534
309033979 -642899614
150073531 -311468704
150864379 -313117614
-315115542 -62649257
312508031 376959708
263164795 -547262834
59159650 72320269
365041809 440129090
442147838 532845441
112112827 -232321024
308638555 -642075159
464435611 -966910429
829372621 998464918
133723722 161980037
-456912225 -90416898
199106107 -413701124
998683 -649169
384955387 -801194974
775991524 934276675
-541469880 -106975583
82851451 -171311354
-399673197 -79207942
355298587 -739360849
-269584497 -53733042
-486832626 -96276125
471804003 568505576
358857403 -746780944
576871559 694844340
129511483 -268597044
478582555 576656464
224386855 270998164
442687291 -921565404
-758718009 -149518666
8511739 -16313814
66785521 81490018
15099062 19339497
-580496490 -114618053
-896612031 -176522060
738709488 889446791
-736602930 -145187933
123975547 -257054674
-290398689 -57809026
600596491 723372448
-40628385 -8897218
-730098495 -143914188
-75752334 -15775441
342645019 -712978289
21165307 -42696374
88387387 -182853724
-462115773 -91435894
254043020 306658299
287285659 -597554589
182102875 -378249559
-614319552 -121241527
101831803 -210885194
-237062322 -47364317
420117544 506355055
508238720 612316599
-642939066 -126846005
472651322 569524437
-80955882 -16794437
659908821 794692718
137112998 166055481
-492036174 -97295121
397608955 -827577534
387723355 -806966159
2184955 -3122534
416728268 502279611
511627996 616392043
659061502 793673857
-45831933 -9916214
165890491 -344446904
229949179 -478008614
352926043 -734414119
46867867 -96285949
331177723 -689069094
253195701 305639438
426048777 513487082
-773027766 -152320905
-146000232 -29531887
371906395 -773987959
334341115 -695664734
430429147 -896007299
496376254 598052545
-293000463 -58318524
489597702 589901657
372301819 -774812414
224413243 -466466244
411644354 496166445
464178132 559335827
328409755 -683297909
321292123 -668457719
77315515 -159768984
86410267 -178731449
343435867 -714627199
274378676 331110963
220459003 -458221694
272684038 329073241
40936507 -83919124
-572691168 -113089559
800563775 963823644
335922811 -698962554
583650111 702995228
-460814886 -91181145
633641932 763108027
-884904048 -174229319
-545372541 -107739830
236249321 285262218
820899431 988276308
65057371 -134210879
-78354108 -16284939
198710683 -412876669
449409499 -935581139
370720123 -771514594
549757351 662240788
133465723 -276841594
-106973622 -21889417
-521956575 -103154348
-273487158 -54497289
458504251 -954543604
398087250 479864669
67632840 82508879
215318491 -447503779
-763921557 -150537662
373092667 -776461324
10093435 -19611634
566703731 682618008
108304152 131414207
84037723 -173784719
-250071192 -49911807
36982267 -75674574
62684827 -129264149
624321423 751900556
212550523 -441732594
214132219 -445030414
411844219 -857257914
289262779 -601676864
741251445 892503374
343040443 -713802744
241333235 291375384
775144205 933257814
218481883 -454099419
57465012 70282547
45681595 -93812584
-799045506 -157415885
70593307 -145753249
409102397 493109862
-205841034 -41250341
242180554 292394245
147305563 -305697519
113388066 137527373
313383643 -651968619
-618222213 -122005774
419752699 -873747014
51217531 -105354954
198119966 239413473
282851866 341299573
240625627 -500268899
-770425992 -151811407
305870587 -636303974
362811643 -755025494
-285195141 -56790030
171005758 206809921
82456027 -170486899
346400791 417714148
-795142845 -156651638
394697974 475789225
697190857 839522602
41331931 -84743579
698038176 840541463
-10707984 -3037991
34214299 -69903389
592970620 714202699
399586075 -831699809
454010304 547109495
216109339 -449152689
-476425530 -94238133
-787337523 -155123144
27887515 -56712109
298752955 -621463784
753113911 906767428
537047566 646957873
420938971 -876220379
284913115 -592607859
87991963 -182029269
373883515 -778110234
329454411 397336928
59126011 -121844054
656519545 790617274
654824907 788579552
309429403 -643724069
-654647049 -129138746
242207323 -503566719
203203880 245526639
441300519 531826580
26305819 -53414289
792090585 953635034
185661691 -385669654
513322634 618429765
539589523 650014456
364194490 439110229
190802203 -396387569
264210848 318884631
323269243 -672579994
-5504436 -2018995
255651739 -531598189
436360507 -908374124
-157708215 -31824628
191593051 -398036479
284546504 343337295
-19814193 -4821234
-213646356 -42778835
828525302 997446057
602291129 725410170
793785223 955672756
186452539 -387318564
456552261 550166078
384164539 -799546064
-882302274 -173719821
165495067 -343622449
618390190 744768529
693801581 835447158
431219995 -897656209
699732814 842579185
217608303 262847276
353179343 425865036
-410080293 -81245934
304034841 366771098
522643143 629637236
381001147 -792950424
155609467 -323011074
584497430 704014089
246556987 -512635724
-134292249 -27239146
509086039 613335460
-129088701 -26220150
87968496 106961543
316942459 -659388714
-529761897 -104682842
181173586 219036253
-332027073 -65960994
691259624 832390575
246417149 297488550
384530146 463562893
787853990 948540729
348095429 419751870
162532568 196621311
-39327498 -8642469
268305307 -557980749
476693755 -992468534
298950927 360657932
211759675 -440083684
288783099 348431600
458108827 -953719149
254070043 -528300369
-962957268 -189514259
781922757 941408702
-442602468 -87614659
183715543 222092836
71779579 -148226614
809036965 974012254
798021818 960767061
137960317 167074342
419357275 -872922559
119230459 -247161214
301916347 -628059424
47297184 58056215
-484230852 -95766627
476887917 574618742
332759419 -692366914
174395034 210885365
-361947474 -71820221
-286496028 -57044779
449773709 542015190
425684059 -886113839
474345960 571562159
282540571 -587661129
320105851 -665984354
814120879 980125420
127929787 -265299224
434778811 -905076304
768365653 925106926
85619419 -177082539
-378859005 -75131958
333550267 -694015824
436216605 525713414
-620823987 -122515272
319710427 -665159899
307056859 -638777339
276073314 333148685
333154843 -693191369
410657947 -854784549
-73150560 -15265943
-553177863 -109268324
118471980 143640539
148975464 180319535
119625883 -247985669
-814656150 -160472873
280958875 -584363309
-420487389 -83283926
51533779 63150520
709900642 854805517
-858886308 -169134339
-235761435 -47109568
-886204935 -174484068
144142171 -299101879
36282037 44811022
674313244 812013355
379024027 -788828149
619237509 745787390
-562284072 -111051567
86805691 -179555904
252348382 304620577
803105732 966880227
121603003 -252107944
68480159 83527740
341063323 -709680469
-354142152 -70291727
-717089625 -141366698
43907908 53980771
-909620901 -179069550
-514151253 -101625854
-156407328 -31569879
385350811 -802019429
262373947 -545613924
154818619 -321362164
236671387 -492024349
98983643 120206736
172217275 -357638184
256584977 309714882
742098764 893522235
247347835 -514284634
431980010 520619109
494681616 596014823
-775629540 -152830403
-793841958 -156396889
617542871 743749668
19335657 24433802
714984556 860918683
31198123 38697856
642115122 773296637
664145416 799787023
80874331 -167189079
-220150791 -44052580
-704080755 -138819208
84828571 -175433629
72716754 88622045
318128731 -661862079
106609514 129376485
-628629309 -124043766
-610416891 -120477280
407407759 491072140
406703707 -846539999
418171003 -870449194
558230541 672429398
16815643 -33627369
462853915 -963612609
97086715 -200991734
-155106441 -31315130
-611717778 -120732029
93052410 113074709
-281292480 -56025783
295984987 -615692599
-713186964 -140602451
351739771 -731940754
366765883 -763270044
279377179 -581065489
-26318628 -6094979
152050651 -315590979
365889128 441147951
611611638 736617641
548910032 661221927
-946045737 -186202522
-304708446 -60611265
432406267 -900129574
-619523100 -122260523
422659501 509411638
-914824449 -180088546
177753211 -369180554
648893674 781447525
-947346624 -186457271
776838843 935295536
230344603 -478833069
-190230390 -38193353
147700987 -306521974
413425915 -860555734
-187628616 -37683855
410797035 495147584
540436842 651033317
515864591 621486348
8320510 11188609
22351579 -45169739
406560440 490053279
439523899 -914969764
527727057 635750402
268700731 -558805204
315897307 381035152
441501019 -919092039
-559682298 -110542069
470109365 566467854
778533481 937333258
218877307 -454923874
-335929734 -66725241
337109083 -701435919
440453200 530807719
155754016 188470423
585344749 705032950
703969409 847673490
-212345469 -42524086
-817257924 -160982371
249720379 -519231364
127792489 154848010
491292340 591939379
-739204704 -145697431
-913523562 -179833797
-148602006 -30041385
160749979 -333728989
-121283379 -24691656
445059835 -926512134
255737658 308696021
-987674121 -194354490
-916125336 -180343295
555688584 669372815
-568788507 -112325312
557383222 671410537
310813393 374921986
62548926 76395713
326037211 -678351179
718373832 864994127
12861403 -25382819
673465925 810994494
827677983 996427196
259126934 312771465
76953349 93716350
424354139 511449360
453162985 546090634
664992735 800805884
472344091 -983399529
773449567 931220092
128639808 155866871
749724635 902691984
222831547 -463168424
805647689 969936810
267119035 -555507384
125557243 -260352494
802258413 965861366
271468699 -564576389
-177221520 -35645863
69802459 -144104339
154906697 187451562
-766523331 -151047160
362499852 437072507
-243566757 -48638062
227776131 275073608
-592204473 -116910794
465025451 560354688
234694267 -487902074
242998171 -505215629
505696763 609260016
789548628 950578451
226928812 274054747
-407478519 -80736436
61701607 75376852
220063579 -457397239
151655227 -314766524
362416219 -754201039
266752805 321941214
151259803 -313942069
-152680 999999
297171259 -618165964
-869293404 -171172331
-689770998 -136016969
-482929965 -95511878
581955473 700957506
-966859929 -190278506
-430894485 -85321918
-287796915 -57299528
126945170 153829149
730236298 879258181
459690523 -957016969
202269499 -420296764
415798459 -865502464
134651995 -279314959
-679363902 -133978977
275225995 332129824
648046355 780428664
239638597 289337662
64266523 -132561969
216760984 261828415
-15911532 -4056987
248138683 -515933544
731083617 880277042
108949435 -225725384
517559229 623524070
568398369 684655730
192383899 -399685389
-209743695 -42014588
461272219 -960314789
443873563 -924038769
174589819 -362584914
377751594 455412005
250906651 -521704729
-408779406 -80991185
233507995 -485428709
-278690706 -55516285
607375043 731523336
124766395 -258703584
443478139 -923214314
-688470111 -135762220
240230203 -499444444
788701309 949559590
-767824218 -151301909
382582843 -796248244
493834297 594995962
533658290 642882429
231135451 -480481979
175242353 211904226
305079739 -634655064
-588301812 -116146547
-109575396 -22398915
114485371 -237267754
232012726 280167913
158772859 -329606714
-762620670 -150282913
349762651 -727818479
-649443501 -128119750
-289097802 -57554277
-131690475 -26729648
74152123 -153173344
-570089394 -112580061
223622395 -464817334
182868224 221073975
80478907 -166364624
212945947 -442557049
366736447 442166812
190011355 -394738659
448926390 540996329
248534107 -516757999
-948647511 -186712020
131488603 -272719319
724305065 872126154
116067067 -240565574
249806425 301563994
194756443 -404632119
320501275 -666808809
-930435093 -183145534
39671313 48886466
213341371 -443381504
460481371 -958665879
630252656 759032583
702274771 845635768
206593156 249602083
443082715 -922389859
454154587 -945474599
620084828 746806251
-558381411 -110287320
666687373 802843606
-303407559 -60356516
-233159661 -46600070
-806850828 -158944379
-222752565 -44562078
68616187 -141630974
701427452 844616907
-393168762 -77934197
387072103 466619476
779380800 938352119
173008123 -359287094
372667680 449298839
477484603 -994117444
91155355 -188624909
20769883 -41871919
-505045044 -99842611
-734001156 -144678435
132876403 160961176
127534363 -264474769
-242265870 -48383313
130334446 157904593
363207067 -755849949
-494637948 -97804619
458246899 552203800
138210811 -286735054
683633753 823220826
260821572 314809187
379814875 -790477059
497223573 599071406
243393595 -506040084
105762195 128357624
125250532 151791427
37129356 45829883
731930936 881295903
276213787 -574469849
289630418 349450461
-547974315 -108249328
228367483 -474710794
54380923 -111950594
298103608 359639071
614153595 739674224
-515452140 -101880603
627710699 755976000
202356561 244507778
-875797839 -172446076
812426241 978087698
-125186040 -25455903
563314455 678542564
-82256769 -17049186
-744408252 -146716427
322675859 389186040
86273858 104923821
317733307 -661037624
460876795 -959490334
-951249285 -187221518
376256059 -783056964
474321211 -987521804
542131480 653071039
56358043 -116072869
349367227 -726994024
-605213343 -119458284
61103131 -125966329
-153805554 -31060381
643809760 775334359
225204091 -468115154
295194139 -614043689
33423451 -68254479
361229947 -751727674
335527387 -698138099
369278404 445223395
475902907 -990819624
441896443 -919916494
350553499 -729467389
104204347 -215831924
772602248 930201231
463330813 558316966
-252672966 -50421305
280168027 -582714399
525185100 632693819
481124512 579713047
470366971 -979277254
92737051 -191922729
-613018665 -120986778
-32823063 -7368724
99830962 121225597
-668956806 -131940985
-122584266 -24946405
-819859698 -161491869
676855201 815069938
767518334 924088065
363602491 -756674404
-54938142 -11699457
66639067 -137508699
-982470573 -193335494
399190651 -830875354
449804923 -936405594
297962107 -619814874
248111787 299526272
342249595 -712153834
616695552 742730807
-229257000 -45835823
804800370 968917949
357275707 -743483124
203060347 -421945674
320133902 386129457
-221451678 -44307329
-181124181 -36410110
-188929503 -37938604
-1601775 -1254748
418961851 -872098104
516711910 622505209
-105672735 -21634668
192188733 232281446
-13309758 -3547489
571787645 688731174
216900187 -450801599
-990275895 -194863988
145328443 -301575244
-428292711 -84812420
-848479212 -167096347
-406177632 -80481687
235089691 -488726529
363347171 438091368
11709786 15264053
769212972 926125787
-866691630 -170662833
312197371 -649495254
80342625 97791794
-468620208 -92709639
-952550172 -187476267
337504507 -702260374
110531131 -229023204
591275982 712164977
-973364364 -191552251
245370715 -510162359
189646776 229224863
-685868337 -135252722
4557499 -8069264
417380155 -868800284
155214043 -322186619
170158439 205791060
329200603 -684946819
402749467 -838295449
305729479 368808820
473498641 570543298
172612699 -358462639
385377465 464581754
-265681836 -52968795
-601310682 -118694037
667534692 803862467
-341133282 -67744237
-998081217 -196392482
-810753489 -159708626
465872770 561373549
431615419 -898480664
-838072116 -165058355
144933019 -300750789
-416584728 -82519679
244579867 -508513449
642962441 774315498
-454310451 -89907400
196338139 -407929939
-918727110 -180852793
359252827 -747605399
139792507 -290032874
-93964752 -19341927
609069681 733561058
39750235 -81445759
432827329 521637970
197272647 238394612
-67947012 -14246947
277795483 -577767669
128325211 -266123679
21956155 -44345284
278190907 -578592124
551451989 664278510
355721300 428921619
471553243 -981750619
85223995 -176258084
237096640 286281079
448223227 -933107774
142196912 172168647
44890747 -92163674
427661179 -890236114
798869137 961785922
133861147 -277666049
398004379 -828401989
168263035 -349393634
-322920864 -64177751
213371708 257752971
-567487620 -112070563
67429915 -139157609
-707983416 -139583455
173403547 -360111549
92205091 112055848
282004547 340280712
288867355 -600852409
-852381873 -167860594
75338395 -155646709
-231858774 -46345321
-639036405 -126081758
507391401 611297738
-921328884 -181362291
-381460779 -75641456
-961656381 -189259510
-544071654 -107485081
142560475 -295804059
-35424837 -7878222
637031208 767183471
322478395 -670931084
81269755 -168013534
103413499 -214183014
11279707 -22084999
-652045275 -128629248
199896955 -415350034
213736795 -444205959
-995479443 -195882984
21030295 26471524
2580379 -3946989
314569915 -654441984
-856284534 -168624841
4952923 -8893719
554841265 668353954
-955151946 -187985765
287088461 346393878
435369286 524694553
393259291 -818508529
678549839 817107660
-385363440 -76405703
-845877438 -166586849
-395770536 -78443695
-298204011 -59337520
786159352 946503007
9302587 -17962724
-731399382 -144168937
73564073 89640906
645504398 777372081
396422683 -825104169
-750912687 -147990172
-589602699 -116401296
259974253 313790326
-632531970 -124808013
279462590 337224129
-828965907 -163275112
163379887 197640172
421812182 508392777
120166618 145678261
146514715 -304048609
207805435 -431839134
330386875 -687420184
370324699 -770690139
422520667 -879518199
-934337754 -183909781
93923323 -194396094
40541083 -83094669
150468955 -312293159
-99168300 -20360923
413030491 -859731279
698885495 841560324
37773115 -77323484
487055745 586845074
-996780330 -196137733
-865390743 -170408084
405517435 -844066634
-697576320 -137545463
190406779 -395563114
17211067 -34451824
695496219 837484880
-901815579 -177541056
416984731 -867975829
-644239953 -127100754
135418360 164017759
378598913 456430866
26114209 32584690
382835508 461525171
795479861 957710478
94714171 -196045004
131181765 158923454
621779466 748843973
29469211 -60009929
77710939 -160593439
-711886077 -140347702
428452027 -891885024
18001915 -36100734
63396245 77414574
761587101 916956038
151517421 183376118
-851080986 -167605845
-667655919 -131686236
-312513768 -62139759
576024240 693825479
13256827 -26207274
387919422 467638337
391308698 471713781
189220507 -393089749
-143398458 -29022389
32892761 40735578
143044231 173187508
-897912918 -176776809
682786434 822201965
378628603 -788003694
-931735980 -183400283
103220238 125301041
198315259 -412052214
-538868106 -106466085
247264468 298507411
408255078 492091001
93527899 -193571639
-825063246 -162510865
-441301581 -87359910
380605723 -792125969
365975035 -761621134
694639 2018860
272259547 -566225299
232860045 281186774
-342434169 -67998986
-981169686 -193080745
-542770767 -107230332
4931234 7113165
239834779 -498619989
143746747 -298277424
317591945 383072874
293019694 353525905
386141659 -803668339
75733819 -156471164
46449865 57037354
148128145 179300674
552299308 665297371
-23716854 -5585481
106181467 -219954199
319286583 385110596
-8106210 -2528493
197524411 -410403304
225994939 -469764064
258419707 -537369374
440710171 -917443129
-313814655 -62394508
809884284 975031115
-844576551 -166332100
144738869 175225230
-747010026 -147225925
708206004 852767795
-166814424 -33607871
50426683 -103706044
49635835 -102057134
371820361 448279978
626016061 753938278
8116315 -15489359
-170717085 -34372118
434383387 -904251849
363997915 -757498859
-373655457 -74112962
267514459 -556331839
-969461703 -190788004
180521179 -374951739
-270885384 -53987791
115671643 -239741119
187104819 226168280
356484859 -741834214
232321723 -482955344
-135593136 -27493895
286890235 -596730134
-118681605 -24182158
615848233 741711946
340469558 410582121
287681083 -598379044
140502274 170130925
273050395 -567874209
-415283841 -82264930
141769627 -294155149
-942143076 -185438275
-22415967 -5330732
-702779868 -138564459
377837755 -786354784
-624726648 -123279519
358066555 -745132034
338295355 -703909284
285393823 344356156
3236596 5075443
-800346393 -157670634
45602546 56018493
762434420 917974899
-86159430 -17813433
-49734594 -10680461
115082704 139565095
-47132820 -10170963
205828315 -427716859
328014331 -682473454
-136894023 -27748644
69327478 84546601
451386619 -939703414
-436098033 -86340914
354026662 426883897
-376257231 -74622460
339481627 -706382649
399781888 481902391
87121177 105942682
-174619746 -35136365
165921844 200696755
74411392 90659767
439605881 529788858
-417885615 -82774428
649740993 782466386
16420219 -32802914
409076251 -851486729
299148379 -622288239
542978799 654089900
193965595 -402983209
104599771 -216656379
570093007 686693452
137815387 -285910599
342164196 412619843
-706682529 -139328706
448618651 -933932229
-294301350 -58573273
208200859 -432663589
224808667 -467290699
799716456 962804783
-227956113 -45581074
-732700269 -144423686
53590075 -110301684
350158075 -728642934
707358685 851748934
332843687 401412372
-433496259 -85831416
-152504667 -30805632
375465211 -781408054
403540315 -839944359
228762907 -475535249
344622139 -717100564
444268987 -924863224
173798971 -360936004
520101186 626580653
-186327729 -37429106
95505019 -197693914
-463416660 -91690643
-348938604 -69272731
239043931 -496971079
316151611 -657739804
806495008 970955671
-629930196 -124298515
672618606 809975633
-933036867 -183655032
318524155 -662686534
468389851 -975154979
-412682067 -81755432
442291867 -920740949
177357787 -368356099
-523257462 -103409097
283726843 -590134494
-214947243 -43033584
-41929272 -9151967
459094218 553222661
212524389 256734110
159959131 -332080079
301520923 -627234969
237066811 -492848804
-87460317 -18068182
265932763 -553034019
315756187 -656915349
205037467 -426067949
-839373003 -165313104
76106030 92697489
486208426 585826213
20182976 25452663
548062713 660203066
-670257693 -132195734
7720891 -14664904
261187675 -543140559
467994427 -974330524
-116079831 -23672660
421334395 -877044834
487903064 587863935
472739515 -984223984
107763163 -223252019
278981755 -580241034
-823762359 -162256116
339086203 -705558194
-813355263 -160218124
-784735749 -154613646
132029084 159942315
266328187 -553858474
345412987 -718749474
597207215 719297004
-117380718 -23927409
460788856 555260383
467567408 563411271
660756140 795711579
183289147 -380722924
341316877 411600982
263363529 317865770
-230557887 -46090572
-554478750 -109523073
128720635 -266948134
-447806016 -88633655
818357474 985219725
-528461010 -104428093
171426427 -355989274
33740080 41754439
31050907 -63307749
376056956 453374283
504002125 607222294
280563451 -583538854
471948667 -982575074
333691006 402431233
367583766 443185673
631947294 761070305
725152384 873145015
-334628847 -66470492
-957753720 -188495263
-847178325 -166841598
278615271 336205268
-879700500 -173210323
-970762590 -191042753
351344347 -731116299
10862467 14245192
31841755 -64956659
-576593829 -113853806
314202669 378997430
-696275433 -137290714
-853682760 -168115343
797174499 959748200
415880949 501260750
83246875 -172135809
315049988 380016291
196733563 -408754394
179334907 -372478374
-939541302 -184928777
123580123 -256230219
228623450 276092469
727694341 876201598
38823994 47867605
-662452371 -130667240
681091796 820164243
159563707 -331255624
106576891 -220778654
98668411 -204289554
-38026611 -8387720
203851195 -423594584
97289005 118169014
195547291 -406281029
401563195 -835822084
392468443 -816859619
97482139 -201816189
362020795 -753376584
754808549 908805150
-894010257 -176012562
115930023 140583956
-14610645 -3802238
19188187 -38574099
-123885153 -25201154
-389266101 -77169950
-438699807 -86850412
41365951 50924188
-66646125 -13992198
29864635 -60834384
223539536 269979303
225599515 -468939609
-172017972 -34626867
240485916 290356523
282935995 -588485584
361652533 436053646
-925231545 -182126538
560772498 675485981
251302075 -522529184
273841243 -569523119
545520756 657146483
520948505 627599514
227181211 -472237429
285308539 -593432314
79292635 -163891259
-296903124 -59082771
-364549248 -72329719
589581344 710127255
-774328653 -152575654
91550779 -189449364
692954262 834428297
450621028 543034051
170635579 -354340364
348942748 420770731
130697755 -271070409
380293551 458468588
-691071885 -136271718
389614060 469676059
414186311 499223028
343858834 414657565
-112177170 -22908413
822594069 990314030
-400974084 -79462691
237462235 -493673259
-300888 -999999
403144891 -839119904
468414727 564430132
-992877669 -195373486
796327180 958729339
345017563 -717925019
251501063 303601716
-471221982 -93219137
-138194910 -28003393
124370971 -257879129
-173318859 -34881616
528574376 636769263
87201115 -180380359
-881001387 -173465072
1541958 3037721
16024795 -31978459
-908320014 -178814801
27492091 -55887654
478275451 -995766354
117624661 142621678
-789939297 -155632642
311801947 -648670799
-34123950 -7623473
368743003 -767392319
379446232 457449727
-429593598 -85067169
184079995 -382371834
-264380949 -52714046
-358044813 -71055974
-4203549 -1764246
204246619 -424419039
-683266563 -134743224
-246168531 -49147560
-108274509 -22144166
526032419 633712680
-534965445 -105701838
-536266332 -105956587
19979035 -40223009
354507739 -737711939
-822461472 -162001367
592123301 713183838
2389277 4056582
28656166 35641273
-84858543 -17558684
-279991593 -55771034
-687169224 -135507471
-832868568 -164039359
452177467 -941352324
-321619977 -63923002
121207579 -251283489
-550576089 -108758826
-96566526 -19851425
302707195 -629708334
-840673890 -165567853
-877098726 -172700825
50031259 -102881589
475112059 -989170714
-657248823 -129648244
-257876514 -51440301
-831567681 -163784610
294403291 -612394779
148887259 -308995339
338774920 408544399
157448654 190508145
-248770305 -49657058
386224784 465600615
336318235 -699787009
26961528 33603551
110135707 -228198749
456131707 -949596874
241811899 -502742264
689564986 830352853
278586331 -579416579
-659850597 -130157742
587886706 708089533
351484705 423827314
-216248130 -43288333
-161610876 -32588875
485361107 584807352
646351717 778390942
294798715 -613219234
740404126 891484513
109344859 -226549839
-458213112 -90671647
373514999 450317700
96691291 -200167279
758197825 912880594
815815517 982163142
-753514461 -148499670
512475315 617410904
437063924 526732275
396027259 -824279714
395236411 -822630804
374278939 -778934689
575176921 692806618
-255274740 -50930803
764976377 921031482
-25017741 -5840230
159143292 192545867
-748310913 -147480674
71384155 -147402159
-12008871 -3292740
-867992517 -170917582
222436123 -462343969
279772603 -581889944
345553472 416695287
42213270 51943049
-724894947 -142895192
156400315 -324659984
-754815348 -148754419
502307487 605184572
756503187 910842872
-520655688 -102899599
644657079 776353220
712442599 857862100
476040598 573599881
405122011 -843242179
599749172 722353587
117648763 -243863394
-581797377 -114872802
745488040 897597679
227576635 -473061884
-626027535 -123534268
-437398920 -86595663
483666469 582769630
89969083 -186151544
356089435 -741009759
-510248592 -100861607
116777342 141602817
-672859467 -132705232
-636434631 -125572260
386537083 -804492794
-91362978 -18832429
187952138 227187141
-464717547 -91945392
311660712 375940847
720915789 868050710
-737903817 -145442682
198967285 240432334
710747961 855824378
404018483 486996696
-920027997 -181107542
52403803 -107828319
343011515 413638704
-641638179 -126591256
324060091 -674228904
811578922 977068837
432801691 -900954029
7473191 10169748
-827665020 -163020363
76920091 -158944529
-365850135 -72584468
825136026 993370613
65452795 -135035334
96295867 -199342824
258024283 -536544919
271836719 328054380
594665258 716240421
102622651 -212534104
-826364133 -162765614
2975803 -4771444
110846109 134470790
118044187 -244687849
276920633 334167546
388514203 -808615069
-144699345 -29277138
636183889 766164610
4162075 -7244809
-432195372 -85576667
482819150 581750769
-36725724 -8132971
-988975008 -194609239
-640337292 -126336507
390461379 470694920
321687547 -669282174
280309909 338242990
462063067 -961963699
544673437 656127622
374674363 -779759144
-752213574 -148244921
676007882 814051077
90759931 -187800454
381988189 460506310
371510971 -773163504
-583098264 -115127551
-527160123 -104173344
135838267 -281788324
-451708677 -89397902
377046907 -784705874
455736283 -948772419
-805549941 -158689630
481971831 580731908
226785787 -471412974
821746750 989295169
-272186271 -54242540
390491323 -812737344
-577894716 -114108555
-892709370 -175757813
29503485 36660134
261668891 315828048
140978779 -292506239
154423195 -320537709
157982011 -327957804
3766651 -6420354
359957895 434015924
-178522407 -35900612
538742204 648995595
29073787 -59185474
54923055 67225964
44099899 -90514764
-52336368 -11189959
588734025 709108394
352135195 -732765209
-466018434 -92200141
543826118 655108761
441105595 -918267584
191988475 -398860934
60006969 73339130
-804249054 -158434881
271073275 -563751934
293867013 354544766
-602611569 -118948786
634489251 764126888
417575587 503298472
90364507 -186975999
-139495797 -28258142
121861256 147715983
-927833319 -182636036
-384062553 -76150954
140187931 -290857329
219272731 -455748329
253279195 -526651459
403935739 -840768814
-694974546 -137035965
423506820 510430499
716679194 862956405
-263080062 -52459297
484513788 583788491
252092923 -524178094
388909627 -809439524
42122779 -86392489
98136324 119187875
420543547 -875395924
810731603 976049976
-306009333 -60866014
250653744 302582855
304882160 367789959
473530363 -985872894
380210299 -791301514
44495323 -91339219
89663134 108999265
760739782 915937177
739556807 890465652
290477737 350469322
296408970 357601349
147280826 178281813
770907610 928163509
479857147 -999064174
675160563 813032216
586192068 706051811
37377691 -76499029
426896096 514505943
470762395 -980101709
123555894 149753705
670076649 806919050
150670102 182357257
466412731 -971032704
596359896 718278143
763281739 918993760
437546779 -910847489
291239899 -605799139
-615620439 -121496276
-709284303 -139838204
504849444 608241155
230740027 -479657524
668382011 804881328
214219027 258771832
241416475 -501917809
173547715 209866504
-991576782 -195118737
413338992 498204167
-705381642 -139073957
166769163 201715616
262516210 316846909
356880283 -742658669
146433507 177262952
-194133051 -38957600
250115803 -520055819
347785531 -723696204
59521435 -122668509
194361019 -403807664
582802792 701976367
257233435 -534896009
408680827 -850662274
420964863 507373916
58312331 71301408
15946381 20358358
-722293173 -142385694
757350506 911861733
302340203 364733376
-479027304 -94747631
468785275 -975979434
308271436 371865403
-740505591 -145952180
405912859 -844891089
336232963 405487816
144537595 -299926334
350948923 -730291844
671771287 808956772
185266267 -384845199
299939227 -623937149
300645565 362695654
210177979 -436785864
782770076 942427563
25910395 -52589834
64243564 78433435
122789275 -254581309
98272987 -203465099
215913665 260809554
303893467 -632181699
54776347 -112775049
286494811 -595905679
337927601 407525538
218086459 -453274964
30350804 37678995
83731901 101867238
224017819 -465641789
18397339 -36925189
755655868 909824011
530269014 638806985
-317717316 -63158755
307847707 -640426249
139001659 -288383964
580260835 698919784
780228119 939370980
142165051 -294979604
332363995 -691542459
-564885846 -111561065
-238363209 -47619066
-337230621 -66979990
445537114 536920885
23142427 -46818649
658214183 792654996
-551876976 -109013575
84579220 102886099
-684567450 -134997973
166285915 -345271359
47658715 -97934859
578566197 696882062
68220763 -140806519
-681965676 -134488475
398795227 -830050899
647199036 779409803
531116333 639825846
-443903355 -87869408
524337781 631674958
-371053683 -73603464
174985243 -363409369
-226655226 -45326325
401476526 483940113
40518632 49905327
-90062091 -18577680
-782133975 -154104148
360834523 -750903219
-631231083 -124553264
603259 175286
-218849904 -43797831
-960355494 -189004761
329596027 -685771274
402323845 484958974
404331163 -841593269
22724933 28509246
219302941 264884998
195578009 236356890
743793402 895559957
-502443270 -99333113
606527724 730504475
167616482 202734477
-929134206 -182890785
364788763 -759147769
111693428 135489651
109740283 -227374294
559925179 674467120
424893211 -884464929
685328391 825258548
-424390050 -84048173
152841499 -317239889
529421695 637788124
663298097 798768162
201874075 -419472309
55770374 68244825
323523178 390204901
-404876745 -80226938
