1599
101507 121504253
382696671 -182511536
76300703 -35702308
815026575 -389661845
220410671 -104752411
7026817 887611433
6656013 846591521
7561211 946728365
3973137 549800393
807236847 -385929407
3133375 456902357
764393343 -365400998
-869127 14128601
4005855 553419797
-890939 11715665
790359103 -377842458
559559 172175909
657933727 -314391012
5914405 764551697
3504179 497922269
-574665 46703237
678706335 -324344180
261955887 -124658747
820219727 -392150137
4267599 582375029
237288415 -112839360
7877485 981715937
988997167 -473019627
3286059 473792909
396977839 -189354339
485261423 -231655303
976014287 -466798897
690431 186653525
950048527 -454357437
230796975 -109728995
7681177 959999513
3493273 496715801
768288207 -367267217
972119423 -464932678
896818719 -428852444
520315199 -248451274
334660015 -159494835
961733119 -459956094
829307743 -396504648
456699087 -217969697
6001653 774203441
712461823 -340518078
708566959 -338651859
3558709 503954609
232095263 -110351068
607300495 -290130165
3395119 485857589
892923855 -426986225
4136727 567897413
278833631 -132745696
465787103 -222324208
887730703 -424497933
551474111 -263381026
6514235 830907437
3231529 467760569
1988245 330223217
940960511 -450002926
239884991 -114083506
250271295 -119060090
5412729 709054169
5216421 687337745
4507531 608917325
73704127 -34458162
376205231 -179401171
953943391 -456223656
17877743 -7709023
5870781 759725825
1137577 236118713
537192943 -256538223
2686229 407437169
180163743 -85468148
572246719 -273334194
2838913 424327721
4354847 592026773
509928895 -243474690
2500827 386927213
4562061 614949665
3460555 493096397
7179501 904501985
842290623 -402725378
11386303 -4598658
560562127 -267735537
3700487 519638693
120442495 -56852790
2271801 361591385
6885039 871927349
438523055 -209260675
5161891 681305405
-541947 50322641
759200191 -362912706
5096455 674066597
6121619 787474589
766773 195098801
905906735 -433206955
142513391 -67428031
7975639 992574149
108757903 -51254133
766989919 -366645144
692987503 -331186983
4300317 585994433
5827157 754899953
5129173 677686001
7615741 952760705
1671971 295235645
-487417 56354981
589124463 -281421143
625476527 -298839187
210024367 -99775827
100968175 -47521695
4791087 640285493
111354479 -52498279
872151247 -417033057
495647727 -236631887
3591427 507574013
419048735 -199929580
554070687 -264625172
5772627 748867613
904608447 -432584882
817623151 -390905991
734055 191479397
85388719 -40056819
8789727 -3354512
2631699 401404829
918889615 -439427685
-367451 69626129
804640271 -384685261
798148831 -381574896
373608655 -178157025
434628191 -207394456
626774815 -299461260
389188111 -185621901
966926271 -462444386
946153663 -452491218
428687 157698293
3144281 458108825
763095055 -364778925
25667471 -11441461
2751665 414675977
1661065 294029177
-618289 41877365
132127087 -62451447
2817101 421914785
445014495 -212371040
424241887 -202417872
224305535 -106618630
6961381 880372625
4529343 611330261
7713895 963618917
1115765 233705777
580036447 -277066632
29562335 -13307680
7637553 955173641
643652559 -307548209
772183071 -369133436
5619943 731977061
606002207 -289508092
6328833 810397481
903310159 -431962809
5434541 711467105
2828007 423121253
-923657 8096261
809833423 -387173553
-312921 75658469
313887407 -149541667
160689423 -76137053
6307021 807984545
243779855 -115949725
243285 137188337
7386715 927424877
168479151 -79869491
-531041 51529109
5270951 693370085
4954677 658382513
3547803 502748141
628073103 -300083333
4976489 660795449
121740783 -57474863
-247485 82897277
7343091 922599005
613791935 -293240530
264552463 -125902893
1093953 231292841
939662223 -449380853
347642895 -165715565
417781 156491825
1497475 275932157
-814597 20160941
832209 202337609
515935 167350037
186655183 -88578513
3613239 509986949
4518437 610123793
4894863 -1488293
895520431 -428230371
-585571 45496769
941269 214402289
761796767 -364156852
293114799 -139588499
42545215 -19528410
2249989 359178449
333361727 -158872762
4660215 625807877
3755017 525671033
145109967 -68672177
1333885 257835137
5445447 712673573
994190319 -475507919
533298079 -254672004
861764943 -412056473
6568765 836939777
723149 190272929
371012079 -176912879
4169445 571516817
5227327 688544213
177567167 -84224002
733234431 -350471246
267149039 -127147039
-934563 6889793
3351495 481031717
755867 193892333
844887199 -403969524
1410227 266280413
248973007 -118438017
60721247 -28237432
696882367 -333053202
6045277 779029313
751410463 -359180268
944855375 -451869145
530701503 -253427858
5031019 666827789
7277655 915360197
4202163 575136221
304799391 -145187156
1802843 309713261
4278505 583581497
621581663 -296972968
455400799 -217347624
-7553 109439573
1224825 245770457
7921109 986541809
674811471 -322477961
499542591 -238498106
851378639 -407079889
4071291 560658605
5838063 756106421
223007247 -105996557
866958095 -414544765
-694631 33432089
82792143 -38812673
878642687 -420143422
687794351 -328698691
307395967 -146431302
522911775 -249695420
7201313 906914921
3089751 452076485
228200399 -108484849
3318777 477412313
102266463 -48143768
-978187 2063921
1573817 284377433
-389263 67213193
5903499 763345229
661828591 -316257231
634564543 -303193698
4769275 637872557
287921647 -137100207
578738159 -276444559
428136751 -204284091
41246927 -18906337
5456353 713880041
521613487 -249073347
274938767 -130879477
5783533 750074081
65914399 -30725724
190550047 -90444732
143811679 -68050104
5598131 729564125
4682027 628220813
968224559 -463066459
805938559 -385307334
853975215 -408324035
3100657 453282953
5652661 735596465
4387565 595646177
657713 183034121
3449649 491889929
894222143 -427608298
103564751 -48765841
7648459 956380109
5892593 762138761
46977 115471913
221473 134775401
241183279 -114705579
247674719 -117815944
935767359 -447514634
8030169 998606489
276003 140807741
254166159 -120926309
5609037 730770593
848782063 -405835743
602107343 -287641873
2468109 383307809
-51177 104613701
367117215 -175046660
746217311 -356691976
6612389 841765649
2064587 338668493
6143431 789887525
7692083 961205981
624178239 -298217114
5947123 768171101
614089 178208249
21772607 -9575242
6405175 818842757
463190527 -221080062
987698879 -472397554
-545577937 -382702485
1126671 234912245
3635051 512399885
6819603 864688541
5314575 698195957
1857373 315745601
-236579 84103745
668320031 -319367596
-302015 76864937
998085183 -477374138
986400591 -471775481
156794559 -74270834
1682877 296442113
325571999 -155140324
1170295 239738117
502139167 -239742252
2642605 402611297
6797791 862275605
5685379 739215869
-727349 29812685
3024315 444837677
6110713 786268121
6285209 805571609
3384213 484651121
364520639 -173802514
883835839 -422631714
6154337 791093993
2915255 432772997
4442095 601678517
486559711 -232277376
6579671 838146245
3353 110646041
309992543 -147675448
-825503 18954473
5499977 718705913
715058399 -341762224
7223125 909327857
1606535 287996837
3962231 548593925
2871631 427947125
769586495 -367889290
413855583 -197441288
155496271 -73648761
957838255 -458089875
3929513 544974521
624995 179414717
870852959 -416410984
265850751 -126524966
51633231 -23882921
537747 169762973
7157689 902089049
739725871 -353581611
-661913 37051493
3471461 494302865
7953827 990161213
7528493 943108961
7932015 987748277
665723455 -318123450
416452159 -198685434
64616111 -30103651
595615903 -284531508
-901845 10509197
-803691 21367409
799491 198718205
57883 116678381
874747823 -418277203
792955679 -379086604
308721 144427145
660530303 -315635158
5990747 772996973
7735707 966031853
921486191 -440671831
2031869 335049089
439593 158904761
5478165 716292977
216515807 -102886192
1050329 226466969
182760319 -86712294
694285791 -331809056
1203013 243357521
7375809 926218409
5729003 744041741
734532719 -351093319
7430339 932250749
825412879 -394638429
776077935 -370999655
670916607 -320611742
743620735 -355447830
408662431 -194952996
2849819 425534189
781271087 -373487947
7779331 970857725
86687007 -40678892
246376431 -117193871
5325481 699402425
352836047 -168203857
6481517 827288033
3166093 460521761
6699637 851417393
215217519 -102264119
-443793 61180853
868256383 -415166838
5510883 719912381
1628347 290409773
1748313 303680921
6067089 781442249
235990127 -112217287
916293039 -438183539
616388511 -294484676
447611071 -213615186
1890091 319365005
71107551 -33214016
229498687 -109106922
5041925 668034257
7364903 925011941
505029 166143569
199661 132362465
837097471 -400237086
618985087 -295728822
7833861 976890065
846185487 -404591597
647547423 -309414428
652740575 -311902720
233393551 -110973141
4572967 616156133
6710543 852623861
770884783 -368511363
-781879 23780345
889028991 -425120006
2958879 437598869
929275919 -444404269
2435391 379688405
47738367 -22016702
2479015 384514277
187953471 -89200586
2053681 337462025
348941183 -166337638
58124671 -26993286
-749161 27399749
4801993 641491961
2391767 374862533
1213919 244563989
839694047 -401481232
1737407 302474453
4027667 555832733
7888391 982922405
942258799 -450624999
-509229 53942045
5074643 671653661
925381055 -442538050
1486569 274725689
433329903 -206772383
403469279 -192464704
39948639 -18284264
978610863 -468043043
69809263 -32591943
77598991 -36324381
6590577 839352713
1922809 322984409
487857999 -232899449
6394269 817636289
2675323 406230701
707268671 -338029786
3645957 513606353
302202815 -143943010
395679551 -188732266
24369183 -10819388
6056183 780235781
747515599 -357314049
490454575 -234143595
3329683 478618781
999999 377926
500840879 -239120179
4616591 620982005
577439871 -275822486
-105707 98581361
1006705 221641097
128232223 -60585228
877344399 -419521349
286909 142014209
2184553 351939641
354134335 -168825930
515122047 -245962982
150303119 -71160469
609897071 -291374311
197041487 -93555097
2947973 436392401
7419433 931044281
1083047 230086373
646807 181827653
212620943 -101019973
5979841 771790505
2402673 376069001
1933715 324190877
7473963 937076621
167180863 -79247418
713760111 -341140151
5958029 769377569
383994959 -183133609
4038573 557039201
4376659 594439709
2228177 356765513
406065855 -193708850
2042775 336255557
-400169 66006725
421645311 -201173726
461405 161317697
7572117 947934833
308694255 -147053375
210567 133568933
6176149 793506929
977312575 -467420970
393082975 -187488120
857870079 -410190254
395969 154078889
422943599 -201795799
4845617 646317833
5587225 728357657
1028517 224054033
459295663 -219213843
777376223 -371621728
6950475 879166157
-334733 73245533
7299467 917773133
705970383 -337407713
6852321 868307945
3176999 461728229
303501103 -144565083
3798641 530496905
4060385 559452137
5859875 758519357
8008357 996193553
7266749 914153729
365818927 -174424587
1344791 259041605
3264247 471379973
7255843 912947261
335958303 -160116908
638459407 -305059917
585229599 -279554924
299606239 -142698864
811131711 -387795626
-214767 86516681
14259 111852509
544982671 -260270661
126933935 -59963155
517718623 -247207128
2293613 364004321
3209717 465347633
5401823 707847701
4932865 655969577
5336387 700608893
1377509 262661009
731936143 -349849173
964329695 -461200240
576141583 -275200413
1595629 286790369
242481567 -115327652
330533 146840081
430733327 -205528237
68789 117884849
4911053 653556641
5554507 724738253
52931519 -24504994
32158911 -14551826
7506681 940696025
469681967 -224190427
7103159 896056709
5052831 669240725
716356687 -342384297
669618319 -319989669
886739 208369949
4114915 565484477
824114591 -394016356
6437893 822462161
2206365 354352577
7659365 957586577
6601483 840559181
-18459 108233105
16579455 -7086950
-171143 91342553
6525141 832113905
603405631 -288263946
-858221 15335069
1879185 318158537
5805345 752487017
4289411 584787965
285325071 -135856061
742322447 -354825757
312589119 -148919594
149004831 -70538396
568351855 -271467975
199638063 -94799243
3296965 474999377
1562911 283170965
914994751 -437561466
5063737 670447193
161987711 -76759126
3427837 489476993
7234031 910534325
2217271 355559045
178865455 -84846075
273640479 -130257404
2544451 391753085
6187055 794713397
360625775 -171936295
2937067 435185933
173672303 -82357783
115249343 -54364498
20474319 -8953169
358029199 -170692149
855273503 -408946108
3253341 470173505
865659807 -413922692
391784687 -186866047
238586703 -113461433
425540175 -203039945
90581871 -42545111
407364143 -194330923
417750447 -199307507
2108211 343494365
908551 210782885
852676927 -407701962
193146623 -91688878
754007039 -360424414
439821343 -209882748
516420335 -246585055
1464757 272312753
2304519 365210789
600809055 -287019800
291816511 -138966426
615090223 -293862603
1453851 271106285
5663567 736802933
33457199 -15173899
289219935 -137722280
4431189 600472049
4474813 605297921
441119631 -210504821
6077995 782648717
676109759 -323100034
84090431 -39434746
188755 131155997
917591327 -438805612
1900997 320571473
369713791 -176290806
-792785 22573877
-40271 105820169
343748031 -163849346
282728495 -134611915
-498323 55148513
2697135 408643637
2086399 341081429
2860725 426740657
698180655 -333675275
709865247 -339273932
185356895 -87956440
6252491 801952205
541087807 -258404442
6241585 800745737
569650143 -272090048
402170991 -191842631
3340589 479825249
3602333 508780481
586527887 -280176997
622879951 -297595041
7048629 890024369
450499 160111229
689092639 -329320764
565755279 -270223829
531999791 -254049931
608598783 -290752238
2075493 339874961
483217 163730633
7135877 899676113
4736557 634253153
6732355 855036797
511227183 -244096763
3596575 -866220
-967281 3270389
2620793 400198361
620283375 -296350895
1693783 297648581
81493855 -38190600
6841415 867101477
-127519 96168425
1148483 237325181
50334943 -23260848
3711393 520845161
931872495 -445648415
1704689 298855049
6536047 833320373
590422751 -282043216
1322979 256628669
691689215 -330564910
594317615 -283909435
355432623 -169448003
635862831 -303815771
139916815 -66183885
559263839 -267113464
6917757 875546753
1846467 314539133
750112175 -358558195
106161327 -50009987
5848969 757312889
720251551 -344250516
891625567 -426364152
412557295 -196819215
679525 185447057
6994099 883992029
5380011 705434765
476173407 -227300792
7081347 893643773
332063439 -158250689
983804015 -470531335
922784479 -441293904
525508351 -250939566
860466655 -411434400
49036655 -22638775
617686799 -295106749
269745615 -128391185
-640101 39464429
4583873 617362601
701337 187859993
2298287 -244147
879940975 -420765495
4245787 579962093
345046319 -164471419
213919231 -101642046
483963135 -231033230
561860415 -268357610
7593929 950347769
2991597 441218273
23070895 -10197315
372310367 -177534952
646249135 -308792355
-552853 49116173
596914191 -285153581
2020963 333842621
341439 148046549
2260895 360384917
6317927 809191013
151601407 -71782542
1159389 238531649
1617441 289203305
-149331 93755489
854021 204750545
2653511 403817765
-672819 35845025
7037723 888817901
786464239 -375976239
-651007 38257961
385063 152872421
3896795 541355117
900713583 -430718663
104863039 -49387914
777679 196305269
985102303 -471153408
3580521 506367545
306097679 -145809229
724146415 -346116735
582633023 -278310778
785165951 -375354166
2740759 413469509
631967967 -301949552
4703839 630633749
6863227 869514413
-683725 34638557
996786895 -476752065
711163535 -339896005
881239263 -421387568
782569375 -374110020
803341983 -384063188
286623359 -136478134
5641755 734389997
-269297 80484341
394381263 -188110193
-356545 70832597
356730911 -170070076
268447327 -127769112
317782271 -151407886
6874133 870720881
6459705 824875097
7310373 918979601
6416081 820049225
741024159 -354203684
2151835 348320237
534596367 -255294077
1355697 260248073
898117007 -429474517
834500895 -398992940
294413087 -140210572
1421133 267486881
526806639 -251561639
477471695 -227922865
973987 218021693
451505935 -215481405
2784383 418295381
2718947 411056573
2326331 367623725
174970591 -82979856
833202607 -398370867
1246637 248183393
5150985 680098937
-225673 85310213
-432887 62387321
-421981 63593789
-203861 87723149
5707191 741628805
864361519 -413300619
4343941 590820305
828009455 -395882575
726742991 -347360881
1552005 281964497
4649309 624601409
-280203 79277873
5718097 742835273
3874983 538942181
7288561 916566665
926679343 -443160123
464488815 -221702135
800745407 -382819042
-83895 100994297
2795289 419501849
1530193 279551561
526841 168556505
134225 125123657
7441245 933457217
5794439 751280549
1813749 310919729
7124971 898469645
4900147 652350173
-291109 78071405
7484869 938283089
234691839 -111595214
62019535 -28859505
6470611 826081565
324273711 -154518251
573545007 -273956267
2893443 430360061
4671121 627014345
672214895 -321233815
838395759 -400859159
6492423 828494501
7092253 894850241
1835561 313332665
330765151 -157628616
461892239 -220457989
165882575 -78625345
2119117 344700833
5521789 721118849
1868279 316952069
63317823 -29481578
6775979 859862669
12684591 -5220731
7550305 945521897
3885889 540148649
3994949 552213329
377503519 -180023244
920187903 -440049758
1257543 249389861
5750815 746454677
141215103 -66805958
642354271 -306926136
4049479 558245669
7583023 949141301
668619 184240589
859168367 -410812327
-770973 24986813
184058607 -87334367
2773477 417088913
2337237 368830193
-72989 102200765
6808697 863482073
529403215 -252805785
1541099 280758029
943557087 -451247072
6645107 845385053
4758369 636666089
513823759 -245340909
748813887 -357936122
4365753 593233241
7244937 911740793
911099887 -435695247
448909359 -214237259
508630607 -242852617
955241679 -456845729
548653 170969441
890327279 -425742079
947451951 -453113291
630669679 -301327479
752708751 -359802341
380100095 -181267390
5489071 717499445
259359311 -123414601
5630849 733183529
886432415 -423875860
3951325 547387457
265097 139601273
547579247 -261514807
-182049 90136085
245078143 -116571798
181462031 -86090221
198339775 -94177170
145131 126330125
297009663 -141454718
937065647 -448136707
4463907 604091453
826711167 -395260502
6754167 857449733
6939569 877959689
481366559 -229789084
13982879 -5842804
755305327 -361046487
1824655 312126197
570948431 -272712121
656635439 -313768939
202234639 -96043389
-836409 17748005
796850543 -380952823
718953263 -343628443
446312783 -212993113
2522639 389340149
26965759 -12063534
3406025 487064057
5303669 696989489
6296115 806778077
1781031 307300325
2806195 420708317
583931311 -278932851
489156287 -233521522
442417919 -211126894
284026783 -135233988
4627497 622188473
1061235 227673437
969522847 -463688532
5543601 723531785
552772399 -264003099
-912751 9302729
295711375 -140832645
4398471 596852645
3733205 523258097
4889241 651143705
206129503 -97909608
-629195 40670897
970821135 -464310605
443716207 -211748967
339853167 -161983127
5761721 747661145
6208867 797126333
6088901 783855185
2969785 438805337
3002503 442424741
28264047 -12685607
6263397 803158673
321677135 -153274105
3198811 464141165
704672095 -336785640
420347023 -200551653
778674511 -372243801
702075519 -335541494
4987395 662001917
91880159 -43167184
574843295 -274578340
7910203 985335341
2926161 433979465
990295455 -473641700
6906851 874340285
5467259 715086509
225603823 -107240703
3515085 499128737
548877535 -262136880
721549839 -344872589
-520135 52735577
90601 120297785
437224767 -208638602
194444911 -92310951
6786885 861069137
899415295 -430096590
-563759 47909705
1584723 285583901
4420283 599265581
146408255 -69294250
4496625 607710857
7724801 964825385
5281857 694576553
2369955 372449597
2239083 357971981
700777231 -334919421
254191 138394805
-94801 99787829
3744111 524464565
774779647 -370377582
2664417 405024233
276237055 -131501550
633266255 -302571625
1770125 306093857
4747463 635459621
378801807 -180645317
450207647 -214859332
110056191 -51876206
3242435 468967037
7997451 994987085
960434831 -459334021
6721449 853830329
3307871 476205845
3678675 517225757
-989093 857453
6339739 811603949
1442945 269899817
2588075 396578957
4965583 659588981
226902111 -107862776
1715595 300061517
409960719 -195575069
641055983 -306304063
677408047 -323722107
695584079 -332431129
1759219 304887389
6383363 816429821
2010057 332636153
5292763 695783021
930574207 -445026342
599510767 -286397727
3853171 536529245
5925311 765758165
587826175 -280799070
843588911 -403347451
938363935 -448758780
119144207 -56230717
7539399 944315429
4333035 589613837
5968935 770584037
87985295 -41300965
760498479 -363534779
7408527 929837813
-345639 72039065
3831359 534116309
659232015 -315013085
681302911 -325588326
7491439 -2732439
37352063 -17040118
6350645 812810417
55528095 -25749140
452804223 -216103478
712243 189066461
2097305 342287897
876046111 -418899276
176268879 -83601929
7015911 886404965
504735743 -240986398
352345 149253017
1279355 251802797
725444703 -346738808
3918607 543768053
7702989 962412449
3482367 495509333
821518015 -392772210
7626647 953967173
1432039 268693349
3525991 500335205
6193151 -2110366
730637855 -349227100
563158703 -268979683
773481359 -369755509
7452151 934663685
863063231 -412678546
-116613 97374893
3820453 532909841
260657599 -124036674
3984043 551006861
2140929 347113769
2511733 388133681
7844767 978096533
813728287 -389039772
252867871 -120304236
15281167 -6464877
159391135 -75514980
1399321 265073945
7746613 967238321
1944621 325397345
319627 145633613
6034371 777822845
472278543 -225434573
651442287 -311280647
1192107 242151053
995799 220434629
426838463 -203662018
361924063 -172558368
400872703 -191220558
703373807 -336163567
822816303 -393394283
-29365 107026637
592277 175795313
6503329 829700969
581371 174588845
7757519 968444789
498244303 -237876033
496946015 -237253960
166943 128743061
4921959 654763109
3057033 448457081
5238233 689750681
663126879 -316879304
667021743 -318745523
311290831 -148297521
4714745 631840217
5816251 753693485
2348143 370036661
107459615 -50632060
4158539 570310349
472311 162524165
59422959 -27615359
951346815 -454979510
4093103 563071541
7005005 885198497
856571791 -409568181
3155187 459315293
7397621 928631345
2904349 431566529
4812899 642698429
368415503 -175668733
802043695 -383441115
7114065 897263177
1519287 278345093
-760067 26193281
411259007 -196197142
7604835 951554237
1235731 246976925
1999151 331429685
821303 201131141
783867663 -374732093
840992335 -402103305
6677825 849004457
480068271 -229167011
429435039 -204906164
690390927 -329942837
538491231 -257160296
7790237 972064193
-476511 57561449
4834711 645111365
4016761 554626265
1017611 222847565
1104859 232499309
6132525 788681057
4213069 576342689
512525471 -244718836
363251 150459485
564456991 -269601756
984893 219228161
963081 216815225
795552255 -380330750
864927 205957013
3656863 514812821
2980691 440011805
639757695 -305681990
2195459 353146109
6448799 823668629
80195567 -37568527
454102511 -216725551
1508381 277138625
385293247 -183755682
611195359 -291996384
927977631 -443782196
404767567 -193086777
1366603 261454541
123319 123917189
7495775 939489557
7986545 993780617
779972799 -372865874
491752863 -234765668
738427583 -352959538
493051151 -235387741
550175823 -262758953
473576831 -226056646
116547631 -54986571
680004623 -324966253
19176031 -8331096
3035221 446044145
3765923 526877501
203532927 -96665462
171075727 -81113637
6688731 850210925
138618527 -65561812
-596477 44290301
4780181 639079025
6557859 835733309
-258391 81690809
5674473 738009401
4180351 572723285
506034031 -241608471
319080559 -152029959
34755487 -15795972
6165243 792300461
154197983 -73026688
4223975 577549157
593019327 -283287362
129530511 -61207301
4147633 569103881
7517587 941902493
432031615 -206150310
68510975 -31969870
5936217 766964633
281430207 -133989842
756603615 -361668560
4104009 564278009
6765073 858656201
2359049 371243129
6743261 856243265
43843503 -20150483
217814095 -103508265
6830509 865895009
467085391 -222946281
7190407 905708453
1072141 228879905
604703919 -288886019
973417711 -465554751
4322129 588407369
5194609 684924809
-847315 16541537
1388415 263867477
280131919 -133367769
2446297 380894873
847483775 -405213670
992892031 -474885846
320378847 -152652032
2566263 394166021
6983193 882785561
4191257 573929753
67212687 -31347797
163285999 -77381199
125635647 -59341082
328168575 -156384470
3907701 542561585
1726501 301267985
169777439 -80491564
546280959 -260892734
478769983 -228544938
728041279 -347982954
204831215 -97287535
897645 209576417
191848335 -91066805
-705537 32225621
5739909 745248209
1290261 253009265
1966433 327810281
699478943 -334297348
4605685 619775537
98371599 -46277549
6426987 821255693
2162741 349526705
603183 177001781
3416931 488270525
535894655 -255916150
5020113 665621321
359327487 -171314222
1312073 255422201
8019263 997400021
7812049 974477129
6623295 842972117
787762527 -376598312
387889823 -184999828
136021951 -64317666
2315425 366417257
3536897 501541673
3078845 450870017
542386095 -259026515
5205515 686131277
654038863 -312524793
1268449 250596329
5347293 701815361
7801143 973270661
89283583 -41923038
6197961 795919865
300904527 -143320937
765691631 -366023071
4594779 618569069
435926479 -208016529
494123 164937101
717654975 -343006370
263254175 -125280820
6012559 775409909
788585 197511737
-323827 74452001
4540249 612536729
494349439 -236009814
3373307 483444653
873449535 -417655130
591721039 -282665289
612493647 -292618457
791657391 -378464531
298307951 -142076791
4692933 629427281
-945469 5683325
7822955 975683597
952645103 -455601583
7670271 958793045
524210063 -250317493
1650159 292822709
272342191 -129635331
974715999 -466176824
808535135 -386551480
7964733 991367681
75002415 -35080235
297815 143220677
7768425 969651257
5118267 676479533
72405839 -33836089
519016911 -247829201
4453001 602884985
93178447 -43789257
799447119 -382196969
757901903 -362290633
7146783 900882581
3122469 455695889
54229807 -25127067
329466863 -157006543
4725651 633046685
1911903 321777941
99669887 -46899622
4311223 587200901
2173647 350733173
830606031 -397126721
981207439 -469287189
4409377 598059113
555368975 -265247245
995488607 -476129992
374157 151665953
1977339 329016749
2489921 385720745
4998301 663208385
794253967 -379708677
930363 213195821
909801599 -435073174
156037 127536593
7899297 984128873
722848127 -345494662
843115 203544077
221708959 -105374484
6666919 847797989
655337151 -313146866
875833 207163481
147706543 -69916323
-738255 28606217
399574415 -190598485
818921439 -391528064
25165 113058977
2413579 377275469
737129295 -352337465
390486399 -186243974
3624145 511193417
374906943 -178779098
133425375 -63073520
982505727 -469909262
7332185 921392537
2457203 382101341
322975423 -153896178
2282707 362797853
6546953 834526841
3776829 528083969
2380861 373656065
963031407 -460578167
316483983 -150785813
5881687 760932293
735831007 -351715392
683899487 -326832472
338554879 -161361054
-465605 58767917
2533545 390546617
406875 155285357
1955527 326603813
38650351 -17662191
79695 119091317
2708041 409850105
6230679 799539269
4234881 578755625
869554671 -415788911
629371391 -300705406
3275153 472586441
255464447 -121548382
211322655 -100397900
277535343 -132123623
6274303 804365141
673513183 -321855888
5532695 722325317
2130023 345907301
3067939 449663549
4082197 561865073
2882537 429153593
682601199 -326210399
644950847 -308170282
4856523 647524301
3940419 546180989
924082767 -441915977
2577169 395372489
6099807 785061653
415153871 -198063361
5369105 704228297
468383679 -223568354
-411075 64800257
5358199 703021829
6361551 814016885
835799183 -399615013
7321279 920186069
200936351 -95421316
2729853 412263041
5183703 683718341
7070441 892437305
3667769 516019289
6023465 776616377
123039071 -58096936
1301167 254215733
219112383 -104130338
6895945 873133817
902011871 -431340736
7855673 979303001
812429999 -388417699
956539967 -457467802
-160237 92549021
251569583 -119682163
95775023 -45033403
6634201 844178585
2555357 392959553
882537551 -422009641
648845711 -310036501
94476735 -44411330
130828799 -61829374
124337359 -58719009
557965551 -266491391
7463057 935870153
207427791 -98531681
3809547 531703373
-62083 103407233
5696285 740422337
991593743 -474263773
177849 129949529
965627983 -461822313
7168595 903295517
664425167 -317501377
1475663 273519221
398276127 -189976412
78897279 -36946454
1639253 291616241
919457 211989353
45141791 -20772556
908503311 -434451101
3787735 529290437
271043903 -129013258
952175 215608757
543684383 -259648588
-956375 4476857
3013409 443631209
5140079 678892469
342449743 -163227273
979909151 -468665116
3722299 522051629
4867429 648730769
337256591 -160738981
3187905 462934697
232379 135981869
650143999 -310658574
4823805 643904897
5423635 710260637
5107361 675273065
637161119 -304437844
172374015 -81735710
913696463 -436939393
208726079 -99153754
-607383 43083833
5576319 727151189
-880033 12922133
117845919 -55608644
381398383 -181889463
1791937 308506793
5249139 690957149
3689581 518432225
810397 199924673
3111563 454489421
7059535 891230837
474875119 -226678719
189251759 -89822659
30860623 -13929753
460593951 -219835916
470980255 -224812500
4256693 581168561
5390917 706641233
386591535 -184377755
912398175 -436317320
885134127 -423253787
4943771 657176045
2609887 398991893
816324863 -390283918
907205023 -433829028
5260045 692163617
528104927 -252183712
56826383 -26371213
195743199 -92933024
351537759 -167581784
5172797 682511873
934469071 -446892561
933170783 -446270488
46440079 -21394629
5565413 725944721
789060815 -377220385
-454699 59974385
36071 114265445
-716443 31019153
4551155 613743197
3220623 466554101
3569615 505161077
3362401 482238185
831904319 -397748794
315185695 -150163740
36053775 -16418045
350239471 -166959711
112413 122710721
3046127 447250613
6372457 815223353
598212479 -285775654
635901 180621185
581334735 -277688705
539789519 -257782369
744919023 -356069903
113951055 -53742425
112652767 -53120352
570465 173382377
7942921 988954745
6972287 881579093
686496063 -328076618
7866579 980509469
567053567 -270845902
5085549 672860129
3842265 535322777
341151455 -162605200
744961 192685865
1181201 240944585
258061023 -122792528
5009207 664414853
959136543 -458711948
4485719 606504389
3864077 537735713
457997375 -218591770
137320239 -64939739
2762571 415882445
7212219 908121389
2598981 397785425
729339567 -348605027
482664847 -230411157
-192955 88929617
3438743 490683461
2424485 378481937
-378357 68419661
556667263 -265869318
363222351 -173180441
152899695 -72404615
97073311 -45655476
256762735 -122170455
-614625133 -431072497
503437455 -240364325
158092847 -74892907
-138425 94961957
164584287 -78003272
6219773 798332801
134723663 -63695593
346344607 -165093492
1039423 225260501
10088015 -3976585
6928663 876753221
685197775 -327454545
4638403 623394941
850080351 -406457816
4878335 649937237
7353997 923805473
4125821 566690945
507332319 -242230544
948750239 -453735364
290518223 -138344353
326870287 -155762397
