2959
-938739876 -720947315
-136151226 -105851735
-239776596 -185269139
-905552666 -695512983
-327485651 -252488445
-419935736 -323341227
-289557411 -223420637
-980393211 -752869997
-885572611 -680200477
-149019736 -115714027
-123621361 -96248977
-320712751 -247297765
-776528921 -596630529
-246210851 -190200285
-24059731 -19945981
-918421176 -705375275
-146310576 -113637755
-898779766 -690322303
-683401546 -525258679
-59956101 -47456585
-196430036 -152048787
-444318176 -342027675
-230633181 -178261721
-54876426 -43563575
-813779871 -625179269
-634298021 -487626249
-653262141 -502160153
-185254751 -143484165
-420274381 -323600761
-394876006 -304135711
-361688796 -278701379
-651568916 -500862483
-748082741 -574829673
-793461171 -609607229
-216071446 -167101759
-451429721 -347477889
-453800236 -349294627
-89418216 -70036043
-801250006 -615576511
-9159351 -8526485
-402326196 -309845459
-171708951 -133102805
-816827676 -627515075
-41669271 -33441749
-40653336 -32663147
-434497471 -334501189
661354 -999999
-40314691 -32403613
-890990931 -684353021
-662066911 -508908037
-779576726 -598966335
-239437951 -185009605
-738939326 -567822255
-503581051 -387446125
-74239239 106007079
-400971616 -308807323
-736230166 -565745983
-162226891 -125835853
-993261721 -762732289
-892684156 -685650691
-139199031 -108187541
-442963596 -340989539
-830034831 -637636901
-998341396 -766625299
-881508871 -677086069
-653939431 -502679221
-387087171 -298166429
-918759821 -705634809
-510353951 -392636805
-387425816 -298425963
-451768366 -347737423
-888959061 -682795817
-745712226 -573012935
-696947346 -535640039
-999018686 -767144367
-68422226 -53944935
-500533246 -385110319
-538122841 -413918593
-688481221 -529151689
-543202516 -417811603
-552684576 -425078555
-580114821 -446100809
-642425501 -493855065
-124637296 -97027579
-44717076 -35777555
-171031661 -132583737
-874735971 -671895389
-542186581 -417033001
-464975521 -357859249
-353561316 -272472563
-314955786 -242885687
-930273751 -714458965
-30493986 -24877127
-387764461 -298685497
-875413261 -672414457
-519836011 -399903757
-531011296 -408468379
-183900171 -142446029
-580792111 -446619877
-593321976 -456222635
-324776491 -250412173
-795154396 -610904899
-724038946 -556402759
-695254121 -534342369
-815811741 -626736473
-207943966 -160872943
-1031871 -2297669
-233680986 -180597527
-624138671 -479840229
-82306671 -64585829
-961767736 -738595627
-789058786 -606233287
-887943126 -682017215
-599078941 -460634713
-851369466 -653987543
-499178666 -384072183
-201509711 -155941797
-729457266 -560555303
-826648381 -635041561
-398601101 -306990585
-25414311 -20984117
-420951671 -324119829
-769417376 -591180315
-986150176 -757282075
-260095296 -200841179
-348142996 -268320019
-482246416 -371095483
-645473306 -496190871
-580453466 -446360343
-226230796 -174887779
-755194286 -580279887
-138521741 -107668473
-15936 -1519067
-545234386 -419368807
-218441961 -168918497
-163920116 -127133523
-928919171 -713420829
-193720876 -149972515
-938401231 -720687781
-532704521 -409766049
-839178246 -644644319
-116509816 -90798763
-138183096 -107408939
-158501796 -122980979
-903520796 -693955779
-772803826 -593775655
-675612711 -519289397
-186947976 -144781835
-981747791 -753908133
-119896266 -93394103
-367784406 -283372991
-959397221 -736778889
-851030821 -653728009
-319019526 -246000095
-399617036 -307769187
-965831476 -741710035
-429756441 -330867713
-64358486 -50830527
-490035251 -377064765
-905214021 -695253449
-617027126 -474390015
-29478051 -24098525
-49796751 -39670565
-302764566 -233542463
-672903551 -517213125
-907245891 -696810653
-683062901 -524999145
-63342551 -50051925
-395553296 -304654779
-339338226 -261572135
-32525856 -26434331
-550652706 -423521351
-601110811 -462191917
-564198506 -433902711
-448720561 -345401617
-219457896 -169697099
-265174971 -204734189
-480891836 -370057347
-11868511 -10602757
-518820076 -399125155
-8143416 -7747883
-594676556 -457260771
-444995466 -342546743
-693226 -2038135
-315971721 -243664289
-991568496 -761434619
-173402176 -134400475
-537445551 -413399525
-17964121 -15274369
-853739981 -655804281
-544895741 -419109273
-649875691 -499564813
-783640466 -602080743
-980054566 -752610463
-916389306 -703818071
-494776281 -380698241
-946190066 -726657063
-850692176 -653468475
-175772691 -136217213
-582823981 -448177081
-160533666 -124538183
-436867986 -336317927
-436190696 -335798859
-617704416 -474909083
-264159036 -203955587
-435852051 -335539325
-161210956 -125057251
-417226576 -321264955
-968540636 -743786307
-280413996 -216413219
-263143101 -203176985
-990552561 -760656017
-923500851 -709268285
-136828516 -106370803
-325453781 -250931241
-153422121 -119087969
-75195126 -59135615
-253661041 -195910033
-971588441 -746122113
-486310156 -374209891
-383023431 -295052021
-863222041 -663071233
-382007496 -294273419
-370832211 -285708797
-545911676 -419887875
-147665156 -114675891
-304457791 -234840133
-375573241 -289342273
-948221936 -728214267
-306828306 -236656871
-531349941 -408727913
-415194706 -319707751
-697963281 -536418641
-757903446 -582356159
-312923916 -241328483
-703720246 -540830719
-912664211 -700963197
-728441331 -559776701
-334935841 -258198193
-109398271 -85348549
-24398376 -20205515
-357625056 -275586971
-733182361 -563410177
-578760241 -445062673
-274657031 -212001141
-765014991 -587806373
-883879386 -678902807
-504258341 -387965193
-460234491 -354225773
-482923706 -371614551
-822584641 -631927153
-626847831 -481916501
-23043796 -19167379
-380652916 -293235283
-611270161 -469977937
-36589596 -29548739
-95852471 -74967189
-442286306 -340470471
-191350361 -148155777
-425692701 -327753305
-426369991 -328272373
-228262666 -176444983
-494098991 -380179173
-820552771 -630369949
-443979531 -341768141
-511369886 -393415407
-849337596 -652430339
-567923601 -436757585
-990891206 -760915551
-846289791 -650094533
-775512986 -595851927
-955672126 -733924015
-962783671 -739374229
-835114506 -641529911
-90772796 -71074179
-141569546 -110004279
-690513091 -530708893
-673919486 -517991727
-620413576 -476985355
-662405556 -509167571
-655971301 -504236425
-328501586 -253267047
-971927086 -746381647
-686449351 -527594485
-796170331 -611683501
-858142366 -659178223
-483939641 -372393153
-120912201 -94172705
-174079466 -134919543
-312246626 -240809415
-647166531 -497488541
-197107326 -152567855
-318680881 -245740561
-584855851 -449734285
-833082636 -639972707
-72824611 -57318877
-812086646 -623881599
-317326301 -244702425
-331210746 -255343319
-542525226 -417292535
-167306566 -129728863
-593999266 -456741703
-332226681 -256121921
-798879491 -613759773
-55215071 -43823109
-252306461 -194871897
-377943756 -291159011
-628879701 -483473705
-245872206 -189940751
-87386346 -68478839
-445672756 -343065811
-843580631 -648018261
-495114926 -380957775
-210314481 -162689681
-172047596 -133362339
-263820391 -203696053
-481907771 -370835949
-188302556 -145819971
-767724151 -589882645
-390473621 -300761769
-709138566 -544983263
-749775966 -576127343
-177804561 -137774417
-691529026 -531487495
-501210536 -385629387
-414856061 -319448217
-363043376 -279739515
-794815751 -610645365
-793122526 -609347695
-979038631 -751831861
-879815646 -675788399
-621429511 -477763957
-160872311 -124797717
-957026706 -734962151
-157824506 -122461911
-233342341 -180337993
-604835906 -465046791
-626509186 -481656967
-227924021 -176185449
-202187001 -156460865
-166967921 -129469329
-538461486 -414178127
-882863451 -678124205
-509338016 -391858203
-853062691 -655285213
-560473411 -431047837
-793799816 -609866763
-818859546 -629072279
-476150806 -366423871
-741987131 -570158061
-155792636 -120904707
-912325566 -700703663
-850014886 -652949407
-562505281 -432605041
-356270476 -274548835
-151390251 -117530765
-194398166 -150491583
-16270896 -13976699
-647843821 -498007609
-432804246 -333203519
-154776701 -120126105
-280752641 -216672753
-855771851 -657361485
-4418321 -4893009
-434836116 -334760723
-456170751 -351111365
-467346036 -359675987
-256031556 -197726771
-680692386 -523182407
-867624426 -666445175
-588242301 -452329625
-167983856 -130247931
-977684051 -750793725
-222505701 -172032905
-637345826 -489962055
-659019106 -506572231
-106689111 -83272277
-148342446 -115194959
-452784301 -348516025
-278720771 -215115549
-417903866 -321784023
-703042956 -540311651
-751807836 -577684547
-525931621 -404575369
-16948186 -14495767
-166290631 -128950261
-181868301 -140888825
-297007601 -229130385
-497146796 -382514979
-117864396 -91836899
-29139406 -23838991
-98561631 -77043461
-734536941 -564448313
-943142261 -724321257
-354238606 -272991631
-298700826 -230428055
-11529866 -10343223
-356947766 -275067903
-179836431 -139331621
-492744411 -379141037
-658003171 -505793629
-475473516 -365904803
-865931201 -665147505
-278043481 -214596481
-35912306 -29029671
-763321766 -586508703
-563859861 -433643177
-104995886 -81974607
-875751906 -672673991
-193382231 -149712981
-336967711 -259755397
-181529656 -140629291
-768062796 -590142179
-403342131 -310624061
-711509081 -546800001
-780931306 -600004471
-925871366 -711085023
-469377906 -361233191
-863899331 -663590301
-873720036 -671116787
-364397956 -280777651
-839516891 -644903853
-20673281 -17350641
-654955366 -503457823
-745373581 -572753401
-841548761 -646461057
-963122316 -739633763
-671887616 -516434523
-655294011 -503717357
-677305936 -520587067
-919098466 -705894343
-329856166 -254305183
-183222881 -141926961
-708799921 -544723729
-424676766 -326974703
-419258446 -322822159
-316310366 -243923823
-272963806 -210703471
-257386136 -198764907
-671210326 -515915455
-362366086 -279220447
-796508976 -611943035
-715911466 -550173943
-118880331 -92615501
-316987656 -244442891
-397246521 -305952449
-987843401 -758579745
-315633076 -243404755
-993600366 -762991823
-978699986 -751572327
-199816486 -154644127
-886249901 -680719545
-23721086 -19686447
-766030926 -588584975
-734198296 -564188779
-58262876 -46158915
-278382126 -214856015
-618720351 -475687685
-448381916 -345142083
-710831791 -546280933
-588580946 -452589159
-784317756 -602599811
-17286831 -14755301
-489696606 -376805231
-590274171 -453886829
-410453676 -316074275
-290911991 -224458773
-493421701 -379660105
-244856271 -189162149
-220135186 -170216167
-466330101 -358897385
-144617351 -112340085
-591628751 -454924965
-618381706 -475428151
-266868196 -206031859
-872026811 -669819117
-125991876 -98065715
-808361551 -621026725
-315294431 -243145221
-730811846 -561593439
-536429616 -412620923
-630572926 -484771375
-761628541 -585211033
-824616511 -633484357
-636329891 -489183453
-735891521 -565486449
-336629066 -259495863
-52505911 -41746837
-843241986 -647758727
-616011191 -473611413
-939755811 -721725917
-837146376 -643087115
-439577146 -338394199
-861528816 -661773563
-130732906 -101699191
-523561106 -402758631
-243840336 -188383547
-347804351 -268060485
-916727951 -704077605
-413501481 -318410081
-261788521 -202138849
-56231006 -44601711
-967863346 -743267239
-707783986 -543945127
-641748211 -493335997
-49119461 -39151497
-62326616 -49273323
-921807626 -707970615
-951947031 -731069141
-540832001 -415994865
-455832106 -350851831
-909616406 -698627391
-243163046 -187864479
-220473831 -170475701
-467684681 -359935521
-321051396 -247557299
-127007811 -98844317
-170693016 -132324203
-26091601 -21503185
-143262771 -111301949
-142924126 -111042415
-931289686 -715237567
-808700196 -621286259
-683740191 -525518213
-959058576 -736519355
-263481746 -203436519
-967186056 -742748171
-301071341 -232244793
-164597406 -127652591
-274318386 -211741607
-289218766 -223161103
-407405871 -313738469
-656309946 -504495959
-488342026 -375767095
-747744096 -574570139
-675274066 -519029863
-773481116 -594294723
-359318281 -276884641
-573003276 -440650595
-208282611 -161132477
-740293906 -568860391
-963799606 -740152831
-997325461 -765846697
-929596461 -713939897
-15254961 -13198097
-376250531 -289861341
-619736286 -476466287
-643780081 -494893201
-814118516 -625438803
-687126641 -528113553
-351529446 -270915359
-668501166 -513839183
-219119251 -169437565
-546927611 -420666477
-5434256 -5671611
-549298126 -422483215
-583501271 -448696149
-748760031 -575348741
-74856481 -58876081
-401310261 -309066857
-485971511 -373950357
-69776806 -54983071
-803281876 -617133715
-932982911 -716535237
-783979111 -602340277
-590612816 -454146363
-350852156 -270396291
-882524806 -677864671
-392505491 -302318973
-255354266 -197207703
-691867671 -531747029
-265513616 -204993723
-471071131 -362530861
-283461801 -218749025
-283800446 -219008559
-385055301 -296609225
-522206526 -401720495
-693899541 -533304233
-382684786 -294792487
-507983436 -390820067
-213362286 -165025487
-123282716 -95989443
-924516786 -710046887
-726748106 -558479031
-736907456 -566265051
-531688586 -408987447
-596708426 -458817975
-489019316 -376286163
-869317651 -667742845
-919775756 -706413411
-253322396 -195650499
-766369571 -588844509
-756210221 -581058489
-629218346 -483733239
-470732486 -362271327
-981409146 -753648599
-917066596 -704337139
-329517521 -254045649
-755871576 -580798955
-554377801 -426376225
-430095086 -331127247
-672226261 -516694057
-85354476 -66921635
-249597301 -192795625
-778222146 -597928199
-788042851 -605454685
-43701141 -34998953
-58601521 -46418449
-138860386 -107928007
-752485126 -578203615
-488003381 -375507561
-713202306 -548097671
-613302031 -471535141
-746389516 -573532003
-614317966 -472313743
-293621151 -226535045
-288541476 -222642035
-194736811 -150751117
-566907666 -435978983
-805313746 -618690919
-778899436 -598447267
-471409776 -362790395
-410792321 -316333809
-908600471 -697848789
-379975626 -292716215
-937385296 -719909179
-936030716 -718871043
-941449036 -723023587
-382346141 -294532953
-860174236 -660735427
-823600576 -632705755
-957703996 -735481219
-786349626 -604157015
-417565221 -321524489
-32187211 -26174797
-292943861 -226015977
-640393631 -492297861
-837823666 -643606183
-474457581 -365126201
-428740506 -330089111
-61310681 -48494721
-575712436 -442726867
-561489346 -431826439
-630234281 -484511841
-937723941 -720168713
-621090866 -477504423
-391489556 -301540371
-97545696 -76264859
-460911781 -354744841
-262127166 -202398383
-4756966 -5152543
-962445026 -739114695
-790752011 -607530957
-113123366 -88203423
-736568811 -566005517
-94497891 -73929053
-209298546 -161911079
-6450191 -6450213
-67744936 -53425867
-451091076 -347218355
-837485021 -643346649
-176111336 -136476747
-739955261 -568600857
-81290736 -63807227
-168999791 -131026533
-770771956 -592218451
-235035566 -181635663
-813441226 -624919735
-637684471 -490221589
-231649116 -179040323
-235712856 -182154731
-186609331 -144522301
-927903236 -712642227
-523899751 -403018165
-406389936 -312959867
-618043061 -475168617
-388780396 -299464099
-559457476 -430269235
-378282401 -291418545
-126330521 -98325249
-488680671 -376026629
-21011926 -17610175
-32864501 -26693865
-452445656 -348256491
-495453571 -381217309
-368123051 -283632525
-664437426 -510724775
-400632971 -308547789
-310892046 -239771279
-689158511 -529670757
-478521321 -368240609
-354581 -1778601
-678321871 -521365669
-913002856 -701222731
-116171171 -90539229
-78581576 -61730955
-854078626 -656063815
-778560791 -598187733
-91788731 -71852781
-543541161 -418071137
-469039261 -360973657
-426031346 -328012839
-855094561 -656842417
-660712331 -507869901
-411808256 -317112411
-367445761 -283113457
-869994941 -668261913
-462266361 -355782977
-210653126 -162949215
-975990826 -749496055
-255015621 -196948169
-593660621 -456482169
-473780291 -364607133
-591967396 -455184499
-267884131 -206810461
-859496946 -660216359
-954994836 -733404947
-598401651 -460115645
-695931411 -534861437
-878461066 -674750263
-713540951 -548357205
-579776176 -445841275
-75872416 -59654683
-130055616 -101180123
-995632236 -764549027
-47426236 -37853827
-496130861 -381736377
-974297601 -748198385
-449059206 -345661151
-658680461 -506312697
-268222776 -207069995
-965492831 -741450501
-374557306 -288563671
-465991456 -358637851
-898441121 -690062769
-293959796 -226794579
-516449561 -397308417
-627186476 -482176035
-832743991 -639713173
-714895531 -549395341
-569955471 -438314789
-88740926 -69516975
-644796016 -495671803
-948899226 -728733335
-914018791 -702001333
-760612606 -584432431
-180852366 -140110223
-287525541 -221863433
-652923496 -501900619
-849676241 -652689873
-109736916 -85608083
-303780501 -234321065
-520513301 -400422825
-594337911 -457001237
-95513826 -74707655
-497485441 -382774513
-800234071 -614797909
-806329681 -619469521
-216410091 -167361293
-499855956 -384591251
-31171276 -25396195
-184238816 -142705563
-669178456 -514358251
-608899646 -468161199
-114477946 -89241559
-189995781 -147117641
-370154921 -285189729
-819198191 -629331813
-85693121 -67181169
-251290526 -194093295
-61649326 -48754255
-603142681 -463749121
-230294536 -178002187
-457863976 -352409035
-745034936 -572493867
-706090761 -542647457
-576728371 -443505469
-578082951 -444543605
-428401861 -329829577
-530334006 -407949311
-42007916 -33701283
-529318071 -407170709
-925532721 -710825489
-381330206 -293754351
-341031451 -262869805
-917743886 -704856207
-551329996 -424040419
-772465181 -593516121
-897763831 -689543701
-360334216 -277663243
-989197981 -759617881
-646150596 -496709939
-60633391 -47975653
-430772376 -331646315
-788720141 -605973753
-701349731 -539013981
-851708111 -654247077
-73501901 -57837945
-825632446 -634262959
-738600681 -567562721
-261111231 -201619781
-882186161 -677605137
-700333796 -538235379
-584178561 -449215217
-651907561 -501122017
-271609226 -209665335
-833759926 -640491775
-483262351 -371874085
-503919696 -387705659
-319358171 -246259629
-660373686 -507610367
-966170121 -741969569
-331549391 -255602853
-145971931 -113378221
-195752746 -151529719
-829696186 -637377367
-572325986 -440131527
-832066701 -639194105
-240792531 -186047741
-604158616 -464527723
-686787996 -527854019
-108720981 -84829481
-970233861 -745083977
-174756756 -135438611
-36928241 -29808273
-934676136 -717832907
-926210011 -711344557
-670871681 -515655921
-781608596 -600523539
-847305726 -650873135
-215055511 -166323157
-844935211 -649056397
-461589071 -355263909
-397923811 -306471517
-221151121 -170994769
-962106381 -738855161
-493083056 -379400571
-701688376 -539273515
-816150386 -626996007
-500871891 -385369853
-13561736 -11900427
-175434046 -135957679
-295991666 -228351783
-472764356 -363828531
-216748736 -167620827
-225892151 -174628245
-817166321 -627774609
-692883606 -532525631
-3063741 -3854873
-735214231 -564967381
-910970986 -699665527
-968201991 -743526773
-214378221 -165804089
-514079046 -395491679
-111430141 -86905753
-172724886 -133881407
-982425081 -754427201
-44378431 -35518021
-777544856 -597409131
-88402281 -69257441
-373202726 -287525535
-624815961 -480359297
-733521006 -563669711
-908939116 -698108323
-789736076 -606752355
-226908086 -175406847
-412824191 -317891013
-841210116 -646201523
-951269741 -730550073
-577744306 -444284071
-25075666 -20724583
-569616826 -438055255
-252983751 -195390965
-225553506 -174368711
-12545801 -11121825
-294975731 -227573181
-312585271 -241068949
-947544646 -727695199
-205234806 -158796671
-460573136 -354485307
-81629381 -64066761
-806668326 -619729055
-450413786 -346699287
-676967291 -520327533
-975652181 -749236521
-224537571 -173590109
-834775861 -641270377
-978022696 -751053259
-574357856 -441688731
-38960111 -31365477
-911309631 -699925061
-119218976 -92875035
-498162731 -383293581
-86370411 -67700237
-708122631 -544204661
-96191116 -75226723
-37266886 -30067807
-820891416 -630629483
-207266676 -160353875
-678660516 -521625203
-229955891 -177742653
-474796226 -365385735
-867963071 -666704709
-285155026 -220046695
-917405241 -704596673
-242147111 -187085877
-925194076 -710565955
-505274276 -388743795
-740971196 -569379459
-864915266 -664368903
-326808361 -251969377
-114816591 -89501093
-64019841 -50570993
-949576516 -729252403
-935014781 -718092441
-168661146 -130766999
-506290211 -389522397
-407744516 -313998003
-900472991 -691619973
-151728896 -117790299
-789397431 -606492821
-234358276 -181116595
-50812686 -40449167
-876090551 -672933525
-98222986 -76783927
-643441436 -494633667
-565553086 -434940847
-577405661 -444024537
-600433521 -461672849
-343740611 -264946077
-855433206 -657101951
-465652811 -358378317
-780254016 -599485403
-199139196 -154125059
-174418111 -135179077
-396907876 -305692915
-998002751 -766365765
-2725096 -3595339
-730473201 -561333905
-977006761 -750274657
-632604796 -486328579
-576051081 -442986401
-418919801 -322562625
-365075246 -281296719
-286509606 -221084831
-950253806 -729771471
-335274486 -258457727
-267206841 -206291393
-233003696 -180078459
-894716026 -687207895
-524238396 -403277699
-67406291 -53166333
-479875901 -369278745
-198461906 -153605991
-38621466 -31105943
-827664316 -635820163
-930612396 -714718499
-101270791 -79119733
-943480906 -724580791
-159517731 -123759581
-999357331 -767403901
-283123156 -218489491
-467007391 -359416453
-505612921 -389003329
-8482061 -8007417
-119557621 -93134569
-896747896 -688765099
-296330311 -228611317
-955333481 -733664481
-953301611 -732107277
-809377486 -621805327
-941787681 -723283121
-628202411 -482954637
-140553611 -109225677
-623122736 -479061627
-279736706 -215894151
-973620311 -747679317
-79258866 -62250023
-203880226 -157758535
-307166951 -236916405
-983779661 -755465337
-549975416 -423002283
-3741031 -4373941
-654278076 -502938755
-602804036 -463489587
-389796331 -300242701
-205912096 -159315739
-883540741 -678643273
-986827466 -757801143
-717943336 -551731147
-814457161 -625698337
-769078731 -590920781
-299378116 -230947123
-508322081 -391079601
-470393841 -362011793
-85015831 -66662101
-831728056 -638934571
-960074511 -737297957
-876429196 -673193059
-41330626 -33182215
-154438056 -119866571
-994954946 -764029959
-66051711 -52128197
-737923391 -567043653
-361350151 -278441845
-595353846 -457779839
-323760556 -249633571
-813102581 -624660201
-821907351 -631408085
-426708636 -328531907
-143940061 -111821017
-82645316 -64845363
-163581471 -126873989
-689497156 -529930291
-877106486 -673712127
-84338541 -66143033
-37944176 -30586875
-574019211 -441429197
-564875796 -434421779
-897425186 -689284167
-393860071 -303357109
-995293591 -764289493
-420613026 -323860295
-366429826 -282334855
-200832421 -155422729
-100254856 -78341131
-768740086 -590661247
-260433941 -201100713
-834437216 -641010843
-541847936 -416773467
-824955156 -633743891
-716588756 -550693011
-311907981 -240549881
-238422016 -184231003
-177465916 -137514883
-606190486 -466084927
-18641411 -15793437
-99577566 -77822063
-704058891 -541090253
-536768261 -412880457
-609576936 -468680267
-91111441 -71333713
-840532826 -645682455
-407067226 -313478935
-582146691 -447658013
-405374001 -312181265
-260772586 -201360247
-893361446 -686169759
-33203146 -26953399
-77904286 -61211887
-498840021 -383812649
-989536626 -759877415
-967524701 -743007705
-206589386 -159834807
-664098781 -510465241
-269238711 -207848597
-751130546 -577165479
-710154501 -545761865
-810054776 -622324395
-727764041 -559257633
-668839811 -514098717
-702704311 -540052117
-492067121 -378621969
-398262456 -306731051
-587226366 -451551023
-461250426 -355004375
-97884341 -76524393
-249935946 -193055159
-237067436 -183192867
-106011821 -82753209
-910293696 -699146459
-358640991 -276365573
-164936051 -127912125
-688142576 -528892155
-77565641 -60952353
-842226051 -646980125
-932644266 -716275703
-369138986 -284411127
-545573031 -419628341
-657325881 -505274561
-634636666 -487885783
-441270371 -339691869
-72485966 -57059343
-249258656 -192536091
-886927191 -681238613
-413840126 -318669615
-817843611 -628293677
-880831581 -676567001
-423322186 -325936567
-248920011 -192276557
-680015096 -522663339
-209637191 -162170613
-763999056 -587027771
-731489136 -562112507
-539138776 -414697195
-257724781 -199024441
-645811951 -496450405
-782963176 -601561675
-292266571 -225496909
-409776386 -315555207
-829357541 -637117833
-764337701 -587287305
-355931831 -274289301
-528640781 -406651641
-337306356 -260014931
-473103001 -364088065
-852046756 -654506611
-592644686 -455703567
-6111546 -6190679
-624477316 -480099763
-336290421 -259236329
-369816276 -284930195
-661728266 -508648503
-311230691 -240030813
-563521216 -433383643
-107366401 -83791345
-575373791 -442467333
-693222251 -532785165
-360672861 -277922777
-533381811 -410285117
-66390356 -52387731
-871010876 -669040515
-687803931 -528632621
-293282506 -226275511
-447365981 -344363481
-969217926 -744305375
-355593186 -274029767
-118203041 -92096433
-900134346 -691360439
-615672546 -473351879
-258063426 -199283975
-753839706 -579241751
-282784511 -218229957
-486987446 -374728959
-595015201 -457520305
-584517206 -449474751
-684078836 -525777747
-560812056 -431307371
-241131176 -186307275
-720313851 -553547885
-43362496 -34739419
-612624741 -471016073
-529995361 -407689777
-369477631 -284670661
-104318596 -81455539
-667485231 -513060581
-136489871 -106111269
-251967816 -194612363
-790413366 -607271423
-176788626 -136995815
-620074931 -476725821
-718620626 -552250215
-400294326 -308288255
-84677186 -66402567
-247565431 -191238421
-903182151 -693696245
-133103421 -103515929
-146649221 -113897289
-57924231 -45899381
-96868406 -75745791
-397585166 -306211983
-875074616 -672154923
-14577671 -12679029
-773142471 -594035189
-484955576 -373171755
-378959691 -291937613
-10852576 -9824155
-728102686 -559517167
-836469086 -642568047
-804297811 -617912317
-199477841 -154384593
-599756231 -461153781
-346788416 -267281883
-3402386 -4114407
-291927926 -225237375
-811409356 -623362531
-739616616 -568341323
-48780816 -38891963
-188641201 -146079505
-15932251 -13717165
-296668956 -228870851
-602126746 -462970519
-642086856 -493595531
-393521426 -303097575
-226569441 -175147313
-830373476 -637896435
-534397746 -411063719
-663421491 -509946173
-12884446 -11381359
-765353636 -588065907
-102964016 -80417403
-90095506 -70555111
-676628646 -520067999
-943819551 -724840325
-61987971 -49013789
-808022906 -620767191
-128362391 -99882453
-862544751 -662552165
-445334111 -342806277
-475812161 -366164337
-774497051 -595073325
-129039681 -100401521
-743003066 -570936663
-287864186 -222122967
-718281981 -551990681
-163242826 -126614455
-518481431 -398865621
-950592451 -730031005
-383362076 -295311555
-774835696 -595332859
-726409461 -558219497
-896409251 -688505565
-332903971 -256640989
-920453046 -706932479
-121250846 -94432239
-80952091 -63547693
-28462116 -23319923
-204557516 -158277603
-513740401 -395232145
-318003591 -245221493
-161888246 -125576319
-330194811 -254564717
-802943231 -616874181
-94836536 -74188587
-532027231 -409246981
-152744831 -118568901
-537106906 -413139991
-862206106 -662292631
-141908191 -110263813
-681708321 -523961009
-5772901 -5931145
-737584746 -566784119
-678999161 -521884737
-323421911 -249374037
-666807941 -512541513
-992245786 -761953687
-34896371 -28251069
-626170541 -481397433
-292605216 -225756443
-804975101 -618431385
-956010771 -734183549
-476828096 -366942939
-540154711 -415475797
-240115241 -185528673
-372864081 -287266001
-795831686 -611423967
-437206631 -336577461
-692544961 -532266097
-822245996 -631667619
-489357961 -376545697
-137167161 -106630337
-187963911 -145560437
-899118411 -690581837
-339676871 -261831669
-984456951 -755984405
-535075036 -411582787
-972943021 -747160249
-65374421 -51609129
-123960006 -96508511
-787704206 -605195151
-731150491 -561852973
-744019001 -571715265
-519497366 -399644223
-810393421 -622583929
-200493776 -155163195
-954317546 -732885879
-254338331 -196429101
-65713066 -51868663
-221828411 -171513837
-440593081 -339172801
-334258551 -257679125
-154099411 -119607037
-775174341 -595592393
-499517311 -384331717
-815473096 -626476939
-68760871 -54204469
-639716341 -491778793
-299716761 -231206657
-601449456 -462451451
-409437741 -315295673
-131748841 -102477793
-18980056 -16052971
-663082846 -509686639
-316649011 -244183357
-705074826 -541868855
-792445236 -608828627
-302087276 -233023395
-232665051 -179818925
-711847726 -547059535
-515433626 -396529815
-76549706 -60173751
-185593396 -143743699
-877445131 -673971661
-942803616 -724061723
-122944071 -95729909
-368461696 -283892059
-816489031 -627255541
-940433101 -722244985
-178143206 -138033951
-974974891 -748717453
-547604901 -421185545
-528302136 -406392107
-342047386 -263648407
-266529551 -205772325
-826309736 -634782027
-195075456 -151010651
-585533141 -450253353
-449397851 -345920685
-646827886 -497229007
-31848566 -25915263
-665114716 -511243843
-256370201 -197986305
-250613236 -193574227
-492405766 -378881503
-404019421 -311143129
-275334321 -212520209
-772126536 -593256587
-914357436 -702260867
-654616721 -503198289
-601788101 -462710985
-878799711 -675009797
-71470031 -56280741
-368800341 -284151593
-282445866 -217970423
-431449666 -332165383
-598063006 -459856111
-406051291 -312700333
-196091391 -151789253
-544218451 -418590205
-964815541 -740931433
-518142786 -398606087
-105673176 -82493675
-937046651 -719649645
-285493671 -220306229
-87724991 -68738373
-55553716 -44082643
-403003486 -310364527
-13223091 -11640893
-512724466 -394453543
-696608701 -535380505
-684756126 -526296815
-230971826 -178521255
-402664841 -310104993
-959735866 -737038423
-644118726 -495152735
-868640361 -667223777
-901827571 -692658109
-93820601 -73409985
-15593606 -13457631
-192027651 -148674845
-982086436 -754167667
-783301821 -601821209
-541509291 -416513933
-993939011 -763251357
-648182466 -498267143
-125314586 -97546647
-830712121 -638155969
-865253911 -664628437
-870672231 -668780981
-634975311 -488145317
-652584851 -501641085
-8820706 -8266951
-838839601 -644384785
-411469611 -316852877
-921130336 -707451547
-10175286 -9305087
-104657241 -81715073
-850353531 -653208941
-471748421 -363049929
-91450086 -71593247
-933998846 -717313839
-389119041 -299723633
-43023851 -34479885
-786688271 -604416549
-891668221 -684872089
-669855746 -514877319
-56569651 -44861245
-135135291 -105073133
-207605321 -160613409
-895393316 -687726963
-602465391 -463230053
-131071551 -101958725
-810732066 -622843463
-942464971 -723802189
-412146901 -317371945
-751469191 -577425013
-206250741 -159575273
-897086541 -689024633
-672564906 -516953591
-511708531 -393674941
-376589176 -290120875
-553361866 -425597623
-911986921 -700444129
-605513196 -465565859
-22366506 -18648311
-797186266 -612462103
-504935631 -388484261
-248581366 -192017023
-152067541 -118049833
-93143311 -72890917
-523222461 -402499097
-685433416 -526815883
-835453151 -641789445
-791429301 -608050025
-7127481 -6969281
-401987551 -309585925
-217764671 -168399429
-727086751 -558738565
-275672966 -212779743
-794138461 -610126297
-127346456 -99103851
-215394156 -166582691
-272625161 -210443937
-468023326 -360195055
-978361341 -751312793
-486648801 -374469425
-90434151 -70814645
-16609541 -14236233
-904198086 -694474847
-857126431 -658399621
-110075561 -85867617
-674935421 -518770329
-158840441 -123240513
-279398061 -215634617
-44039786 -35258487
-432465601 -332943985
-388441751 -299204565
-884556676 -679421875
-368311908 848179067
-973958956 -747938851
-491728476 -378362435
-353222671 -272213029
-64697131 -51090061
-800911361 -615316977
-541170646 -416254399
-112784721 -87943889
-733859651 -563929245
-191011716 -147896243
-224198926 -173330575
-958381286 -736000287
-144955996 -112599619
-156808571 -121683309
-137505806 -106889871
-670533036 -515396387
-58940166 -46677983
-610592871 -469458869
-455493461 -350592297
-746728161 -573791537
-836130441 -642308513
-107027756 -83531811
-769756021 -591439849
-801588651 -615836045
-237406081 -183452401
-479537256 -369019211
-933660201 -717054305
-221489766 -171254303
-792106591 -608569093
-889974996 -683574419
-52844556 -42006371
-725054881 -557181361
-714218241 -548876273
-909277761 -698367857
-258402071 -199543509
-648521111 -498526677
-764676346 -587546839
-151051606 -117271231
-456509396 -351370899
-784995046 -603118879
-349836221 -269617689
-215732801 -166842225
-307844241 -237435473
-926548656 -711604091
-710493146 -546021399
-861190171 -661514029
-866608491 -665666573
-706768051 -543166525
-915034726 -702779935
-799895426 -614538375
-982763726 -754686735
-779915371 -599225869
-573341921 -440910129
-759596671 -583653829
-456848041 -351630433
-350513511 -270136757
-73840546 -58097479
-396230586 -305173847
-679337806 -522144271
-184577461 -142965097
-48103526 -38372895
-752823771 -578463149
-371170856 -285968331
-646489241 -496969473
-13900381 -12159961
-870333586 -668521447
-340692806 -262610271
-19657346 -16572039
-929935106 -714199431
-70115451 -55242605
-543879806 -418330671
-384716656 -296349691
-270931936 -209146267
-603481326 -464008655
-55892361 -44342177
-848998951 -652170805
-994616301 -763770425
-367107116 -282853923
-73163256 -57578411
-344079256 -265205611
-729118621 -560295769
-732166426 -562631575
-606529131 -466344461
-761289896 -584951499
-527624846 -405873039
-583839916 -448955683
-390134976 -300502235
-899795701 -691100905
-6788836 -6709747
-214716866 -166063623
-180513721 -139850689
-844257921 -648537329
-606867776 -466603995
-873381391 -670857253
-376927821 -290380409
-272286516 -210184403
-268561421 -207329529
-352884026 -271953495
-106350466 -83012743
-69099516 -54464003
-304119146 -234580599
-270593291 -208886733
-271947871 -209924869
-941110391 -722764053
-707445341 -543685593
-179497786 -139072087
-178481851 -138293485
-481569126 -370576415
-290234701 -223939705
-567584956 -436498051
-929257816 -713680363
-723023011 -555624157
-724377591 -556662293
-222844346 -172292439
-534059101 -410804185
-425354056 -327493771
-132764776 -103256395
-961090446 -738076559
-482585061 -371355017
-525254331 -404056301
-152406186 -118309367
-796847621 -612202569
-983441016 -755205803
-212346351 -164246885
-306489661 -236397337
-753162416 -578722683
-657664526 -505534095
-99916211 -78081597
-797863556 -612981171
-162565536 -126095387
-121928136 -94951307
-936369361 -719130577
-266190906 -205512791
-607883711 -467382597
-895731961 -687986497
-904875376 -694993915
-992923076 -762472755
-302425921 -233282929
-752146481 -577944081
-229617246 -177483119
-453461591 -349035093
-983102371 -754946269
-976329471 -749755589
-996309526 -765068095
-179159141 -138812553
-648859756 -498786211
-150035671 -116492629
-625831896 -481137899
-612963386 -471275607
-755532931 -580539421
-130394261 -101439657
-89079571 -69776509
-565214441 -434681313
-542863871 -417552069
-639377696 -491519259
-930951041 -714978033
-211330416 -163468283
-76211061 -59914217
-838162311 -643865717
-717604691 -551471613
-29816696 -24358059
-60294746 -47716119
-856110496 -657621019
-846628436 -650354067
-447704626 -344623015
-267545486 -206550927
-748421386 -575089207
-608561001 -467901665
-446350046 -343584879
-78920221 -61990489
-767046861 -589363577
-335951776 -258976795
-77226996 -60692819
-114139301 -88982025
-47087591 -37594293
-909955051 -698886925
-622445446 -478542559
-391828201 -301799905
-122605426 -95470375
-805991036 -619209987
-725393526 -557440895
-375911886 -289601807
-198800551 -153865525
-182545591 -141407893
-707106696 -543426059
-342724676 -264167475
-927564591 -712382693
-203202936 -157239467
-188979846 -146339039
-421967606 -324898431
-727425396 -558998099
-306151016 -236137803
-907923181 -697329721
-248242721 -191757489
-620752221 -477244889
-285832316 -220565763
-724716236 -556921827
-390812266 -301021303
-438222566 -337356063
-812763936 -624400667
-493760346 -379919639
-318342236 -245481027
-447027336 -344103947
-956349416 -734443083
-760273961 -584172897
-650552981 -500083881
-53183201 -42265905
-863560686 -663330767
-459895846 -353966239
-147326511 -114416357
-192366296 -148934379
-791090656 -607790491
-116848461 -91058297
-355254541 -273770233
-878122421 -674490729
-201171066 -155682263
-415533351 -319967285
-250274591 -193314693
-477844031 -367721541
-437545276 -336836995
-66729001 -52647265
-586210431 -450772421
-597724361 -459596577
-205573451 -159056205
-155453991 -120645173
-305812371 -235878269
-845273856 -649315931
-483600996 -372133619
-505951566 -389262863
-115832526 -90279695
-139876321 -108706609
-731827781 -562372041
-669517101 -514617785
-110414206 -86127151
-553023221 -425338089
-143601416 -111561483
-87047701 -68219305
-7466126 -7228815
-132426131 -102996861
-464636876 -357599715
-526608911 -405094437
-858481011 -659437757
-547943546 -421445079
-454816171 -350073229
-906568601 -696291585
-439238501 -338134665
-728779976 -560036235
-840194181 -645422921
-552007286 -424559487
-150712961 -117011697
-854755916 -656582883
-753501061 -578982217
-995970881 -764808561
-446011401 -343325345
-365413891 -281556253
-951608386 -730809607
-671548971 -516174989
-517804141 -398346553
-129378326 -100661055
-502226471 -386407989
-665792006 -511762911
-771787891 -592997053
-501887826 -386148455
-480214546 -369538279
-549636771 -422742749
-428063216 -329570043
-712525016 -547578603
-111091496 -86646219
-314278496 -242366619
-525592976 -404315835
-432126956 -332684451
-474118936 -364866667
-431111021 -331905849
-9836641 -9045553
-879477001 -675528865
-922823561 -708749217
-987166111 -758060677
-526947556 -405353971
-484278286 -372652687
-758919381 -583134761
-511031241 -393155873
-701011086 -538754447
-190673071 -147636709
-129716971 -100920589
-632266151 -486069045
-59278811 -46937517
-867285781 -666185641
-714556886 -549135807
-597385716 -459337043
-655632656 -503976891
-356609121 -274808369
-880154291 -676047933
-538800131 -414437661
-644457371 -495412269
-969556571 -744564909
-716250111 -550433477
-271270581 -209405801
-807684261 -620507657
-366768471 -282594389
-916050661 -703558537
-774158406 -594813791
-328162941 -253007513
-301409986 -232504327
-718959271 -552509749
-42346561 -33960817
-612286096 -470756539
-384039366 -295830623
-682046966 -524220543
-809038841 -621545793
-504596986 -388224727
-362027441 -278960913
-616349836 -473870947
-552345931 -424819021
-21350571 -17869709
-741309841 -569638993
-117525751 -91577365
-274995676 -212260675
-338322291 -260793533
-548620836 -421964147
-443640886 -341508607
-812425291 -624141133
-92127376 -72112315
-416549286 -320745887
-719297916 -552769283
-39976046 -32144079
-734875586 -564707847
-785333691 -603378413
-535413681 -411842321
-5095611 -5412077
-723700301 -556143225
-573680566 -441169663
-386071236 -297387827
-301748631 -232763861
-219796541 -169956633
-383700721 -295571089
-182884236 -141667427
-720991141 -554066953
-433142891 -333463053
-747066806 -574051071
-969895216 -744824443
-635652601 -488664385
-112446076 -87684355
-928580526 -713161295
-103302661 -80676937
-920114401 -706672945
-627525121 -482435569
-956688061 -734702617
-715234176 -549654875
-26768891 -22022253
-71131386 -56021207
-761967186 -585470567
-510692596 -392896339
-668162521 -513579649
-694576831 -533823301
-92804666 -72631383
-411130966 -316593343
-964476896 -740671899
-444656821 -342287209
-459218556 -353447171
-242824401 -187604945
-711170436 -546540467
-972604376 -746900715
-572664631 -440391061
-569278181 -437795721
-470055196 -361752259
-494437636 -380438707
-831050766 -638415503
-440254436 -338913267
-70792741 -55761673
-385633548 887988467
-169338436 -131286067
-328840231 -253526581
-294637086 -227313647
-261449876 -201879315
-792783881 -609088161
-338999581 -261312601
-915373371 -703039469
-667823876 -513320115
-786010981 -603897481
-884895321 -679681409
-981070501 -753389065
-915712016 -703299003
-502903761 -386927057
-719975206 -553288351
-252645106 -195131431
-259418006 -200322111
-516788206 -397567951
-703381601 -540571185
-281768576 -217451355
-198123261 -153346457
-264497681 -204215121
-463959586 -357080647
-824277866 -633224823
-139537676 -108447075
-645134661 -495931337
-803959166 -617652783
-341370096 -263129339
-659357751 -506831765
-56908296 -45120779
-408421806 -314517071
-115155236 -89760627
-836807731 -642827581
-491051186 -377843367
-235374211 -181895197
-403680776 -310883595
-741648486 -569898527
-441947661 -340210937
-473441646 -364347599
-313939851 -242107085
-291589281 -224977841
-735552876 -565226915
-348481641 -268579553
-559118831 -430009701
-264836326 -204474655
-496469506 -381995911
-527963491 -406132573
-536090971 -412361389
-371848146 -286487399
-944158196 -725099859
-273979741 -211482073
-268900066 -207589063
-631927506 -485809511
-625493251 -480878365
-322067331 -248335901
-979715921 -752350929
-209975836 -162430147
-539477421 -414956729
-743680356 -571455731
-324437846 -250152639
-388103106 -298945031
-679676451 -522403805
-691190381 -531227961
-320035461 -246778697
-688819866 -529411223
-166629276 -129209795
-1370516 -2557203
-866947136 -665926107
-300732696 -231985259
-823939221 -632965289
-351190801 -270655825
-921468981 -707711081
-27446181 -22541321
-126669166 -98584783
-667146586 -512801047
-871688166 -669559583
-324099201 -249893105
-561827991 -432085973
-184916106 -143224631
-238083371 -183971469
-468361971 -360454589
-944835486 -725618927
-571648696 -439612459
-890652286 -684093487
-508660726 -391339135
-42685206 -34220351
-311569336 -240290347
-597047071 -459077509
-76888351 -60433285
-520174656 -400163291
-276011611 -213039277
-521190591 -400941893
-443302241 -341249073
-568600891 -437276653
-616688481 -474130481
-450752431 -346958821
-103979951 -81196005
-682385611 -524480077
-514417691 -395751213
-558102896 -429231099
-987504756 -758320211
-231310471 -178780789
-539816066 -415216263
-627863766 -482695103
-732505071 -562891109
-848321661 -651651737
-14239026 -12419495
-685772061 -527075417
-750114611 -576386877
-241469821 -186566809
-108382336 -84569947
-45055721 -36037089
-785672336 -603637947
-67067646 -52906799
-877783776 -674231195
-340354161 -262350737
-273302451 -210963005
-378621046 -291678079
-744357646 -571974799
-103641306 -80936471
-326131071 -251450309
-379298336 -292197147
-611608806 -470237471
-613640676 -471794675
-526270266 -404834903
-859835591 -660475893
-398939746 -307250119
-148681091 -115454493
-638361761 -490740657
-140214966 -108966143
-276688901 -213558345
-838500956 -644125251
-422983541 -325677033
-889636351 -683314885
-879138356 -675269331
-491389831 -378102901
-633620731 -487107181
-28123471 -23060389
-827325671 -635560629
-693560896 -533044699
-2386451 -3335805
-149697026 -116233095
-357286411 -275327437
-54537781 -43304041
-952624321 -731588209
-953978901 -732626345
-34219081 -27732001
-74179191 -58357013
-742664421 -570677129
-906229956 -696032051
-780592661 -599744937
-265852261 -205253257
-86031766 -67440703
-197784616 -153086923
-461927716 -355523443
-24737021 -20465049
-664776071 -510984309
-442624951 -340730005
-596369781 -458558441
-125653231 -97806181
-89577851 207579472
-321728686 -248076367
-577067016 -443765003
-864576621 -664109369
-866269846 -665407039
-533720456 -410544651
-72147321 -56799809
-546250321 -420147409
-708461276 -544464195
-305135081 -235359201
-636668536 -489442987
-579437531 -445581741
-191689006 -148415311
-662744201 -509427105
-19995991 -16831573
-782285886 -601042607
-183561526 -142186495
-57246941 -45380313
-658341816 -506053163
-566230376 -435459915
-716927401 -550952545
-970911151 -745603045
-739277971 -568081789
-631588861 -485549977
-821568706 -631148551
-952962966 -731847743
-364059311 -280518117
-950931096 -730290539
-270254646 -208627199
-660035041 -507350833
-964138251 -740412365
-698301926 -536678175
-540493356 -415735331
-127685101 -99363385
-279059416 -215375083
-874397326 -671635855
-88063636 -68997907
-51828621 -41227769
-641070921 -492816929
-758580736 -582875227
-380314271 -292975749
-46071656 -36815691
-864237976 -663849835
-852385401 -654766145
-570632761 -438833857
-105334531 -82234141
-134796646 -104813599
-699995151 -537975845
-484616931 -372912221
-395214651 -304395245
-466668746 -359156919
-546588966 -420406943
-332565326 -256381455
-517465496 -398087019
-958042641 -735740753
-858819656 -659697291
-18302766 -15533903
-46410301 -37075225
-874058681 -671376321
-394537361 -303876177
-228601311 -176704517
-459557201 -353706705
-343401966 -264686543
-720652496 -553807419
-349158931 -269098621
-698640571 -536937709
-743341711 -571196197
-892345511 -685391157
-825971091 -634522493
-881170226 -676826535
-952285676 -731328675
-904536731 -694734381
-609238291 -468420733
-908261826 -697589255
-656987236 -505015027
-619397641 -476206753
-984795596 -756243939
-291250636 -224718307
-559796121 -430528769
-262465811 -202657917
-976668116 -750015123
-2047806 -3076271
-241808466 -186826343
-828680251 -636598765
-556748316 -428192963
-344417901 -265465145
-588919591 -452848693
-681369676 -523701475
-717266046 -551212079
-779238081 -598706801
-86709056 -67959771
-212007706 -163987351
-954656191 -733145413
-392166846 -302059439
-167645211 -129988397
-578421596 -444803139
-551668641 -424299953
-696270056 -535120971
-375234596 -289082739
-884218031 -679162341
-690851736 -530968427
-337983646 -260533999
-354915896 -273510699
-342386031 -263907941
-766708216 -589104043
-131410196 -102218259
-702027021 -539533049
-589935526 -453627295
-762983121 -586249169
-287186896 -221603899
-406728581 -313219401
-246549496 -190459819
-10513931 -9564621
-881847516 -677345603
-520851946 -400682359
-320374106 -247038231
-557425606 -428712031
-609915581 -468939801
-281091286 -216932287
-901150281 -692139041
-331888036 -255862387
-255692911 -197467237
-832405346 -639453639
-673580841 -517732193
-988182046 -758839279
-330533456 -254824251
-553700511 -425857157
-576389726 -443245935
-357963701 -275846505
-240453886 -185788207
-321390041 -247816833
-23382441 -19426913
-687465286 -528373087
-80274801 -63028625
-886588546 -680979079
-623461381 -479321161
-181191011 -140369757
-39298756 -31625011
-192704941 -149193913
-844596566 -648796863
-643102791 -494374133
-358302346 -276106039
-555732381 -427414361
-852724046 -655025679
-348820286 -268839087
-596031136 -458298907
-759935316 -583913363
-159179086 -123500047
-670194391 -515136853
-83661251 -65623965
-562843926 -432864575
-50135396 -39930099
-902843506 -693436711
-587903656 -452070091
-391150911 -301280837
-220812476 -170735235
-512047176 -393934475
-431788311 -332424917
-906907246 -696551119
-313262561 -241588017
-405035356 -311921731
-229278601 -177223585
-694915476 -534082835
-513063111 -394713077
-617365771 -474649549
-30155341 -24617593
-422644896 -325417499
-781269951 -600264005
-961429091 -738336093
-202864291 -156979933
-168322501 -130507465
-236051501 -182414265
-12207156 -10862291
-120573556 -93913171
-325115136 -250671707
-534736391 -411323253
-939078521 -721206849
-79936156 -62769091
-843919276 -648277795
-363382021 -279999049
-458879911 -353187637
-408083161 -314257537
-399955681 -308028721
-709477211 -545242797
-277027546 -213817879
-49458106 -39411031
-405712646 -312440799
-567246311 -436238517
-462605006 -356042511
-610254226 -469199335
-165613341 -128431193
-754855641 -580020353
-196768681 -152308321
-548959481 -422223681
-946528711 -726916597
-871349521 -669300049
-142585481 -110782881
-334597196 -257938659
-190334426 -147377175
-495792216 -381476843
-586887721 -451291489
-742325776 -570417595
-514756336 -396010747
-487326091 -374988493
-763660411 -586768237
-663760136 -510205707
-111768786 -87165287
-957365351 -735221685
-256708846 -198245839
-847983016 -651392203
-472087066 -363309463
-193043586 -149453447
-314617141 -242626153
-788381496 -605714219
-768401441 -590401713
-247904076 -191497955
-429079151 -330348645
-554716446 -426635759
-759258026 -583394295
-128023746 -99622919
-217426026 -168139895
-641409566 -493076463
-524915686 -403796767
-599417586 -460894247
-97207051 -76005325
-817504966 -628034143
-323083266 -249114503
-21689216 -18129243
-758242091 -582615693
-610931516 -469718403
-677983226 -521106135
-798540846 -613500239
-250951881 -193833761
-60972036 -48235187
-579098886 -445322207
-781947241 -600783073
-319696816 -246519163
-805652391 -618950453
-446688691 -343844413
-418242511 -322043557
-562166636 -432345507
-746050871 -573272469
-372525436 -287006467
-54199136 -43044507
-438561211 -337615597
-386748526 -297906895
-791767946 -608309559
-725732171 -557700429
-480553191 -369797813
-700672441 -538494913
-28800761 -23579457
-310553401 -239511745
-949237871 -728992869
-142246836 -110523347
-421290316 -324379363
-895054671 -687467429
-45394366 -36296623
-281429931 -217191821
-333581261 -257160057
-566569021 -435719449
-300055406 -231466191
-709815856 -545502331
-555055091 -426895293
-815134451 -626217405
-36250951 -29289205
-464298231 -357340181
-298362181 -230168521
-591290106 -454665431
-475134871 -365645269
-422306251 -325157965
-11191221 -10083689
-169677081 -131545601
-62665261 -49532857
-213700931 -165285021
322709 -1259533
-927225946 -712123159
-994277656 -763510891
-661050976 -508129435
-424338121 -326715169
-377605111 -290899477
-890313641 -683833953
-570971406 -439093391
-530672651 -408208845
-719636561 -553028817
-777206211 -597149597
-544557096 -418849739
-841887406 -646720591
-820214126 -630110415
-389457686 -299983167
-419597091 -323081693
-649537046 -499305279
-635313956 -488404851
-529656716 -407430243
-722684366 -555364623
-685094771 -526556349
-157147216 -121942843
-790074721 -607011889
-896070606 -688246031
-148003801 -114935425
-675951356 -519548931
-393182781 -302838041
-223521636 -172811507
-478182676 -367981075
-110752851 -86386685
-928241881 -712901761
-372186791 -286746933
-690174446 -530449359
-455154816 -350332763
-358979636 -276625107
-164258761 -127393057
-595692491 -458039373
-633959376 -487366715
-704397536 -541349787
-277704836 -214336947
-889297706 -683055351
-686110706 -527334951
-914696081 -702520401
-992584431 -762213221
-698979216 -537197243
-385732591 -297128293
-590951461 -454405897
-527286201 -405613505
-476489451 -366683405
-809716131 -622064861
-822923286 -632186687
-333919906 -257419591
-869656296 -668002379
-409099096 -315036139
-173740821 -134660009
-638700406 -491000191
-259079361 -200062577
-238760661 -184490537
-462943651 -356302045
-17625476 -15014835
-782624531 -601302141
-833421281 -640232241
-244178981 -188643081
-304796436 -235099667
-507306146 -390300999
-846967081 -650613601
-454138881 -349554161
-83999896 -65883499
-512385821 -394194009
-245533561 -189681217
-979377276 -752091395
-571987341 -439871993
-423999476 -326455635
-254676976 -196688635
-399278391 -307509653
-284139091 -219268093
-862883396 -662811699
-826987026 -635301095
-507644791 -390560533
-14916316 -12938563
-842903341 -647499193
-440931726 -339432335
-744696291 -572234333
-189318491 -146598573
-415871996 -320226819
-33541791 -27212933
-83322606 -65364431
-113800656 -88722491
-322405976 -248595435
-923162206 -709008751
-550314061 -423261817
-31509921 -25655729
-674596776 -518510795
-650214336 -499824347
-589258236 -453108227
-692206316 -532006563
-516110916 -397048883
-911648276 -700184595
-100593501 -78600665
-613979321 -472054209
-587565011 -451810557
-945851421 -726397529
-370493566 -285449263
-194059521 -150232049
-821230061 -630889017
-213023641 -164765953
-171370306 -132843271
-435513406 -335279791
-649198401 -499045745
-377266466 -290639943
-898102476 -689803235
-891329576 -684612555
-362704731 -279479981
-203541581 -157499001
-379636981 -292456681
-134119356 -104294531
-51151331 -40708701
-892006866 -685131623
-50474041 -40189633
-757564801 -582096625
-178820496 -138553019
-771110601 -592477985
-121589491 -94691773
-802604586 -616614647
-651230271 -500602949
-344756546 -265724679
-799218136 -614019307
-195414101 -151270185
-69438161 -54723537
-730134556 -561074371
-308521531 -237954541
-157485861 -122202377
-305473726 -235618735
-604497261 -464787257
-732843716 -563150643
-485632866 -373690823
-161549601 -125316785
-757226156 -581837091
-284816381 -219787161
-550991351 -423780885
-629895636 -484252307
-288202831 -222382501
-831389411 -638675037
-972265731 -746641181
-228939956 -176964051
-436529341 -336058393
-697624636 -536159107
-410115031 -315814741
-1709161 -2816737
-829018896 -636858299
-75533771 -59395149
-555393736 -427154827
-392844136 -302578507
-913680146 -701741799
-477166741 -367202473
-99238921 -77562529
-262804456 -202917451
-89756861 -70295577
-931966976 -715756635
-481230481 -370316881
-35235016 -28510603
-485294221 -373431289
-865592556 -664887971
-469716551 -361492725
-637007181 -489702521
-639039051 -491259725
-141230901 -109744745
-48442171 -38632429
-234696921 -181376129
-571310051 -439352925
-20334636 -17091107
-170354371 -132064669
-392829933 562787877
-401648906 -309326391
-563182571 -433124109
-101948081 -79638801
-949915161 -729511937
-659696396 -507091299
-913341501 -701482265
-883202096 -678383739
-750791901 -576905945
-30832631 -25136661
-258740716 -199803043
-697285991 -535899573
-434158826 -334241655
-290573346 -224199239
-932305621 -716016169
-640732276 -492557395
-68083581 -53685401
-760951251 -584691965
-924855431 -710306421
-695592766 -534601903
-680353741 -522922873
-371509501 -286227865
-765692281 -588325441
-600772166 -461932383
-920791691 -707192013
-472425711 -363568997
-894377381 -686948361
-756887511 -581577557
-352206736 -271434427
-135473936 -105332667
-294298441 -227054113
-384378011 -296090157
-953640256 -732366811
-303441856 -234061531
-947206001 -727435665
-439915791 -338653733
-629556991 -483992773
-373880016 -288044603
-699656506 -537716311
-463620941 -356821113
-380991561 -293494817
-329178876 -253786115
-885911256 -680460011
-478859966 -368500143
-423660831 -326196101
-59617456 -47197051
-565891731 -435200381
-327824296 -252747979
-438899856 -337875131
-26430246 -21762719
-990213916 -760396483
-502565116 -386667523
-309537466 -238733143
-223860281 -173071041
-681031031 -523441941
-853401336 -655544747
-682724256 -524739611
-172386241 -133621873
-427385926 -329050975
-395891941 -304914313
-457186686 -351889967
-345772481 -266503281
-902166216 -692917643
-385393946 -296868759
-600094876 -461413315
-513401756 -394972611
-227246731 -175666381
-441609016 -339951403
-450075141 -346439753
-245194916 -189421683
-893022801 -685910225
-548282191 -421704613
-94159246 -73669519
-828002961 -636079697
-146987866 -114156823
-427724571 -329310509
-227585376 -175925915
-630911571 -485030909
-53860491 -42784973
-828341606 -636339231
-963460961 -739893297
-421628961 -324638897
-885233966 -679940943
-581469401 -447138945
-948560581 -728473801
-98900276 -77302995
-38282821 -30846409
-840871471 -645941989
-586549076 -451031955
-635991246 -488923919
-581808046 -447398479
-938062586 -720428247
-677644581 -520846601
-524577041 -403537233
-218103316 -168658963
-997664106 -766106231
-457525331 -352149501
-124298651 -96768045
-900811636 -691879507
-93481956 -73150451
-656648591 -504755493
-222167056 -171773371
-25752956 -21243651
-749098676 -575608275
-361011506 -278182311
-873042746 -670597719
-144278706 -112080551
-721329786 -554326487
-309876111 -238992677
-773819761 -594554257
-22027861 -18388777
-625154606 -480618831
-762644476 -585989635
-872365456 -670078651
-991907141 -761694153
-416887931 -321005421
-854417271 -656323349
-615333901 -473092345
-704736181 -541609321
-767385506 -589623111
-433481536 -333722587
-118541686 -92355967
-156131281 -121164241
-108043691 -84310413
-487664736 -375248027
-771449246 -592737519
-973281666 -747419783
-638023116 -490481123
-4079676 -4633475
-236728791 -182933333
-27784826 -22800855
-187286621 -145041369
-721668431 -554586021
-374895951 -288823205
-225214861 -174109177
-770094666 -591699383
-924178141 -709787353
-308860176 -238214075
-322744621 -248854969
-968879281 -744045841
-468700616 -360714123
-784656401 -602859345
-923839496 -709527819
-364736601 -281037185
-971249796 -745862579
-702365666 -539792583
-107705046 -84050879
-621768156 -478023491
-985134241 -756503473
-347127061 -267541417
-135812581 -105592201
-800572716 -615057443
-729795911 -560814837
-508999371 -391598669
-777883501 -597668665
-465314166 -358118783
-247226786 -190978887
-396569231 -305433381
-944496841 -725359393
-557086961 -428452497
-463282296 -356561579
-496808151 -382255445
-282107221 -217710889
-650891626 -500343415
-95175181 -74448121
-723361656 -555883691
-150374316 -116752163
-845612501 -649575465
-211669061 -163727817
-257047491 -198505373
-346111126 -266762815
-365752536 -281815787
-259756651 -200581645
-149358381 -115973561
-165951986 -128690727
-528979426 -406911175
-975313536 -748976987
-452107011 -347996957
-547266256 -420926011
-903859441 -694215313
-206928031 -160094341
-120234911 -93653637
-132087486 -102737327
-498501376 -383553115
-341708741 -263388873
-501549181 -385888921
-722345721 -555105089
-556071026 -427673895
-770433311 -591958917
-652246206 -501381551
-284477736 -219527627
-787365561 -604935617
-623800026 -479580695
-661389621 -508388969
-204218871 -158018069
-236390146 -182673799
-359995571 -277403709
-309198821 -238473609
-754516996 -579760819
-945512776 -726137995
-490712541 -377583833
-276350256 -213298811
-232326406 -179559391
-71808676 -56540275
-535752326 -412101855
-345433836 -266243747
-239099306 -184750071
-740632551 -569119925
-980731856 -753129531
-814795806 -625957871
-893700091 -686429293
-253999686 -196169567
-479198611 -368759677
-750453256 -576646411
-449736496 -346180219
-373541371 -287785069
-585194496 -449993819
-180175076 -139591155
-996986816 -765587163
-363720666 -280258583
-413162836 -318150547
-325792426 -251190775
-933321556 -716794771
-699317861 -537456777
-433820181 -333982121
-756548866 -581318023
-561150701 -431566905
-176449981 -136736281
-665453361 -511503377
-811070711 -623102997
-277366191 -214077413
-286848251 -221344365
-134458001 -104554065
-92466021 -72371849
-939417166 -721466383
-614995256 -472832811
-958719931 -736259821
-187625266 -145300903
-554039156 -426116691
-330872101 -255083785
-522545171 -401980029
-418581156 -322303091
-63681196 -50311459
-65035776 -51349595
-243501691 -188124013
-712186371 -547319069
-140892256 -109485211
-165274696 -128171659
-946867356 -727176131
-425015411 -327234237
-614656611 -472573277
-712863661 -547838137
-288880121 -222901569
-354577251 -273251165
-177127271 -137255349
-926887301 -711863625
-931628331 -715497101
-611947451 -470497005
-137844451 -107149405
-280075351 -216153685
-991229851 -761175085
-40991981 -32922681
-45733011 -36556157
-988520691 -759098813
-556409671 -427933429
-386409881 -297647361
-935692071 -718611509
-888620416 -682536283
-804636456 -618171851
-515094981 -396270281
-394198716 -303616643
-802265941 -616355113
-200155131 -154903661
-521529236 -401201427
-860512881 -660994961
-888281771 -682276749
-182206946 -141148359
-880492936 -676307467
-762305831 -585730101
-666130651 -512022445
-640054986 -492038327
-289896056 -223680171
-537784196 -413659059
-7804771 -7488349
-102286726 -79898335
-737246101 -566524585
-845951146 -649834999
-517126851 -397827485
-128701036 -100141987
-359656926 -277144175
-592983331 -455963101
-905891311 -695772517
-633282086 -486847647
-156469926 -121423775
-940771746 -722504519
-754178351 -579501285
-53521846 -42525439
-603819971 -464268189
-689835801 -530189825
-798202201 -613240705
-175095401 -135698145
-47764881 -38113361
-448043271 -344882549
-564537151 -434162245
-605851841 -465825393
-353899961 -272732097
-155115346 -120385639
-619058996 -475947219
-80613446 -63288159
-934337491 -717573373
-575035146 -442207799
-133780711 -104034997
-286170961 -220825297
-801927296 -616095579
-113462011 -88462957
-705413471 -542128389
-872704101 -670338185
-582485336 -447917547
-74517836 -58616547
-435174761 -335020257
-224876216 -173849643
-299039471 -230687589
-560134766 -430788303
-887265836 -681498147
-986488821 -757541609
-214039576 -165544555
-694238186 -533563767
-454477526 -349813695
-37605531 -30327341
-521867881 -401460961
-430433731 -331386781
-738262036 -567303187
-861867461 -662033097
-162904181 -126354921
-705752116 -542387923
-160195021 -124278649
-942126326 -723542655
-807006971 -619988589
-807345616 -620248123
-919437111 -706153877
-414517416 -319188683
-458202621 -352668569
-310214756 -239252211
-303103211 -233801997
-589596881 -453367761
-308182886 -237695007
-212684996 -164506419
-346449771 -267022349
-404358066 -311402663
-33880436 -27472467
-848660306 -651911271
-945174131 -725878461
-506967501 -390041465
-109059626 -85089015
-568939536 -437536187
-414178771 -318929149
-408760451 -314776605
-185932041 -144003233
-307505596 -237175939
-366091181 -282075321
-998680041 -766884833
-416210641 -320486353
-608222356 -467642131
-349497576 -269358155
-985811531 -757022541
-811748001 -623622065
-374218661 -288304137
-145633286 -113118687
-100932146 -78860199
-210991771 -163208749
-876767841 -673452593
-894038736 -686688827
-818520901 -628812745
-115493881 -90020161
-9497996 -8786019
-70454096 -55502139
-19318701 -16312505
-427047281 -328791441
-676290001 -519808465
-79597511 -62509557
-437883921 -337096529
-960751801 -737817025
-910632341 -699405993
-985472886 -756763007
-966508766 -742229103
-825293801 -634003425
-839855536 -645163387
-902504861 -693177177
-607545066 -467123063
-202525646 -156720399
-244517626 -188902615
-684417481 -526037281
-102625371 -80157869
-977345406 -750534191
-204896161 -158537137
-251629171 -194352829
-581130756 -446879411
-859158301 -659956825
-326469716 -251709843
-632943441 -486588113
-966847411 -742488637
-647505176 -497748075
-490373896 -377324299
-585871786 -450512887
-713879596 -548616739
-918082531 -705115741
-776867566 -596890063
-201848356 -156201331
-133442066 -103775463
-936708006 -719390111
-749437321 -575867809
-726070816 -557959963
-197445971 -152827389
-674258131 -518251261
-78242931 -61471421
-158163151 -122721445
-857803721 -658918689
-570294116 -438574323
-592306041 -455444033
-101609436 -79379267
-170015726 -131805135
-295314376 -227832715
-237744726 -183711935
-351868091 -271174893
-868301716 -666964243
-605174551 -465306325
-818182256 -628553211
-39637401 -31884545
-112107431 -87424821
-607206421 -466863529
-458541266 -352928103
-381668851 -294013885
-497824086 -383034047
-899457056 -690841371
-22705151 -18907845
-218780606 -169178031
-189657136 -146858107
-622784091 -478802093
-159856376 -124019115
-568262246 -437017119
-347465706 -267800951
-935353426 -718351975
-974636246 -748457919
-673242196 -517472659
-775851631 -596111461
-868979006 -667483311
-298023536 -229908987
-515772271 -396789349
-503242406 -387186591
-628541056 -483214171
-333242616 -256900523
-574696501 -441948265
-412485546 -317631479
-856787786 -658140087
-186270686 -144262767
-337645001 -260274465
-532365876 -409506515
-453122946 -348775559
-847644371 -651132669
-269916001 -208367665
-124975941 -97287113
-989875271 -760136949
-338660936 -261053067
-335613131 -258717261
-996648171 -765327629
-506628856 -389781931
-404696711 -311662197
-500194601 -384850785
-776190276 -596370995
-823261931 -632446221
-317664946 -244961959
-223182991 -172551973
-63003906 -49792391
-117187106 -91317831
-747405451 -574310605
-940094456 -721985451
-477505386 -367462007
-835791796 -642048979
-795493041 -611164433
-509676661 -392117737
-583162626 -448436615
-510015306 -392377271
-340015516 -262091203
-970572506 -745343511
-988859336 -759358347
-352545381 -271693961
-803620521 -617393249
-81968026 -64326295
-857465076 -658659155
-297684891 -229649453
-246888141 -190719353
-242485756 -187345411
-794477106 -610385831
-122266781 -95210841
-51489976 -40968235
-297346246 -229389919
-887604481 -681757681
-327147006 -252228911
-860851526 -661254495
-787026916 -604676083
-35573661 -28770137
-522883816 -402239563
-922484916 -708489683
-173063531 -134140941
-217087381 -167880361
-153083476 -118828435
-34557726 -27991535
-901488926 -692398575
-273641096 -211222539
-960413156 -737557491
-799556781 -614278841
-819875481 -629850881
-27107536 -22281787
-350174866 -269877223
-345095191 -265984213
-300394051 -231725725
-208621256 -161392011
-533043166 -410025583
-715572821 -549914409
-153760766 -119347503
-231987761 -179299857
-653600786 -502419687
-842564696 -647239659
-947883291 -727954733
-922146271 -708230149
-313601206 -241847551
-706429406 -542906991
-856449141 -657880553
-96529761 -75486257
-343063321 -264427009
-642764146 -494114599
-722007076 -554845555
-269577356 -208108131
-208959901 -161651545
-52167266 -41487303
-558780186 -429750167
-666469296 -512281979
-558441541 -429490633
-57585586 -45639847
-834098571 -640751309
-46748946 -37334759
-907584536 -697070187
-145294641 -112859153
-797524911 -612721637
-819536836 -629591347
-631250216 -485290443
-234019631 -180857061
-622106801 -478283025
-984118306 -755724871
-295653021 -228092249
-82983961 -65104897
-429417796 -330608179
-598740296 -460375179
-557764251 -428971565
-965154186 -741190967
-519158721 -399384689
