827
-743839330 -7734447
-786327720 -8119587
-861592868 -8801835
-482839220 -5368587
-215769340 -2947707
-558104368 -6050835
-72522768 -1649235
-47029734 -1418151
-987844084 -9946251
-729271882 -7602399
-853095190 -8724807
-611518344 -6535011
-332308924 -4004091
-637011378 -6766095
-556890414 -6039831
-343234510 -4103127
-940499878 -9517095
-146573962 -2320479
-3327390 -1022007
-911364982 -9252999
-780257950 -8064567
-702564894 -7360311
-491336898 -5445615
-98015802 -1880319
-672216044 -7085211
-340806602 -4081119
-311671706 -3817023
-286178672 -3585939
-924718476 -9374043
-206057708 -2859675
-694067216 -7283283
-827602156 -8493723
-521685748 -5720715
-241262374 -3178791
-982988268 -9902235
-357801958 -4235175
-610304390 -6524007
-325514799 -429600994
-322597292 -3916059
-169639088 -2529555
-19108792 -1165059
-555676460 -6028827
-963565004 -9726171
-159927456 -2441523
-100443710 -1902327
-388150808 -4510275
-962351050 -9715167
-539895058 -5885775
-917434752 -9308019
-955067326 -9649143
-515615978 -5665695
-227908880 -3057747
-283750764 -3563931
-151429778 -2364495
-554462506 -6017823
-291034488 -3629955
-418499658 -4785375
-948997556 -9594123
-314099614 -3839031
-768118410 -7954527
-470699680 -5258547
-66452998 -1594215
-246118190 -3222807
-531397380 -5808747
-121080928 -2089395
-129578606 -2166423
-218197248 -2969715
-732913744 -7635411
-149001870 -2342487
-42173918 -1374135
-843383558 -8636775
-429425244 -4884411
-621229976 -6623043
-265541454 -3398871
-797253306 -8218623
-321383338 -3905055
-125936744 -2133411
-328667062 -3971079
-583597402 -6281919
-161141410 -2452527
-783899812 -8097579
-798467260 -8229627
-266755408 -3409875
-277680994 -3508911
-590881126 -6347943
-93159986 -1836303
-831244018 -8526735
-910151028 -9241995
-876160316 -8933883
-316527522 -3861039
-175708858 -2584575
-260685638 -3354855
-361443820 -4268187
-992699900 -9990267
-51885550 -1462167
-38532056 -1341123
-59169274 -1528191
-617588114 -6590031
-919862660 -9330027
-333522878 -4015095
-106513480 -1957347
-511974116 -5632683
-287392626 -3596943
-386936854 -4499271
-436708968 -4950435
-838527742 -8592759
-68880906 -1616223
-368727544 -4334211
-552034598 -5995815
-71308814 -1638231
-407574072 -4686339
-477983404 -5324571
-895583580 -9109947
-292248442 -3640959
-565388092 -6116859
-640653240 -6799107
-236406558 -3134775
-742625376 -7723443
-503476438 -5555655
-721988158 -7536375
-976918498 -9847215
-697709078 -7316295
-405146164 -4664331
-867662638 -8856855
-383294992 -4466259
-667360228 -7041195
-572671816 -6182883
-304387982 -3750999
-581169494 -6259911
-791183536 -8163603
-15466930 -1132047
-414857796 -4752363
-214555386 -2936703
-851881236 -8713803
-874946362 -8922879
-487695036 -5412603
-603020666 -6457983
-707420710 -7404327
-443992692 -5016459
-220625156 -2991723
-787541674 -8130591
-271611224 -3453891
-442778738 -5005455
-342020556 -4092123
-441564784 -4994451
-898011488 -9131955
-258257730 -3332847
-354160096 -4202163
-79806492 -1715259
-253401914 -3288831
-402718256 -4642323
-182992582 -2650599
-849453328 -8691795
-562960184 -6094851
-975704544 -9836211
-663718366 -7008183
-765690502 -7932519
-595736942 -6391959
-968420820 -9770187
-395434532 -4576299
-377225222 -4411239
-34890194 -1308111
-90732078 -1814295
-686783492 -7217259
-519257840 -5698707
-74950676 -1671243
-884657994 -9010911
-770546318 -7976535
-176922812 -2595579
-547178782 -5951799
-305601936 -3762003
-420927566 -4807383
-669788136 -7063203
-673429998 -7096215
-775402134 -8020551
-944141740 -9550107
-40959964 -1363131
-390578716 -4532283
-152643732 -2375499
-854309144 -8735811
-360229866 -4257183
-660076504 -6975171
-237620512 -3145779
-435495014 -4939431
-643081148 -6821115
-133220468 -2199435
-201201892 -2815659
-678285814 -7140231
-543536920 -5918787
-936858016 -9484083
-61597182 -1550199
-712276526 -7448343
-718346296 -7503363
-243690282 -3200799
-769332364 -7965531
-677071860 -7129227
-826388202 -8482719
-819104478 -8416695
-371155452 -4356219
-748695146 -7778463
-774188180 -8009547
-709848618 -7426335
-758406778 -7866495
-490122944 -5434611
-957495234 -9671151
-680713722 -7162239
-372369406 -4367223
-809392846 -8328663
-704992802 -7382319
-834885880 -8559747
-272825178 -3464895
-738983514 -7690431
-37318102 -1330119
-55527412 -1495179
-475555496 -5302563
-687997446 -7228263
-165997226 -2496543
-996341762 -10023279
-451276416 -5082483
-320169384 -3894051
-561746230 -6083847
-147787916 -2331483
-406360118 -4675335
-717132342 -7492359
-588453218 -6325935
-180564674 -2628591
-802109122 -8262639
-890727764 -9065931
934999065 756726018
-771760272 -7987539
-646723010 -6854127
-155071640 -2397507
-513188070 -5643687
-494978760 -5478627
-16680884 -1143051
-939285924 -9506091
-170853042 -2540559
-836099834 -8570751
-349304280 -4158147
-658862550 -6964167
-23964608 -1209075
-498620622 -5511639
-964778958 -9737175
-473127588 -5280555
-213341432 -2925699
-933216154 -9451071
-122294882 -2100399
-901653350 -9164967
-295890304 -3673971
-708634664 -7415331
-486481082 -5401599
-825174248 -8471715
-907723120 -9219987
-210913524 -2903691
-808178892 -8317659
-493764806 -5467623
-596950896 -6402963
-54313458 -1484175
-365085682 -4301199
-145360008 -2309475
-689211400 -7239267
-946569648 -9572115
-781471904 -8075571
-887085902 -9032919
-635797424 -6755091
-569029954 -6149871
-881016132 -8977899
-535039242 -5841759
-167211180 -2507547
-111369296 -2001363
-839741696 -8603763
-913792890 -9275007
-691639308 -7261275
-85876262 -1770279
-695281170 -7294287
-460988048 -5170515
-760834686 -7888503
-816676570 -8394687
-706206756 -7393323
-504690392 -5566659
-465843864 -5214531
-22750654 -1198071
-50671596 -1451163
-81020446 -1726263
-959923142 -9693159
-655220688 -6931155
-30034378 -1264095
-916220798 -9297015
-130792560 -2177427
-877374270 -8944887
-701350940 -7349307
-542322966 -5907783
-878588224 -8955891
-925932430 -9385047
-359015912 -4246179
-78592538 -1704255
-720774204 -7525371
-417285704 -4774371
-741411422 -7712439
-382081038 -4455255
-866448684 -8845851
-20322746 -1176063
-140504192 -2265459
-102871618 -1924335
-777830042 -8042559
-856737052 -8757819
-88304170 -1792287
-252187960 -3277827
-216983294 -2958711
-476769450 -5313567
-187848398 -2694615
-289820534 -3618951
-888299856 -9043923
-458560140 -5148507
-906509166 -9208983
-589667172 -6336939
-91946032 -1825299
-684355584 -7195251
-627299746 -6678063
-578741586 -6237903
-196346076 -2771643
-479197358 -5335575
-952639418 -9627135
-537467150 -5863767
-747481192 -7767459
-633369516 -6733083
-855523098 -8746815
-401504302 -4631319
-634583470 -6744087
-882230086 -8988903
-380867084 -4444251
-49457642 -1440159
-116225112 -2045379
-951425464 -9616131
-397862440 -4598307
-984202222 -9913239
-533825288 -5830755
-168425134 -2518551
-690425354 -7250271
-548392736 -5962803
-433067106 -4917423
-604234620 -6468987
-33676240 -1297107
-560532276 -6072843
-538681104 -5874771
-431853152 -4906419
-586025310 -6303927
-150215824 -2353491
-514402024 -5654691
-527755518 -5775735
-448848508 -5060475
-412429888 -4730355
-524113656 -5742723
-899482 -999999
-464629910 -5203527
-191490260 -2727627
-938071970 -9495087
-10611114 -1088031
-379653130 -4433247
-893155672 -9087939
-657648596 -6953163
-446420600 -5038467
-190276306 -2716623
-703778848 -7371315
-276467040 -3497907
-28820424 -1253091
-762048640 -7899507
-94373940 -1847307
-788755628 -8141595
-782685858 -8086575
-99229756 -1891323
-247332144 -3233811
-541109012 -5896779
-671002090 -7074207
-248546098 -3244815
-969634774 -9781191
-685569538 -7206255
-488908990 -5423607
-219411202 -2980719
-303174028 -3739995
-647936964 -6865131
-452490370 -5093487
-719560250 -7514367
-39746010 -1352127
-280108902 -3530919
-644295102 -6832119
-961137096 -9704163
-799681214 -8240631
-929574292 -9418059
-134434422 -2210439
-593309034 -6369951
-607876482 -6501999
-275253086 -3486903
-779043996 -8053563
-31248332 -1275099
-794825398 -8196615
-674643952 -7107219
-615160206 -6568023
-749909100 -7789467
-862806822 -8812839
-261899592 -3365859
-662504412 -6997179
-208485616 -2881683
-457346186 -5137503
-306815890 -3773007
-764476548 -7921515
-575099724 -6204891
-796039352 -8207619
-403932210 -4653327
-323811246 -3927063
-434281060 -4928427
-178136766 -2606583
-396648486 -4587303
-25178562 -1220079
-681927676 -7173243
-164783272 -2485539
-518043886 -5687703
-873732408 -8911875
-713490480 -7459347
-437922922 -4961439
-43387872 -1385139
-235192604 -3123771
-967206866 -9759183
-564174138 -6105855
-44601826 -1396143
-82234400 -1737267
-363871728 -4290195
-76164630 -1682247
-606662528 -6490995
-348090326 -4147143
-804537030 -8284647
-57955320 -1517187
-505904346 -5577663
-981774314 -9891231
-598164850 -6413967
-837313788 -8581755
-570243908 -6160875
-293462396 -3651963
-469485726 -5247543
-507118300 -5588667
-378439176 -4422243
-249760052 -3255819
-950211510 -9605127
-871304500 -8889867
-616374160 -6579027
-408788026 -4697343
-350518234 -4169151
-973276636 -9814203
-715918388 -7481355
-96801848 -1869315
-181778628 -2639595
-848239374 -8680791
-941713832 -9528099
802999197 649921056
-263113546 -3376863
-115011158 -2034375
-639439286 -6788103
-53099504 -1473171
-810606800 -8339667
-413643842 -4741359
-32462286 -1286103
-315313568 -3850035
-373583360 -4378227
-915006844 -9286011
-832457972 -8537739
-726843974 -7580391
-496192714 -5489631
-800895168 -8251635
-376011268 -4400235
-736555606 -7668423
-221839110 -3002727
-759620732 -7877499
-813034708 -8361675
-995127808 -10012275
-84662308 -1759275
-584811356 -6292923
-17894838 -1154055
-922290568 -9352035
-900439396 -9153963
-728057928 -7591395
-870090546 -8878863
-945355694 -9561111
-985416176 -9924243
-879802178 -8966895
-857951006 -8768823
-369941498 -4345215
-974490590 -9825207
-26392516 -1231083
-113797204 -2023371
-815462616 -8383683
-830030064 -8515731
-422141520 -4818387
-101657664 -1913331
-312885660 -3828027
-700136986 -7338303
-425783382 -4851399
-664932320 -7019187
-594522988 -6380955
-735341652 -7657419
-592095080 -6358947
-626085792 -6667059
-656434642 -6942159
-571457862 -6171879
-242476328 -3189795
-439136876 -4972443
-288606580 -3607947
-989058038 -9957255
-601806712 -6446979
-725630020 -7569387
-240048420 -3167787
-203629800 -2837667
-840955650 -8614767
-990271992 -9968259
-463415956 -5192523
-902867304 -9175971
-199987938 -2804655
-389364762 -4521279
-485267128 -5390595
-163569318 -2474535
-789969582 -8152599
-499834576 -5522643
-426997336 -4862403
-958709188 -9682155
-430639198 -4895415
-899225442 -9142959
-374797314 -4389231
-930788246 -9429063
-628513700 -6689067
-641867194 -6810111
-118653020 -2067387
-138076284 -2243451
-124722790 -2122407
-259471684 -3343851
-549606690 -5973807
-445206646 -5027463
-385722900 -4488267
-172066996 -2551563
-284964718 -3574935
-410001980 -4708347
-184206536 -2661603
-820318432 -8427699
-351732188 -4180155
-668574182 -7052199
-872518454 -8900871
-752337008 -7811475
-95587894 -1858311
-947783602 -9583119
-904081258 -9186975
-144146054 -2298471
-204843754 -2848671
-141718146 -2276463
-675857906 -7118223
-440350830 -4983447
-193918168 -2749635
-577527632 -6226899
-638225332 -6777099
-979346406 -9869223
-9397160 -1077027
-850667282 -8702799
-814248662 -8372679
-567816000 -6138867
-355374050 -4213167
-297104258 -3684975
-481625266 -5357583
-119866974 -2078391
-112583250 -2012367
-730485836 -7613403
-559318322 -6061839
-652792780 -6909147
-450062462 -5071479
-864020776 -8823843
-453704324 -5104491
-661290458 -6986175
-972062682 -9803199
-70094860 -1627227
-226694926 -3046743
-731699790 -7624407
-526541564 -5764731
-335950786 -4037103
-13039022 -1110039
-599378804 -6424971
-325025200 -3938067
-139290238 -2254455
-474341542 -5291559
-299532166 -3706983
-582383448 -6270915
-393006624 -4554291
-56741366 -1506183
-400290348 -4620315
-317741476 -3872043
-868876592 -8867859
-865234730 -8834847
-711062572 -7437339
-822746340 -8449707
-153857686 -2386503
-278894948 -3519915
-104085572 -1935339
-229122834 -3068751
-224267018 -3024735
-520471794 -5709711
-978132452 -9858219
-696495124 -7305291
-622443930 -6634047
-142932100 -2287467
-508332254 -5599671
-269183316 -3431883
-776616088 -8031555
-553248552 -6006819
-454918278 -5115495
-231550742 -3090759
-632155562 -6722079
-267969362 -3420879
-65239044 -1583211
-525327610 -5753727
-612732298 -6546015
-763262594 -7910511
-471913634 -5269551
-484053174 -5379591
-424569428 -4840395
-618802068 -6601035
-135648376 -2221443
-859164960 -8779827
-230336788 -3079755
-394220578 -4565295
-908937074 -9230991
-89518124 -1803291
-419713612 -4796379
-77378584 -1693251
-117439066 -2056383
-746267238 -7756455
-223053064 -3013731
-456132232 -5126499
-48243688 -1429155
-356588004 -4224171
-327453108 -3960075
-928360338 -9407055
-828816110 -8504727
-600592758 -6435975
-45815780 -1407147
-847025420 -8669787
-805750984 -8295651
-528969472 -5786739
-927146384 -9396051
-384508946 -4477263
-244904236 -3211803
-462202002 -5181519
-27606470 -1242087
-613946252 -6557019
-318955430 -3883047
-300746120 -3717987
-207271662 -2870679
-8183206 -1066023
-545964828 -5940795
-197560030 -2782647
-740197468 -7701435
-64025090 -1572207
-723202112 -7547379
-997555716 -10034283
-447634554 -5049471
-14252976 -1121043
-885871948 -9021915
-232764696 -3101763
-998769670 -10045287
-366299636 -4312203
-842169604 -8625771
-530183426 -5797743
-793611444 -8185611
-127150698 -2144415
-202415846 -2826663
-62811136 -1561203
-309243798 -3795015
-605448574 -6479991
-516829932 -5676699
-467057818 -5225535
-6969252 -1055019
-459774094 -5159511
-162355364 -2463531
-492550852 -5456619
-579955540 -6248907
-308029844 -3784011
-301960074 -3728991
-257043776 -3321843
-274039132 -3475899
-67666952 -1605219
-823960294 -8460711
-587239264 -6314931
-173280950 -2562567
-136862330 -2232447
-993913854 -10001271
-932002200 -9440067
-337164740 -4048107
-609090436 -6513003
-362657774 -4279191
-192704214 -2738631
-510760162 -5621679
-345662418 -4125135
-986630130 -9935247
-497406668 -5500635
-623657884 -6645051
-367513590 -4323207
-970848728 -9792195
-105299526 -1946343
-811820754 -8350671
-745053284 -7745451
-411215934 -4719351
-772974226 -7998543
-934430108 -9462075
-651578826 -6898143
-803323076 -8273643
-896797534 -9120951
-956281280 -9660147
-751123054 -7800471
-894369626 -9098943
-536253196 -5852763
-36104148 -1319115
-468271772 -5236539
-942927786 -9539103
-107727434 -1968351
-270397270 -3442887
-209699570 -2892687
-649150918 -6876135
-629727654 -6700071
-174494904 -2573571
-338378694 -4059111
-905295212 -9197979
-714704434 -7470351
-399076394 -4609311
-11825068 -1099035
-912578936 -9264003
-889513810 -9054927
-845811466 -8658783
-883444040 -8999907
-186634444 -2683611
-692853262 -7272279
-423355474 -4829391
-532611334 -5819751
-817890524 -8405691
-833671926 -8548743
-755978870 -7844487
-573885770 -6193887
-737769560 -7679427
-281322856 -3541923
-238834466 -3156783
-645509056 -6843123
-329881016 -3982083
-344448464 -4114131
-108941388 -1979355
-766904456 -7943523
-620016022 -6612039
-294676350 -3662967
-724416066 -7558383
-246200193 -325277278
-923504522 -9363039
-630941608 -6711075
-683141630 -7184247
-346876372 -4136139
-792397490 -8174607
-282536810 -3552927
-21536700 -1187067
-2113436 -1011003
-806964938 -8306655
-212127478 -2914695
-157499548 -2419515
-566602046 -6127863
-83448354 -1748271
-185420490 -2672607
-501048530 -5533647
-416071750 -4763367
-698923032 -7327299
-128364652 -2155419
-254615868 -3299835
-225480972 -3035739
-991485946 -9979263
-352946142 -4191159
-544750874 -5929791
-502262484 -5544651
-550820644 -5984811
-391792670 -4543287
-189062352 -2705619
-310457752 -3806019
-198773984 -2793651
-264327500 -3387867
-331094970 -3993087
-821532386 -8438703
-250974006 -3266823
-334736832 -4026099
-860378914 -8790831
-73736722 -1660239
-753550962 -7822479
-158713502 -2430519
-918648706 -9319023
-522899702 -5731719
-679499768 -7151235
-921076614 -9341031
-110155342 -1990359
-953853372 -9638139
-666146274 -7030191
-785113766 -8108583
-233978650 -3112767
-156285594 -2408511
-844597512 -8647779
-179350720 -2617587
-4541344 -1033011
-326239154 -3949071
-891941718 -9076935
-624871838 -6656055
-5755298 -1044015
-754764916 -7833483
-480411312 -5346579
-935644062 -9473079
-255829822 -3310839
-298318212 -3695979
-195132122 -2760639
-965992912 -9748179
-980560360 -9880227
-132006514 -2188431
-757192824 -7855491
-734127698 -7646415
-509546208 -5610675
-654006734 -6920151
-87090216 -1781283
-339592648 -4070115
-650364872 -6887139
-428211290 -4873407
-576313678 -6215895
-60383228 -1539195
-123508836 -2111403
