1108
-684635679 -670424168
-603250479 -590617928
-465799919 -455834056
-834746159 -817622344
-563462159 -551601544
-438671519 -429231976
-79672359 -77197784
-218027199 -212868392
-371754799 -363613512
-460374239 -450513640
-978526679 -958613368
-724423999 -709440552
-890811519 -872599976
-651177319 -637614936
-714476919 -699686456
-86906599 -84291672
-677401439 -663330280
-331966479 -324597128
-251485559 -245677624
-746126719 -730722216
-878151599 -860185672
-715381199 -700573192
-668358639 -654462920
-540855159 -529433144
-856448879 -838904008
-680114279 -665990488
-227069999 -221735752
-391648959 -383121704
-70629559 -68330424
-548089399 -536527032
-483885519 -473568776
-812139159 -795453944
-617718959 -604805704
-454948559 -445193224
-921557039 -902749000
-989378039 -969254200
-766925159 -751117144
-935121239 -916050040
-726232559 -711214024
-162866119 -158777496
-900758599 -882354072
-765116599 -749343672
-681018559 -666877224
-991186599 -971027672
-201750159 -196907144
-236112799 -230603112
-404308879 -395536008
-767829439 -752003880
-435054399 -425685032
-873630199 -855751992
-841076119 -823829496
-132120599 -128628472
-321115119 -313956296
-428724439 -419477880
-770542279 -754664088
-787723599 -771512072
-923365599 -904522472
-462182799 -452287112
-439575799 -430118712
-486598359 -476228984
-317497999 -310409352
-860970279 -843337688
-276805399 -270506232
-926982719 -908069416
-105896479 -102913128
-907088559 -888561224
-297603839 -290901160
-929695559 -910729624
-759690919 -744023256
-28128399 -26653832
-660220119 -646482296
-530908079 -519679048
-435958679 -426571768
-500162559 -489530024
-559845039 -548054600
-619527519 -606579176
-149301919 -145476456
-704590636 -913787546
-707242679 -692592568
-823894799 -806981512
-607771879 -595051608
-212601519 -207547976
-979430959 -959500104
-29936959 -28427304
-15468479 -14239528
-850118919 -832696856
-174621759 -170305064
-407021719 -398196216
-779585079 -763531448
-781393639 -765304920
-413351679 -404403368
-804000639 -787473320
-477555559 -467361624
-240634199 -235036792
-57065359 -55029384
-697295599 -682838472
-265954039 -259865400
-975813839 -955953160
-452235719 -442533016
-503779679 -493076968
-96853679 -94045768
-21798439 -20446680
-38075479 -36407928
-703625559 -689045624
-203558719 -198680616
-818469119 -801661096
-740701039 -725401800
-605059039 -592391400
-206271559 -201340824
-897141479 -878807128
-33554079 -31974248
-491119759 -480662664
-925174159 -906295944
-499258279 -488643288
-502875399 -492190232
-965866759 -946199064
-544472279 -532980088
-395266079 -386668648
-36266919 -34634456
-393457519 -384895176
-657507279 -643822088
-708146959 -693479304
-316593719 -309522616
-554419359 -542734184
-25415559 -23993624
-485694079 -475342248
-647560199 -634067992
-598729079 -586184248
-506492519 -495737176
-472129879 -462041208
-899854319 -881467336
-94140839 -91385560
-367233399 -359179832
-987569479 -967480728
-445905759 -436325864
-671975759 -658009864
-803096359 -786586584
-154727599 -150796872
-189994519 -185379576
-758786639 -743136520
-872725919 -854865256
-221644319 -216415336
-868204519 -850431576
-492024039 -481549400
-301220959 -294448104
-10042799 -8919112
-322019399 -314843032
-348243519 -340558376
-592399119 -579977096
-666550079 -652689448
-550802239 -539187240
-802192079 -785699848
-814851999 -798114152
-345530679 -337898168
-121269239 -117987640
-351860639 -344105320
-72438119 -70103896
-855544599 -838017272
-220740039 -215528600
-564366439 -552488280
-636708839 -623427160
-19989879 -18673208
-298508119 -291787896
-702721279 -688158888
-467608479 -457607528
-888098679 -869939768
-407925999 -399082952
-480268399 -470021832
-38979759 -37294664
-409734559 -400856424
-833841879 -816735608
-996612279 -976348088
-958632519 -939105176
-78768079 -76311048
-533620919 -522339256
-313880879 -306862408
-88715159 -86065144
-104992199 -102026392
-717189759 -702346664
-570696399 -558695432
-328349359 -321050184
-44405439 -42615080
-582452039 -570223000
-383510439 -375141080
-693678479 -679291528
-585164879 -572883208
-874534479 -856638728
-986665199 -966593992
-40788319 -39068136
-882672999 -864619352
-274092559 -267846024
-549897959 -538300504
-171908919 -167644856
-397074639 -388442120
-478459839 -468248360
-869108799 -851318312
-123077799 -119761112
-489311199 -478889192
-102279359 -99366184
-125790639 -122421320
-827511919 -810528456
-10947079 -9805848
-362711999 -354746152
-46213999 -44388552
-898045759 -879693864
-501971119 -491303496
-242442759 -236810264
-963153919 -943538856
-521865279 -510811688
-981239519 -961273576
-318402279 -311296088
-936025519 -916936776
-227974279 -222622488
-396170359 -387555384
-449522879 -439872808
-156536159 -152570344
-889907239 -871713240
-635804559 -622540424
-43501159 -41728344
-885385839 -867279560
-315689439 -308635880
-813947719 -797227416
-832937599 -815848872
-358190599 -350312472
-146589079 -142816248
-259624079 -253658248
-436862959 -427458504
-933312679 -914276568
-314785159 -307749144
-756073799 -740476312
-755169519 -739589576
-265049759 -258978664
-793149279 -776832488
-643943079 -630521048
-924269879 -905409208
-968579599 -948859272
-586973439 -574656680
-568887839 -556921960
-475746999 -465588152
-476651279 -466474888
-879055879 -861072408
-268666879 -262525608
-160153279 -156117288
-761499479 -745796728
-780489359 -764418184
-739796759 -724515064
-58873919 -56802856
-536333759 -524999464
-849214639 -831810120
-6425679 -5372168
-7329959 -6258904
-147493359 -143702984
-926078439 -907182680
-797670679 -781266168
-164674679 -160550968
-80576639 -78084520
-437767239 -428345240
-673784319 -659783336
-904375719 -885901016
-378989039 -370707400
-686444239 -672197640
-945068319 -925804136
-89619439 -86951880
-73342399 -70990632
-386223279 -377801288
-4617119 -3598696
-252389839 -246564360
-13659919 -12466056
-988473759 -968367464
-524578119 -513471896
-84193759 -81631464
-303029519 -296221576
-378084759 -369820664
-751552399 -736042632
-719902599 -705006872
-300316679 -293561368
-944164039 -924917400
-464895639 -454947320
-819373399 -802547832
-219835759 -214641864
-930599839 -911616360
-896237199 -877920392
-334679319 -327257336
-34458359 -32860984
-775063679 -759097768
-379893319 -371594136
-138450559 -134835624
-866395959 -848658104
-516439599 -505491272
-824799079 -807868248
-457661399 -447853432
-995707999 -975461352
-400691759 -391989064
-208984399 -204001032
-727136839 -712100760
-341913559 -334351224
-173717479 -169418328
-141163399 -137495832
-520056719 -509038216
-199941599 -195133672
-857353159 -839790744
-243347039 -237697000
-624953199 -611899592
-537238039 -525886200
-135737719 -132175416
-678305719 -664217016
-577026359 -564902584
-993899439 -973687880
-474842719 -464701416
-228878559 -223509224
-609580439 -596825080
-685539959 -671310904
-610484719 -597711816
-285848199 -279373592
-48022559 -46162024
-394361799 -385781912
-463991359 -454060584
-424203039 -415044200
-772350839 -756437560
-254198399 -248337832
-403404599 -394649272
-48926839 -47048760
-473938439 -463814680
-20894159 -19559944
-32649799 -31087512
-187281679 -182719368
-938738359 -919596984
-870917359 -853091784
-128503479 -125081528
-785010759 -768851864
-815756279 -799000888
-16372759 -15126264
-274996839 -268732760
-347339239 -339671640
-509205359 -498397384
-294890999 -288240952
-510109639 -499284120
-977622399 -957726632
-18181319 -16899736
-42596879 -40841608
-204462999 -199567352
-352764919 -344992056
-365424839 -357406360
-887194399 -869053032
-698199879 -683725208
-809426319 -792793736
-416968799 -407950312
-171004639 -166758120
-652081599 -638501672
-61586759 -59463064
-661124399 -647369032
-664741519 -650915976
-501066839 -490416760
-81480919 -78971256
-41692599 -39954872
-774159399 -758211032
-279518239 -273166440
-718094039 -703233400
-249676999 -243904152
-817564839 -800774360
-344626399 -337011432
-710859799 -696139512
-757882359 -742249784
-593303399 -580863832
-210792959 -205774504
-369946239 -361840040
-111322159 -108233544
-63395319 -61236536
-964058199 -944425592
-197228759 -192473464
-158344719 -154343816
-5521399 -4485432
-165578959 -161437704
-947781159 -928464344
-778680799 -762644712
-676497159 -662443544
-954111119 -934671496
-689157079 -674857848
-928791279 -909842888
-514631039 -503717800
-523673839 -512585160
-341009279 -333464488
-934216959 -915163304
-777776519 -761757976
-311168039 -304202200
-101375079 -98479448
-271379719 -265185816
-342817839 -335237960
-278613959 -272279704
-143876239 -140156040
-29032679 -27540568
-828416199 -811415192
-871821639 -853978520
-417873079 -408837048
-281326799 -274939912
-376276199 -368047192
-511013919 -500170856
-910705679 -892108168
-665645799 -651802712
-736179639 -720968120
-388936119 -380461496
-525482399 -514358632
-539950879 -528546408
-720806879 -705893608
-953206839 -933784760
-453139999 -443419752
-291273879 -284694008
-261432639 -255431720
-418777359 -409723784
-763308039 -747570200
-87810879 -85178408
-450427159 -440759544
-723519719 -708553816
-889002959 -870826504
-805809199 -789246792
-795862119 -779492696
-350052079 -342331848
-112226439 -109120280
-326540799 -319276712
-951398279 -932011288
-700912719 -686385416
-443192919 -433665656
-155631879 -151683608
-508301079 -497510648
-575217799 -563129112
-176430319 -172078536
-658411559 -644708824
-448618599 -438986072
-976718119 -956839896
-644847359 -631407784
-799479239 -783039640
-558036479 -546281128
-92332279 -89612088
-627666039 -614559800
-161961839 -157890760
-490215479 -479775928
-760595199 -744909992
-430532999 -421251352
-861874559 -844224424
-659315839 -645595560
-493832599 -483322872
-618623239 -605692440
-775967959 -759984504
-49831119 -47935496
-791340719 -775059016
-700008439 -685498680
-586069159 -573769944
-836554719 -819395816
-8234239 -7145640
-359094879 -351199208
-511918199 -501057592
-794053559 -777719224
-455852839 -446079960
-372659079 -364500248
-369041959 -360953304
-22702719 -21333416
-601441919 -588844456
-419681639 -410610520
-643038799 -629634312
-704529839 -689932360
-943259759 -924030664
-202654439 -197793880
-364520559 -356519624
-374467639 -366273720
-628570319 -615446536
-898950039 -880580600
-324732239 -317503240
-492928319 -482436136
-599633359 -587070984
-690061359 -675744584
-626761759 -613673064
-282231079 -275826648
-844693239 -827376440
-810330599 -793680472
-531812359 -520565784
-238825639 -233263320
-446810039 -437212600
-706338399 -691705832
-912514239 -893881640
-615910399 -603032232
-983048079 -963047048
-384414719 -376027816
-744318159 -728948744
-573409239 -561355640
-256911239 -250998040
-286752479 -280260328
-303933799 -297108312
-481172679 -470908568
-306646639 -299768520
-343722119 -336124696
-786819319 -770625336
-444097199 -434552392
-190898799 -186266312
-539046599 -527659672
-116747839 -113553960
-620431799 -607465912
-469417039 -459381000
-718998319 -704120136
-27224119 -25767096
-655698719 -642048616
-711764079 -697026248
-340104999 -332577752
-180047439 -175625480
-366329119 -358293096
-100470799 -97592712
-831129039 -814075400
-304838079 -297995048
-39884039 -38181400
-260528359 -254544984
-551706519 -540073976
-671071479 -657123128
-337392159 -329917544
-588781999 -576430152
-649368759 -635841464
-821181959 -804321304
-748839559 -733382424
-312072319 -305088936
-602346199 -589731192
-832033319 -814962136
-569792119 -557808696
-946876879 -927577608
-505588239 -494850440
-235208519 -229716376
-434150119 -424798296
-681922839 -667763960
-325636519 -318389976
-608676159 -595938344
-415160239 -406176840
-547185119 -535640296
-53448239 -51482440
-561653599 -549828072
-223452879 -218188808
-295795279 -289127688
-248772719 -243017416
-52543959 -50595704
-754265239 -738702840
-255102679 -249224568
-526386679 -515245368
-114034999 -110893752
-722615439 -707667080
-843788959 -826489704
-792244999 -775945752
-955919679 -936444968
-825703359 -808754984
-211697239 -206661240
-734371079 -719194648
-768733719 -752890616
-633091719 -619880216
-350956359 -343218584
-907992839 -889447960
-209888679 -204887768
-652985879 -639388408
-914322799 -895655112
-594207679 -581750568
-115843559 -112667224
-296699559 -290014424
-709955519 -695252776
-813043439 -796340680
-541759439 -530319880
-488406919 -478002456
-470321319 -460267736
-414255959 -405290104
-862778839 -845111160
-471225599 -461154472
-840171839 -822942760
-530003799 -518792312
-513726759 -502831064
-966771039 -947085800
-106800759 -103799864
-75150959 -72764104
-822990519 -806094776
-555323639 -543620920
-670167199 -656236392
-333775039 -326370600
-387127559 -378688024
-175526039 -171191800
-122173519 -118874376
-732562519 -717421176
-234304239 -228829640
-335583599 -328144072
-392553239 -384008440
-519152439 -508151480
-942355479 -923143928
-458565679 -448740168
-148397639 -144589720
-683731399 -669537432
-876343039 -858412200
-504683959 -493963704
-380797599 -372480872
-959536799 -939991912
-782297919 -766191656
-548993679 -537413768
-556227919 -544507656
-629474599 -616333272
-26319839 -24880360
-852831759 -835357064
-433245839 -423911560
-941451199 -922257192
-440480079 -431005448
-431437279 -422138088
-98662239 -95819240
-482076959 -471795304
-216218639 -211094920
-363616279 -355632888
-783202199 -767078392
-319306559 -312182824
-184568839 -180059160
-336487879 -329030808
-919748479 -900975528
-936929799 -917823512
-189090239 -184492840
-284039639 -277600120
-167387519 -163211176
-361807719 -353859416
-267762599 -261638872
-957728239 -938218440
-515535319 -504604536
-624048919 -611012856
-14564199 -13352792
-142971959 -139269304
-421490199 -412383992
-713572639 -698799720
-239729919 -234150056
-208080119 -203114296
-263241199 -257205192
-246964159 -241243944
-596920519 -584410776
-390744679 -382234968
-232495679 -227056168
-730753959 -715647704
-916131359 -897428584
-166483239 -162324440
-456757119 -446966696
-662028679 -648255768
-801287799 -784813112
-848310359 -830923384
-804904919 -788360056
-709051239 -694366040
-881768719 -863732616
-77863799 -75424312
-136641999 -133062152
-922461319 -903635736
-576122079 -564015848
-95045119 -92272296
-518248159 -507264744
-429628719 -420364616
-257815519 -251884776
-654794439 -641161880
-940546919 -921370456
-194515919 -189813256
-416064519 -407063576
-401596039 -392875800
-24511279 -23106888
-728041119 -712987496
-562557879 -550714808
-62491039 -60349800
-454044279 -444306488
-879960159 -861959144
-432341559 -423024824
-692774199 -678404792
-528195239 -517018840
-425107319 -415930936
-200845879 -196020408
-798574959 -782152904
-12755639 -11579320
-83289479 -80744728
-970388159 -950632744
-971292439 -951519480
-625857479 -612786328
-737988199 -722741592
-808522039 -791907000
-992090879 -971914408
-880864439 -862845880
-796766399 -780379432
-903471439 -885014280
-932408399 -913389832
-360903439 -352972680
-151110479 -147249928
-275901119 -269619496
-349147799 -341445112
-980335239 -960386840
-441384359 -431892184
-543567999 -532093352
-646655919 -633181256
-565270719 -553375016
-370850519 -362726776
-109513599 -106460072
-997516559 -977234824
-773255119 -757324296
-131216319 -127741736
-398883199 -390215592
-168291799 -164097912
-542663719 -531206616
-642134519 -628747576
-750648119 -735155896
-186377399 -181832632
-974909559 -955066424
-287656759 -281147064
-170100359 -165871384
-218931479 -213755128
-423298759 -414157464
-213505799 -208434712
-893524359 -875260184
-630378879 -617220008
-999999 -51752
-557132199 -545394392
-905279999 -886787752
-64299599 -62123272
-463087079 -453173848
-307550919 -300655256
-217122919 -211981656
-613197559 -600372024
-984856639 -964820520
-157440439 -153457080
-553515079 -541847448
-527290959 -516132104
-191803079 -187153048
-998420839 -978121560
-185473119 -180945896
-497449719 -486869816
-982143799 -962160312
-737083919 -721854856
-284943919 -278486856
-614101839 -601258760
-339200719 -331691016
-353669199 -345878792
-816660559 -799887624
-193611639 -188926520
-512822479 -501944328
-133929159 -130401944
-952302559 -932898024
-716285479 -701459928
-269571159 -263412344
-71533839 -69217160
-662932959 -649142504
-426915879 -417704408
-283135359 -276713384
-399787479 -391102328
-359999159 -352085944
-945972599 -926690872
-82385199 -79857992
-851927479 -834470328
-250581279 -244790888
-535429479 -524112728
-123982079 -120647848
-742509599 -727175272
-473034159 -462927944
-845597519 -828263176
-468512759 -458494264
-645751639 -632294520
-308455199 -301541992
-829320479 -812301928
530181239 -520550928
-762403759 -746683464
-272283999 -266072552
-950493999 -931124552
-357286319 -349425736
-687348519 -673084376
-224357159 -219075544
-60682479 -58576328
-860065999 -842450952
-67916719 -65670216
-35362639 -33747720
-672880039 -658896600
-129407759 -125968264
-377180479 -368933928
-908897119 -890334696
-329253639 -321936920
-948685439 -929351080
-638517399 -625200632
-800383519 -783926376
-747935279 -732495688
-108609319 -105573336
-847406079 -830036648
-589686279 -577316888
-650273039 -636728200
-91427999 -88725352
-292178159 -285580744
-917035639 -898315320
-177334599 -172965272
-572504959 -560468904
-913418519 -894768376
-133024879 -129515208
-117652119 -114440696
-552610799 -540960712
-675592879 -661556808
-486960447 342786549
-180951719 -176512216
-949589719 -930237816
-410638839 -401743160
-277709679 -271392968
-694582759 -680178264
-118556399 -115327432
-915227079 -896541848
-293082439 -286467480
-985760919 -965707256
-901662879 -883240808
-442288639 -432778920
-788627879 -772398808
-766020879 -750230408
-293986719 -287354216
-955015399 -935558232
-863683119 -845997896
-222548599 -217302072
-144780519 -141042776
-841980399 -824716232
-894428639 -876146920
-648464479 -634954728
-611388999 -598598552
-917939919 -899202056
-30841239 -29314040
-496545439 -485983080
-939642639 -920483720
-310263759 -303315464
-31745519 -30200776
-838363279 -821169288
-479364119 -469135096
-3712839 -2711960
-302125239 -295334840
-969483879 -949746008
-381701879 -373367608
-961345359 -941765384
-163770399 -159664232
-273188279 -266959288
-699104159 -684611944
-973100999 -953292952
-590590559 -578203624
-790436439 -774172280
-74246679 -71877368
-927886999 -908956152
-312976599 -305975672
-90523719 -87838616
-181855999 -177398952
-994803719 -974574616
-584260599 -571996472
-373563359 -365386984
-769637999 -753777352
-806713479 -790133528
-127599199 -124194792
-1904279 -938488
-567983559 -556035224
-85098039 -82518200
-299412399 -292674632
-244251319 -238583736
-459469959 -449626904
-196324479 -191586728
-451331439 -441646280
-447714319 -438099336
-741605319 -726288536
-215314359 -210208184
-406117439 -397309480
-937834079 -918710248
-962249639 -942652120
-330157919 -322823656
-807617759 -791020264
-522769559 -511698424
-142067679 -138382568
-226165719 -220849016
-691869919 -677518056
-172813199 -168531592
-114939279 -111780488
-858257439 -840677480
-835650439 -818509080
-701816999 -687272152
-507396799 -496623912
-422394479 -413270728
-743413879 -728062008
-95949399 -93159032
-600537639 -587957720
-498353999 -487756552
-225261439 -219962280
-207175839 -202227560
-918844199 -900088792
-583356319 -571109736
-532716639 -521452520
-56161079 -54142648
-93236559 -90498824
-733466799 -718307912
-604154759 -591504664
-826607639 -809641720
-445001479 -435439128
-574313519 -562242376
-612293279 -599485288
-104087919 -101139656
-595111959 -582637304
-397978919 -389328856
-892620079 -874373448
-747030999 -731608952
-753360959 -737816104
-253294119 -247451096
-412447399 -403516632
-332870759 -325483864
-103183639 -100252920
-130312039 -126855000
-621336079 -608352648
-877247319 -859298936
-725328279 -710327288
-587877719 -575543416
-992995159 -972801144
-134833439 -131288680
-192707359 -188039784
-9138519 -8032376
-290369599 -283807272
-183664559 -179172424
-756978079 -741363048
-545376559 -533866824
-974005279 -954179688
-653890159 -640275144
-178238879 -173852008
-51639679 -49708968
-705434119 -690819096
-280422519 -274053176
-76959519 -74537576
-752456679 -736929368
-179143159 -174738744
-983952359 -963933784
-967675319 -947972536
-906184279 -887674488
-579739199 -567562792
-902567159 -884127544
-368137679 -360066568
-354573479 -346765528
-99566519 -96705976
-54352519 -52369176
-785915039 -769738600
-591494839 -579090360
-578834919 -566676056
-484789799 -474455512
-288561039 -282033800
-895332919 -877033656
-695487039 -681065000
-37171199 -35521192
-679209999 -665103752
-246059879 -240357208
-139354839 -135722360
-566174999 -554261752
-331062199 -323710392
-851023199 -833583592
-972196719 -952406216
-305742359 -298881784
-891715799 -873486712
-266858319 -260752136
-794957839 -778605960
-597824799 -585297512
-865491679 -847771368
-811234879 -794567208
-911609959 -892994904
-690965639 -676631320
-119460679 -116214168
-482981239 -472682040
-632187439 -618993480
-346434959 -338784904
-712668359 -697912984
-776872239 -760871240
-622240359 -609239384
-198133039 -193360200
-822086239 -805208040
-356382039 -348539000
-45309719 -43501816
-581547759 -569336264
-960441079 -940878648
-560749319 -548941336
-59778199 -57689592
-264145479 -258091928
-270475439 -264299080
-656602999 -642935352
-405213159 -396422744
-150206199 -146363192
-842884679 -825602968
-596016239 -583524040
-137546279 -133948888
-859161719 -841564216
-69725279 -67443688
-66108159 -63896744
-688252799 -673971112
-195420199 -190699992
-258719799 -252771512
-745222439 -729835480
-86002319 -83404936
-605963319 -593278136
-864587399 -846884632
-764212319 -748456936
-571600679 -559582168
-408830279 -399969688
-241538479 -235923528
-120364959 -117100904
-237017079 -231489848
-461278519 -451400376
-2808559 -1825224
-616814679 -603918968
-110417879 -107346808
-55256799 -53255912
-577930639 -565789320
-789532159 -773285544
-309359479 -302428728
-76055239 -73650840
-667454359 -653576184
-68820999 -66556952
-623144639 -610126120
-729849679 -714760968
-931504119 -912503096
-738892479 -723628328
-17277039 -16013000
-231591399 -226169432
-169196079 -164984648
-382606159 -374254344
-669262919 -655349656
-771446559 -755550824
-355477759 -347652264
-884481559 -866392824
-233399959 -227942904
-23606999 -22220152
-388031839 -379574760
-50735399 -48822232
-839267559 -822056024
-631283159 -618106744
-11851359 -10692584
-375371919 -367160456
-385318999 -376914552
-327445079 -320163448
-97757959 -94932504
-534525199 -523225992
-696391319 -681951736
-735275359 -720081384
-402500319 -393762536
-47118279 -45275288
-663837239 -650029240
-964962479 -945312328
-19085599 -17786472
-875438759 -857525464
-182760279 -178285688
-426011599 -416817672
-990282319 -970140936
-731658239 -716534440
-487502639 -477115720
-615006119 -602145496
-389840399 -381348232
-322923679 -315729768
-126694919 -123308056
-674688599 -660670072
-820277679 -803434568
-245155599 -239470472
-323827959 -316616504
-517343879 -506378008
-520960999 -509924952
-640325959 -626974104
-152014759 -148136664
-639421679 -626087368
-237921359 -232376584
-728945399 -713874232
-205367279 -200454088
-886290119 -868166296
-641230239 -627860840
-124886359 -121534584
-199037319 -194246936
-749743839 -734269160
-867300239 -849544840
-546280839 -534753560
-107705039 -104686600
-870013079 -852205048
-920652759 -901862264
-289465319 -282920536
-262336919 -256318456
-188185959 -183606104
140706220 -42182413
-633995999 -620766952
-65203879 -63010008
-256006959 -250111304
-214410079 -209321448
-57969639 -55916120
-229782839 -224395960
-580643479 -568449528
-854640319 -837130536
-883577279 -865506088
-320210839 -313069560
-538142319 -526772936
-909801399 -891221432
-161057559 -157004024
-145684799 -141929512
-67012439 -64783480
-830224759 -813188664
-837458999 -820282552
-159248999 -155230552
-634900279 -621653688
-784106479 -767965128
-247868439 -242130680
-153823319 -149910136
-113130719 -110007016
-230687119 -225282696
-956823959 -937331704
-721711159 -706780344
-338296439 -330804280
-420585919 -411497256
-494736879 -484209608
-567079279 -555148488
-427820159 -418591144
-846501799 -829149912
-853736039 -836243800
-637613119 -624313896
-558940759 -547167864
-495641159 -485096344
-140259119 -136609096
-466704199 -456720792
-606867599 -594164872
-411543119 -402629896
-152919039 -149023400
-529099519 -517905576
-682827119 -668650696
