509
-465432201 639769563
-604644273 831006130
-143952777 198151099
-217146753 298698160
-418071393 574709700
-590292513 811291020
-484089489 665399206
-340571889 468248106
-132471369 182379011
-267377913 367701045
-420941745 578652722
-251590977 346014424
-666356841 915781103
-247285449 340099891
-308998017 424874864
-522839241 718630003
-4740705 6914532
-293211081 403188243
-630477441 866493328
-693625185 953239812
-626171913 860578795
-263072385 361786512
-537191001 738345113
-172656297 237581319
-656310609 901980526
-433858329 596396321
-53536689 73945906
-232933689 320384781
-670662369 921695636
-89416089 123233681
-555848289 763974756
-65018097 89717994
-354923649 487963216
-199924641 275040028
-326220129 448532996
-214276401 294755138
-634782969 872407861
-152563833 209980165
-52101513 71974395
-466867377 641741074
-633347793 870436350
-208535697 286869094
-383627169 527393436
-627607089 862550306
-521404065 716658492
-192748761 265182473
-577375929 793547421
-274553793 377558600
-122425137 168578434
-7611057 10857554
-182702529 251381896
-145387953 200122610
-687884481 945353768
-36314577 50287774
-710847297 976897944
-606079449 832977641
-400849281 551051568
-552977937 760031734
-571635225 785661377
-471172905 647655607
377895604 -226400538
-575940753 791575910
-57842217 79860439
-705106593 969011900
-587422161 807347998
-597468393 821148575
-585986985 805376487
-489830193 673285250
-224322633 308555715
-580246281 797490443
-620431209 852692751
-93721617 129148214
-141082425 194208077
-416636217 572738189
-99462321 137034258
-725199057 996613054
-370710585 509649837
-413765865 568795167
-441034209 606253876
-435293505 598367832
-329090481 452476018
-161174889 221809231
-218581929 300669671
-306127665 420931842
-392238225 539222502
-459691497 631883519
-406589985 558937612
-350618121 482048683
-611820153 840863685
-10481409 14800576
-657745785 903952037
-494135721 679199783
-128165841 176464478
-652005081 896065993
-703671417 967040389
-118119609 162663901
-191313585 263210962
-442469385 608225387
-435177 999999
-475478433 653570140
-667792017 917752614
-221452281 304612693
-653440257 898037504
-153999009 211951676
-425247273 584567255
-712282473 978869455
-499876425 687085827
-680708601 935496213
-621866385 854664262
-237239217 326299314
-430987977 592453299
-248720625 342071402
-697930713 959154345
-608949801 836920663
-67888449 93661016
-410895513 564852145
-564459345 775803822
-517098537 710743959
-175526649 241524341
-685014129 941410746
-181267353 249410385
-375016113 515564370
-593162865 815234042
-108073377 148863324
-278859321 383473133
-547237233 752145690
-511357833 702857915
-109508553 150834835
-146823129 202094121
-307562841 422903353
-331960833 456419040
-95156793 131119725
-686449305 943382257
-189878409 261239451
-519968889 714686981
-317609073 436703930
-492700545 677228272
-105203025 144920302
-204230169 280954561
-367840233 505706815
-463997025 637798052
-363534705 499792282
-550107585 756088712
-458256321 629912008
-646264377 888179949
-664921665 913809592
-507052305 696943382
-187008057 257296429
-474043257 651598629
-110943729 152806346
-20527641 28601153
-515663361 708772448
-518533713 712715470
-508487481 698914893
-185572881 255324918
-72193977 99575549
-156869361 215894698
-352053297 484020194
-557283465 765946267
-228628161 314470248
-700801065 963097367
-600338745 825091597
-148258305 204065632
-80805033 111404615
-77934681 107461593
-598903569 823120086
-149693481 206037143
-716588001 984783988
-584551809 803404976
-353488473 485991705
-709412121 974926433
-60712569 83803461
-637653321 876350883
-718023177 986755499
-683578953 939439235
-504181953 693000360
-616125681 846778218
-614690505 844806707
-138212073 190265055
-42055281 58173818
-689319657 947325279
-596033217 819177064
-377886465 519507392
-24833169 34515686
-479783961 659484673
-469737729 645684096
-227192985 312498737
-207100521 284897583
-27703521 38458708
-324784953 446561485
-423812097 582595744
-169785945 233638297
-316173897 434732419
-502746777 691028849
-456821145 627940497
-362099529 497820771
-304692489 418960331
-695060361 955211323
-103767849 142948791
-166915593 229695275
-265942737 365729534
-722328705 992670032
-76499505 105490082
-50666337 70002884
-288905553 397273710
-281729673 387416155
-11916585 16772087
-59277393 81831950
-488395017 671313739
-445339737 612168409
-29138697 40430219
-558718641 767917778
-83675385 115347637
-86545737 119290659
-250155801 344042913
-90851265 125205192
-669227193 919724125
-344877417 474162639
-453950793 623997475
-334831185 460362062
-205665345 282926072
-528579945 726516047
-402284457 553023079
-300386961 413045798
-176961825 243495852
-136776897 188293544
-643394025 884236927
-92286441 127176703
-560153817 769889289
-297516609 409102776
-142517601 196179588
-554413113 762003245
-408025161 560909123
-461126673 633855030
-387932697 533307969
-212841225 292783627
-139647249 192236566
-542931705 746231157
-438163857 602310854
-696495537 957182834
-482654313 663427695
-129601017 178435989
-271683441 373615578
-644829201 886208438
-33444225 46344752
-330525657 454447529
-443904561 610196898
-405154809 556966101
-446774913 614139920
-1870353 2971510
-171221121 235609808
-561588993 771860800
-198489465 273068517
-303257313 416988820
-201359817 277011539
-359229177 493877749
-399414105 549080057
-654875433 900009015
-339136713 466276595
-222887457 306584204
-188443233 259267940
-396543753 545137035
-449645265 618082942
-379321641 521478903
-419506569 576681211
-514228185 706800937
-720893529 990698521
-617560857 848749729
-195619113 269125495
-369275409 507678326
-723763881 994641543
-570200049 783689866
-298951785 411074287
-63582921 87746483
-159739713 219837720
-713717649 980840966
-676403073 929581680
-624736737 858607284
-544366881 748202668
-21962817 30572664
-19092465 26629642
-385062345 529364947
-244415097 336156869
-541496529 744259646
-151128657 208008654
-719458353 988727010
-197054289 271097006
-234368865 322356292
-393673401 541194013
-610384977 838892174
166316890 711925786
-426682449 586538766
-164045241 225752253
-662051313 909866570
-245850273 338128380
-215711577 296726649
-660616137 907895059
-283164849 389387666
-512793009 704829426
-242979921 334185358
-565894521 777775333
-155434185 213923187
-3305529 4943021
-16222113 22686620
-395108577 543165524
-679273425 933524702
-403719633 554994590
-455385969 625968986
-436728681 600339343
-125295489 172521456
-706541769 970983411
-75064329 103518571
-70758801 97604038
-551542761 758060223
-505617129 694971871
-415201041 570766678
-535755825 736373602
-264507561 363758023
-540061353 742288135
-211406049 290812116
-364969881 501763793
-47795985 66059862
-314738721 432760908
-126730665 174492967
-231498513 318413270
-230063337 316441759
-162610065 223780742
-462561849 635826541
-601773921 827063108
-255896505 351928957
-165480417 227723764
-481219137 661456184
-538626177 740316624
-591727689 813262531
-238674393 328270825
-501311601 689057338
-659180961 905923548
-631912617 868464839
-54971865 75917417
-174091473 239552830
-373580937 513592859
-73629153 101547060
-333396009 458390551
-260202033 357843490
-100897497 139005769
-607514625 834949152
-23397993 32544175
-280294497 385444644
-649134729 892122971
-663486489 911838081
-486959841 669342228
-574505577 789604399
-69323625 95632527
-158304537 217866209
-439599033 604282365
-380756817 523450414
-337701537 464305084
-534320649 734402091
-389367873 535279480
-573070401 787632888
-113814081 156749368
-112378905 154777857
-85110561 117319148
-498441249 685114316
-98027145 135062747
-275988969 379530111
-342007065 470219617
-46360809 64088351
-672097545 923667147
-650569905 894094482
-39184929 54230796
-56407041 77888928
-235804041 324327803
-636218145 874379372
-563024169 773832311
-581681457 799461954
-452515617 622025964
-323349777 444589974
-699365889 961125856
-43490457 60145329
-327655305 450504507
-257331681 353900468
-30573873 42401730
-366405057 503735304
-277424145 381501622
-133906545 184350522
-258766857 355871979
-372145761 511621348
-603209097 829034619
-524274417 720601514
-360664353 495849260
-527144769 724544536
-286035201 393330688
-209970873 288840605
-270248265 371644067
-178397001 245467363
-588857337 809319509
-349182945 480077172
-116684433 160692390
-313303545 430789397
-241544745 332213847
-311868369 428817886
-66453273 91689505
-640523673 880293905
-220017105 302641182
-291775905 401216732
-525709593 722573025
-17657289 24658131
-320479425 440646952
-357794001 491906238
-428117625 588510277
-594598041 817205553
-390803049 537250991
-382191993 525421925
-346312593 476134150
-9046233 12829065
-284600025 391359177
-253026153 347985935
-422376921 580624233
-618996033 850721240
-13351761 18743598
-131036193 180407500
-530015121 728487558
-692190009 951268301
-468302553 643712585
-682143777 937467724
-545802057 750174179
-106638201 146891813
-14786937 20715109
706385269 -44638704
-168350769 231666786
-376451289 517535881
-310433193 426846375
-273118617 375587089
-386497521 531336458
-448210089 616111431
-673532721 925638658
-79369857 109433104
-567329697 779746844
-194183937 267153984
-82240209 113376126
-347747769 478105661
-397978929 547108546
-290340729 399245221
-531450297 730459069
-87980913 121262170
-702236241 965068878
-37749753 52259285
-356358825 489934727
-578811105 795518932
-225757809 310527226
-532885473 732430580
-32009049 44373241
-613255329 842835196
-647699553 890151460
-639088497 878322394
-485524665 667370717
-115249257 158720879
-120989961 166606923
-123860313 170549945
-184137705 253353407
-641958849 882265416
-34879401 48316263
-677838249 931553191
-44925633 62116840
-715152825 982812477
-321914601 442618463
-240109569 330242336
-412330689 566823656
-202794993 278983050
-296081433 407131265
-336266361 462333573
-491265369 675256761
-478348785 657513162
-429552801 590481788
-568764873 781718355
-629042265 864521817
-497006073 683142805
-294646257 405159754
-96591969 133091236
-268813089 369672556
-261637209 359815001
-409460337 562880634
-40620105 56202307
-674967897 927610169
-509922657 700886404
-49231161 68031373
-343442241 472191128
-583116633 801433465
-62147745 85774972
-254461329 349957446
-179832177 247438874
-135341721 186322033
-548672409 754117201
-26268345 36487197
-119554785 164635412
-623301561 856635773
-287470377 395302199
-319044249 438675441
-690754833 949296790
-6175881 8886043
-472608081 649627118
-495570897 681171294
-451080441 620054453
-707976945 972954922
-476913609 655541651
-102332673 140977280
-301822137 415017309
-432423153 594424810
