956
553971825 249006726
841968567 377951400
675897453 303596442
294354324 132768279
386849628 174181167
54707400 25471251
253362087 114414840
635956299 285713604
600219477 269713170
312222735 140768496
877705389 393951834
954434448 428305707
610730307 274419180
777852504 349244739
383696379 172769364
917646543 411834672
693765864 311596659
134589708 61236927
996477768 447129747
428892948 193005207
908186796 407599263
83086641 38177478
812538243 364774572
833559903 374186592
785210085 352538946
588657564 264536559
85188807 39118680
578146734 259830549
735809184 330420699
392105043 176534172
497213343 223594272
217625265 98414406
209216601 94649598
836713152 375598395
972302859 436305924
366879051 165239748
116721297 53236710
734758101 329950098
899778132 403834455
738962433 331832502
875603223 393010632
402615873 181240182
589708647 265007160
241800174 109238229
436250529 196299414
195552522 88531785
584453232 262654155
878756472 394422435
639109548 287125407
957587697 429717510
476191683 214182252
617036805 277242786
815691492 366186375
9510831 5235408
778903587 349715340
420484284 189240399
219727431 99355608
274383747 123826860
31583574 15118029
573942402 257948145
358470387 161474940
27379242 13235625
697970196 313479063
882960804 396304839
352163889 158651334
149304870 67825341
555022908 249477327
372134466 167592753
809384994 363362769
695868030 312537861
598117311 268771968
792567666 355833153
57860649 26883054
523490418 235359297
207114435 93708396
524541501 235829898
837764235 376068996
175581945 79590366
530847999 238653504
176633028 80060967
84137724 38648079
132487542 60295725
196603605 89002386
662233374 297478629
371083383 167122152
599168394 269242569
913442211 409952268
-159876186 -362509693
95699637 43824690
50503068 23588847
536103414 241006509
396309375 178416576
835662069 375127794
327988980 147827511
940770369 422187894
936566037 420305490
925004124 415128879
604423809 271595574
770494923 345950532
850377231 381716208
961792029 431599914
3204333 2411802
400513707 180298980
631751967 283831200
580248900 260771751
704276694 316302669
299609739 135121284
761035176 341715123
355317138 160063137
756830844 339832719
805180662 361480365
33685740 16059231
453067857 203829030
788363334 353950749
403666956 181710783
136691874 62178129
847223982 380304405
498264426 224064873
664335540 298419831
563431572 253242135
448863525 201946626
378440964 170416359
283843494 128062269
862990227 387363420
408922371 184063788
625445469 281007594
414177786 186416793
982813689 441011934
515081754 231594489
870347808 390657627
544512078 244771317
834610986 374657193
538205580 241947711
382645296 172298763
552920742 248536125
41043321 19353438
471987351 212299848
567635904 255124539
240749091 108767628
479344932 215594055
1102167 1470600
829355571 372304188
360572553 162416142
137742957 62648730
56809566 26412453
442557027 199123020
419433201 188769798
322733565 145474506
958638780 430188111
261770751 118179648
93597471 42883488
291201075 131356476
779954670 350185941
535052331 240535908
-569891609 426137473
926055207 415599480
707429943 317714472
643313880 289007811
619138971 278183988
317478150 143121501
130385376 59354523
346908474 156298329
90444222 41471685
786261168 353009547
658029042 295596225
509826339 229241484
91495305 41942286
265975083 120062052
370032300 166651551
32634657 15588630
694816947 312067260
742115682 333244305
127232127 57942720
310120569 139827294
473038434 212770449
391053960 176063571
754728678 338891517
236544759 106885224
565533738 254183337
183990609 83355174
142998372 65001735
866143476 388775223
135640791 61707528
332796399 -746288629
212369850 96061401
967047444 433952919
490906845 220770666
613883556 275830983
526643667 236771100
953383365 427835106
983864772 441482535
338499810 152533521
179786277 81472770
25277076 12294423
638058465 286654806
725298354 325714689
462527604 208064439
117772380 53707311
305916237 137944890
147202704 66884139
827253405 371362986
579197817 260301150
377389881 169945758
72575811 33471468
485651430 218417661
23174910 11353221
938668203 421246692
740013516 332303103
263872917 119120850
900829215 404305056
871398891 391128228
24225993 11823822
333244395 150180516
152458119 69237144
394207209 177475374
337448727 152062920
572891319 257477544
123027795 56060316
29481408 14176827
324835731 146415708
916595460 411364071
597066228 268301367
480396015 216064656
251259921 113473638
126181044 57472119
655926876 294655023
316427067 142650900
527694750 237241701
818844741 367598178
224982846 101708613
746320014 335126709
303814071 137003688
385798545 173710566
874552140 392540031
427841865 192534606
186092775 84296376
238646925 107826426
861939144 386892819
846172899 379833804
989120187 443835540
931310622 417952485
854581563 383598612
911340045 409011066
661182291 297008028
206063352 93237795
306967320 138415491
11612997 6176610
156662451 71119548
596015145 267830766
445710276 200534823
844070733 378892602
787312251 353480148
350061723 157710132
620190054 278654589
601270560 270183771
641211714 288066609
606525975 272536776
968098527 434423520
375287715 169004556
482498181 217005858
185041692 83825775
456221106 205240833
44196570 20765241
124078878 56530917
952332282 427364505
232340427 105002820
709532109 318655674
94648554 43354089
96750720 44295291
775750338 348303537
745268931 334656108
825151239 370421784
665386623 298890432
686408283 308302452
615985722 276772185
759984093 341244522
971251776 435835323
729502686 327597093
220778514 99826209
129334293 58883922
61013898 28294857
181888443 82413972
884011887 396775440
262821834 118650249
529796916 238182903
851428314 382186809
593912979 266889564
449914608 202417227
345857391 155827728
190297107 86178780
430995114 193946409
289098909 130415274
830406654 372774789
58911732 27353655
532950165 239594706
70473645 32530266
504570924 226888479
947076867 425011500
422586450 190181601
466731936 209946843
714787524 321008679
889267302 399128445
865092393 388304622
205012269 92767194
744217848 334185507
765239508 343597527
367930134 165710349
357419304 161004339
683255034 306890649
458323272 206182035
839866401 377010198
30532491 14647428
516132837 232065090
153509202 69707745
946025784 424540899
222880680 100767411
710583192 319126275
256515336 115826643
474089517 213241050
607577058 273007377
886114053 397716642
110414799 50413104
998579934 448070949
979660440 439600131
138794040 63119331
895573800 401952051
258617502 116767845
689561532 309714255
257566419 116297244
885062970 397246041
700072362 314420265
171377613 77707962
869296725 390187026
547665327 246183120
28430325 13706226
562380489 252771534
736860267 330891300
618087888 277713387
682203951 306420048
440454861 198181818
292252158 131827077
239698008 108297027
500366592 225006075
313273818 141239097
557125074 250418529
415228869 186887394
18970578 9470817
320631399 144533304
100955052 46177695
602321643 270654372
942872535 423129096
99903969 45707094
264924000 119591451
235493676 106414623
549767493 247124322
455170023 204770232
424688616 191122803
574993485 258418746
632803050 284301801
159815700 72531351
769443840 345479931
150355953 68295942
452016774 203358429
202910103 91825992
539256663 242418312
211318767 95590800
920799792 413246475
669590955 300772836
66269313 30647862
298558656 134650683
568686987 255595140
921850875 413717076
496162260 223123671
75729060 34883271
621241137 279125190
867194559 389245824
381594213 171828162
139845123 63589932
399462624 179828379
666437706 299361033
708481026 318185073
722145105 324302886
577095651 259359948
73626894 33942069
416279952 187357995
653824710 293713821
888216219 398657844
755779761 339362118
187143858 84766977
879807555 394893036
832508820 373715991
65218230 30177261
36838989 17471034
15817329 8059014
227085012 102649815
980711523 440070732
432046197 194417010
587606481 264065958
706378860 317243871
624394386 280536993
959689863 430658712
984915855 441953136
848275065 380775006
201859020 91355391
594964062 267360165
363725802 163827945
166122198 75354957
582351066 261712953
978609357 439129530
64167147 29706660
270179415 121944456
218676348 98885007
918697626 412305273
901880298 404775657
284894577 128532870
43145487 20294640
421535367 189711000
956536614 429246909
764188425 343126926
105159384 48060099
670642038 301243437
897675966 402893253
69422562 32059665
121976712 55589715
37890072 17941635
302762988 136533087
951281199 426893904
741064599 332773704
128283210 58413321
47349819 22177044
198705771 89943588
89393139 41001084
965996361 433482318
857734812 385010415
541358829 243359514
748422180 336067911
406820205 183122586
325886814 146886309
962843112 432070515
7408665 4294206
648569295 291360816
216574182 97943805
87290973 40059882
912391128 409481667
51084 999999
157713534 71590149
927106290 416070081
112516965 51354306
955485531 428776308
401564790 180769581
799925247 359127360
26328159 12765024
542409912 243830115
172428696 78178563
730553769 328067694
898727049 403363854
652773627 293243220
145100538 65942937
353214972 159121935
546614244 245712519
933412788 418893687
843019650 378422001
104108301 47589498
141947289 64531134
511928505 230182686
361623636 162886743
118823463 54177912
752626512 337950315
4255416 2882403
640160631 287596008
192399273 87119982
644364963 289478412
304865154 137474289
894522717 401481450
231289344 104532219
6357582 3823605
828304488 371833587
38941155 18412236
351112806 158180733
326937897 147356910
570789153 256536342
973353942 436776525
991222353 444776742
20021661 9941418
203961186 92296593
336397644 151592319
119874546 54648513
728451603 327126492
194501439 88061184
859836978 385951617
716889690 321949881
417331035 187828596
964945278 433011717
418382118 188299197
581299983 261242352
591810813 265948362
696919113 313008462
223931763 101238012
724247271 325244088
409973454 184534389
855632646 384069213
680101785 305478846
781005753 350656542
737911350 331361901
494060094 222182469
267026166 120532653
628598718 282419397
82035558 37706877
477242766 214652853
727400520 326655891
188194941 85237578
80984475 37236276
154560285 70178346
164020032 74413755
16868412 8529615
423637533 190652202
460425438 207123237
915544377 410893470
852479397 382657410
323784648 145945107
34736823 16529832
950230116 426423303
146151621 66413538
981762606 440541333
749473263 336538512
556073991 249947928
519286086 233476893
67320396 31118463
545563161 245241918
197654688 89472987
300660822 135591885
362674719 163357344
813589326 365245173
731604852 328538295
488804679 219829464
457272189 205711434
71524728 33000867
990171270 444306141
165071115 74884356
344806308 155357127
78882309 36295074
891369468 400069647
109363716 49942503
679050702 305008245
503519841 226417878
77831226 35824473
522439335 234888696
747371097 335597310
987018021 442894338
668539872 300302235
-443670751 331618877
892420551 400540248
464629770 209005641
173479779 78649164
817793658 367127577
732655935 329008896
551869659 248065524
2153250 1941201
221829597 100296810
750524346 337009113
712685358 320067477
103057218 47118897
910288962 408540465
626496552 281478195
751575429 337479714
290149992 130885875
5306499 3353004
881909721 395834238
720042939 323361684
633854133 284772402
611781390 274889781
845121816 379363203
107261550 49001301
838815318 376539597
974405025 437247126
771546006 346421133
486702513 218888262
214472016 97002603
288047826 129944673
592861896 266418963
939719286 421717293
405769122 182651985
162968949 73943154
380543130 171357561
800976330 359597961
701123445 314890866
374236632 168533955
988069104 443364939
985966938 442423737
880858638 395363637
514030671 231123888
919748709 412775874
318529233 143592102
233391510 105473421
269128332 121473855
634905216 285243003
528745833 237712302
623343303 280066392
692714781 311126058
21072744 10412019
364776885 164298546
590759730 265477761
559227240 251359731
49451985 23118246
158764617 72060750
814640409 365715774
285945660 129003471
507724173 228300282
468834102 210888045
808333911 362892168
174530862 79119765
766290591 344068128
872449974 391598829
487753596 219358863
106210467 48530700
673795287 302655240
726349437 326185290
774699255 347832936
17919495 9000216
68371479 31589064
997528851 447600348
512979588 230653287
763137342 342656325
823049073 369480582
803078496 360539163
51554151 24059448
905033547 406187460
569738070 256065741
937617120 420776091
650671461 292302018
608628141 273477978
773648172 347362335
896624883 402422652
782056836 351127143
14766246 7588413
810436077 363833370
347959557 156768930
663284457 297949230
717940773 322420482
433097280 194887611
160866783 73001952
637007382 286184205
762086259 342185724
295405407 133238880
548716410 246653721
489855762 220300065
412075620 185475591
88342056 40530483
340601976 153474723
796771998 357715557
210267684 95120199
681152868 305949447
975456108 437717727
281741328 127121067
260719668 117709047
902931381 405246258
167173281 75825558
651722544 292772619
860888061 386422218
279639162 126179865
297507573 134180082
906084630 406658061
478293849 215123454
46298736 21706443
454118940 204299631
459374355 206652636
903982464 405716859
840917484 377480799
144049455 65472336
332193312 149709915
789414417 354421350
887165136 398187243
413126703 185946192
609679224 273948579
10561914 5706009
798874164 358656759
250208838 113003037
671693121 301714038
177684111 80531568
928157373 416540682
627547635 281948796
804129579 361009764
674846370 303125841
59962815 27824256
115670214 52766109
718991856 322891083
660131208 296537427
676948536 304067043
242851257 109708830
461476521 207593838
343755225 154886526
282792411 127591668
434148363 195358212
564482655 253712736
114619131 52295508
395258292 177945975
244953423 110650032
667488789 299831634
612832473 275360382
268077249 121003254
319580316 144062703
743166765 333714906
193450356 87590583
330091146 148768713
98852886 45236493
277536996 125238663
309069486 139356693
723196188 324773487
62064981 28765458
505622007 227359080
560278323 251830332
470936268 211829247
254413170 114885441
914493294 410422869
614934639 276301584
934463871 419364288
359521470 161945541
92546388 42412887
502468758 225947277
243902340 110179431
520337169 233947494
331142229 149239314
435199446 195828813
713736441 320538078
646467129 290419614
446761359 201005424
226033929 102179214
858785895 385481016
463578687 208535040
941821452 422658495
495111177 222653070
791516583 355362552
525592584 236300499
86239890 39589281
629649801 282889998
876654306 393481233
690612615 310184856
393156126 177004773
301711905 136062486
960740946 431129313
733707018 329479497
148253787 67354740
930259539 417481884
561329406 252300933
935514954 419834889
772597089 346891734
856683729 384539814
793618749 356303754
39992238 18882837
687459366 308773053
977558274 438658929
831457737 373245390
992273436 445247343
339550893 153004122
853530480 383128011
583402149 262183554
286996743 129474072
13715163 7117812
642262797 288537210
767341674 344538729
22123827 10882620
354266055 159592536
475140600 213711651
131436459 59825124
868245642 389716425
398411541 179357778
169275447 76766760
42094404 19824039
806231745 361950966
200807937 90884790
278588079 125709264
228136095 103120416
531899082 239124105
558176157 250889130
790465500 354891951
757881927 340303320
699021279 313949664
199756854 90414189
444659193 200064222
390002877 175592970
849326148 381245607
271230498 122415057
441505944 198652419
721094022 323832285
189246024 85708179
705327777 316773270
864041310 387834021
508775256 228770883
97801803 44765892
368981217 166180950
108312633 49471902
537154497 241477110
45247653 21235842
659080125 296066826
356368221 160533738
276485913 124768062
691663698 310655457
275434830 124297461
976507191 438188328
437301612 196770015
929208456 417011283
365827968 164769147
467783019 210417444
795720915 357244956
407871288 183593187
576044568 258889347
753677595 338420916
469885185 211358646
550818576 247594923
993324519 445717944
439403778 197711217
784159002 352068345
334295478 150651117
170326530 77237361
586555398 263595357
293303241 132297678
605474892 272066175
329040063 148298112
493009011 221711868
820946907 368539380
230238261 104061618
35787906 17000433
168224364 76296159
384747462 173239965
797823081 358186158
909237879 408069864
491957928 221241267
120925629 55119114
932361705 418423086
125129961 57001518
437014499 -980590949
677999619 304537644
521388252 234418095
246004506 111120633
922901958 414187677
155611368 70648947
311171652 140297895
249157755 112532436
654875793 294184422
647518212 290890215
229187178 103591017
622292220 279595791
151407036 68766543
255464253 115356042
341653059 153945324
55758483 25941852
48400902 22647645
237595842 107355825
79933392 36765675
566584821 254653938
585504315 263124756
816742575 366656976
76780143 35353872
248106672 112061835
140896206 64060533
429944031 193475808
703225611 315832068
450965691 202887828
465680853 209476242
783107919 351597744
349010640 157239531
776801421 348774138
821997990 369009981
649620378 291831417
52605234 24530049
603372726 271124973
506673090 227829681
543460995 244300716
447812442 201476025
534001248 240065307
8459748 4764807
308018403 138886092
711634275 319596876
893471634 401010849
388951794 175122369
133538625 60766326
180837360 81943371
12664080 6647211
685357200 307831851
499315509 224535474
252311004 113944239
688510449 309243654
191348190 86649381
571840236 257006943
481447098 216535257
645416046 289949013
161917866 73472553
969149610 434894121
970200693 435364722
540307746 242888913
995426685 446659146
379492047 170886960
63116064 29236059
376338798 169475157
321682482 145003905
802027413 360068562
373185549 168063354
794669832 356774355
656977959 295125624
963894195 432541116
273332664 123356259
426790782 192064005
296456490 133709481
483549264 217476459
819895824 368068779
74677977 34412670
824100156 369951183
213420933 96532002
335346561 151121718
443608110 199593621
315375984 142180299
873501057 392069430
943923618 423599697
280690245 126650466
411024537 185004990
111465882 50883705
208165518 94178997
102006135 46648296
387900711 174651768
949179033 425952702
702174528 315361467
247055589 111591234
630700884 283360599
215523099 97473204
826202322 370892385
948127950 425482101
182939526 82884573
890318385 399599046
944974701 424070298
684306117 307361250
272281581 122885658
484600347 217947060
397360458 178887177
314324901 141709698
510877422 229712085
672744204 302184639
438352695 197240616
425739699 191593404
259668585 117238446
907135713 407128662
994375602 446188545
518235003 233006292
501417675 225476676
178735194 81002169
811487160 364303971
923953041 414658278
715838607 321479280
234442593 105944022
113568048 51824907
517183920 232535691
807282828 362421567
404718039 182181384
53656317 25000650
342704142 154415925
768392757 345009330
758933010 340773921
