4769
-70653249 -498483482
718395876 -446849727
-92226249 -652867578
-103815999 -735807970
-130208499 -924682130
2187347 -14194739
-49826124 -349437134
-20048499 -136337810
-18499374 -125251718
-123954624 -879927166
-79374249 -560894074
-121831749 -864735114
-56137374 -394602694
-91709874 -649172214
964431108 -600154863
52305931 -571151659
-11384874 -74337814
-81898749 -578960298
-108176499 -767013266
-80406999 -568284802
-67784499 -477953682
322005780 -199858119
72303371 -793378859
-12589749 -82960330
18935203 -200310019
30496223 -328785119
57867719 -632958599
36103728 -21711873
64804331 -710043659
49868743 -544067719
-78513624 -554735134
52618391 -574623959
-98078499 -694748370
-61760124 -434841102
-115233624 -817516574
37682803 -408648019
71414340 -43713999
-29916999 -206960322
-16089624 -108006686
578292480 -359550969
-131929749 -937000010
68491359 -751016799
583987740 -363099699
377819328 -234635673
-134454249 -955066234
-130093749 -923860938
665999484 -414201411
-48908124 -342867598
-63194499 -445106002
2124855 -13500279
-65546874 -461940438
360733548 -223989483
39682547 -430870739
422242356 -262315767
989490252 -615769275
-94693374 -670523206
-82013499 -579781490
-81152874 -573622550
-92627874 -655741750
68991295 -756572479
-58604499 -412258322
-30375999 -210245090
67304011 -737822059
50806123 -554484619
-72374499 -510801362
-86488749 -611807978
-74612124 -526814606
-31236624 -216404030
-3294999 -16443778
-29974374 -207370918
-38982249 -271834490
-85283874 -603185462
-100258749 -710351018
-105709374 -749357638
51743503 -564901519
-111848499 -793291410
-24294249 -166721914
77677683 -853102419
748011228 -465303123
88238831 -970466159
-42424749 -296470250
36120503 -391286519
-11614374 -75980198
-57915999 -407331170
-42539499 -297291442
46556667 -507261339
4374567 -38500839
-109037124 -773172206
8749007 -87113039
-2090124 -7821262
54743119 -598235599
-95955624 -679556318
-39269124 -273887470
889253676 -553311627
-68128749 -480417258
-71972874 -507927190
-96816249 -685715258
-86144499 -609344402
33558331 -362813659
-113168124 -802735118
187597644 -116108091
11436163 -116974819
10061339 -101696699
42869639 -466288199
874446000 -544084929
49743759 -542678799
-51030999 -358059650
88488799 -973243999
997463616 -620737497
-88152624 -623715262
78240111 -859352559
353899236 -219731007
268470336 -166500057
-3352374 -16854374
48868871 -532956359
48368935 -527400679
-109151874 -773993398
-127798749 -907437098
-58145499 -408973554
-101635749 -720205322
19497631 -206560159
7936611 -78085059
423381408 -263025513
34558203 -373925019
56742863 -620458319
64991807 -712127039
35495583 -384341919
-120626874 -856112598
-139044249 -987913914
-87578874 -619609302
500836944 -311288241
38432707 -416981539
69928675 -766989379
8186579 -80862899
-118503999 -840920546
9186451 -91974259
4874503 -44056519
5061979 -46139899
7186707 -69751539
-126306999 -896761602
-86832999 -614271554
10436291 -105863459
73303243 -804490219
9061467 -90585339
619298352 -385101825
58180179 -636430899
669416640 -416330649
6186835 -58640179
72803307 -798934539
-4212999 -23013314
36370471 -394064359
-63251874 -445516598
-83103624 -587582814
580570584 -360970461
-116036874 -823264918
-66866499 -471384146
700171044 -435493791
-40244499 -280867602
36182995 -391980979
9873863 -99613319
24996927 -267672639
737759760 -458915409
-27851499 -192178866
532730400 -331161129
213795840 -132432249
-115348374 -818337766
-33359499 -231596082
-65604249 -462351034
-111504249 -790827834
20247535 -214893679
-87980499 -622483474
61804715 -676709579
-122290749 -868019882
759401748 -472400583
-40760874 -284562966
-29457999 -203675554
-100029249 -708708634
49931235 -544762179
-48104874 -337119254
38620183 -419064919
333396300 -206955579
61742223 -676015119
90738511 -998244559
-50858874 -356827862
76365351 -838518759
-59235624 -416774878
319727676 -198438627
4124599 -35722999
413129940 -256637799
37807787 -410036939
138618408 -85589013
-16605999 -111702050
-82472499 -583066258
78552571 -862824859
22122295 -235727479
56367911 -616291559
-21941874 -149887478
-17122374 -115397414
-80808624 -571158974
-31867749 -220920586
89426179 -983660899
307198104 -190631421
-133536249 -948496698
-116553249 -826960282
-28998999 -200390786
-127856124 -907847694
-48391749 -339172234
-119307249 -846668890
-136175499 -967384114
75865415 -832963079
-115520499 -819569554
-11040624 -71874238
-83849499 -592920562
-25843374 -177808006
2249839 -14889199
-133765749 -950139082
646635600 -402135729
-1631124 -4536494
464387280 -288576369
-47588499 -333423890
954179640 -593767149
-108922374 -772351014
-120282624 -853649022
84614295 -930187479
-132216624 -939052990
88113847 -969077239
-99283374 -703370886
-99627624 -705834462
-41105124 -287026542
-1860624 -6178878
3749647 -31556239
-99225999 -702960290
57242799 -626013999
545259972 -338968335
-107086374 -759211942
-123610374 -877463590
81739663 -898242319
79177491 -869769459
19560123 -207254619
-129749499 -921397362
828883920 -515695089
-24638499 -169185490
-60153624 -423344414
84301835 -926715179
8936483 -89196419
-57227499 -402404018
-110873124 -786311278
293529480 -182114469
57680243 -630875219
-64858374 -457013286
916590924 -570345531
-124872624 -886496702
-126708624 -899635774
45494303 -495455519
-18728874 -126894102
-108635499 -770298034
-65317374 -460298054
-11155374 -72695430
-15573249 -104311322
-67497624 -475900702
30808683 -332257419
-3065499 -14801394
-96701499 -684894066
-118733499 -842562930
26496735 -284339679
-118102374 -838046374
-110356749 -782615914
-101693124 -720615918
48931363 -533650819
28184019 -303090099
-52809624 -370788126
129505992 -79911045
623854560 -387940809
-50801499 -356417266
37307851 -404481259
107864004 -66425871
104446848 -64296633
31558587 -340590939
800407620 -497951439
-3581874 -18496758
-76161249 -537900698
4210272 -1838985
-99799749 -707066250
562345752 -349614525
-196749 5728406
86239087 -948243439
78365095 -860741479
-139503249 -991198682
550955232 -342517065
25809323 -276700619
452996760 -281478909
405156576 -251669577
-57284874 -402814614
-23146749 -158509994
58884768 -35906793
-95898249 -679145722
67241519 -737127599
-63309249 -445927194
249106452 -154434375
25309387 -271144939
548677128 -341097573
730925448 -454656933
-31638249 -219278202
-57858624 -406920574
19372647 -205171239
2062363 -12805819
-35482374 -246788134
83239471 -914909359
35120631 -380175159
-17466624 -117860990
72115895 -791295479
-71112249 -501768250
15935587 -166975939
85926627 -944771139
-73464624 -518602686
81052251 -890603259
-139445874 -990788086
-107889624 -764960286
-97045749 -687357642
-77710374 -548986790
-61014249 -429503354
4249583 -37111919
943928172 -587379435
39370087 -427398439
-120913749 -858165578
22934691 -244755459
222908256 -138110217
180763332 -111849615
-47072124 -329728526
-109955124 -779741742
-127511874 -905384118
-132962499 -944390738
499697892 -310578495
-61874874 -435662294
-92857374 -657384134
23934563 -255866819
-74210499 -523940434
-119135124 -845437102
-65145249 -459066266
-14024124 -93225230
45119351 -491288759
-47703249 -334245082
-42309999 -295649058
75677939 -830879699
-32326749 -224205354
-29228499 -202033170
77177747 -847546739
-115864749 -822033130
-53899749 -378589450
-137552499 -977238418
-33990624 -236112638
-18040374 -121966950
-105078249 -744841082
913173768 -568216293
21997311 -234338559
483751164 -300642051
951901536 -592347657
9748879 -98224399
-115118874 -816695382
-74095749 -523119242
-105307749 -746483466
-59522499 -418827858
11998591 -123224959
53118327 -580179639
-16835499 -113344434
-32957874 -228721910
19310155 -204476779
-123323499 -875410610
6749263 -64890319
-39957624 -278814622
-50399874 -353543094
-102266874 -724721878
57492767 -628791839
4749519 -42667599
-95267124 -674629166
-89414874 -632748374
-8573499 -54218610
51431043 -561429219
820910556 -510726867
55368039 -605180199
-81999 6549598
12311051 -126697259
-130151124 -924271534
16560507 -173920539
503115048 -312707733
43994495 -478788479
114698316 -70684347
-126134874 -895529814
427937616 -265864497
14498271 -151003359
58617623 -641292119
27871559 -299617799
-34047999 -236523234
62429635 -683654179
-95381874 -675450358
722952084 -449688711
-33646374 -233649062
282138960 -175017009
43807019 -476705099
44556923 -485038619
-80234874 -567053014
-111963249 -794112602
79387704 -48682221
-35998749 -250483498
5349324 -2548731
65179283 -714210419
4936995 -44750979
19747599 -209337999
29058907 -312812539
10748751 -109335759
-18155124 -122788142
-51604749 -362165610
6686771 -64195859
33370855 -360730279
-43227999 -302218594
-103471749 -733344394
-49940874 -350258326
-16433874 -110470262
26371751 -282950759
-89816499 -635622546
278721804 -172887771
-133134624 -945622526
-139790124 -993251662
10373799 -105168999
-120569499 -855702002
-107774874 -764139094
-116438499 -826139090
67928931 -744766659
-92168874 -652456982
-43744374 -305913958
-70251624 -495609310
49243823 -537123119
46355196 -28099587
46306699 -504483499
-77423499 -546933810
11044584 -6097461
842552544 -524212041
491724528 -305610273
31433603 -339202019
-100775124 -714046382
-121315374 -861039750
57055323 -623930619
961013952 -598025625
40682419 -441982099
-125675874 -892245046
27184147 -291978739
83801899 -921159499
33870791 -366285959
75615447 -830185239
-82701999 -584708642
544120920 -338258589
218352048 -135271233
-136921374 -972721862
-59866749 -421291434
-96529374 -683662278
-59809374 -420880838
-99340749 -703781482
-75989124 -536668910
-65202624 -459476862
-136691874 -971079478
1499935 -6555679
58992575 -645458879
226325412 -140239455
-116610624 -827370878
-25326999 -174112642
-78972624 -558019902
45619287 -496844439
186458592 -115398345
-46785249 -327675546
1374951 -5166759
-311499 4907214
83864391 -921853959
-70481124 -497251694
-83964249 -593741754
-47358999 -331781506
-38465874 -268139126
542981868 -337548843
-82644624 -584298046
52993343 -578790719
-39900249 -278404026
-4385124 -24245102
-86259249 -610165594
17122935 -180170679
513366516 -319095447
40932387 -444759939
75178003 -825324019
-127339749 -904152330
-30490749 -211066282
-10696374 -69410662
-21023874 -143317942
-21195999 -144549730
90613527 -996855639
-27908874 -192589462
58555131 -640597659
-52178499 -366271570
24496991 -262116959
-12073374 -79264966
-96471999 -683251682
56305419 -615597099
-117012249 -830245050
51993471 -567679359
-15687999 -105132514
-54186624 -380642430
401739420 -249540339
-14196249 -94457018
-10638999 -69000066
-2319624 -9463646
31996031 -345452159
-58374999 -410615938
-103012749 -730059626
4062107 -35028539
3124727 -24611639
-113971374 -808483462
880141260 -547633659
-102840624 -728827838
-115004124 -815874190
-29859624 -206549726
16060571 -168364859
87801387 -965604939
12935971 -133641859
-84193749 -595384138
-15401124 -103079534
470082540 -292125099
43494559 -473232799
-89242749 -631516586
796990464 -495822201
28371495 -305173479
-17810874 -120324566
75802923 -832268619
74365607 -816296039
386931744 -240313641
-47875374 -335476870
44244463 -481566319
34870663 -377397319
-34564374 -240218598
-88668999 -627410626
257079816 -159402597
-92340999 -653688770
-83390499 -589635794
-119938374 -851185446
-102152124 -723900686
87361068 -53650443
-106569999 -755516578
6999231 -67668159
902922300 -561828579
-4098249 -22192122
-11729124 -76801390
-50973624 -357649054
-63653499 -448390770
-113454999 -804788098
44806891 -487816459
65741711 -720460559
-14942124 -99794766
10311307 -104474539
7561659 -73918299
-126880749 -900867562
445023396 -276510687
-62964999 -443463618
-69104124 -487397390
-90562374 -640960294
74115639 -813518199
-18900999 -128125890
-133708374 -949728486
86801515 -954493579
-126479124 -897993390
13560891 -140586459
-43572249 -304682170
678529056 -422008617
-110299374 -782205318
-29687499 -205317938
64741839 -709349199
30933667 -333646339
25121911 -269061559
-127626624 -906205310
204683424 -126754281
-133478874 -948086102
19060187 -201698939
62179667 -680876339
44056987 -479482939
67678963 -741988819
-4557249 -25476890
-49367124 -346152366
56867847 -621847239
37182867 -403092339
-56252124 -395423886
202405320 -125334789
64929315 -711432579
-97562124 -691053006
12686003 -130864019
555511440 -345356049
-107373249 -761264922
539564712 -335419605
18872711 -199615559
-6794874 -41490134
-24753249 -170006682
-38408499 -267728530
-72489249 -511622554
53993215 -589902079
-56940624 -400351038
302641896 -187792437
-99168624 -702549694
14998207 -156559039
579431532 -360260715
-95324499 -675039762
61617239 -674626199
442745292 -275091195
449579604 -279349671
656887068 -408523443
-117413874 -833119222
-14827374 -98973574
-77595624 -548165598
65616727 -719071639
43119607 -469066039
409712784 -254508561
39182611 -425315059
-135601749 -963278154
309476208 -192050913
-23490999 -160973570
66866567 -732960839
-41334624 -288668926
14623255 -152392279
80552315 -885047579
88551291 -973938459
-93431124 -661490094
-127282374 -903741734
-74038374 -522708646
614742144 -382262841
80927267 -889214339
-78628374 -555556326
694475784 -431945061
-100143999 -709529826
2374823 -16278119
36745423 -398231119
699031992 -434784045
55118071 -602402359
-37834749 -263622570
389209848 -241733133
51805995 -565595979
-100316124 -710761614
-44662374 -312483494
35808043 -387814219
-13335624 -88298078
-73636749 -519834474
-80464374 -568695398
3374695 -27389479
69741199 -764905999
-12647124 -83370926
-114372999 -811357634
-126536499 -898403986
467804436 -290705607
-100488249 -711993402
-72776124 -513675534
-25097499 -172470258
-36342999 -252947074
-69620499 -491092754
59742479 -653792399
2687283 -19750419
-59694624 -420059646
-68817249 -485344410
28059035 -301701179
-74784249 -528046394
558928596 -347485287
-19015749 -128947082
-55907874 -392960310
-123495624 -876642398
34183251 -369758259
19122679 -202393399
70803563 -776711819
59617495 -652403479
80364839 -882964199
20934947 -222532739
369845964 -229667451
45994239 -501011199
746872176 -464593377
21434883 -228088419
-47014749 -329317930
22872199 -244060999
392627004 -243862371
-125905374 -893887430
-7081749 -43543114
27496607 -295451039
29246383 -314895919
56492895 -617680479
70116151 -769072759
42432195 -461426979
12561019 -129475099
-11327499 -73927218
29308875 -315590379
774209424 -481627281
-37490499 -261158994
717256824 -446139981
47119095 -513511479
83551931 -918381659
-26818749 -184788138
-13450374 -89119270
84051867 -923937339
508810308 -316256463
-92570499 -655331154
-129060999 -916470210
-19073124 -129357678
84114359 -924631799
24684467 -264200339
356177340 -221150499
49181331 -536428659
29496351 -317673759
66679091 -730877459
-81726624 -577728510
55180563 -603096819
-69677874 -491503350
9123959 -91279799
-46211499 -323569586
-73062999 -515728514
-137495124 -976827822
-13392999 -88708674
85864135 -944076679
80864775 -888519879
75740431 -831574159
530452296 -329741637
-120512124 -855291406
-1286874 -2072918
10498783 -106557919
576014376 -358131477
-119020374 -844615910
-17179749 -115808010
12498527 -128780639
361872600 -224699229
-87406749 -618377514
-4901499 -27940466
53430787 -583651939
865333584 -538406961
-115692624 -820801342
766236060 -476659059
-129462624 -919344382
26184275 -280867379
972404472 -605123085
-68472999 -482880834
450718656 -280059417
4562043 -40584219
-20392749 -138801386
20872455 -221838279
463248228 -287866623
-84996999 -601132482
-117528624 -833940414
65929187 -722543939
68366375 -749627879
-126651249 -899225178
28871431 -310729159
-111332124 -789596046
-17868249 -120735162
-12991374 -85834502
-99684999 -706245058
750289332 -466722615
926842392 -576733245
22434755 -239199779
-58432374 -411026534
-85054374 -601543078
808380984 -502919661
-108864999 -771940418
-100602999 -712814594
941650068 -585959943
-66694374 -470152358
-140535999 -998589410
-104848749 -743198698
-28138374 -194231846
68616343 -752405719
-94980249 -672576186
82802027 -910048139
-2835999 -13159010
85989119 -945465599
5874375 -55167879
536147556 -333290367
-114086124 -809304654
-139101624 -988324510
48493919 -528789599
-119421999 -847490082
-24624 6960194
21296052 -12485175
-24466374 -167953702
897227040 -558279849
9498911 -95446559
672833796 -418459887
-45695124 -319874222
-70079499 -494377522
-52235874 -366682166
-57973374 -407741766
-27392499 -188894098
-40588749 -283331178
-134052624 -952192062
29746319 -320451599
48056475 -523928379
-79431624 -561304670
-32211999 -223384162
76115383 -835740919
-126593874 -898814582
58742607 -642681039
43932003 -478094019
-35252874 -245145750
-109782999 -778509954
85051739 -935048699
-31064499 -215172242
127227888 -78491553
995185512 -619318005
702449148 -436913283
-35597124 -247609326
-55047249 -386801370
498558840 -309868749
-62907624 -443053022
80526756 -49391967
32995903 -356563519
-55334124 -388854350
945067224 -588089181
-72431874 -511211958
331118196 -205536087
-44145999 -308788130
49306315 -537817579
55430531 -605874659
345925872 -214762785
-4958874 -28351062
172789968 -106881393
-5819499 -34510002
156843240 -96944949
-91250874 -645887446
-66120624 -466046398
-66177999 -466456994
885836520 -551182389
447301500 -277930179
24871943 -266283719
-65891124 -464404014
73053275 -801712379
17997823 -189893119
-74153124 -523529838
-87521499 -619198706
-100430874 -711582806
-14310999 -95278210
69991167 -767683839
59679987 -653097939
-84652749 -598668906
-123036624 -873357630
-25958124 -178629198
-101348874 -718152342
25684339 -275311699
31621079 -341285399
66991551 -734349759
482612112 -299932305
864194532 -537697215
849386856 -528470517
-88726374 -627821222
12373543 -127391719
88613783 -974632919
-104389749 -739913930
935954808 -582411213
-120339999 -854059618
31183635 -336424179
87238959 -959354799
-135831249 -964920538
-19359999 -131410658
-13966749 -92814634
90778224 -55779681
-59006124 -415132494
6061851 -57251259
-54645624 -383927198
-120053124 -852006638
55742991 -609346959
-101004624 -715688766
-57571749 -404867594
-96357249 -682430490
301502844 -187082691
-41965749 -293185482
-598374 2854234
793573308 -493692963
673972848 -419169633
-108061749 -766192074
380097432 -236055165
-12876624 -85013310
-61186374 -430735142
1812395 -10027979
32245999 -348229999
-9548874 -61198742
-98307999 -696390754
-33933249 -235702042
-27679374 -190947078
-47645874 -333834486
82864519 -910742599
-134109999 -952602658
-104045499 -737450354
-101578374 -719794726
-100947249 -715278170
-117987624 -837225182
25184403 -269756019
4437059 -39195299
276443700 -171468279
74678067 -819768339
-45637749 -319463626
667138536 -414911157
59929955 -655875779
-130036374 -923450342
652330860 -405684459
-136404999 -969026498
68116407 -746850039
-103586499 -734165586
-26876124 -185198734
-5016249 -28761658
-90045999 -637264930
832301076 -517824327
-60956874 -429092758
-31293999 -216814626
47806507 -521150539
-86603499 -612629170
373263120 -231796689
-46383624 -324801374
-20966499 -142907346
-18269874 -123609334
-129233124 -917701998
17497887 -184337439
73990655 -812129279
219491100 -135980979
-112307499 -796576178
-54588249 -383516602
74303115 -815601579
38870151 -421842759
931398600 -579572229
-64055124 -451264942
7374183 -71834919
728647344 -453237441
79927395 -878102979
-95496624 -676271550
89113719 -980188599
-106684749 -756337770
749150280 -466012869
-58547124 -411847726
-65374749 -460708650
6811755 -65584779
33495839 -362119199
397183212 -246701355
-105824124 -750178830
-49022874 -343688790
752567436 -468142107
720673980 -448269219
-124126749 -881158954
38057755 -412814779
806102880 -501500169
-132675624 -942337758
271887492 -168629295
900644196 -560409087
-140134374 -995715238
-111217374 -788774854
-29343249 -202854362
73803179 -810045899
-118676124 -842152334
-8860374 -56271590
892670832 -555440865
28496479 -306562399
-129003624 -916059614
27934051 -300312259
29558843 -318368219
552094284 -343226811
-124413624 -883211934
175068072 -108300885
946206276 -588798927
-133364124 -947264910
48633300 -29519079
-44318124 -310019918
85801643 -943382219
-77480874 -547344406
-49080249 -344099386
494002632 -307029765
-95439249 -675860954
-125044749 -887728490
-15171624 -101437150
-96873624 -686125854
11311179 -115585899
890392728 -554021373
734342604 -456786171
970126368 -603703593
-14540499 -96920594
-9720999 -62430530
-68071374 -480006662
-129634749 -920576170
-56366874 -396245078
31683571 -341979859
-52006374 -365039782
-94349124 -668059630
-135888624 -965331134
74240623 -814907119
605629728 -376584873
418825200 -260186529
36557947 -396147739
52743375 -576012879
-18327249 -124019930
-20679624 -140854366
923425236 -574604007
-13163499 -87066290
11498655 -117669279
-10237374 -66125894
-69849999 -492735138
381236484 -236764911
-71628624 -505463614
-9319374 -59556358
-135085374 -959582790
-48850749 -342457002
33683315 -364202579
77802667 -854491339
987212148 -614349783
84239343 -926020719
-81267624 -574443742
-106742124 -756748366
51181075 -558651379
-8630874 -54629206
37057883 -401703419
-47473749 -332602698
-78054624 -551450366
16935459 -178087299
5811883 -54473419
30746191 -331562959
86364071 -949632359
-137036124 -973543054
55992959 -612124799
-34334874 -238576214
-51375249 -360523226
36932899 -400314499
-38178999 -266086146
69428739 -761433699
-61817499 -435251698
-67095999 -473026530
-138757374 -985860934
-74898999 -528867586
798129516 -496531947
59117559 -646847799
37745295 -409342479
176207124 -109010631
-116151624 -824086110
79677427 -875325139
-41678874 -291132502
20157000 -11775429
-108520749 -769476842
-22343499 -152761650
53743247 -587124239
19935075 -211421379
-30318624 -209834494
71678451 -786434259
-59579874 -419238454
-70767999 -499304674
61429763 -672542819
71241007 -781573039
-133306749 -946854314
-81841374 -578549702
-39096999 -272655682
-101176749 -716920554
-66579624 -469331166
146591772 -90557235
-39383874 -274708662
-108348624 -768245054
-104504499 -740735122
-20736999 -141264962
-8975124 -57092782
60304907 -660042539
-126938124 -901278158
527035140 -327612399
486029268 -302061543
78052635 -857269179
43682035 -475316179
-56194749 -395013290
-42826374 -299344422
-62792874 -442231830
90676019 -997550099
-66751749 -470562954
-71513874 -504642422
-81611874 -576907318
-108979749 -772761610
115837368 -71394093
77427715 -850324579
39745039 -431565199
-9089874 -57913974
8249071 -81557359
201266268 -124625043
-33703749 -234059658
62242159 -681570799
851664960 -529890009
-10466874 -67768278
72428355 -794767779
-97848999 -693105986
848247804 -527760771
42744655 -464899279
23372135 -249616679
-45809874 -320695414
32745935 -353785679
152287032 -94105965
390348900 -242442879
12748495 -131558479
697892940 -434074299
-9261999 -59145762
-66923874 -471794742
-55563624 -390496734
-58088124 -408562958
358455444 -222569991
-104102874 -737860950
-138011499 -980523186
53189508 -32358063
-58891374 -414311302
833440128 -518534073
-112995999 -801503330
73865671 -810740359
254801712 -157983105
68678835 -753100179
81614679 -896853399
-56711124 -398708654
-44088624 -308377534
31746063 -342674319
49772352 -30228825
63741967 -698237839
-19245249 -130589466
-2778624 -12748414
-111159999 -788364258
66304139 -726710699
-43859124 -306735150
-61530624 -433198718
648913704 -403555221
53368295 -582957479
17685363 -186420819
5374439 -49612199
-1573749 -4125898
8061595 -79473979
-30146499 -208602706
41932259 -455871299
-127569249 -905794714
51056091 -557262459
72615831 -796851159
-94406499 -668470226
-129921624 -922629150
-58833999 -413900706
-13909374 -92404038
23684595 -253088979
21059931 -223921659
894948936 -556860357
-117356499 -832708626
9311435 -93363179
-53383374 -374894086
18997695 -201004479
140896512 -87008505
70428611 -772545059
37242780 -22421619
-127683999 -906615906
36682931 -397536659
74053147 -812823739
209239632 -129593265
-83619999 -591278178
554372388 -344646303
20997439 -223227199
400600368 -248830593
-67554999 -476311298
-128429874 -911953654
-133593624 -948907294
-45981999 -321927202
818632452 -509307375
70241135 -770461679
81665808 -50101713
671694744 -417750141
570319116 -354582747
79114999 -869074999
8561531 -85029659
83926883 -922548419
840274440 -522792549
-121946499 -865556306
52680883 -575318419
-21081249 -143728538
23122167 -246838839
-132618249 -941927162
16373031 -171837159
-65489499 -461529842
82052123 -901714619
-8688249 -55039802
525896088 -326902653
-138699999 -985450338
-129978999 -923039746
73678195 -808656979
-2549124 -11106030
-119479374 -847900678
-64686249 -455781498
-14884749 -99384170
-108578124 -769887438
-71915499 -507516594
21122423 -224616119
-135372249 -961635770
-140421249 -997768218
-110241999 -781794722
315171468 -195599643
-31752999 -220099394
252523608 -156563613
1249967 -3777839
-95726124 -677913934
-87291999 -617556322
47619031 -519067159
-119192499 -845847698
80802283 -887825419
-85111749 -601953674
78490079 -862130399
246828348 -153014883
58367655 -638514279
-114028749 -808894058
-67268124 -474258318
460970124 -286447131
-111102624 -787953662
67803947 -743377739
-94119624 -666417246
17310411 -182254059
-66464874 -468509974
54430659 -594763299
90363559 -994077799
-120856374 -857754982
-76333374 -539132486
-41506749 -289900714
19622615 -207949079
-135659124 -963688750
-46498374 -325622566
-93201624 -659847710
17060443 -179476219
-30433374 -210655686
-45752499 -320284818
-81210249 -574033146
-97447374 -690231814
784460892 -488014995
77109600 -47262729
876724104 -545504421
-87005124 -615503342
337952508 -209794563
84801771 -932270859
66858132 -40875015
-40014999 -279225218
-137208249 -974774842
64429379 -705876899
61054811 -668376059
-108004374 -765781478
-98939124 -700907310
-14999499 -100205362
-57801249 -406509978
-29056374 -200801382
32121015 -346841079
1187475 -3083379
-119651499 -849132466
-37433124 -260748398
-77767749 -549397386
55867975 -610735879
-16032249 -107596090
807241932 -502209915
-37719999 -262801378
-91480374 -647529830
741176916 -461044647
60492383 -662125919
73178259 -803101299
82302091 -904492459
-79833249 -564178842
-125102124 -888139086
-61243749 -431145738
609046884 -378714111
-92972124 -658205326
12186067 -125308339
-10581624 -68589470
263914128 -163661073
-66407499 -468099378
-61587999 -433609314
883558416 -549762897
488307372 -303481035
-108405999 -768655650
-42252624 -295238462
-89759124 -635211950
-37605249 -261980186
-101234124 -717331150
628410768 -390779793
-103184874 -731291414
24309515 -260033579
-59120874 -415953686
604490676 -375875127
-43686999 -305503362
967848264 -602284101
61367271 -671848359
-138355749 -982986762
473499696 -294254337
145452720 -89847489
72740815 -798240079
-116840124 -829013262
-2491749 -10695434
-118217124 -838867566
-30031749 -207781514
83739407 -920465039
-40818249 -284973562
-95668749 -677503338
-20450124 -139211982
76302859 -837824299
-14655249 -97741786
-6278499 -37794770
465526332 -289286115
10873735 -110724679
39245103 -426009519
406295628 -252379323
74490591 -817684959
-82070874 -580192086
-33244749 -230774890
64866823 -710738119
-60784749 -427860970
-118044999 -837635778
3812139 -32250699
-15974874 -107185494
78177619 -858658099
-35654499 -248019922
-40703499 -284152370
87426435 -961438179
64304395 -704487979
-104676624 -741966910
725230188 -451108203
-125446374 -890602662
66429123 -728099619
-107602749 -762907306
6499295 -62112479
-33129999 -229953698
791295204 -492273471
-9204624 -58735166
-66522249 -468920570
-78169374 -552271558
-84021624 -594152350
557789544 -346775541
286695168 -177855993
-47129499 -330139122
-54014499 -379410642
60742351 -664903759
-30777624 -213119262
794712360 -494402709
-90734499 -642192082
668277588 -415620903
-45121374 -315768262
32933411 -355869059
-115176249 -817105978
-115635249 -820390746
-3237624 -16033182
-35711874 -248430518
35995519 -389897599
-124011999 -880337762
82614551 -907964759
-34908624 -242682174
57430275 -628097379
8124087 -80168439
38682675 -419759379
-111791124 -792880814
512227464 -318385701
-105651999 -748947042
727508292 -452527695
703588200 -437623029
70366119 -771850599
-9606249 -61609338
-87808374 -621251686
48993855 -534345279
50931107 -555873539
9248943 -92668719
-40129749 -280046410
-35941374 -250072902
937093860 -583120959
18310283 -193365419
65804203 -721155019
859638324 -534858231
75365479 -827407399
-1229499 -1662322
-114831999 -814642402
-16950249 -114165626
-130896999 -929609282
82427075 -905881379
89613655 -985744279
-98996499 -701317906
-48506499 -339993426
-4844124 -27529870
-128601999 -913185442
-50744124 -356006670
-63137124 -444695406
75115511 -824629559
-51547374 -361755014
-53555499 -376125874
-41277249 -288258330
85739151 -942687759
603351624 -375165381
-13622499 -90351058
49056347 -535039739
32558459 -351702299
-22228749 -151940458
60617367 -663514839
662582328 -412072173
11811115 -121141579
-54760374 -384748390
-7253874 -44774902
-53440749 -375304682
32683443 -353091219
-368874 4496618
-53211249 -373662298
-4499874 -25066294
431354772 -267993735
-118274499 -839278162
74990527 -823240639
454135812 -282188655
-21368124 -145781518
-49194999 -344920578
38381832 -23131365
-72317124 -510390766
29808811 -321146059
43182099 -469760499
84989247 -934354239
-11270124 -73516622
-97275249 -689000026
11686131 -119752659
-134396874 -954655638
-56825874 -399529846
-46096749 -322748394
9936355 -100307779
32686572 -19582635
-78570999 -555145730
-35539749 -247198730
42938040 -25970349
8436547 -83640739
-60669999 -427039778
40744911 -442676559
-96012999 -679966914
691058628 -429815823
884697468 -550472643
67366503 -738516519
-31351374 -217225222
-112536999 -798218562
308337156 -191341167
236576880 -146627169
-4327749 -23834506
10561275 -107252379
-22286124 -152351054
-104619249 -741556314
-86373999 -610986786
-44260749 -309609322
-21138624 -144139134
-36916749 -257053034
44306955 -482260779
41244847 -448232239
-50571999 -354774882
786738996 -489434487
23559611 -251700059
-19933749 -135516618
46119223 -502400119
446162448 -277220433
-72144999 -509158978
7124215 -69057079
-71169624 -502178846
85426691 -939215459
-127110249 -902509946
67741455 -742683279
-52407999 -367913954
-8114499 -50933842
52493407 -573235039
-52063749 -365450378
-113512374 -805198694
-23663124 -162205358
-102611124 -727185454
85489183 -939909919
57305291 -626708459
83676915 -919770579
-107201124 -760033134
-95152374 -673807974
95334432 -58618665
-119766249 -849953658
78427587 -861435939
10998719 -112113599
925703340 -576023499
-135200124 -960403982
-942624 390658
316310520 -196309389
597656364 -371616651
-137667249 -978059610
-24867999 -170827874
-93258999 -660258306
-120110499 -852417234
68866311 -755183559
83176979 -914214899
-1516374 -3715302
-105881499 -750589426
72365863 -794073319
-94062249 -666006650
-48678624 -341225214
819771504 -510017121
738898812 -459625155
335674404 -208375071
553233336 -343936557
-18384624 -124430526
70053659 -768378299
82989503 -912131519
837996336 -521373057
-82759374 -585119238
-124643124 -884854318
839135388 -522082803
917729976 -571055277
-122577624 -870072862
-33302124 -231185486
621576456 -386521317
-61128999 -430324546
299224740 -185663199
402878472 -250250085
40494943 -439898719
645496548 -401425983
-26933499 -185609330
-2032749 -7410666
16747983 -176003919
-75874374 -535847718
-19991124 -135927214
538425660 -334709859
-23031999 -157688802
-121143249 -859807962
1874887 -10722439
-50629374 -355185478
-118331874 -839688758
-13737249 -91172250
-110930499 -786721874
57367783 -627402919
-86947749 -615092746
327701040 -203406849
-29400624 -203264958
-49309749 -345741770
76865287 -844074439
384653640 -238894149
-131757624 -935768222
-88324749 -624947050
67616471 -741294359
-84078999 -594562946
106724952 -65716125
-21654999 -147834498
-51088374 -358470246
-121544874 -862682134
-109840374 -778920550
74928035 -822546179
415408044 -258057291
38120247 -413509239
-83333124 -589225198
-135716499 -964099346
-137609874 -977649014
834579180 -519243819
44869383 -488510919
-7884999 -49291458
841413492 -523502295
933676704 -580991721
-96127749 -680788106
-35883999 -249662306
265053180 -164370819
61162872 -37326285
192153852 -118947075
-35826624 -249251710
34058267 -368369339
8998975 -89890879
-124700499 -885264914
398322264 -247411101
929120496 -578152737
27309131 -293367659
11248687 -114891439
-130323249 -925503322
44681907 -486427539
638662236 -397167507
-139962249 -994483450
87863879 -966299399
74803051 -821157259
-5360499 -31225234
701310096 -436203537
-122921874 -872536438
-38637999 -269370914
121532628 -74942823
-140249124 -996536430
-83792124 -592509966
-113799249 -807251674
245689296 -152305137
-48276999 -338351042
696753888 -433364553
88926243 -978105219
80177363 -880880819
87113975 -957965879
-90103374 -637675526
-88611624 -627000030
-86546124 -612218574
-93086874 -659026518
-136519749 -969847690
-30261249 -209423898
607907832 -378004365
-137839374 -979291398
957596796 -595896387
-139617999 -992019874
-138642624 -985039742
42307211 -460038059
-116094249 -823675514
-89472249 -633158970
-50342499 -353132498
-34621749 -240629194
4812011 -43362059
53868231 -588513159
-127052874 -902099350
10123831 -102391159
-99398124 -704192078
-118561374 -841331142
58242671 -637125359
50181203 -547540019
753706488 -468851853
598795416 -372326397
-120454749 -854880810
89988607 -989911039
-38064249 -265264954
624993612 -388650555
-101119374 -716509958
37120375 -402397879
-77939874 -550629174
-132560874 -941516566
-70022124 -493966926
-73579374 -519423878
6624279 -63501399
-21310749 -145370922
-100201374 -709940422
644357496 -400716237
-68243499 -481238450
-138470499 -983807954
21622359 -230171799
71990911 -789906559
18685235 -197532179
-46957374 -328907334
-54358749 -381874218
-97963749 -693927178
-32269374 -223794758
-79661124 -562947054
58805099 -643375499
148869876 -91976727
16810475 -176698379
75302987 -826712939
-63079749 -444284810
-70538499 -497662290
-47186874 -330549718
54055707 -590596539
3062235 -23917179
72178387 -791989939
31371111 -338507559
12183636 -6807207
-69333624 -489039774
-99455499 -704602674
67116535 -735738679
-35424999 -246377538
-10179999 -65715298
704727252 -438332775
41869767 -455176839
27809067 -298923339
-126421749 -897582794
47681523 -519761619
66929059 -733655299
1999871 -12111359
-67956624 -479185470
28246511 -303784559
52430915 -572540579
65679219 -719766099
912034716 -567506547
4999487 -45445439
-84595374 -598258310
-54817749 -385158986
-58776624 -413490110
-15056874 -100615958
16739844 -9646191
-8401374 -52986822
43057115 -468371579
-111561624 -791238430
-29630124 -204907342
66616599 -730182999
-60842124 -428271566
80739791 -887130959
25559355 -273922779
571458168 -355292493
-100832499 -714456978
67991423 -745461119
-31925124 -221331182
60367399 -660736999
-39211749 -273476874
-92513124 -654920558
-79546374 -562125862
79302475 -871158379
971265420 -604413339
26871687 -288506439
-72833499 -514086130
15060699 -157253499
-3180249 -15622586
-100086624 -709119230
-95783499 -678324530
89363687 -982966439
-64571499 -454960306
89676147 -986438739
62054683 -679487419
65366759 -716293799
48181459 -525317299
21559867 -229477339
-15228999 -101847746
19017948 -11065683
-5073624 -29172254
-133823124 -950549678
-93545874 -662311286
81302219 -893381099
-134683749 -956708618
8624023 -85724119
-135142749 -959993386
-68358249 -482059642
-131069124 -930841070
-98824374 -700086118
65429251 -716988259
-16376499 -110059666
-66636999 -469741762
868750740 -540536199
89176211 -980883059
14060827 -146142139
-102037374 -723079494
577153428 -358841223
-86201874 -609754998
-27048249 -186430522
42244719 -459343599
509949360 -316966209
325422936 -201987357
3187219 -25306099
232020672 -143788185
-73694124 -520245070
3874631 -32945159
-116667999 -827781474
60867335 -666292679
11748623 -120447119
13060955 -135030779
88176339 -969771699
-109323999 -775225186
37870279 -410731399
32620951 -352396759
-99857124 -707476846
53930723 -589207619
596517312 -370906905
49118839 -535734199
-94750749 -670933802
-70825374 -499715270
15873095 -166281479
-82357749 -582245066
924564288 -575313753
-28425249 -196284826
590822052 -367358175
-58661874 -412668918
-99971874 -708298038
-55735749 -391728522
54930595 -600318979
55467612 -33777555
17872839 -188504199
-101463624 -718973534
46869127 -510733639
181902384 -112559361
-57399624 -403635806
-107946999 -765370882
-1114749 -841130
350482080 -217601769
-19761624 -134284830
46806635 -510039179
71053531 -779489659
-99742374 -706655654
81177235 -891992179
-112709124 -799450350
-86890374 -614682150
-110528874 -783847702
88863751 -977410759
-103873374 -736218566
40619927 -441287639
792434256 -492983217
14248303 -148225519
75927907 -833657539
-55104624 -387211966
-70997499 -500947058
529313244 -329031891
-30662874 -212298070
67553979 -740599899
-102209499 -724311282
38370215 -416287079
-67382874 -475079510
88301323 -971160619
48681395 -530872979
42557179 -462815899
23809579 -254477899
18747727 -198226639
-43113249 -301397402
80114871 -880186359
-131585499 -934536434
-40875624 -285384158
-122348124 -868430478
19185171 -203087859
34995647 -378786239
50868615 -555179079
83426947 -916992739
8686515 -86418579
16498015 -173226079
-80120124 -566231822
-117585999 -834351010
432493824 -268703481
-46727874 -327264950
-98250624 -695980158
47744015 -520456079
-106856874 -757569558
-33875874 -235291446
-28023624 -193410654
-23605749 -161794762
66179155 -725321779
-73751499 -520655666
72678323 -797545619
82177107 -903103539
17622871 -185726359
939371964 -584540451
86114103 -946854519
-128831499 -914827826
921147132 -573184515
30433731 -328090659
13623383 -141280919
21372391 -227393959
59430019 -650320099
33308363 -360035819
-53039124 -372430510
13322688 -7516953
320866728 -199148373
300363792 -186372945
-88496874 -626178838
-121085874 -859397366
58492639 -639903199
-62276499 -438536466
90238575 -992688879
-110586249 -784258298
79427459 -872547299
12123575 -124613879
24059547 -257255739
50118711 -546845559
279860856 -173597517
-31466124 -218046414
618159300 -384392079
14685747 -153086739
8311563 -82251819
-61301124 -431556334
-70940124 -500536462
692197680 -430525569
18435267 -194754339
-134798499 -957529810
14935715 -155864579
-5934249 -35331194
49368807 -538512039
285556116 -177146247
-55219374 -388033158
-15630624 -104721918
-21827124 -149066286
956457744 -595186641
-89070624 -630284798
981516888 -610801053
4687027 -41973139
-61645374 -434019910
40659936 -24550857
-84939624 -600721886
-38121624 -265675550
-36744624 -255821246
251384556 -155853867
-74841624 -528456990
70741071 -776017359
90551035 -996161179
12436035 -128086179
-110127249 -780973530
-117643374 -834761606
87988863 -967688319
-104160249 -738271546
845969700 -526341279
-82587249 -583887450
984934044 -612930291
683085264 -424847601
-102897999 -729238434
-49653999 -348205346
-132044499 -937821202
-68415624 -482470238
811798140 -505048899
63491999 -695459999
62679603 -686432019
36245487 -392675439
63554491 -696154459
-36457749 -253768266
-27220374 -187662310
63991935 -701015679
-40359249 -281688794
-66350124 -467688782
522478932 -324773415
-71800749 -506695402
-19589499 -133053042
88426307 -972549539
-77021874 -544059638
-35310249 -245556346
-131814999 -936178818
-84136374 -594973542
-93373749 -661079498
-21884499 -149476882
51681011 -564207059
259357920 -160822089
-123725124 -878284782
84426819 -928104099
9623895 -96835479
-98594874 -698443734
451857708 -280769163
35870535 -388508679
68053915 -746155579
826605816 -514275597
85364199 -938520999
-46899999 -328496738
86926499 -955882499
-30834999 -213529858
-123093999 -873768226
-58260249 -409794746
474638748 -294964083
72490847 -795462239
317449572 -197019135
-67612374 -476721894
-128028249 -909079482
28808939 -310034699
131784096 -81330537
-66235374 -466867590
947345328 -589508673
36870407 -399620039
468943488 -291415353
799268568 -497241693
-122003874 -865966902
-131355999 -932894050
163677552 -101203425
-37031499 -257874226
67179027 -736433139
72553392 -44423745
-43973874 -307556342
-58030749 -408152362
795851412 -495112455
-98537499 -698033138
80614807 -885742039
59367527 -649625639
-104447124 -740324526
-7311249 -45185498
-9434124 -60377550
-99570249 -705423866
-41793624 -291953694
89801131 -987827659
53055835 -579485179
-131528124 -934125838
-38293749 -266907338
-128315124 -911132462
-45063999 -315357666
-91881999 -650404002
11373671 -116280359
-61702749 -434430506
-127454499 -904973522
136340304 -84169521
-113282874 -803556310
-70423749 -496841098
84364327 -927409639
-137724624 -978470206
-14425749 -96099402
296946636 -184243707
-71456499 -504231826
-72259749 -509980170
14310795 -148919979
-26646624 -183556350
83489439 -917687199
-5475249 -32046426
-71399124 -503821230
-22745124 -155635822
-64284624 -452907326
-53842374 -378178854
612464040 -380843349
10623767 -107946839
68803819 -754489099
52180947 -569762739
-69792624 -492324542
-66809124 -470973550
90801003 -998939019
77490207 -851019039
312893364 -194180151
-540999 3264830
-74382624 -525172222
-4442499 -24655698
347064924 -215472531
4312075 -37806379
-140076999 -995304642
507671256 -315546717
2624791 -19055959
-79718499 -563357650
-35195499 -244735154
341369664 -211923801
-77193999 -545291426
-73923624 -521887454
-6622749 -40258346
46681651 -508650259
-29515374 -204086150
69116279 -757961399
-6852249 -41900730
17560379 -185031899
-73407249 -518192090
22435104 -13194921
22309771 -237810859
-24236874 -166311318
-20622249 -140443770
-73235124 -516960302
-32498874 -225437142
-114946749 -815463594
986073096 -613640037
-23892624 -163847742
-90332874 -639317910
21184915 -225310579
-65030499 -458245074
-78456249 -554324538
-37777374 -263211974
-121200624 -860218558
-114487749 -812178826
-75185874 -530920566
-38810124 -270602702
47431555 -516983779
-83275749 -588814602
-94291749 -667649034
-39498624 -275529854
-28941624 -199980190
-85226499 -602774866
676250952 -420589125
-28310499 -195463634
-67841874 -478364278
54555643 -596152219
-7368624 -45596094
-28253124 -195053038
11061211 -112808059
438189084 -272252211
1312459 -4472299
-88037874 -622894070
-16491249 -110880858
-96930999 -686536450
-75931749 -536258314
-107832249 -764549690
610185936 -379423857
-89988624 -636854334
-108750249 -771119226
-136806624 -971900670
-17638749 -119092778
51618519 -563512599
-117184374 -831476838
-130839624 -929198686
-92914749 -657794730
-2950749 -13980202
-93603249 -662721882
-90160749 -638086122
-107430624 -761675518
-39842874 -277993430
-7598124 -47238478
89639172 -55069935
-46440999 -325211970
38245231 -414898159
26934179 -289200899
90126 7781386
-43400124 -303450382
79864903 -877408519
-57514374 -404456998
277582752 -172178025
-110815749 -785900682
50431171 -550317859
-71341749 -503410634
-40301874 -281278198
36307979 -393369899
-89013249 -629874202
52555899 -573929499
33620823 -363508119
922286184 -573894261
-82874124 -585940430
-68759874 -484933814
822049608 -511436613
357316392 -221860245
151147980 -93396219
-63366624 -446337790
-25040124 -172059662
270748440 -167919549
41682291 -453093459
585126792 -363809445
5936867 -55862339
-121372749 -861450346
-12130749 -79675562
18060315 -190587579
-27449874 -189304694
43744527 -476010639
-122692374 -870894054
-129577374 -920165574
48431427 -528095139
-93890124 -664774862
80677299 -886436499
-113684499 -806430482
687641472 -427686585
-108463374 -769066246
-117815499 -835993394
-100889874 -714867574
31496095 -339896479
153426084 -94815711
1937379 -11416899
-17523999 -118271586
-98365374 -696801350
-103529124 -733754990
-15860124 -106364302
-19130499 -129768274
-122061249 -866377498
-109668249 -777688762
82114615 -902409079
-91537749 -647940426
-66063249 -465635802
43557051 -473927259
-29113749 -201211978
-138298374 -982576166
-45580374 -319053030
82239599 -903797999
52050456 -31648317
-80005374 -565410630
760540800 -473110329
53493279 -584346399
-39613374 -276351046
733203552 -456076425
76490335 -839907679
54805611 -598930059
-55965249 -393370906
-119077749 -845026506
79989887 -878797439
6436803 -61418019
-33588999 -233238466
-103930749 -736629162
61117303 -669070519
260496972 -161531835
42369703 -460732519
-22974624 -157278206
-92799999 -656973538
823188660 -512146359
54305675 -593374379
-78226749 -552682154
-48563874 -340404022
-43514874 -304271574
2874759 -21833799
-24007374 -164668934
-103299624 -732112606
-69161499 -487807986
79052507 -868380539
-82931499 -586351026
-132905124 -943980142
-7942374 -49702054
549816180 -341807319
888114624 -552601881
24559483 -262811419
48806379 -532261899
41119863 -446843319
8374055 -82946279
79614935 -874630679
713839668 -444010743
-131183874 -931662262
50681139 -553095699
-48735999 -341635810
54993087 -601013439
8766480 -4677969
98751588 -60747903
244550244 -151595391
-106512624 -755105982
-65259999 -459887458
-116495874 -826549686
589683000 -366648429
-52465374 -368324550
-6737499 -41079538
-93316374 -660668902
-87119874 -616324534
-49596624 -347794750
-75587499 -533794738
171650916 -106171647
-33531624 -232827870
38745167 -420453839
-7139124 -43953710
48118967 -524622839
635245080 -395038269
-121257999 -860629154
-58719249 -413079514
111281160 -68555109
-16548624 -111291454
11936099 -122530499
79239983 -870463919
-37547874 -261569590
-14253624 -94867614
-55391499 -389264946
352760184 -219021261
-78800499 -556788114
9373927 -94057639
40369959 -438509799
-47244249 -330960314
-88382124 -625357646
-19646874 -133463638
12623511 -130169559
-37146249 -258695418
-123438249 -876231802
21247407 -226005039
288973272 -179275485
-21597624 -147423902
-71743374 -506284806
-120971124 -858576174
47369063 -516289319
-25785999 -177397410
-62219124 -438125870
-13565124 -89940462
626132664 -389360301
-99053874 -701728502
26621719 -285728599
314032416 -194889897
238854984 -148046661
-133421499 -947675506
-91422999 -647119234
52055963 -568373819
-112192749 -795754986
20747471 -220449359
-81497124 -576086126
-83218374 -588404006
359594496 -223279737
54680627 -597541139
-26244999 -180682178
34745679 -376008399
-75816999 -535437122
76615319 -841296599
-140593374 -999000006
-23261499 -159331186
-23089374 -158099398
50911404 -30938571
375541224 -233216181
-125503749 -891013258
53180819 -580874099
-114143499 -809715250
27434115 -294756579
456413916 -283608147
-41908374 -292774886
-78398874 -553913942
6374311 -60723559
193292904 -119656821
-59178249 -416364282
458692020 -285027639
26996671 -289895359
78990015 -867686079
-90677124 -641781486
15435651 -161420259
33058395 -357257979
68741327 -753794639
-110643624 -784668894
41557307 -451704539
-46039374 -322337798
-62505999 -440178850
-13278249 -87887482
-138068874 -980933782
-28539999 -197106018
30996159 -334340799
14461740 -8226699
51118583 -557956919
55243055 -603791279
670555692 -417040395
-21540249 -147013306
7061723 -68362619
72553339 -796156699
-20794374 -141675558
118115472 -72813585
-37088874 -258284822
-17294499 -116629202
185319540 -114688599
-7827624 -48880862
339091560 -210504309
-53727624 -377357662
-44490249 -311251706
-12761874 -84192118
30621207 -330174039
-8057124 -50523246
2562299 -18361499
489446424 -304190781
-80177499 -566642418
35183123 -380869619
-123380874 -875821206
-115577874 -819980150
71365991 -782961959
-68300874 -481649046
-49481874 -346973558
-89644374 -634390758
-885249 801254
-54530874 -383106006
24247023 -259339119
-27277749 -188072906
-105594624 -748536446
617020248 -383682333
-98652249 -698854330
-83505249 -590456986
26684211 -286423059
-134282124 -953834446
-69448374 -489860966
39557563 -429481819
-130724874 -928377494
-91595124 -648351022
-70366374 -496430502
2812267 -21139339
-81439749 -575675530
44181971 -480871859
97612536 -60038157
-134167374 -953013254
70616087 -774628439
76740303 -842685519
47556539 -518372699
591961104 -368067921
-105135624 -745251678
22997183 -245449919
23309643 -248922219
-109381374 -775635782
-84423249 -597026522
-36170874 -251715286
198988164 -123205551
-655749 2443638
63866951 -699626759
-48965499 -343278194
-128372499 -911543058
-111905874 -793702006
-31523499 -218457010
-87349374 -617966918
34620695 -374619479
-123839874 -879105974
31058651 -335035259
-10007874 -64483510
13935843 -144753219
54243183 -592679919
47494047 -517678239
8873991 -88501959
688780524 -428396331
-8229249 -51755034
394905108 -245281863
990629304 -616479021
3499679 -28778399
5311947 -48917739
711561564 -442591251
71865927 -788517639
-31695624 -219688798
311754312 -193470405
-126077499 -895119218
88363815 -971855079
-86087124 -608933806
-140191749 -996125834
-39555999 -275940450
235437828 -145917423
80489823 -884353119
-50514624 -354364286
-76448124 -539953678
15560635 -162809179
-36515124 -254178862
505393152 -314127225
-69218874 -488218582
632966976 -393618777
45369319 -494066599
950762484 -591637911
-72948249 -514907322
6124343 -57945719
1624919 -7944599
70275288 -43004253
410851836 -255218307
-111618999 -791649026
46931619 -511428099
-138814749 -986271530
34495711 -373230559
-103643874 -734576182
-47990124 -336298062
-3926124 -20960334
-30605499 -211887474
18622743 -196837719
-46670499 -326854354
-127741374 -907026502
62301924 -38036031
393766056 -244572117
-121716999 -863913922
36620439 -396842199
123810732 -76362315
-119536749 -848311274
44077092 -26680095
66116663 -724627319
-77538249 -547755002
39870023 -432954119
-101520999 -719384130
-11901249 -78033178
-51489999 -361344418
328840092 -204116595
-76275999 -538721890
686502420 -426976839
593100156 -368777667
-42654249 -298112634
-23318874 -159741782
-77997249 -551039770
-109725624 -778099358
13185939 -136419699
49681267 -541984339
-51145749 -358880842
24713208 -14614413
-72546624 -512033150
516783672 -321224685
-80579124 -569516590
4499551 -39889759
28621463 -307951319
50743631 -553790159
-64227249 -452496730
-54301374 -381463622
-60555249 -426218586
-51260499 -359702034
-59350374 -417596070
-32441499 -225026546
-74726874 -527635798
399461316 -248120847
5999359 -56556799
421103304 -261606021
-42023124 -293596078
-117126999 -831066242
39620055 -430176279
17878896 -10355937
56617879 -619069399
-136232874 -967794710
-2606499 -11516626
-84710124 -599079502
-22056624 -150708670
-45465624 -318231838
261636024 -162241581
-23720499 -162615954
-26417124 -181913966
-61932249 -436072890
169372812 -104752155
25434371 -272533859
-106053624 -751821214
99890640 -61457649
-123667749 -877874186
-10811124 -70231854
378958380 -235345419
-26302374 -181092774
533869452 -331870875
-120397374 -854470214
809520036 -503629407
-9147249 -58324570
-106283124 -753463598
-17409249 -117450394
157982292 -97654695
-75644874 -534205334
30871175 -332951879
-78111999 -551860962
-90963999 -643834466
65054299 -712821499
53805739 -587818699
-103414374 -732933798
-22171374 -151529862
-47416374 -332192102
-84365874 -596615926
2499807 -17667039
899505144 -559699341
959874900 -597315879
85551675 -940604379
-11499624 -75159006
70303627 -771156139
-126249624 -896351006
-28712124 -198337806
22247279 -237116399
695614836 -432654807
-75530124 -533384142
-23548374 -161384166
466665384 -289995861
-15343749 -102668938
-23204124 -158920590
48743887 -531567439
-126995499 -901688754
47181587 -514205939
-68587749 -483702026
83301963 -915603819
73692444 -45133491
847108752 -527051025
26121783 -280172919
77552699 -851713499
75053019 -823935099
262775076 -162951327
-89185374 -631105990
12061083 -123919419
40307467 -437815339
-5762124 -34099406
-139216374 -989145702
-124241499 -881980146
-119823624 -850364254
763957956 -475239567
-77079249 -544470234
-127913499 -908258290
-1057374 -430534
-21999249 -150298074
-10524249 -68178874
72240879 -792684399
-86775624 -613860958
-88209999 -624125858
30121271 -324618359
28996415 -312118079
860777376 -535567977
58055195 -635041979
24184531 -258644659
81364711 -894075559
991768356 -617188767
16872967 -177392839
-76218624 -538311294
6874247 -66279239
75490463 -828796319
893809884 -556150611
-17982999 -121556354
-33416874 -232006678
-130552749 -927145706
295807584 -183533961
75552955 -829490779
76240367 -837129839
283278012 -175726755
-113913999 -808072866
-34162749 -237344426
83364455 -916298279
-96644124 -684483470
61992191 -678792959
710422512 -441881505
-117700749 -835172202
69616215 -763517079
-79202124 -559662286
32183507 -347535539
629549820 -391489539
87051483 -957271419
-55276749 -388443754
12810987 -132252939
-40646124 -283741774
-124757874 -885675510
-15917499 -106774898
790156152 -491563725
655748016 -407813697
86176595 -947548979
560067648 -348195033
1562427 -7250139
-73866249 -521476858
531591348 -330451383
-132388749 -940284778
4624535 -41278679
89926115 -989216579
-124815249 -886086106
91917276 -56489427
-48449124 -339582830
620437404 -385811571
7811627 -76696139
-97217874 -688589430
-64112499 -451675538
886975572 -551892135
54493151 -595457759
-12819249 -84602714
-67727124 -477543086
81864647 -899631239
-137781999 -978880802
-82988874 -586761622
814076244 -506468391
9811371 -98918859
-96185124 -681198702
13810859 -143364299
-36687249 -255410650
-107660124 -763317902
-54875124 -385569582
-35769249 -248841114
46619159 -507955799
-110700999 -785079490
42807147 -465593739
-45006624 -314947070
-60440499 -425397394
70491103 -773239519
81552187 -896158939
56555387 -618374939
904061352 -562538325
-80865999 -571569570
71490975 -784350879
-90218124 -638496718
-81095499 -573211954
80989759 -889908799
22059803 -235033019
-13106124 -86655694
781043736 -485885757
-52637499 -369556338
-46613124 -326443758
-77308749 -546112618
-104791374 -742788102
910895664 -566796801
-44777124 -313304686
62492127 -684348639
304920000 -189211929
-17351874 -117039798
949623432 -590928165
-6393249 -38615962
-129864249 -922218554
-125274249 -889370874
815215296 -507178137
-32097249 -222562970
-42367374 -296059654
70866055 -777406279
-9491499 -60788146
-68530374 -483291430
-140478624 -998178814
19810091 -210032459
653469912 -406394205
7311691 -71140459
3437187 -28083939
24434499 -261422499
-64456749 -454139114
-60383124 -424986798
478055904 -297093321
21934819 -233644099
255940764 -158692851
9905532 -5387715
-32728374 -227079526
61867207 -677404039
-56768499 -399119250
-40416624 -282099390
857360220 -533438739
-91021374 -644245062
22684723 -241977619
64241903 -703793519
45556795 -496149979
524757036 -326192907
48306443 -526706219
-17007624 -114576222
51243567 -559345839
86222016 -52940697
-8458749 -53397418
-60096249 -422933818
343647768 -213343293
43307083 -471149419
59992447 -656570239
-44949249 -314536474
14560763 -151697819
26246767 -281561839
732064500 -455366679
472360644 -293544591
-18958374 -128536486
-2434374 -10284838
-92398374 -654099366
-36056124 -250894094
615881196 -382972587
267331284 -165790311
-98193249 -695569562
-81783999 -578139106
-22458249 -153582842
298085688 -184953453
70553595 -773933979
-125962749 -894298026
230881620 -143078439
77302731 -848935659
-17064999 -114986818
57742735 -631569679
-62850249 -442642426
4187091 -36417459
224047308 -138819963
-125388999 -890192066
-75243249 -531331162
-40187124 -280457006
-135773874 -964509942
-130437999 -926324514
241133088 -149466153
-103758624 -735397374
90488543 -995466719
62929571 -689209859
-34105374 -236933830
-84824874 -599900694
-2721249 -12337818
-98422749 -697211946
-60325749 -424576202
-135486999 -962456962
-131987124 -937410606
-34449624 -239397406
-105479874 -747715254
184180488 -113978853
-134855874 -957940406
-105365124 -746894062
79739919 -876019599
62117175 -680181879
437050032 -271542465
-117299124 -832298030
34370727 -371841639
78740047 -864908239
-97619499 -691463602
-93029499 -658615922
-75415374 -532562950
197849112 -122495805
-57170124 -401993422
643218444 -400006491
22497247 -239894239
69136236 -42294507
162538500 -100493679
685363368 -426267093
37620311 -407953559
6311819 -60029099
-94865499 -671754994
65866695 -721849479
46431683 -505872419
66491615 -728794079
1749903 -9333519
-86316624 -610576190
-119364624 -847079486
135201252 -83459775
68303883 -748933419
-13851999 -91993442
654608964 -407103951
-85513374 -604827846
44619415 -485733079
-37318374 -259927206
50368679 -549623399
61242287 -670459439
83051995 -912825979
-26130249 -179860986
-44834499 -313715282
-36285624 -252536478
-8802999 -55860994
-89931249 -636443738
640940340 -398586999
-1803249 -5768282
-118618749 -841741738
58930083 -644764419
-41391999 -289079522
-140363874 -997357622
573736272 -356711985
-46555749 -326033162
-28195749 -194642442
-29802249 -206139130
-24810624 -170417278
817493400 -508597629
-115922124 -822443726
-86718249 -613450362
-134511624 -955476830
15123191 -157947959
-11786499 -77211986
75427971 -828101859
-40990374 -286205350
-78915249 -557609306
41619799 -452398999
882419364 -549053151
37932771 -411425859
520200828 -323353923
-51719499 -362986802
-3122874 -15211990
-14597874 -97331190
144313668 -89137743
-133937874 -951370870
20435011 -216977059
203544372 -126044535
-19876374 -135106022
85676659 -941993299
25059419 -268367099
26434243 -283645219
57745716 -35197047
-91652499 -648761618
48243951 -526011759
78677555 -864213779
-68702499 -484523218
-30203874 -209013302
-51662124 -362576206
-129692124 -920986766
-56481624 -397066270
365289756 -226828467
60554875 -662820379
-115061499 -816284786
55555515 -607263579
35558075 -385036379
-1745874 -5357686
-101979999 -722668898
113559264 -69974601
-109209249 -774403994
-116954874 -829834454
501975996 -311997987
-96758874 -685304662
-129519999 -919754978
-133880499 -950960274
680807160 -423428109
-45293499 -317000050
-39441249 -275119258
824327712 -512856105
-134568999 -955887426
31871047 -344063239
5124471 -46834359
47494248 -28809333
-120741624 -856933790
-49424499 -346562962
-111045249 -787543066
-56596374 -397887462
-24925374 -171238470
918869028 -571765023
18810219 -198921099
-133249374 -946443718
-128774124 -914417230
-6221124 -37384174
-12933999 -85423906
87176467 -958660339
-132273999 -939463586
-5704749 -33688810
-16778124 -112933838
33995775 -367674879
49431299 -539206499
-124298874 -882390742
-48162249 -337529850
35933027 -389203139
-24408999 -167543106
60242415 -659348079
32058523 -346146619
-131011749 -930430474
69241263 -759350319
-41219874 -287847734
-60038874 -422523222
-44031249 -307966938
-19187874 -130178870
26746703 -287117519
40244975 -437120879
-49768749 -349026538
-1688499 -4947090
-92685249 -656152346
26059291 -279478459
15498143 -162114719
6561787 -62806939
689919576 -429106077
-21425499 -146192114
56805355 -621152779
-16204374 -108827878
-24351624 -167132510
17935331 -189198659
-119880999 -850774850
-10983249 -71463642
721813032 -448978965
-76562874 -540774870
-135429624 -962046366
-81669249 -577317914
40057499 -435037499
907478508 -564667563
351621132 -218311515
-7712874 -48059670
-54989874 -386390774
-4270374 -23423910
-83734749 -592099370
-8745624 -55450398
-60899499 -428682162
-95209749 -674218570
-125216874 -888960278
178485228 -110430123
-84537999 -597847714
-113340249 -803966906
-44432874 -310841110
497419788 -309159003
-113569749 -805609290
448440552 -278639925
33933283 -366980419
-30949749 -214351050
-48334374 -338761638
-31810374 -220509990
-16892874 -113755030
83614423 -919076119
-130265874 -925092726
200127216 -123915297
38932643 -422537219
39495071 -428787359
-110987874 -787132470
-22400874 -153172246
980377836 -610091307
-30892374 -213940454
-108807624 -771529822
16435523 -172531619
-15745374 -105543110
-63825624 -449622558
-79029999 -558430498
-72030249 -508337786
-112938624 -801092734
55930467 -611430339
-94521249 -669291418
-87923124 -622072878
42682163 -464204819
-46842624 -328086142
-57686499 -405688786
7499167 -73223839
-136290249 -968205306
41057371 -446148859
-105020874 -744430486
77052763 -846157819
-12015999 -78854370
-92054124 -651635790
504254100 -313417479
-14138874 -94046422
83989375 -923242879
-64399374 -453728518
-22113999 -151119266
-28654749 -197927210
-114545124 -812589422
-115290999 -817927170
-4786749 -27119274
-770499 1622446
36495455 -395453279
84926755 -933659779
-62333874 -438947062
528174192 -328322145
740037864 -460334901
-85169124 -602364270
396044160 -245991609
-125847999 -893476834
-29285874 -202443766
17810347 -187809739
65241775 -714904879
29933795 -322534979
7624151 -74612759
556650492 -346065795
29621335 -319062679
-17237124 -116218606
-113053374 -801913926
90051099 -990605499
-3811374 -20139142
73365735 -805184679
-76390749 -539543082
-107487999 -762086114
-68874624 -485755006
-9032499 -57503378
-42195249 -294827866
707005356 -439752267
-123782499 -878695378
-11212749 -73106026
-89873874 -636033142
-102553749 -726774858
227464464 -140949201
-124470999 -883622530
73928163 -811434819
-22572999 -154404034
-102783249 -728417242
26809195 -287811979
-107717499 -763728498
5624407 -52390039
601073520 -373745889
137479356 -84879267
613603092 -381553095
-95840874 -678735126
-139388499 -990377490
-18097749 -122377546
-26474499 -182324562
-31121874 -215582838
-120798999 -857344386
-38523249 -268549722
963292056 -599445117
523617984 -325483161
-115807374 -821622534
-59637249 -419649050
40432451 -439204259
-121602249 -863092730
22747215 -242672079
-125159499 -888549682
433632876 -269413227
476916852 -296383575
142035564 -87718251
768514164 -478078551
84739279 -931576399
368706912 -228957705
10811243 -110030219
52805867 -576707339
-23949999 -164258338
-128257749 -910721866
68178899 -747544499
634106028 -394328523
-86431374 -611397382
-50285124 -352721902
-25441749 -174933834
-20163249 -137159002
-62161749 -437715274
481473060 -299222559
53555771 -585040859
-117471249 -833529818
61179795 -669764979
48618903 -530178519
78115127 -857963639
50243695 -548234479
27121655 -291284279
836857284 -520663311
79489951 -873241759
9436419 -94752099
27559099 -296145499
82489567 -906575839
3312203 -26695019
-18843624 -127715294
3687155 -30861779
-1401624 -2894110
-87636249 -620019898
7436675 -72529379
940511016 -585250197
-8171874 -51344438
5686899 -53084499
-138585249 -984629146
87488927 -962132639
-4671999 -26298082
-36859374 -256642438
14748239 -153781199
20559995 -218365979
17747855 -187115279
-65661624 -462761630
30683699 -330868499
-9950499 -64072914
-16720749 -112523242
-70308999 -496019906
-106455249 -754695386
-35367624 -245966942
-72661374 -512854342
-19417374 -131821254
535008504 -332580621
-135257499 -960814578
-139158999 -988735106
-31408749 -217635818
719534928 -447559473
-28826874 -199158998
-20909124 -142496750
-12188124 -80086158
177346176 -109720377
-33187374 -230364294
-12532374 -82549734
16622999 -174614999
606768780 -377294619
-81554499 -576496722
-9376749 -59966954
-5991624 -35741790
-68989374 -486576198
15685619 -164198099
-9778374 -62841126
-35080749 -243913962
-70194249 -495198714
-122462874 -869251670
-73120374 -516139110
693336732 -431235315
-47301624 -331370910
72053403 -790601019
80052379 -879491899
-10122624 -65304702
-4614624 -25887486
-128544624 -912774846
340230612 -211214055
856221168 -532728993
46056731 -501705659
40557435 -440593179
-2204874 -8642454
31308619 -337813099
15623127 -163503639
83114487 -913520439
63616983 -696848919
-25384374 -174523238
150008928 -92686473
-2376999 -9874242
-108291249 -767834458
934815756 -581701467
-45867249 -321106010
-20105874 -136748406
-91365624 -646708638
77740175 -853796879
77365223 -849630119
-47531124 -333013294
-29171124 -201622574
-103070124 -730470222
7686643 -75307219
14123319 -146836599
-85455999 -604417250
-136462374 -969437094
44119479 -480177399
90301067 -993383339
-87693624 -620430494
-88554249 -626589434
31121143 -335729719
-124356249 -882801338
69553723 -762822619
-3409749 -17264970
15748111 -164892559
-53957124 -379000046
-18556749 -125662314
332257248 -206245833
-85685499 -606059634
-24581124 -168774894
-61989624 -436483486
12873479 -132947399
88801259 -976716299
-77136624 -544880830
724091136 -450398457
-74956374 -529278182
-112422249 -797397370
767375112 -477368805
-94463874 -668880822
-97734249 -692284794
26309259 -282256299
27621591 -296839959
-124585749 -884443722
-71284374 -503000038
250245504 -155144121
342508716 -212633547
-88898499 -629053010
-103242249 -731702010
-53153874 -373251702
-51203124 -359291438
-112766499 -799860946
13685875 -141975379
35308107 -382258539
14435779 -150308899
-37892124 -264033166
-5876874 -34920598
20622487 -219060439
60804843 -665598219
40869895 -444065479
89051227 -979494139
229742568 -142368693
24934435 -266978179
23247151 -248227759
-34736499 -241450386
50618647 -552401239
896087988 -557570103
76677811 -841991059
-36400374 -253357670
-12245499 -80496754
-122634999 -870483458
777626580 -483756519
367567860 -228247959
-71226999 -502589442
-63882999 -450033154
-63481374 -447158982
32308491 -348924459
165955656 -102622917
84864263 -932965319
82552059 -907270299
-43342749 -303039786
-136118124 -966973518
81427203 -894770019
-117930249 -836814586
-116897499 -829423858
771931320 -480207789
-109610874 -777278166
-113856624 -807662270
68553851 -751711259
-78284124 -553092750
55680499 -608652499
74428099 -816990499
-96070374 -680377510
-14483124 -96509998
19685107 -208643539
-16261749 -109238474
78865031 -866297159
196710060 -121786059
932537652 -580281975
793116 290253
-64743624 -456192094
-4729374 -26708678
67428995 -739210979
762818904 -474529821
155704188 -96235203
773070372 -480917535
-63768249 -449211962
745733124 -463883631
78927523 -866991619
-72087624 -508748382
622715508 -387231063
27684083 -297534419
-5647374 -33278214
-124987374 -887317894
-110414124 -783026510
2937251 -22528259
-10294749 -66536490
-34506999 -239808002
-2893374 -13569606
41798988 -25260603
-84480624 -597437118
85614167 -941298839
51306059 -560040299
-58948749 -414721898
-77366124 -546523214
-63423999 -446748386
-26187624 -180271582
-51776874 -363397398
14810731 -154475659
-99111249 -702139098
782182788 -486595503
5561915 -51695579
414268992 -257347545
-137322999 -975596034
5186963 -47528819
-14769999 -98562978
-68186124 -480827854
-7196499 -44364306
-3639249 -18907354
-34679124 -241039790
515644620 -320514939
-26531874 -182735158
33825624 -20292381
10248815 -103780079
3249711 -26000559
-100660374 -713225190
-106627374 -755927174
68428867 -750322339
-28884249 -199569594
63304523 -693376619
189875748 -117527583
25871815 -277395079
-113225499 -803145714
13248431 -137114159
-12474999 -82139138
714978720 -444720489
-70710624 -498894078
25852260 -15324159
126088836 -77781807
15310667 -160031339
-90275499 -638907314
-94578624 -669702014
-137093499 -973953650
-113397624 -804377502
-102668499 -727596050
30408468 -18163143
39120119 -424620599
-52981749 -372019914
13373415 -138503079
541842816 -336839097
-91996749 -651225194
-95094999 -673397378
78302603 -860047019
73428227 -805879139
-98021124 -694337774
675111900 -419879379
-29572749 -204496746
50556155 -551706779
-71685999 -505874210
37995263 -412120319
-2147499 -8231858
-47817999 -335066274
-63596124 -447980174
-2663874 -11927222
110142108 -67845363
-6048999 -36152386
38495199 -417675999
383514588 -238184403
-15515874 -103900726
85239215 -937132079
-54932499 -385980178
34933155 -378091779
-24982749 -171649066
-120167874 -852827830
-87464124 -618788110
58680115 -641986579
627271716 -390070047
7874119 -77390599
-63022374 -443874214
349343028 -216892023
514505568 -319805193
54368167 -594068839
-55448874 -389675542
-16319124 -109649070
-125790624 -893066238
-72890874 -514496726
-124528374 -884033126
64616855 -707960279
-33818499 -234880850
86489055 -951021279
-64341999 -453317922
81802155 -898936779
-6565374 -39847750
565762908 -351743763
52868359 -577401799
41369831 -449621159
-22630374 -154814630
-19818999 -134695426
979238784 -609381561
-17696124 -119503374
32433475 -350313379
-41449374 -289490118
443884344 -275800941
27059163 -290589819
45244335 -492677679
-116266374 -824907302
-79890624 -564589438
-107315874 -760854326
490585476 -304900527
19872583 -210726919
-49883499 -349847730
496280736 -308449257
-97160499 -688178834
51930979 -566984899
56242927 -614902639
14185811 -147531059
-43916499 -307145746
-7999749 -50112650
850525908 -529180263
-136003374 -966152326
-137437749 -976417226
-38580624 -268960318
-36572499 -254589458
-65718999 -463172226
-59751999 -420470242
-64973124 -457834478
905200404 -563248071
-12360249 -81317946
-83906874 -593331158
292390428 -181404723
735481656 -457495917
32370983 -349618919
546399024 -339678081
49618775 -541289879
29433859 -316979299
-15286374 -102258342
-115979499 -822854322
71178515 -780878579
-11442249 -74748410
955318692 -594476895
-44203374 -309198726
87301451 -960049259
-59407749 -418006666
867611688 -539826453
-20277999 -137980194
-110012499 -780152338
-80980749 -572390762
-92742624 -656562942
-17925624 -121145758
-25613874 -176165622
75240495 -826018479
45869255 -499622279
658026120 -409233189
-54473499 -382695410
-51432624 -360933822
-120225249 -853238426
-85742874 -606470230
709283460 -441171759
-31007124 -214761646
-58489749 -411437130
-75128499 -530509970
8811499 -87807499
61304779 -671153899
-132503499 -941105970
-76907124 -543238446
54868103 -599624519
-43170624 -301807998
-101865249 -721847706
25746831 -276006159
32870919 -355174599
39307595 -426703979
86988991 -956576959
23997055 -256561279
-30089124 -208192110
-72718749 -513264938
-43629624 -305092766
407434680 -253089069
51493535 -562123679
-87750999 -620841090
70678579 -775322899
572597220 -356002239
-17581374 -118682182
757123644 -470981091
1932168 -419493
348203976 -216182277
-78341499 -553503346
47056603 -512817019
44744399 -487121999
214934892 -133141995
-114315624 -810947038
24746959 -264894799
-134626374 -956298022
44931875 -489205379
-117069624 -830655646
170511864 -105461901
57992703 -634347519
-129175749 -917291402
-73292499 -517370898
24621975 -263505879
853943064 -531309501
-78857874 -557198710
-114889374 -815052998
519061776 -322644177
-133650999 -949317890
54618135 -596846679
-3467124 -17675566
-103988124 -737039758
25496863 -273228319
43369575 -471843879
-15802749 -105953706
336813456 -209084817
-85972374 -608112614
-483624 3675426
775348476 -482337027
-106168374 -752642406
31808555 -343368779
-77825124 -549807982
-85341249 -603596058
-118389249 -840099354
53680755 -586429779
-91939374 -650814598
-81956124 -579370894
-128946249 -915649018
-28769499 -198748402
13748367 -142669839
-125561124 -891423854
-79488999 -561715266
-115463124 -819158958
60117431 -657959159
-73521999 -519013282
-18212499 -123198738
28309003 -304479019
-28367874 -195874230
-139904874 -994072854
70178643 -769767219
-69276249 -488629178
994046460 -618608259
-25212249 -173291450
40994879 -445454399
-42768999 -298933826
-76677624 -541596062
89301195 -982271979
20809963 -221143819
-36629874 -255000054
-43285374 -302629190
569180064 -353873001
-91078749 -644655658
64116919 -702404599
-39154374 -273066278
20185043 -214199219
132923148 -82040283
183041436 -113269107
-98135874 -695158966
-126823374 -900456966
30308747 -326701739
-112823874 -800271542
43619543 -474621719
88676275 -975327379
-52293249 -367092762
11123703 -113502519
93056328 -57199173
-100373499 -711172210
-31982499 -221741778
-827874 1211850
66241647 -726016239
-13507749 -89529866
160260396 -99074187
27246639 -292673199
439328136 -272961957
21309899 -226699499
64491871 -706571359
-122864499 -872125842
-118790874 -842973526
51368551 -560734759
34964676 -21002127
-139331124 -989966894
-11843874 -77622582
-87177249 -616735130
-53268624 -374072894
-89300124 -631927182
-74497374 -525993414
-38752749 -270192106
10686259 -108641299
660304224 -410652681
765097008 -475949313
-25671249 -176576218
-118905624 -843794718
-93488499 -661900690
82927011 -911437059
-15458499 -103490130
-105766749 -749768234
30371239 -327396199
216073944 -133851741
11623639 -119058199
-93947499 -665185458
-51317874 -360112630
22372263 -238505319
-109496124 -776456974
801546672 -498661185
-11671749 -76390794
-46326249 -324390778
-94234374 -667238438
52118455 -569068279
-66292749 -467278186
-54071874 -379821238
56180435 -614208179
441606240 -274381449
15998079 -167670399
-37375749 -260337802
-27621999 -190536482
63679475 -697543379
-12302874 -80907350
-130782249 -928788090
13435907 -139197539
-131126499 -931251666
23574156 -13904667
266192232 -165080565
-7540749 -46827882
779904684 -485176011
60679859 -664209299
21872327 -232949639
-76734999 -542006658
29996287 -323229439
294668532 -182824215
-27794124 -191768270
68241391 -748238959
-111274749 -789185450
-17753499 -119913970
-10409499 -67357682
978099732 -608671815
-95611374 -677092742
65304267 -715599339
-118848249 -843384122
37370343 -405175719
-74267874 -524351030
36995391 -401008959
12998463 -134336319
-70882749 -500125866
-55793124 -392139118
901783248 -561118833
9998847 -101002239
-82185624 -581013278
32808427 -354480139
29371367 -316284839
-94635999 -670112610
61929699 -678098499
-65776374 -463582822
77865159 -855185799
-130610124 -927556302
54118199 -591290999
70991039 -778795199
58430147 -639208739
-112594374 -798629158
-122118624 -866788094
537286608 -334000113
17247919 -181559599
-103127499 -730880818
742315968 -461754393
712700616 -443300997
-119995749 -851596042
211517736 -131012757
58867591 -644069959
-122175999 -867198690
-83677374 -591688774
-1917999 -6589474
-123897249 -879516570
191014800 -118237329
66741583 -731571919
-91193499 -645476850
435910980 -270832719
16123063 -169059319
861916428 -536277723
-140650749 -999410602
-7770249 -48470266
-52350624 -367503358
-52694874 -369966934
-80349624 -567874206
-22515624 -153993438
-98766999 -699675522
-82415124 -582655662
-106971624 -758390750
29683827 -319757139
62867079 -688515399
-119708874 -849543062
-30548124 -211476878
-41162499 -287437138
-110184624 -781384126
81677171 -897547859
25934307 -278089539
588543948 -365938683
-112881249 -800682138
44994367 -489899839
60179923 -658653619
-90619749 -641370890
18372775 -194059879
-132101874 -938231798
927981444 -577442991
-73177749 -516549706
-88439499 -625768242
72865799 -799628999
318588624 -197728881
408573732 -253798815
19247663 -203782319
-138986874 -987503318
38807659 -421148299
639801288 -397877253
-62678124 -441410638
40119991 -435731959
-81038124 -572801358
-44719749 -312894090
45431811 -494761059
35620567 -385730839
-61473249 -432788122
-58202874 -409384150
388070796 -241023387
440467188 -273671703
-42080499 -294006674
228603516 -141658947
55493023 -606569119
877863156 -546214167
-92455749 -654509962
-24523749 -168364298
50493663 -551012319
73115767 -802406839
96473484 -59328411
475777800 -295673829
-99512874 -705013270
-75759624 -535026526
-53612874 -376536470
-133191999 -946033122
574875324 -357421731
71428483 -783656419
803824776 -500080677
736620708 -458205663
85082964 -52230951
-37662624 -262390782
743455020 -462464139
87738895 -964910479
651191808 -404974713
-69964749 -493556330
-73005624 -515317918
67997184 -41584761
-129290499 -918112594
-34965999 -243092770
-37203624 -259106014
72928291 -800323459
-106225749 -753053002
-137265624 -975185438
-24122124 -165490126
329979144 -204826341
37557819 -407259099
89551163 -985049819
41432323 -450315619
154565136 -95525457
-133019874 -944801334
-65948499 -464814610
-132790374 -943158950
87676403 -964216019
-91308249 -646298042
37432835 -405870179
45681779 -497538899
269609388 -167209803
291251376 -180694977
2999743 -23222719
-137150874 -974364246
-33474249 -232417274
-94922874 -672165590
-97504749 -690642410
-130380624 -925913918
18247791 -192670959
-113627124 -806019886
-102324249 -725132474
28683955 -308645779
-108233874 -767423862
708144408 -440462013
-34793874 -241860982
-91767249 -649582810
-135027999 -959172194
19435139 -205865699
74740559 -820462799
998602668 -621447243
88500120 -54360189
-53096499 -372841106
-31179249 -215993434
44369447 -482955239
-32613624 -226258334
-10753749 -69821258
-131470749 -933715242
21809835 -232255179
-79259499 -560072882
-62391249 -439357658
-114602499 -813000018
873306948 -543375183
-97103124 -687768238
39520884 -23841111
-70595874 -498072886
3562171 -29472859
-56424249 -396655674
-23777874 -163026550
44431939 -483649699
-26703999 -183966946
49806251 -543373259
-34851249 -242271578
-73980999 -522298050
120393576 -74233077
46181715 -503094579
-139560624 -991609278
-106914249 -757980154
825466764 -513565851
20497503 -217671519
-128659374 -913596038
-94808124 -671344398
363011652 -225408975
-28597374 -197516614
-6450624 -39026558
-3753999 -19728546
15810603 -165587019
101029692 -62167395
631827924 -392909031
-106397874 -754284790
61554747 -673931739
816354348 -507887883
16310539 -171142699
-44891874 -314125878
-88267374 -624536454
-82300374 -581834470
239994036 -148756407
-125733249 -892655642
87926371 -966993859
208100580 -128883519
87363943 -960743719
411990888 -255928053
-22859874 -156457014
57930211 -633653059
-58317624 -410205342
-127970874 -908668886
173929020 -107591139
28933923 -311423619
52243439 -570457199
-129405249 -918933786
-85570749 -605238442
47244079 -514900399
41307339 -448926699
62554619 -685043099
-110471499 -783437106
48556411 -529484059
2437315 -16972579
43244591 -470454959
-44604999 -312072898
804963828 -500790423
287834220 -178565739
-111676374 -792059622
62742095 -687126479
-126765999 -900046370
434771928 -270122973
-124069374 -880748358
-111446874 -790417238
684224316 -425557347
22184787 -236421939
35370599 -382952999
5249455 -48223279
29183891 -314201459
310615260 -192760659
-95553999 -676682146
65719080 -40165269
86551547 -951715739
62992063 -689904319
-122979249 -872947034
-76046499 -537079506
90113591 -991299959
-24695874 -169596086
59055067 -646153339
-64514124 -454549710
-56538999 -397476866
-76964499 -543649042
212656788 -131722503
116976420 -72103839
-65087874 -458655670
76802795 -843379979
-39039624 -272245086
86614039 -952410199
-121659624 -863503326
234298776 -145207677
37245359 -403786799
63804459 -698932299
45056859 -490594299
57617751 -630180759
-41564124 -290311310
-96414624 -682841086
561206700 -348904779
679668108 -422718363
-10925874 -71053046
41182355 -447537779
7749135 -76001679
77990143 -856574719
-128142999 -909900674
-80923374 -571980166
988351200 -615059529
-134970624 -958761598
14873223 -155170119
-1172124 -1251726
52930851 -578096259
55618007 -607958039
-74669499 -527225202
-71571249 -505053018
-66005874 -465225206
63179539 -691987699
983794992 -612220545
20122551 -213504759
258218868 -160112343
-104332374 -739503334
-134224749 -953423850
59867463 -655181319
-14712624 -98152382
306059052 -189921675
66054171 -723932859
459831072 -285737385
-41736249 -291543098
-133995249 -951781466
303780948 -188502183
915451872 -569635785
-23376249 -160152378
-8343999 -52576226
59242543 -648236719
56430403 -616986019
30183763 -325312819
812937192 -505758645
-49252374 -345331174
75990399 -834351999
391487952 -243152625
424520460 -263735259
15373159 -160725799
-137380374 -976006630
243411192 -150885645
85301707 -937826539
-138527874 -984218550
-128888874 -915238422
-14368374 -95688806
1687411 -8639059
69491231 -762128159
57180307 -625319539
506532204 -314836971
13310923 -137808619
-27966249 -193000058
323144832 -200567865
63367015 -694071079
484890216 -301351797
-63997749 -450854346
-59063499 -415543090
45216144 -27389841
15185683 -158642419
33183379 -358646899
-40473999 -282509986
-23835249 -163437146
871028844 -541955691
27371623 -294062119
-43457499 -303860978
-32384124 -224615950
594239208 -369487413
22559739 -240588699
3071220 -1129239
86301579 -948937899
-39670749 -276761642
33245871 -359341359
34245743 -370452719
-56883249 -399940442
-104217624 -738682142
-122520249 -869662266
-131298624 -932483454
-22917249 -156867610
-27335124 -188483502
139757460 -86298759
69803691 -765600459
-123208749 -874589418
581709636 -361680207
-101922624 -722258302
-27564624 -190125886
-88841124 -628642414
-28080999 -193821250
-85800249 -606880826
-3983499 -21370930
455274864 -282898401
-19302624 -131000062
31933539 -344757699
60429891 -661431459
49493791 -539900959
-106340499 -753874194
-96299874 -682019894
41994751 -456565759
-48793374 -342046406
25246895 -270450479
13123447 -135725239
-136634499 -970668882
280999908 -174307263
205822476 -127464027
-254124 5317810
-84767499 -599490098
-32670999 -226668930
-135945999 -965741730
-57456999 -404046402
47993983 -523233919
-55678374 -391317926
76927779 -844768899
-24179499 -165900722
27746575 -298228879
487168320 -302771289
28130364 -16743651
-27507249 -189715290
26991312 -16033905
-7024374 -43132518
-21482874 -146602710
18122807 -191282039
-101750499 -721026514
-69735249 -491913946
-30720249 -212708666
51556027 -562818139
210378684 -130303011
521339880 -324063669
462109176 -287156877
-21769749 -148655690
103307796 -63586887
-123151374 -874178822
-78685749 -555966922
511088412 -317675955
47931491 -522539459
6249327 -59334639
-121774374 -864324518
33433347 -361424739
24809451 -265589259
-139847499 -993662258
76427843 -839213219
-104733999 -742377506
-56022624 -393781502
30246255 -326007279
-12704499 -83781522
66804075 -732266379
-52924374 -371609318
-81382374 -575264934
63054555 -690598779
-132446124 -940695374
38995135 -423231679
29269416 -17453397
-54243999 -381053026
-35023374 -243503366
-52522749 -368735146
22809707 -243366539
-80521749 -569105994
80427331 -883658659
-53670249 -376947066
-39728124 -277172238
25996799 -278783999
10936227 -111419139
-52752249 -370377530
630688872 -392199285
-27162999 -187251714
221769204 -137400471
-68013999 -479596066
83943912 -51521205
82739535 -909353679
147730824 -91266981
-31580874 -218867606
-97676874 -691874198
-20335374 -138390790
55805483 -610041419
35433091 -383647459
35683059 -386425299
-113110749 -802324522
582848688 -362389953
102168744 -62877141
334535352 -207665325
869889792 -541245945
-83447874 -590046390
-33072624 -229543102
-47932749 -335887466
79802411 -876714059
802685724 -499370931
-26589249 -183145754
-49711374 -348615942
81927139 -900325699
-109266624 -774814590
-122405499 -868841074
-53784999 -377768258
-13048749 -86245098
-135544374 -962867558
44494431 -484344159
76990271 -845463359
-22802499 -156046418
82364583 -905186919
-74554749 -526404010
30058779 -323923899
586265844 -364519191
69866183 -766294919
-53498124 -375715278
-37260999 -259516610
82804860 -50811459
-44547624 -311662302
-12417624 -81728542
-123552999 -877052994
-112651749 -799039754
-138413124 -983397358
-136749249 -971490074
-68645124 -484112622
642079392 -399296745
-90390249 -639728506
-126020124 -894708622
119254524 -73523331
761679852 -473820075
21747343 -231560719
-55620999 -390907330
-29744874 -205728534
6936739 -66973699
16685491 -175309459
-76505499 -540364274
21684851 -230866259
-42883749 -299755018
8499039 -84335199
159121344 -98364441
-138183624 -981754974
-75071124 -530099374
647774652 -402845475
59305035 -648931179
-97906374 -693516582
74615575 -819073879
20684979 -219754899
-109553499 -776867570
237715932 -147336915
-80636499 -569927186
71803435 -787823179
5436931 -50306659
-116208999 -824496706
370985016 -230377197
46744143 -509344719
17435395 -183642979
49556283 -540595419
-2262249 -9053050
-80693874 -570337782
90426051 -994772259
86864007 -955188039
-43055874 -300986806
-50457249 -353953690
-26072874 -179450390
-9893124 -63662318
-63710874 -448801366
-109897749 -779331146
-69390999 -489450370
84489311 -928798559
-112077999 -794933794
3937123 -33639619
-94176999 -666827842
25371879 -271839399
45181843 -491983219
-52580124 -369145742
966709212 -601574355
-65833749 -463993418
974682576 -606542577
-32843124 -227900718
35745551 -387119759
587404896 -365228937
-104963499 -744019890
595378260 -370197159
-32154624 -222973566
-62620749 -441000042
27996543 -301006719
-6680124 -40668942
-49539249 -347384154
-100545624 -712403998
-121889124 -865145710
909756612 -566087055
71116023 -780184119
-7483374 -46417286
-131700249 -935357626
-999999 -19938
492863580 -306320019
-18786249 -127304698
785599944 -488724741
-69563124 -490682158
726369240 -451817949
650052756 -404264967
-22687749 -155225226
-94004874 -665596054
-59981499 -422112626
-80292249 -567463610
81489695 -895464479
930259548 -578862483
7627428 -3968223
15600792 -8936445
-13794624 -91582846
563484804 -350324271
34120759 -369063799
31246127 -337118639
84676787 -930881939
480334008 -298512813
6488376 -3258477
-54129249 -380231834
-104906124 -743609294
46244207 -503789039
664860432 -413491665
274165596 -170048787
73615703 -807962519
-34220124 -237755022
195571008 -121076313
109003056 -67135617
-116381124 -825728494
-115405749 -818748362
-59292999 -417185474
965570160 -600864609
42182227 -458649139
52368423 -571846119
2749775 -20444879
326561988 -202697103
11873607 -121836039
-3524499 -18086162
-3008124 -14390798
-61071624 -429913950
89863623 -988522119
23872071 -255172359
67491487 -739905439
-73349874 -517781494
23497119 -251005599
-50170374 -351900710
430215720 -267283989
71303499 -782267499
754845540 -469561599
64179411 -703099059
7249199 -70445999
-90906624 -643423870
51868487 -566290439
64679347 -708654739
457552968 -284317893
14373287 -149614439
-112364874 -796986774
-131241249 -932072858
-92111499 -652046386
-121487499 -862271538
90176083 -991994419
-20564874 -140033174
53243311 -581568559
-139732749 -992841066
-16663374 -112112646
-77882499 -550218578
45806763 -498927819
39995007 -434343039
-98709624 -699264926
568041012 -353163255
999999 -999999
948484380 -590218419
-37949499 -264443762
982655940 -611510799
42932131 -466982659
-6335874 -38205366
-101807874 -721437110
36058011 -390592059
-73808874 -521066262
-38236374 -266496742
20060059 -212810299
74865543 -821851719
-88783749 -628231818
-92283624 -653278174
-122233374 -867609286
-134339499 -954245042
-4040874 -21781526
32495967 -351007839
3624663 -30167319
-79087374 -558841094
34433219 -372536099
33745807 -364897039
-5303124 -30814638
41744783 -453787919
-103701249 -734986778
-25556499 -175755026
-89357499 -632337778
-89127999 -630695394
22622231 -241283159
58305163 -637819819
-60268374 -424165606
958735848 -596606133
-56653749 -398298058
69053787 -757266939
-96242499 -681609298
-109094499 -773582802
-75357999 -532152354
-72603999 -512443746
992907408 -617898513
426798564 -265154751
13873351 -144058759
-134913249 -958351002
-76620249 -541185466
-54416124 -382284814
63429507 -694765539
31547520 -18872889
-60612624 -426629182
-60727374 -427450374
-112250124 -796165582
-48219624 -337940446
-135314874 -961225174
-40932999 -285794754
-8516124 -53808014
10186323 -103085619
-108692874 -770708630
-127167624 -902920542
32751 7370790
-85628124 -605649038
-426249 4086022
-111733749 -792470218
65491743 -717682719
62617111 -685737559
89738639 -987133199
36432963 -394758819
63440976 -38745777
17372903 -182948519
-120684249 -856523194
59804971 -654486859
-131642874 -934947030
566901960 -352453509
-130495374 -926735110
-69907374 -493145734
-82529874 -583476854
-116725374 -828192070
-93832749 -664364266
875585052 -544794675
34808171 -376702859
35058139 -379480699
810659088 -504339153
-67153374 -473437126
-98881749 -700496714
-101291499 -717741746
-18671499 -126483506
23622103 -252394519
-114717249 -813821210
-116782749 -828602666
416547096 -258767037
636384132 -395748015
-126192249 -895940410
-119594124 -848721870
879002208 -546923913
872167896 -542665437
-55506249 -390086138
-114200874 -810125846
-27105624 -186841118
39057627 -423926139
599934468 -373036143
953040588 -593057403
-84251124 -595794734
-129806874 -921807958
69178771 -758655859
86676531 -953104659
73553211 -807268059
-4155624 -22602718
37495327 -406564639
547538076 -340387827
41807275 -454482379
-25269624 -173702046
39432579 -428092899
962153004 -598735371
-101061999 -716099362
233159724 -144497931
45306827 -493372139
769653216 -478788297
179624280 -111139869
16185555 -169753779
-51834249 -363807994
-79144749 -559251690
-21712374 -148245094
-105938874 -751000022
-20507499 -139622578
-97791624 -692695390
9686387 -97529939
-139675374 -992430470
-19532124 -132642446
23184659 -247533299
12248559 -126002799
-52866999 -371198722
-79775874 -563768246
18497759 -195448799
-106799499 -757158962
188736696 -116817837
425659512 -264445005
69366247 -760739239
13498399 -139891999
42494687 -462121439
-76103874 -537490102
866472636 -539116707
17185427 -180865139
-78743124 -556377518
-74325249 -524761626
64054427 -701710139
29871303 -321840519
28558971 -307256859
167094708 -103332663
81239727 -892686639
34683187 -375313939
55055579 -601707899
-132331374 -939874182
-79603749 -562536458
906339456 -563957817
77927651 -855880259
-69505749 -490271562
-102496374 -726364262
-44375499 -310430514
-50227749 -352311306
-62448624 -439768254
30558715 -329479579
611324988 -380133603
-131872374 -936589414
-26990874 -186019926
46494175 -506566879
220630152 -136690725
-114258249 -810536442
105585900 -65006379
914312820 -568926039
-7655499 -47649074
973543524 -605832831
76552827 -840602139
53305803 -582263019
5749391 -53778959
-36974124 -257463630
112420212 -69264855
-64800999 -456602690
975821628 -607252323
67866439 -744072199
404017524 -250959831
20310027 -215588139
23059675 -246144379
540703764 -336129351
-50112999 -351490114
-36228249 -252125882
35245615 -381564079
-137954124 -980112590
-25728624 -176986814
-36801999 -256231842
-67899249 -478774874
-74439999 -525582818
-40531374 -282920582
-41047749 -286615946
9561403 -96141019
787878048 -490144233
-16146999 -108417282
-76849749 -542827850
-71054874 -501357654
898366092 -558989595
-107143749 -759622538
-80751249 -570748378
85114231 -935743159
-26359749 -181503370
87551419 -962827099
-3696624 -19317950
143174616 -88427997
-67210749 -473847722
-83046249 -587172218
67054043 -735044219
122671680 -75652569
-45522999 -318642434
-138929499 -987092722
20372519 -216282599
-136978749 -973132458
-38924874 -271423894
57117815 -624625079
88738767 -976021839
64580028 -39455523
-128487249 -912364250
-75300624 -531741758
-138126249 -981344378
18560251 -196143259
-118962999 -844205314
783321840 -487305249
-27736749 -191357674
78615063 -863519319
-112020624 -794523198
324283884 -201277611
-129118374 -916880806
-93717999 -663543074
376680276 -233925927
28746447 -309340239
-136863999 -972311266
-77652999 -548576194
663721380 -412781919
-46154124 -323158990
-68931999 -486165602
-91136124 -645066254
-62104374 -437304678
372124068 -231086943
976960680 -607962069
-93144249 -659437114
-62046999 -436894082
-77251374 -545702022
-139273749 -989556298
-5245749 -30404042
-128085624 -909490078
-90447624 -640139102
247967400 -153724629
-76792374 -542417254
-100717749 -713635786
36807915 -398925579
124949784 -77072061
-97389999 -689821218
56606664 -34487301
-93775374 -663953670
60992319 -667681599
64366887 -705182439
-75472749 -532973546
-72202374 -509569574
-75702249 -534615930
-5130999 -29582850
66366631 -727405159
56930339 -622541699
-49998249 -350668922
-33761124 -234470254
-128716749 -914006634
755984592 -470271345
-102725874 -728006646
-105192999 -745662274
-90849249 -643013274
-118446624 -840509950
79552443 -873936219
-20851749 -142086154
77115255 -846852279
-102438999 -725953666
-103356999 -732523202
355038288 -220440753
891531780 -554731119
-112135374 -795344390
-42941124 -300165614
-21253374 -144960326
23434627 -250311139
-24064749 -165079530
70928547 -778100739
-51948999 -364629186
76177875 -836435379
-132159249 -938642394
61492255 -673237279
71928419 -789212099
-134741124 -957119214
-1458999 -3304706
242272140 -150175899
-713124 2033042
206961528 -128173773
-11097999 -72284834
24372007 -260728039
40807403 -443371019
56055451 -612819259
-130954374 -930019878
751428384 -467432361
-131413374 -933304646
65554235 -718377179
-105250374 -746072870
830022972 -516404835
-109438749 -776046378
374402172 -232506435
-42482124 -296880846
-8917749 -56682186
23747087 -253783439
-13220874 -87476886
-19474749 -132231850
71615959 -785739799
53618263 -585735319
-5188374 -29993446
-84308499 -596205330
-110758374 -785490086
-1344249 -2483514
-53325999 -374483490
60054939 -657264699
43869511 -477399559
59180051 -647542259
-136060749 -966562922
-80062749 -565821226
-18614124 -126072910
-115749999 -821211938
46369191 -505177959
-56309499 -395834482
517922724 -321934431
42619671 -463510359
73240751 -803795759
637523184 -396457761
-83562624 -590867582
18185299 -191976499
77240239 -848241199
881280312 -548343405
-6966999 -42721922
79364967 -871852839
789017100 -490853979
-5589999 -32867618
-104274999 -739092738
49993727 -545456639
60023820 -36616539
-55161999 -387622562
863055480 -536987469
835718232 -519953565
-20220624 -137569598
-5532624 -32457022
54180691 -591985459
-89701749 -634801354
290112324 -179985231
-137896749 -979701994
62304651 -682265259
63117047 -691293239
1437443 -5861219
-132847749 -943569546
42994623 -467677119
843691596 -524921787
-129347874 -918523190
-121028499 -858986770
-87865749 -621662282
77615191 -852407959
1062491 -1694459
-79947999 -565000034
134062200 -82750029
56992831 -623236159
130645044 -80620791
417686148 -259476783
-136577124 -970258286
-7425999 -46006690
-116323749 -825317898
564623856 -351034017
758262696 -471690837
161399448 -99783933
419964252 -260896275
-130667499 -927966898
61679731 -675320659
-60210999 -423755010
-6909624 -42311326
-67325499 -474668914
-114774624 -814231806
-62735499 -441821234
45931747 -500316739
-10868499 -70642450
71553467 -785045339
56117943 -613513719
-45178749 -316178858
-102381624 -725543070
-3868749 -20549738
-42596874 -297702038
284417064 -176436501
-59924124 -421702030
86051611 -946160059
50056219 -546151099
495141684 -307739511
-38006874 -264854358
3999615 -34334079
-38695374 -269781510
729786396 -453947187
84551803 -929493019
24122039 -257950199
908617560 -565377309
-95037624 -672986782
-127224999 -903331138
-117758124 -835582798
-23433624 -160562974
-121430124 -861860942
89488671 -984355359
-69046749 -486986794
80239855 -881575279
-14081499 -93635826
-111389499 -790006642
275304648 -170758533
-66981249 -472205338
-85857624 -607291422
-67440249 -475490106
852804012 -530599755
65991679 -723238399
-40072374 -279635814
716117772 -445430235
-10065249 -64894106
253662660 -157273359
47868999 -521844999
382375536 -237474657
66554107 -729488539
47306571 -515594859
94195380 -57908919
-140019624 -994894046
-113741874 -806841078
-56997999 -400761634
-45350874 -317410646
43432067 -472538339
217212996 -134561487
-132732999 -942748354
-83160999 -587993410
-114430374 -811768230
46994111 -512122559
-63940374 -450443750
-86660874 -613039766
-47760624 -334655678
16997951 -178781759
-42711624 -298523230
50306187 -548928939
7999103 -78779519
60929827 -666987139
-117241749 -831887434
855082116 -532019247
74831496 -45843237
-87062499 -615913938
385792692 -239603895
-48621249 -340814618
-57112749 -401582826
-43801749 -306324554
-128200374 -910311270
-125618499 -891834450
-126364374 -897172198
-138240999 -982165570
-25154874 -172880854
-67038624 -472615934
-138872124 -986682126
-45924624 -321516606
968987316 -602993847
-6507999 -39437154
-25900749 -178218602
41494815 -451010079
-123266124 -875000014
40182483 -436426419
-114659874 -813410614
-61358499 -431966930
-101406249 -718562938
-5417874 -31635830
-105537249 -748125850
81114743 -891297719
2312331 -15583659
33120887 -357952439
-136347624 -968615902
1124983 -2388919
-117872874 -836403990
273026544 -169339041
-50686749 -355596074
-15114249 -101026554
-8286624 -52165630
86426563 -950326819
-91824624 -649993406
-26761374 -184377542
-89529624 -633569566
-35138124 -244324558
-88955874 -629463606
-93660624 -663132478
-67669749 -477132490
-60497874 -425807990
-64628874 -455370902
-70136874 -494788118
-54702999 -384337794
-133077249 -945211930
-9663624 -62019934
-57743874 -406099382
26559227 -285034139
-118159749 -838456970
87613911 -963521559
63242031 -692682159
-75013749 -529688778
74178131 -814212659
63929443 -700321219
69678707 -764211539
78802539 -865602699
21497375 -228782879
73740687 -809351439
5499423 -51001119
-25499124 -175344430
-32900499 -228311314
38307723 -415592619
73490719 -806573599
-63538749 -447569578
42119735 -457954679
744594072 -463173885
78248652 -47972475
858499272 -534148485
479194956 -297803067
-11556999 -75569602
28121527 -302395639
50993599 -556567999
-85398624 -604006654
74553083 -818379419
-107028999 -758801346
-42137874 -294417270
776487528 -483046773
88051355 -968382779
-33015249 -229132506
-106110999 -752231810
-79316874 -560483478
-32556249 -225847738
71740943 -787128719
-55850499 -392549714
164816604 -101913171
39932515 -433648579
11186195 -114196979
344786820 -214053039
-110069874 -780562934
705866304 -439042521
-1975374 -7000070
-57629124 -405278190
920008080 -572474769
-96988374 -686947046
-62563374 -440589446
366428808 -227538213
-38867499 -271013298
-36113499 -251304690
-82128249 -580602682
-19704249 -133874234
-88095249 -623304666
-32039874 -222152374
429076668 -266574243
-119249874 -846258294
42057243 -457260219
81989631 -901020159
-97332624 -689410622
82677043 -908659219
-87234624 -617145726
80302347 -882269739
89238703 -981577519
225186360 -139529709
38182739 -414203699
59555003 -651709019
-50055624 -351079518
661443276 -411362427
19997567 -212115839
-57342249 -403225210
65116791 -713515959
75970548 -46552983
-99914499 -707887442
-57055374 -401172230
-39326499 -274298066
-64169874 -452086134
-48047499 -336708658
681946212 -424137855
15248175 -159336879
-41621499 -290721906
33808299 -365591499
-89586999 -633980162
-104561874 -741145718
-112479624 -797807966
471221592 -292834845
76052891 -835046459
-6163749 -36973578
29121399 -313506999
55305547 -604485739
-41850999 -292364290
-107258499 -760443730
-82816749 -585529834
-107545374 -762496710
-82242999 -581423874
-38351124 -267317934
85176723 -936437619
-28482624 -196695422
996324564 -620027751
168233760 -104042409
-90504999 -640549698
64554363 -707265819
-65432124 -461119246
844830648 -525631533
-18441999 -124841122
-124184124 -881569550
25621847 -274617239
-102094749 -723490090
69303755 -760044779
-122749749 -871304650
938232912 -583830705
62804587 -687820939
-45408249 -317821242
-96586749 -684072874
-6106374 -36562982
778765632 -484466265
-56079999 -394192098
-11958624 -78443774
-85914999 -607702018
-34392249 -238986810
-32785749 -227490122
57805227 -632264139
-140306499 -996947026
-139374 6139002
-122807124 -871715246
942789120 -586669689
59492511 -651014559
58117687 -635736439
770792268 -479498043
-50916249 -357238458
56680371 -619763859
11561147 -118363739
-108119124 -766602670
38557691 -418370459
831162024 -517114581
62367143 -682959719
34308235 -371147179
-71858124 -507105998
677390004 -421298871
39807531 -432259659
84176851 -925326259
-42998499 -300576210
194431956 -120366567
-86029749 -608523210
364150704 -226118721
57555259 -629486299
-9835749 -63251722
-13679874 -90761654
-105996249 -751410618
128366940 -79201299
659165172 -409942935
-51891624 -364218590
28433987 -305867939
-45236124 -316589454
-127397124 -904562926
-105422499 -747304658
-90791874 -642602678
86739023 -953799119
-124929999 -886907298
-125331624 -889781470
-102955374 -729649030
-10352124 -66947086
-49137624 -344509982
-52121124 -365860974
72990783 -801017919
827744868 -514985343
-46268874 -323980182
-64915749 -457423882
-26015499 -179039794
68928803 -755878019
-34277499 -238165618
-98480124 -697622542
88988735 -978799679
45744271 -498233359
-39785499 -277582834
16248047 -170448239
-61415874 -432377526
13998335 -145447679
54328560 -33067809
-59465124 -418417262
-81324999 -574854338
-84882249 -600311290
602212572 -374455635
