4345
322702674 -267801411
197459311 583727806
37801318 -10182711
93871106 278999449
537840306 -445669019
309619331 913672114
149079406 441407269
294364406 868796269
307149486 906406501
572328018 -474182147
314994876 929485507
56097006 167878309
71497216 213181543
593628136 -173450277
982896018 -813624147
192620660 -55659065
833471215 -243901350
191357341 565777468
608856268 -177923361
5101971 17864770
665961763 -194697426
161428631 477735334
37936381 114454684
969255392 -283786349
223320041 659803048
329271762 -273232483
81376596 242243995
126996086 376444141
204041759 -59013878
314413736 927775951
199532274 -165968811
285258463 -82870326
639661170 -529850635
77308616 230277103
229422011 677753386
7386450 -7109955
327779956 967095739
164479616 486710503
276494351 816227422
30090991 91375678
987021546 -289004947
206612266 610653313
794855874 -658159711
226883957 -65723504
616669362 -510841883
20524626 -17972099
837278248 -245019621
149515261 442689436
489393282 -405614863
312089176 920937727
257752586 761094241
122928106 364477249
983717154 -814303031
73967061 220447156
422311651 -123128082
609279138 -504731927
224166354 -186335331
164043761 485428336
797319282 -660196363
242231346 -201270779
357190386 -296314539
212924836 -61623177
27040006 82400509
92368791 -26211262
95033386 282418561
241335381 712799284
269375386 795285361
67719806 202069429
181477961 536715016
222012476 655956547
136875466 405506593
316133586 -262370339
168257026 497822617
249907196 738015235
70044366 208907653
750514530 -621499975
317174151 935896342
432463739 -126110138
648195609 -189478828
763652706 -632362119
780172753 -228245556
85880431 255493054
172760861 511071676
438808794 -127973923
208791541 617064148
116244996 344817355
210534961 622192816
975505794 -807514191
37355241 112745128
275186786 812380921
261938610 -217563995
763675610 -223399715
43516434 -36980851
158668216 469614943
248599631 734168734
258333726 762803797
172325006 509789509
217653926 643134877
187289361 553810576
123073391 364904638
89500050 -74998355
168983451 499959562
973042386 -805477539
107596923 -30684346
128914578 -107584787
12511506 39661609
185691226 549109297
915956930 -268130555
262111136 773915911
910636050 -753882355
62634831 187110814
135483666 -113015859
323523810 -268480295
58130996 173861755
243514656 719210119
91142322 -76356123
260222431 768359854
271792242 -225710603
904066962 -748451283
324874256 958547959
381003330 -316002175
326617676 963676627
280562331 828194314
234019986 -194481939
24860731 75989674
93144681 276862504
143413291 424739098
249471341 736733068
145737851 431577322
60643516 -16892337
117407276 348236467
284775596 840588595
315576016 931195063
540329674 -157794483
31689126 96076957
335480061 989747356
12947361 40943776
98665511 293103286
429925717 -125364624
195715891 578599138
852335394 -705681591
787786819 -230482098
202689571 599113810
280417046 827766925
17160626 53338057
304098501 897431332
339125394 -281379091
237122116 700405003
22826741 70006228
194553611 575180026
238429681 704251504
161138061 476880556
158232361 468332776
394962642 -327543203
67329378 -56668487
93435251 277717282
840839490 -696177215
307004201 905979112
605994594 -502016391
116480000 -33293645
131935776 390975367
222303046 656811325
73333626 -20619907
314268451 927348562
585466194 -485044291
142105726 420892597
87623851 260621722
25877726 78981397
588750738 -487759827
78470896 233696215
327344101 965813572
45055346 135396745
128884791 382000198
681539106 -564473719
83846441 249509608
149369976 442262047
110433596 327721795
343231074 -284773511
313542026 925211617
263128131 776907634
80359601 239252272
73385921 218737600
785248797 -229736584
654441618 -542070547
440077805 -128346680
133969766 396958813
181332676 536287627
203851851 602532922
22988034 -20008751
76291621 227285380
159394641 471751888
474612834 -393394951
109561886 325157461
11058656 35387719
114955266 -96043759
213491586 -177509839
863010162 -714507083
277075491 817936978
48443250 -41054155
154369794 -128630191
277801916 820073923
336787626 993593857
885500666 -259184387
233229012 -67587289
111595876 331140907
309764616 914099503
201963146 596976865
45927056 137961079
459011250 -380496155
315140161 929912896
71435058 -60062907
206466981 610225924
535253630 -156303455
11930366 37952053
683727917 -199916024
264726266 781608913
310636326 916663837
44146373 -12046496
941839218 -779679947
65249961 194803816
105784476 314045347
771289676 -225636257
895034466 -740983559
37768482 -32228663
101251868 -28820561
283989452 -82497569
495141234 -410367051
991107378 -820412987
17015341 52910668
95469241 283700728
262982846 776480245
648693666 -537318359
739018626 -611995599
126124376 373879807
312815601 923074672
985752535 -288632190
968115570 -801404235
29945706 90948289
50906658 -43090807
84863436 252501331
172906146 511499065
137311321 406788760
159830496 473034055
728343858 -603170107
808815186 -669700739
238139111 703396726
180460966 533723293
234652271 693139390
22681456 69578839
237412686 701259781
56654610 -47842995
305696636 902132611
76436906 227712769
977148066 -808871959
113312994 -94685991
337078196 994448635
509921682 -422586963
962367618 -796652047
961546482 -795973163
790750194 -654765291
115082716 341398243
3503836 13163491
221431336 654246991
555084162 -459925583
266760256 787592359
218000880 -63114205
31107986 94367401
869003523 -254338546
481955168 -140647661
678254562 -561758183
15271921 47782000
276639636 816654811
627891433 -183514716
322113841 950427568
102588206 304642789
822050116 -240546537
766937250 -635077655
148788836 440552491
63223698 -53274067
421042640 -122755325
192229051 568341802
887644242 -734873603
762406599 -223026958
224191751 662367382
574791426 -476218799
261675281 772633744
183930690 -153070015
104041056 308916679
224918176 664504327
306279954 -254223731
19775756 61031059
300532002 -249471543
36628816 110608183
182288418 -151712247
289036098 -239967167
504994866 -418513659
302174274 -250829311
820311090 -679205115
269811241 796567528
126632088 -36275701
169971378 -141528987
591090114 -172704763
317319436 936323731
537019170 -444990135
91982401 273443392
60746126 181554757
189178066 559366633
130773496 387556255
768579522 -636435423
18758761 58039336
335189491 988892578
316157156 932904619
255369522 -212132923
132807486 393539701
434377170 -360129635
47089336 141380191
79052036 235405771
169709876 502096507
817026546 -676489579
76582191 228140158
225208746 665359105
179008116 529449403
133824481 396531424
157505936 466195831
324728971 958120570
238284396 703824115
253539321 748699960
150241686 444826381
145337298 -121162467
233344706 689292889
410890552 -119773269
306423061 904269556
630429455 -184260230
781441764 -228618313
59438561 177708256
275041501 811953532
125630034 -104869251
381703299 -111199858
888465378 -735552487
356369250 -295635655
156343656 462776719
200353410 -166647695
172034436 508934731
337659336 996158191
228840871 676043830
652002642 -190597099
133020258 -110979207
532913490 -441595715
796669896 -233091397
466401474 -386606111
154745521 458075440
209385906 -174115419
955798530 -791220975
-824910 -321115
553441890 -458567815
659616708 -192833641
243052482 -201949663
75871648 -21365421
283613316 837169483
409743090 -339763115
122637536 363622471
143268006 424311709
323130836 953419291
19703490 -17293215
191502626 566204857
303081506 894439609
290334507 -84361354
799782690 -662233015
564440883 -164876866
155471946 460212385
308021196 908970835
310491041 916236448
240463671 710234950
157088352 -45221869
587108466 -486402059
436019442 -361487403
332864931 982054354
314704306 928630729
325891251 961539682
249035486 735450901
926109018 -271112611
984538290 -814981915
700225060 -204761865
677433426 -561079299
293783266 867086713
165060756 488420059
48106331 144371914
33287261 100778236
162881481 482009224
114356291 339261298
254701601 752119072
552620754 -457888931
329673848 -95916821
81812451 243526162
500990333 -146239016
952513986 -788505439
249761911 737587846
198965715 -57522850
48542186 145654081
266905541 788019748
254548386 -211454039
162300341 480299668
613384818 -508126347
302790936 893584831
134405621 398240980
312849042 -259654803
508279410 -421229195
-564144 1196599
151113396 447390715
4807032 -491029
798140418 -660875247
191351649 -55286308
289860571 855547210
615027090 -509484115
881693633 -258066116
168509451 -48576682
98810796 293530675
847430336 -248001677
875327202 -724690343
303517361 895721776
392499234 -325506551
37064671 111890350
957834293 -280431536
950050578 -786468787
650335938 -538676127
71351931 212754154
290441711 857256766
155762516 461067163
272135801 803405752
17305911 53765446
853775391 -249865462
299217584 -86970653
40260941 121292908
702067506 -581445819
132952771 393967090
417235607 -121637054
159685211 472606666
920489682 -762028963
87478566 260194333
201995682 -168005463
895855602 -741662443
16434201 51201112
20066326 61885837
36126210 -30870895
328651666 969660073
130628211 387128866
59147991 176853478
455726706 -377780619
103169346 306352345
234361701 692284612
158813501 470042332
85589861 254638276
33432546 101205625
245112791 723911398
4520831 16155214
129175361 382854976
542767122 -449742323
256299736 756820351
854798802 -707718243
404545497 -117909484
304824926 899568277
99537221 295667620
39534516 119155963
276719058 -229783907
773506338 -640508727
162164396 -46712897
274460361 810243976
565709894 -165249623
12075651 38379442
288988861 852982876
220881810 -183619795
114792146 340543465
216346361 639288376
128448936 380718031
747178467 -218553874
186272366 550818853
110134945 -31429860
273443366 807252253
95614526 284128117
247873206 732031789
142251011 421319986
108690176 322593127
13092646 41371165
137747176 408070927
167240031 494830894
59002706 176426089
99982857 -28447804
917225941 -268503312
305551351 901705222
234071131 691429834
762010434 -631004351
194698896 575607415
258188441 762376408
222448331 657238714
2196271 9316990
245839216 726048343
348157890 -288846815
29800421 90520900
184751826 -153748899
610100274 -505410811
120603546 357639025
124094066 -35530187
120458261 357211636
69753796 208052875
786644514 -651370871
971400114 -804119771
459832386 -381175039
296834251 876061882
88350276 262758667
735757368 -215199061
26168296 79836175
65685816 196085983
41608351 -11300982
147335986 436278601
666758658 -552253807
243873618 -202628547
264580981 781181524
351442434 -291562351
81957736 243953551
781717698 -647297567
183737583 -53049766
44038351 132405022
100699501 299086732
213440661 630740596
844892314 -247256163
130482926 386701477
912149897 -267012284
185006594 -53422523
475610113 -138783876
63181538 -17637851
198040451 585437362
467996047 -136547334
13237931 41798554
261147254 -75787943
153147386 453374161
519775314 -430733571
210970816 623474983
580938026 -169722707
469265058 -136920091
244095796 720919675
238720251 705106282
310345756 915809059
299710866 -248792659
73077330 -61420675
281645874 -233857211
233925846 691002445
76361874 -64136211
204868846 605524645
270537666 798704473
59939154 -50558531
133243341 394821868
150264114 -125235771
851514258 -705002707
53772446 161040085
480360786 -398147139
239882531 708525394
163402290 -136097915
720953634 -597060151
693880005 -202898080
745909456 -218181117
99101366 294385453
140507591 416191318
933723084 -273349153
6264251 21283882
89076701 264895612
404816274 -335689811
36919386 111462961
20938036 64450171
226629762 -188371983
211849314 -176152071
790324841 -231227612
668400930 -553611575
199493301 589711252
125833806 373025029
315721301 931622452
697687038 -204016351
87292747 -24720234
136294326 403797037
559364839 -163385838
1033991 5897878
418775586 -347230839
55661151 166596142
593677554 -491833131
596166158 -174195791
149442978 -124556887
53481876 160185307
180170396 532868515
327634671 966668350
957440802 -792578743
128303651 380290642
9169951 29831662
140591209 -40376028
116971421 346954300
610125279 -178296118
131790491 390547978
298432386 880763161
326762961 964104016
279545336 825202591
607587257 -177550604
309909901 914526892
313670178 -260333687
116826136 346526911
155907801 461494552
977969202 -809550843
645657587 -188733314
63797111 190529926
129170110 -37021215
79646418 -66851747
282451036 833750371
77018046 229422325
330685656 975643519
319934566 944016733
406458546 -337047579
270828236 799559251
72256194 -60741791
318772286 940597621
188742211 558084466
43602496 131122855
862189026 -713828199
587929602 -487080943
517487476 -151084857
140217021 415336540
206176411 609371146
532092354 -440916831
192955476 570478747
83991726 249936997
941337150 -275585695
131209351 388838422
908342864 -265894013
46508196 139670635
319498711 942734566
433732750 -126482895
273879221 808534420
134115051 397386202
349978024 -101880933
277644397 -80633784
214021801 632450152
872042658 -721974807
990828579 -290123218
84282296 250791775
371551211 -108217802
304637682 -252865963
35175966 106334293
59583846 178135645
603531186 -499979739
86461571 257202610
57549856 172152199
970524403 -284159106
813167039 -237937238
306831650 -89207195
449978754 -373028431
218670921 646126600
138768210 -115731395
92708826 275580337
849871986 -703644939
305458818 -253544847
569864610 -472145495
180606251 534150682
310055186 914954281
30672131 93085234
483645330 -400862675
676612290 -560400415
48396901 145226692
450229893 -131328736
377718786 -313286639
359653794 -298351191
260296338 -216206227
89830769 -25465748
203270711 600823366
231960001 -67214532
756061544 -221163173
592035282 -490475363
6118966 20856493
106075046 314900125
216636931 640143154
461474658 -382532807
213876516 632022763
74838771 223011490
69792786 -58705139
390856962 -324148783
182204386 538851961
236831546 699550225
682458906 -199543267
225063461 664931716
127272306 -106227019
175666561 519619456
183109554 -152391131
296107826 873924937
103314631 306779734
818668818 -677847347
544136707 -158912754
717669090 -594344615
50576176 151637527
71787786 214036321
390586376 -113809157
893392194 -739625791
295090831 870933214
212568951 628176262
159104071 470897110
155190930 -129309075
850693122 -704323823
285356736 842298151
123363961 365759416
156053086 461921941
318596994 -264406991
124526241 369178528
937530117 -274467424
242352376 715791007
181199561 -52304252
62402562 -52595183
272281086 803833141
14400211 45217666
426986946 -354019679
904888098 -749130167
232763566 687583333
13134402 -11862143
14959120 -3473085
402007475 -117163970
242497661 716218396
397426050 -329579855
259475202 -215527343
822774498 -681241767
68971650 -58026255
839197218 -694819447
319062856 941452399
679920884 -198797753
946413194 -277076723
474341102 -138411119
101425926 301223677
132371631 392257534
220559626 651682657
291603991 860675878
42695298 -36301967
617739345 -180532660
931164450 -770854455
235233411 694848946
658347697 -192460884
136304802 -113694743
197696704 -57150093
32841666 -28155359
834270402 -690746143
242207091 715363618
194605458 -161895507
894383743 -261793686
668499785 -195442940
298868241 882045328
276784921 817082200
283177461 835887316
66848096 199505095
607636866 -503374159
116535566 345672133
190776201 564067912
663474114 -549538271
265597976 784173247
49268611 147791026
117697846 349091245
286519016 845717263
312960886 923502061
166368321 492266560
258914866 764513353
64523536 192666871
380434288 -110827101
733270674 -607243411
184093091 544408018
211116101 623902372
278528341 822210868
360474930 -299030075
252522326 745708237
201503737 -58268364
36947346 -31549779
82829446 246517885
64668821 193094260
775148610 -641866495
241044811 711944506
15126636 47354611
124808898 -104190367
275106375 -79888270
198711138 -165289927
598704180 -174941305
595319826 -493190899
25296586 77271841
148062411 438415546
282160466 832895593
122825055 -35157430
195280036 577316971
286572690 -237930515
281869896 832040815
10477516 33678163
366222882 -303782263
370282200 -107845045
207193406 612362869
65831101 196513372
311206770 -258297035
136584896 404651815
25151301 76844452
11494511 36669886
170872156 505515619
51593171 154629250
224337036 662794771
33662802 -28834243
973062425 -284904620
104912766 311481013
123654531 366614194
2341556 9744379
173255922 -144244523
949229442 -785789903
165044562 -137455683
776790882 -643224263
573323960 -167486165
925416498 -766102267
329232806 971369629
348709013 -101508176
333881926 985046077
167094746 494403505
313106171 923929450
542867696 -158539997
123218676 365332027
888038688 -259929901
207743634 -172757651
115210989 -32920888
592359125 -173077520
279182466 -231820559
268503676 792721027
224987490 -187014215
19194616 59321503
814436050 -238309995
361399123 -105235746
881896290 -730121415
352263570 -292241235
120748831 358066414
21228606 65304949
55515866 166168753
823319127 -240919294
13673786 43080721
461650992 -134683549
160556921 475171000
491856690 -407651515
338531046 998722525
674970018 -559042647
67574521 201642040
94161676 279854227
189323351 559794022
173632571 513636010
164915471 487992670
13528501 42653332
63361256 189247759
195861176 579026527
287971866 849991153
135713186 402087481
266865426 -221637299
453263298 -375743967
285211451 841870762
153873811 455511106
179879826 532013737
338240476 997867747
156779511 464058886
158087076 467905387
196247730 -163253275
271118806 800414029
10622801 34105552
471803080 -137665605
657726162 -544786083
75855766 226003213
60455556 180699979
725059314 -600454571
835091538 -691425027
226080456 667923439
189678642 -157822203
371970834 -308534451
190499778 -158501087
117843131 349518634
100408931 298231954
389214690 -322791015
107565042 -89933803
120022406 355929469
723067258 -211471491
15562491 48636778
65104676 194376427
729986130 -604527875
274315076 809816587
127722511 378581086
414697585 -120891540
611742546 -506768579
169274021 500814340
247979298 -206022967
226806881 670060384
15707776 49064167
442615827 -129092194
792862863 -231973126
159626374 -45967383
171308011 506797786
57114001 170870032
205304701 606806812
64865970 -54631835
205159416 606379423
970578978 -803440887
110578881 328149184
259878243 -75415186
362668134 -105608503
478718514 -396789371
53917731 161467474
729412313 -213335276
141815156 420037819
55567472 -15401309
396604914 -328900971
882717426 -730800299
186127081 550391464
16870056 52483279
79633176 237115327
685644786 -567868139
138473601 410207872
25587156 78126619
132977143 -38139486
21083321 64877560
762831570 -631683235
713563410 -590950195
49559181 148645804
75710481 225575824
49123326 147363637
629160444 -183887473
202980141 599968588
178572261 528167236
525101542 -153321399
139781166 414054373
939375810 -777643295
284339741 839306428
127141371 376871530
14981351 46927222
61327266 183264313
988643970 -818376335
227678591 672624718
191938481 567487024
218525636 645699211
130047071 385419310
312670316 922647283
390035826 -323469899
435001761 -126855652
643119565 -187987800
76001051 226430602
898190776 -262911957
508604399 -148475558
545405718 -159285511
514027362 -425981383
18061218 -15935447
90093696 267887335
276203781 815372644
179298686 530304181
150822826 446535937
338095191 997440358
611394290 -178668875
148621842 -123878003
603780224 -176432333
305841921 902560000
89221986 265323001
803888370 -665627435
438482850 -363524055
279835906 826057369
274255650 -227747255
108865934 -31057103
757330555 -221535930
647051394 -535960591
54498871 163177030
422060130 -349946375
132516916 392684923
182468572 -52677009
880254018 -728763647
299885236 885037051
909611875 -266266770
318627001 940170232
711646159 -208116678
165865698 -138134567
867936978 -718580387
248890201 735023512
183657236 543125851
142541581 422174764
78761466 234550993
381824466 -316681059
382972310 -111572615
214893511 635014486
203997136 602960311
795677010 -658838595
74984056 223438879
30187252 -7946169
705352050 -584161355
129465931 383709754
141234016 418328263
984483524 -288259433
269328834 -223673951
272426371 804260530
230148436 679890331
188596926 557657077
426165810 -353340795
62053691 185401258
31199394 -26797591
122201681 362340304
35030681 105906904
482003058 -399504907
33577831 101633014
301353138 -250150427
2922696 11453935
246337026 -204665199
124962096 370460695
940196946 -778322179
354726978 -294277887
154309666 456793273
432734898 -358771867
168329106 -140171219
817362 -1678883
327629490 -271874715
916384002 -758634543
52610166 157620973
619953906 -513557419
101280641 300796288
299594666 884182273
17887051 55475002
203637954 -169363231
655262754 -542749431
629807538 -521704027
546051666 -452457859
308743362 -256260383
8879381 28976884
181042106 535432849
634236488 -185378501
806351778 -667664087
174649566 516627733
56242291 168305698
830985858 -688030607
336351771 992311690
134662530 -112336975
706570115 -206625650
252264177 -73178644
262416265 -76160700
866465501 -253593032
440125122 -364881823
13964356 43935499
499246914 -413761471
123987762 -103511483
34483938 -29513127
600246642 -497264203
144575571 428158210
328404837 -95544064
42004361 126421576
478148135 -139529390
175719330 -146281175
229914306 -191087519
244531651 722201842
80650171 240107050
213004806 629458429
550978482 -456531163
632270946 -523740679
193536616 572188303
168692881 499104784
149951116 443971603
891845721 -261048172
244676936 722629231
842354292 -246510649
296253111 874352326
956565282 -280058779
178182738 -148317827
445051938 -368955127
332574361 981199576
274024506 808961809
262256421 774343300
254556316 751691683
83265301 247800052
152420961 451237216
636774510 -186124015
331412081 977780464
215910506 638006209
16228131 -3845842
224627606 663649549
222738901 658093492
30817416 93512623
303372076 895294387
234216416 691857223
563295522 -466714423
233198850 -193803055
220060674 -182940911
7345054 -1236543
2269010 254485
12656791 40088998
210099106 620910649
7717101 25557772
216776130 -180225375
258043156 761949019
268794246 793575805
157796506 467050609
941018082 -779001063
93725821 278572060
575612562 -476897683
234498023 -67960046
318917571 941025010
53336591 159757918
25111208 -6455141
188887496 558511855
120703218 -100795947
193246046 571333525
303662646 896149165
259350721 765795520
118133701 350373412
273152796 806397475
81667166 243098773
204432991 604242478
231020146 682454665
42294931 127276354
328450626 -272553599
85154006 253356109
176247701 521329012
92563541 275152948
82216703 -23229206
271699946 802123585
177555266 525175513
670864338 -555648227
192142050 -159858855
112758156 334560019
651978210 -540033895
283322746 836314705
297270106 877344049
196151746 579881305
301338086 889310941
46800978 -39696387
467222610 -387284995
72514211 216173266
319521760 -92934765
233780561 690575056
83701156 249082219
975600447 -285650134
120287033 -34411916
141524586 419183041
28918241 -7573412
204723561 605097256
999999 627242
872810556 -255456817
886769677 -259557144
705301104 -206252893
298722956 881617939
19049331 58894114
714384546 -591629079
819512094 -239801023
361296066 -299708959
55225296 165313975
289715286 855119821
278964196 823493035
871541545 -255084060
67429236 201214651
938799128 -274840181
316883581 935041564
214457656 633732319
288214962 -239288283
416312178 -345194187
116680851 346099522
307440056 907261279
695149016 -203270837
185400656 548254519
403995138 -335010927
739564401 -216317332
46798766 140525413
47815761 143517136
9028722 -8467723
294800261 870078436
173923141 514490788
954156258 -789863207
35611821 107616460
769400658 -637114307
191066771 564922690
578897106 -479613219
155617231 460639774
86215506 -72282819
672506610 -557005995
951489238 -278567751
87333281 259766944
224482321 663222160
192083766 567914413
149660546 443116825
436270772 -127228409
738197490 -611316715
821953362 -680562883
832628130 -689388375
242112089 -70196588
560010978 -463998887
47670476 143089747
147800706 -123199119
102878776 305497567
333446071 983763910
816205410 -675810695
797938907 -233464154
31834411 96504346
447691871 -130583222
292185131 862385434
158357363 -45594626
261094141 770924188
145592566 431149933
325600681 960684904
23842197 -6082384
264290411 780326746
620277367 -181278174
642945714 -532566171
225644601 666641272
614205954 -508805231
638018898 -528492867
292620986 863667601
285937876 844007707
572054949 -167113408
945123762 -782395483
267341396 789301915
3358551 12736102
31543841 95649568
207919831 614499814
296543681 875207104
108109036 320883571
151985106 449955049
335625346 990174745
77599186 231131881
385930146 -320075479
160895385 -46340140
270149970 -224352835
267196111 788874526
105058051 311908402
213585946 631167985
200365011 592275586
170581586 504660841
29557122 -25439823
119586551 354647302
329813946 973079185
311362751 918800782
135515165 -38885000
309038191 911962558
174358996 515772955
456574948 -133192521
612563682 -507447463
191793196 567059635
167240440 -48203925
489569234 -142884203
63651826 190102537
237993826 702969337
382645602 -317359943
950220227 -278194994
23262596 71288395
707839126 -206998407
40339340 -10928225
303816546 -252187079
621546378 -181650931
428629218 -355377447
114501576 339688687
605173458 -501337507
151258681 447818104
148643551 440125102
429450354 -356056331
309369672 -89952709
719260225 -210353220
263999841 779471968
254802199 -73924158
82393591 245235718
243805226 720064897
514949454 -150339343
157654338 -131345727
264402018 -219600647
468043746 -387963879
288843576 852555487
19339901 59748892
412206498 -341799767
254411031 751264294
100118361 297377176
67138666 200359873
97212661 288829396
243224086 718355341
743945442 -616068903
27911716 84964843
51738456 155056639
890107650 -736910255
278361330 -231141675
976869458 -286022891
85394370 -71603935
197604596 584155195
250633621 740152180
45415384 -12419253
203415996 601250755
98956081 293958064
33723116 102060403
328506381 969232684
838547259 -245392378
232377714 -193124171
334463066 986755633
158522931 469187554
243950511 720492286
201817861 596549476
9751091 31541218
232618281 687155944
38662806 116591629
57259286 171297421
480686157 -140274904
568247916 -165995137
9460521 30686440
472970562 -392037183
126414946 374734585
241625951 713654062
232182426 685873777
238865536 705533671
219978486 649973101
146936264 -42239813
80214316 238824883
950871714 -787147671
138618886 410635261
529628946 -438880179
216927501 640997932
291603518 -84734111
7135961 23848216
601067778 -497943087
199929156 590993419
15597810 -13898795
624059586 -516951839
32851406 99496069
539482578 -447026787
153548658 -127951307
97793801 290538952
143129231 -41121542
826880178 -684636187
307875911 908543446
937733538 -776285527
177392528 -51185981
486108738 -402899327
169778462 -48949439
111886446 331995685
164189046 485855725
237267401 700832392
305260781 900850444
902424690 -747093515
230584291 681172498
739839762 -612674483
825857149 -241664808
564116658 -467393307
109852456 326012239
-273574 2051377
262837561 776052856
220704911 652110046
317028866 935468953
801424962 -663590783
660189570 -546822735
955296271 -279686022
65540531 195658594
217508641 642707488
536522641 -156676212
256071210 -74296915
579669015 -169349950
630628674 -522382911
332719646 981626965
83555871 248654830
669222066 -554290459
301755606 -87716167
283468031 836742094
326908246 964531405
929522178 -769496687
954977394 -790542091
268213106 791866249
4956686 17437381
528807810 -438201295
704530914 -583482471
47234621 141807580
267922536 791011471
333155501 982909132
219397346 648263545
137166036 406361371
502259344 -146611773
160411636 474743611
93637802 -26584019
541598685 -158167240
26023011 79408786
638043521 -186496772
152275676 450809827
206922498 -172078767
210244391 621338038
108544891 322165738
684823650 -567189255
948408306 -785111019
486929874 -403578211
807994050 -669021855
189468636 560221411
556826817 -162640324
66121671 197368150
235814551 696558502
276375386 -80261027
421238994 -349267491
219252061 647836156
837554946 -693461679
112177016 332850463
230874861 682027276
766116114 -634398771
812099730 -672416275
93289966 277289893
105203336 312335791
252667611 746135626
153292671 453801550
111403956 -31802617
531446597 -155185184
322694981 952137124
247727921 731604400
262546991 775198078
278913408 -81006541
967986381 -283413592
258654066 -214848459
24715446 75562285
42876071 128985910
87914421 261476500
124816811 370033306
296688966 875634493
396931431 -115672942
879155611 -257320602
114211006 338833909
649514802 -537997243
218961491 646981378
102442921 304215400
186562936 551673631
141860220 -40748785
408921954 -339084231
221867191 655529158
736555218 -609958947
99246651 294812842
273007511 805970086
514848498 -426660267
546872802 -453136743
314491314 -261012571
265162121 782891080
239010821 705961060
3213266 12308713
74112346 220874545
964831026 -798688699
562474386 -466035539
561902861 -164131352
692213874 -573299211
391678098 -324827667
256735591 758102518
980432610 -811587495
541124850 -448384555
197168741 582873028
324002546 955983625
495914289 -144747988
291894561 861530656
137601891 407643538
245984501 726475732
218235066 644844433
274605646 810671365
259496006 766222909
386751282 -320754363
942660354 -780358831
17240082 -15256563
892571058 -738946907
530177586 -154812427
215462858 -62368691
578075970 -478934335
150532256 445681159
457843959 -133565278
24279591 74280118
38808091 117019018
778433154 -644582031
41568506 125139409
25451442 -22045403
205310770 -59386635
267631966 790156693
157215366 465341053
201091436 594412531
198766876 587574307
237848541 702541948
223174756 659375659
71206646 212326765
20035164 -4964113
723417042 -599096803
106220331 315327514
247292066 730322233
19485186 60176281
271990516 802978363
65395246 195231205
962910337 -281922564
809360006 -236818967
268939531 794003194
242788231 717073174
307566 3760933
233054136 688438111
138764171 411062650
325166082 -269838063
316302441 933332008
134550906 398668369
17451196 54192835
448960882 -130955979
222524082 -184977563
46653481 140098024
326327106 962821849
851237369 -249119948
365206156 -106354017
302995410 -251508195
250052481 738442624
88204991 262331278
786517808 -230109341
145011426 429440377
95905096 284982895
131708132 -37766729
427808082 -354698563
581360514 -481649871
757904754 -627609931
240318386 709807561
133098056 394394479
214748226 634587097
235767034 -68332803
578400004 -168977193
8298241 27267328
316593011 934186786
105922770 -88576035
329668661 972651796
569043474 -471466611
189613921 560648800
2050986 8889601
31253271 94794790
858083346 -710433779
932454073 -272976396
255718596 755110795
166077751 491411782
890928786 -737589139
178426976 527739847
840018354 -695498331
66988571 -18756122
145883136 432004711
177409981 524748124
194263041 574325248
210680246 622620205
260658286 769642021
17596481 54620224
516490770 -428018035
325987218 -270516947
180751536 534578071
295817256 873070159
152711531 452091994
441767394 -366239591
159249356 471324499
355054068 -103371961
241480666 713226673
146900131 434996434
16418946 -14577679
277540194 -230462791
115663856 343107799
177361602 -147638943
54353586 162749641
509873410 -148848315
118278986 350800801
69526593 -19501636
110724166 328576573
612663301 -179041632
305987206 902987389
701494071 -205134622
128594221 381145420
689750466 -571262559
230439006 680745109
39389231 118728574
560633850 -163758595
815705061 -238682752
321532701 948718012
993570786 -822449639
259786576 767077687
322985551 952991902
249726155 -72433130
180646146 -150354479
373613106 -309892219
946766034 -783753251
523832531 -152948642
570785938 -166740651
115373286 342253021
94452246 280709005
409621541 -119400512
12220936 38806831
214602941 634159708
240589074 -199913011
386779343 -112690886
214312722 -178188723
101716496 302078455
330914034 -274590251
211261386 624329761
921032974 -269621583
336061201 991456912
959103304 -280804293
174854506 -50440467
102733491 305070178
266044290 -220958415
78180326 232841437
100174818 -83823847
973863522 -806156423
72064615 -20247150
335770631 990602134
219687916 649118323
293141778 -243361587
506637138 -419871427
258769581 764085964
271409376 801268807
631698466 -184632987
274896216 811526143
724238178 -599775687
-3774 -999999
83485714 -23601963
140652876 416618707
330830941 976070908
337949906 997012969
254120461 750409516
259060151 764940742
147481271 436705990
315714727 -91816494
914687919 -267757798
210389676 621765427
53627161 160612696
86752141 258057388
188857506 -157143319
203561281 601678144
300902231 888028774
870272534 -254711303
255282741 753828628
257897871 761521630
158475474 -132024611
601888914 -498621971
324438401 957265792
872863794 -722653691
620775042 -514236303
197749881 584582584
38372236 115736851
439303986 -364202939
211028178 -175473187
286809586 846572041
133841394 -111658091
239574067 -69451074
119877121 355502080
210386814 -60877663
375358244 -109336073
123166626 -102832599
18882354 -16614331
353084706 -292920119
36532307 -9809954
215619936 637151431
52755451 158048362
876617589 -256575088
175811846 520046845
352516046 -102626447
915562866 -757955659
708636594 -586876891
845766306 -700250519
106510901 316182292
257832930 -214169575
504797366 -147357287
18177621 56329780
121556044 -34784673
111741161 331568296
152130391 450382438
5537826 19146937
88059706 261903889
635505499 -185751258
57695141 172579588
1324561 6752656
317610006 937178509
138053187 -39630514
58276281 174289144
224772891 664076938
201174546 -167326579
879432882 -728084763
58566851 175143922
27185291 82827898
290005856 855974599
940068139 -275212938
816974072 -239055509
707815458 -586198007
597435169 -174568548
58421566 174716533
179734541 531586348
337804621 996585580
96922091 287974618
205280226 -170720999
175375991 518764678
244967506 723484009
569516927 -166367894
96340951 286265062
174794851 517055122
200800866 593557753
497183300 -145120745
63070686 188392981
882962644 -258438873
98532546 -82466079
31979696 96931735
284109282 -235893863
759547026 -628967699
459112970 -133938035
793213602 -656801943
332283791 980344798
77183010 -64815095
924840007 -270739854
853156530 -706360475
193827186 573043081
338676331 999149914
748872258 -620142207
218418402 -181583143
264871551 782036302
180025111 532441126
960725346 -795294279
80504886 239679661
758599566 -221908687
177264696 524320735
588552092 -171959249
923774226 -764744499
236250406 697840669
411385362 -341120883
947587170 -784432135
454905570 -377101735
930343314 -770175571
80947692 -22856449
573149154 -474861031
566580066 -469429959
560832114 -464677771
302209796 891875275
104622196 310626235
81086026 241389217
54063016 161894863
347336754 -288167931
70795604 -19874393
118569556 351655579
869579250 -719938155
606815730 -502695275
160702206 475598389
286083161 844435096
114937431 340970854
313176705 -91070980
84137011 250364386
-2467182 1036653
903266820 -264402985
988290557 -289377704
706173186 -584840239
254265746 750836905
657078686 -192088127
53191306 159330529
379165277 -110454344
310926896 917518615
61181981 182836924
92272971 274298170
820781105 -240173780
309183476 912389947
661831842 -548180503
777634731 -227500042
202399001 598259032
336018903 -97780606
210207042 -174794303
30381561 92230456
99827791 296522398
304534356 898713499
3649121 13590880
987001698 -817018567
488572146 -404935979
647872530 -536639475
336642341 993166468
209663251 619628482
332211870 -96662335
47379906 142234969
14776674 -13219911
328070526 967950517
264435696 780754135
335915916 991029523
249326056 736305679
22166898 -19329867
88640846 263613445
774327474 -641187611
197023456 582445639
676113851 -197679482
566978905 -165622380
503528355 -146984530
582181650 -482328755
28057001 85392232
669768796 -195815697
679896834 -563115951
617490498 -511520767
148205275 -42612570
90674836 269596891
470507154 -390000531
56968716 170442643
198621591 587146918
455305937 -132819764
151085250 -125914655
246565641 728185288
28202286 85819621
322404411 951282346
671685474 -556327111
185110086 547399741
215474651 636724042
6700106 22566049
61617836 184119091
412159563 -120146026
170145731 503378674
126705516 375589363
183076096 541416295
23698451 72570562
278237771 821356090
293202126 865377157
900782418 -745735747
312027906 -258975919
196006461 579453916
408352530 -119027755
300486595 -87343410
815384274 -675131811
256445021 757247740
549212751 -160403782
212714236 628603651
358832658 -297672307
901603554 -746414631
134260336 397813591
117261991 347809078
947682205 -277449480
594897147 -173823034
876969474 -726048111
980676491 -287141162
293492696 866231935
873684930 -723332575
100554216 298659343
782710775 -228991070
212278381 627321484
24134306 73852729
336206486 991884301
73898466 -62099559
527639564 -154066913
261820566 773061133
460653522 -381853923
159296610 -132703495
919763963 -269248826
143703861 425593876
206031126 608943757
287796485 -83615840
117552561 348663856
17497142 -4218599
479417146 -139902147
852506380 -249492705
178661539 -51558738
61912527 -17265094
78825282 -66172863
755441346 -625573279
240173101 709380172
512385090 -424623615
144139716 426876043
664692752 -194324669
511142421 -149221072
744640445 -217808360
231746571 684591610
275767926 814090477
282886891 835032538
783359970 -648655335
626522994 -518988491
200655581 593130364
309328761 912817336
863831298 -715185967
187144076 553383187
323711976 955128847
197890002 -164611043
333377442 -276626903
76146336 226857991
32020530 -27476475
281579326 831186037
119060946 -99438179
85299291 253783498
543588258 -450421207
105929761 314472736
227450898 -189050867
633092082 -524419563
502531458 -416477007
530450082 -439559063
150096401 444398992
130439121 -37393972
107963751 320456182
499721322 -145866259
99682506 296095009
8443526 27694717
527165538 -436843527
97711410 -81787195
339825936 -98898877
22245601 68296672
223345218 -185656447
66266956 197795539
742303170 -614711135
287245441 847854208
26749436 81545731
649464620 -189851585
583002786 -483007639
128158366 379863253
192374336 568769191
334198578 -277305787
558368706 -462641119
843623303 -246883406
70189651 209335042
446694210 -370312895
182059101 538424572
577130993 -168604436
331993221 979490020
730807266 -605206759
73240636 218310211
123509246 366186805
200234726 -57895607
165351326 489274837
94016391 279426838
419773629 -122382568
599973191 -175314062
146609561 434141656
263418701 777762412
96050381 285410284
813742002 -673774043
82538876 245663107
6409536 21711271
365401746 -303103379
534555762 -442953483
60600841 181127368
860120446 -251729247
2777411 11026546
117988416 349946023
734488357 -214826304
240608956 710662339
870400386 -720617039
52174311 156338806
743124306 -615390019
121329971 359775970
794034738 -657480827
153583241 454656328
789929058 -654086407
351247035 -102253690
55833474 -47164111
96069138 -80429427
308892906 911535169
186394098 -155106667
102152351 303360622
55951721 167450920
284630311 840161206
325866815 -94798550
219269891 -63486962
55370581 165741364
291168136 859393711
68257582 -19128879
23809170 -20687635
320515706 945726289
695498418 -576014747
225789886 667068661
261239426 771351577
59118018 -49879647
80940741 240961828
645409122 -534602823
304389071 898286110
235523981 695703724
79197321 235833160
176392986 521756401
182930811 540988906
407083519 -118654998
537791652 -157048969
299158811 882900106
115518571 342680410
21519176 66159727
700425234 -580088051
29364566 89238733
73531206 219164989
731628402 -605885643
245919122 -71314859
805530642 -666985203
160847491 476025778
291022851 858966322
696418027 -203643594
772558687 -226009014
214193847 -61995934
525523266 -435485759
306568346 904696945
147771841 437560768
677382862 -198052239
250343051 739297402
337368766 995303413
25006016 76417063
291313421 859821100
221721906 655101769
248744916 734596123
283903886 838024261
507335388 -148102801
22100316 67869283
919668546 -761350079
32725274 -8691683
185255371 547827130
731950335 -214080790
969757842 -802762003
286664301 846144652
959083074 -793936511
18904046 58466725
262692276 775625467
734912946 -608601179
374434242 -310571103
88678914 -74319471
179003874 -148996711
906530370 -750487935
8588811 28122106
231891856 685018999
171598581 507652564
400710594 -332295391
202772748 -58641121
521417586 -432091339
740660898 -613353367
90321186 -75677239
257026161 758957296
238574966 704678893
68882086 205488541
156198371 462349330
266223298 -77278971
241771236 714081451
945944898 -783074367
52319596 156766195
726874291 -212589762
748447478 -218926631
13819071 43508110
295381401 871787992
286228446 844862485
138037746 408925705
952758249 -278940508
378539922 -313965523
125363077 -35902944
185572962 -154427783
131499921 389693200
330976226 976498297
197895166 585009973
156833202 -130666843
234797556 693566779
282596321 834177760
836733810 -692782795
299449381 883754884
193391331 571760914
789107922 -653407523
488300223 -142511446
839816270 -245765135
332556306 -275948019
862658468 -252474761
303807931 896576554
119150696 353365135
187215234 -155785551
285066166 841443373
49264386 -41733039
153728526 455083717
36774101 111035572
296426322 -246077123
265223154 -220279531
761189298 -630325467
121184686 359348581
201527291 595694698
673575829 -196933968
62489546 186683425
450799890 -373707315
167821171 496540450
584645058 -484365407
72804781 217028044
976326930 -808193075
899961282 -745056863
81521881 242671384
52464881 157193584
929916051 -272230882
66702811 199077706
172434786 -143565639
107818466 320028793
287390726 848281597
10041661 32395996
56836483 -15774066
737376354 -610637831
119018022 -34039159
156634226 463631497
848229714 -702287171
119295981 353792524
780075426 -645939799
313832596 926066395
40231890 -34265315
370328562 -307176683
48832756 146508859
619132770 -512878535
295526686 872215381
46217626 138815857
314559021 928203340
97939086 290966341
800603826 -662911899
288117151 850418542
288407721 851273320
103895771 308489290
12802076 40516387
227533306 672197329
-128289 2478766
34304256 103769959
319643996 943161955
302936221 894012220
313687311 925639006
156924796 464486275
257340221 -74669672
215038796 635441875
878611746 -727405879
20211611 62313226
932806722 -772212223
445153849 -129837708
563171872 -164504109
169855161 502523896
144430286 427730821
268648961 793148416
936261106 -274094667
297124821 876916660
316954722 -263049223
580539378 -480970987
68736801 205061152
272862226 805542697
943481490 -781037715
326808354 -271195831
137456606 407216149
278092486 820928701
288553006 851700709
884231655 -258811630
119005411 352937746
79923746 237970105
922301985 -269994340
107237326 318319237
289279431 853837654
112467586 333705241
222157761 656383936
861367890 -713149315
330249801 974361352
8614065 -1609300
204287706 603815089
261384711 771778966
334172496 985900855
176538271 522183790
294509691 869223658
441346816 -128719437
823595634 -681920651
87036642 -72961703
149805831 443544214
97067376 288402007
39970371 120438130
346515618 -287489047
9315236 30259051
320370421 945298900
304293628 -88461681
143695026 -119804699
184528946 545690185
66412241 198222928
35902391 108471238
198476306 586719529
122782821 364049860
113941978 -32548131
868758114 -719259271
325019541 958975348
46072341 138388468
418504618 -122009811
173051431 511926454
186708221 552101020
205014131 605952034
35466536 107189071
46684395 -12792010
643766850 -533245055
272716941 805115308
437539783 -127601166
303024617 -88088924
167530601 495685672
310385634 -257618151
196442316 580736083
860546754 -712470431
251214761 741861736
424849673 -123873596
599425506 -496585319
954027260 -279313265
722595906 -598417919
144720856 428585599
606318246 -177177847
714184181 -208862192
693856146 -574656979
30526846 92657845
51302601 153774472
236686261 699122836
51760439 -14283038
914741730 -757276775
794131874 -232345883
284930418 -236572747
113194011 335842186
90965406 270451669
888706 5470489
42585501 128131132
300756946 887601385
294654976 869651047
462295794 -383211691
226661596 669632995
185545941 548681908
129756501 384564532
456547842 -378459503
106801471 317037070
265307406 783318469
770221794 -637793191
338304258 -280700207
244241081 721347064
28928711 87956566
60760290 -51237415
740833412 -216690089
323276121 953846680
220123771 650400490
209517966 619201093
680717970 -563794835
114134130 -95364875
997173634 -291987003
337483122 -280021323
43457211 130695466
249621570 -207380735
40842081 123002464
207048121 611935480
97357946 289256785
131377986 -109621439
43021356 129413299
218816206 646553989
78906751 234978382
246275071 727330510
113775151 337551742
673327746 -557684879
43311926 130268077
496783506 -411724819
818243083 -239428266
255573311 754683406
269084816 794430583
76872761 228994936
693035010 -573978095
625353411 -182769202
189759206 561076189
134986761 399950536
288698291 852128098
297996531 879480994
260077146 767932465
167507970 -139492335
284049171 838451650
709108137 -207371164
128013081 379435864
400738464 -116791213
757083618 -626931047
278383056 821783479
372820222 -108590559
716722203 -209607706
220414341 651255268
377896266 -110081587
100990071 299941510
252906114 -210096271
77163331 229849714
86023736 -24347477
300466376 886746607
25732441 78554008
40696796 122575075
117116706 347381689
140071736 414909151
724336269 -211844248
874506066 -724011459
92784594 -77713891
40551511 122147686
248457144 -72060373
921310818 -762707847
34885396 105479515
875348578 -256202331
228272034 -189729751
57404571 171724810
280707616 828621703
176123517 -50813224
160121066 473888833
298889730 -248113775
551799618 -457210047
931185062 -272603639
257316731 759812074
247437351 730749622
298068594 -247434891
615848226 -510162999
664295250 -550217155
144398242 -41494299
81288690 -68209515
243381100 -70569345
889307699 -260302658
712915170 -208489435
110849586 -92649339
16996 2906155
785002242 -650013103
242061806 714936229
165496611 489702226
248309061 733313956
301047516 888456163
175085421 517909900
50491428 -13910281
417954450 -346551955
274169791 809389198
638840034 -529171751
295962541 873497548
253533188 -73551401
430271490 -356735215
622417314 -515594071
108835461 323020516
195426594 -162574391
193100761 570906136
655809675 -191715370
91837116 273016003
127286656 377298919
358011522 -296993423
991928514 -821091871
867115842 -717901503
43166641 129840688
21955031 67441894
44764776 134541967
15417206 48209389
291499506 -242003819
75540738 -63457327
362117202 -300387843
67865091 202496818
255137456 753401239
445873074 -369634011
337514051 995730802
162445626 480727057
151549251 448672882
11492130 -10504375
38953376 117446407
997676466 -825844059
197314026 583300417
859725618 -711791547
167966456 496967839
106327912 -30311589
102520879 -29193318
927058770 -767460035
208646256 616636759
893114732 -261420929
289065496 -83988597
304243786 897858721
122492251 363195082
229093170 -190408635
235662258 -195839707
87769136 261049111
310638683 -90325466
987822834 -817697451
785823378 -650691987
199202731 588856474
130337641 386274088
219833201 649545712
292320642 -242682703
383466738 -318038827
163898476 485000947
289570001 854692432
102297636 303788011
69463226 207198097
94597531 281136394
101571211 301651066
698782962 -578730283
256154451 756392962
238125666 -197876359
23117311 70861006
190195061 562358356
451621026 -374386199
189032781 558939244
379361058 -314644407
287100156 847426819
994635612 -291241489
104476911 310198846
767758386 -635756539
44337570 -37659735
166513606 492693949
229276726 677325997
316738296 934614175
515669634 -427339151
395783778 -328222087
535376898 -443632367
307101090 -254902615
652799346 -540712779
504173730 -417834775
551750773 -161149296
696319554 -576693631
49704466 149073193
151403966 448245493
152856816 452519383
710278866 -588234659
325310111 959830126
674844840 -197306725
54789441 164031808
178136406 526885069
577254834 -478255451
237036045 -68705560
533734626 -442274599
32124981 97359124
178281691 527312458
137892461 408498316
267486681 789729304
9896376 31968607
225935171 667496050
308602336 910680391
209953821 620483260
405637410 -336368695
5392541 18719548
49849751 149500582
36047676 108898627
451498904 -131701493
331557366 978207853
372791970 -309213335
32270266 97786513
992097590 -290495975
-1646046 357769
320806276 946581067
5744178 -5752187
424523538 -351983027
199638586 590138641
65687106 -55310719
64044834 -53952951
21664461 66587116
284194456 838879039
257011794 -213490691
257171446 759384685
238305056 -69078317
333010216 982481743
273588651 807679642
644587986 -533923939
125252666 371315473
85008721 252928720
37209956 112317739
279690621 825629980
177119411 523893346
264145126 779899357
719311362 -595702383
4923042 -5073303
217944496 643989655
431194728 -125737381
835912674 -692103911
490214418 -406293747
718490226 -595023499
393124398 -114554671
203706566 602105533
28638141 87101788
147917126 437988157
45636486 137106301
210825531 623047594
344873346 -286131279
293637981 866659324
162009771 479444890
475433970 -394073835
301483371 889738330
732449538 -606564527
896921765 -262539200
311217466 918373393
395662420 -115300185
79342606 236260549
339946530 -282057975
186853506 552528409
2486841 10171768
841085281 -246137892
791571330 -655444175
321823271 949572790
151839821 449527660
285647306 843152929
313396741 924784228
224345935 -64977990
775096709 -226754528
47525191 142662358
155181376 459357607
200510296 592702975
87042711 258912166
513680443 -149966586
111450591 330713518
274750931 811098754
51012031 152919694
252958181 746990404
637197762 -527813983
202834856 599541199
720132498 -596381267
628165266 -520346259
216201076 638860987
208564770 -173436535
177845836 526030291
39410754 -33586431
297851246 879053605
19630471 60603670
231456001 683736832
995213058 -823807407
616470334 -180159903
493498962 -409009283
167385316 495258283
270682951 799131862
135277331 400805314
686465922 -568547023
216782216 640570543
391855387 -114181914
51447886 154201861
245403361 724766176
324293116 956838403
229857866 679035553
711921138 -589592427
130556850 -108942555
482824194 -400183791
68010376 202924207
256590306 757675129
166686834 -138813451
885180834 -732836951
270971106 -225031719
277366061 818791756
232037141 685446388
92127686 273870781
201236721 594839920
77744471 231559270
317464721 936751120
240899526 711517117
613932312 -179414389
323328793 -94053036
252812896 746563015
964009890 -798009815
5973681 20429104
131354636 389265811
252377041 745280848
145667253 -41867056
54298461 -15028552
250488336 739724791
103789890 -29566075
125688521 372597640
57475746 -48521879
22573186 -5709627
302064511 891447886
328796951 970087462
136439611 404224426
103024061 305924956
120312976 356784247
37645811 113599906
180896821 535005460
205449986 607234201
425344674 -352661911
89803126 267032557
191647911 566632246
271845231 802550974
171453296 507225175
211406671 624757150
826059042 -683957303
330104516 973933963
179589256 531158959
866294706 -717222619
248018491 732459178
13955538 -12541027
192664906 569623969
163026766 482436613
100844786 299514121
162281 3333544
895652754 -262166443
131645206 390120589
163462621 483718780
45491201 136678912
255428026 754256017
88931416 264468223
327925241 967523128
58712136 175571311
47622114 -40375271
910880886 -266639527
550157346 -455852279
452851 4188322
721774770 -597739035
326181821 962394460
103459916 307207123
300175806 885891829
4101906 -4394419
258624296 763658575
931985586 -771533339
66557526 198650317
182494956 539706739
966473298 -800046467
58857421 175998700
179930550 -51931495
205885841 608516368
633913218 -525098447
604352322 -500658623
829343586 -686672839
272571656 804687919
173777856 514063399
52029026 155911417
69899081 208480264
192519621 569196580
50721461 152064916
84572866 251646553
335840850 -278663555
96631521 287119840
139926451 414481762
331735170 -275269135
890576710 -260675415
132199122 -110300323
30962701 93940012
729164994 -603848991
281451430 -81752055
918847410 -760671195
766213632 -224145229
164223426 -136776799
1760416 8034823
522563520 -152575885
155819341 -44849112
518954178 -430054687
922131954 -763386731
771864066 -639150959
244650111 -70942102
92999396 276435115
135858471 402514870
520025498 -151830371
44183636 132832411
123945101 367468972
22536171 69151450
55012338 -46485227
904535831 -264775742
399469453 -116418456
9605806 31113829
16288916 50773723
776365720 -227127285
518756487 -151457614
691341983 -202152566
247188133 -71687616
196878171 582018250
539060663 -157421726
68591516 204633763
51883741 155484028
298577671 881190550
273837364 -79515513
236976831 699977614
309474046 913244725
468864882 -388642763
110288311 327294406
532715608 -155557941
230735442 -191766403
196427693 -56777336
268067821 791438860
283758601 837596872
139200026 412344817
58105494 -16146823
238946802 -198555243
211842526 626039317
172470291 510216898
571506882 -473503263
127577226 378153697
341094947 -99271634
295671971 872642770
227097451 670915162
688108194 -569904791
214167086 632877541
61763121 184546480
228259731 674334274
591214146 -489796479
58296882 -49200763
401531730 -332974275
202253716 597831643
322840266 952564513
833449266 -690067259
924595362 -765423383
306132491 903414778
40406226 121720297
275332071 812808310
152012308 -43730841
20647466 63595393
171017441 505943008
358861101 -104490232
174213711 515345566
913418908 -267385041
431092626 -357414099
280824738 -233178327
586014070 -171213735
933627858 -772891107
246129786 726903121
278818911 823065646
146754846 434569045
252084978 -209417387
59874416 178990423
121039401 358921192
280852901 829049092
157070081 464913664
702763082 -205507379
252231756 744853459
37500526 113172517
63506541 189675148
311653321 919655560
138183031 409353094
96776806 287547229
561653250 -465356655
287393826 -238609399
484493190 -141393175
291749276 861103267
117749011 -33666402
182640241 540134128
555905298 -460604467
27766431 84537454
393320370 -326185435
235088126 694421557
61472551 183691702
735734082 -609280063
35757106 108043849
102638226 -85860499
200074441 591420808
625701858 -518309607
46944051 140952802
217799211 643562266
60310271 180272590
69608511 207625486
558095828 -163013081
275477356 813235699
114646861 340116076
399889458 -331616507
43747781 131550244
554263026 -459246699
161864486 479017501
269230101 794857972
166804176 493548727
536198034 -444311251
154164381 456365884
380182194 -315323291
492107256 -143629717
8007671 26412550
506066377 -147730044
82248306 244808329
226371026 668778217
176828841 523038568
139345311 412772206
246420356 727757899
109997741 326439628
25441871 77699230
37791096 114027295
200946151 593985142
105639191 313617958
116597538 -97401527
118239810 -98759295
688803961 -201407052
80069031 238397494
269956526 796994917
935270130 -774248875
344052210 -285452395
327489386 966240961
159975781 473461444
73095351 217882822
271264091 800841418
207629261 613645036
38589618 -32907547
108386178 -90612687
709457730 -587555775
326036536 961967071
704032093 -205880136
236483394 -196518591
493376267 -144002474
979611474 -810908611
726701586 -601812339
-709429 769210
989465106 -819055219
236395691 698268058
223901181 661512604
632967477 -185005744
477897378 -396110487
264954287 -76906214
414669906 -343836419
129735714 -108263671
229712581 678608164
257462016 760239463
549336210 -455173395
43893066 131977633
160266351 474316222
83752098 -70246167
152727522 -127272423
146464276 433714267
125979091 373452418
4375546 15727825
576433698 -477576567
34740111 105052126
472149426 -391358299
858904482 -711112663
128093442 -106905903
160938882 -134061263
158377646 468760165
84754725 -23974720
843302898 -698213867
928647040 -271858125
951692850 -787826555
108399606 321738349
683181378 -565831487
190340346 562785745
117418674 -98080411
575861982 -168231679
62344261 186256036
913099458 -755919007
934448994 -773569991
101135356 300368899
586287330 -485723175
97648516 290111563
41132651 123857242
85444576 254210887
83120016 247372663
7571816 25130383
233489991 689720278
965448359 -282668078
986180562 -816339683
861389457 -252102004
730681324 -213708033
324583686 957693181
956619666 -791899859
462920003 -135056306
75129341 223866268
270030331 -78397242
320239266 -265764759
163172051 482864002
104280498 -87218267
168111741 497395228
188036370 -156464435
864652434 -715864851
799207918 -233836911
798961554 -661554131
143849146 426021265
321881538 -267122527
123799816 367041583
209117803 -60504906
547943740 -160031025
246710926 728612677
272613378 -226389487
336932911 994021246
141231618 -117768047
174077058 -144923407
684002514 -566510371
240754241 711089728
69172656 206343319
148352981 439270324
179443971 530731570
272568353 -79142756
321096846 947435845
900728798 -263657471
51727794 -43769691
164702418 -47458411
909814914 -753203471
80467554 -67530631
168547596 498677395
157941791 467477998
235669266 696131113
554288795 -161894810
355548114 -294956771
828395171 -242410322
159539926 472179277
248163776 732886567
993366601 -290868732
146158434 -121841351
423702402 -351304143
142832151 423029542
172316484 -49694953
715205682 -592307963
360130112 -104862989
79678681 -22483692
323566691 954701458
773827698 -226381771
121524354 -101474831
317775858 -263728107
819489954 -678526231
321060402 -266443643
166949461 493976116
447515346 -370991779
269520671 795712750
221286051 653819602
505816002 -419192543
979407480 -286768405
275622641 813663088
670043202 -554969343
153281319 -44103598
273298081 806824864
176540466 -146960059
1615131 7607434
308311766 909825613
90529551 269169502
54208301 162322252
215133858 -178867607
367865154 -305140031
86897426 258484777
829664182 -242783079
50866746 152492305
150968111 446963326
782538834 -647976451
311508036 919228171
307585341 907688668
55080011 164886586
334898921 988037800
72078356 214891099
247158162 -205344083
84718151 252073942
54934726 164459197
320951561 947008456
394393409 -114927428
321242131 947863234
303226791 894866998
300030521 885464440
317755291 937605898
327053531 964958794
224046466 661939993
98713846 -28075047
135567901 401660092
42877362 -11673739
827701314 -685315071
509100546 -421908079
304679641 899140888
267050826 788447137
779254290 -645260915
133533911 395676646
281143471 829903870
64378251 192239482
253975176 749982127
672306818 -196561211
75274626 224293657
388048354 -113063643
173585495 -50067710
385510332 -112318129
791593852 -231600369
812920866 -673095159
126451170 -105548135
513206226 -425302499
640482306 -530529519
171162726 506370397
295236116 871360603
967294434 -800725351
291458706 860248489
69027371 205915930
62198976 185828647
295605186 -245398239
228152968 -66096261
290877566 858538933
282467010 -234536095
780896562 -646618683
901997809 -264030228
216731869 -62741448
27649230 -7200655
230003151 679462942
94426866 -79071659
559189842 -463320003
369507426 -306497799
146173706 432859489
53029450 -14655795
250442706 -208059619
280998186 829476481
959904210 -794615395
389317365 -113436400
10913371 34960330
523880994 -434127991
251360046 742289125
260948856 770496799
646926598 -189106071
316983738 -92189251
314849591 929058118
443884838 -129464951
141960441 420465208
165641896 490129615
93580536 278144671
286527474 -83243083
220269056 650827879
130192356 385846699
284920881 841015984
172615576 510644287
30378258 -26118707
192810191 570051358
275076786 -228426139
225354031 665786494
686265939 -200661538
261529996 772206355
14690781 46072444
209372681 618773704
165971429 -47831168
476255106 -394752719
624084400 -182396445
91099780 -25838505
331702651 978635242
90384266 268742113
301773941 890593108
13383216 42225943
26380219 -6827898
221702946 -184298679
804709506 -666306319
125397951 371742862
82109826 -68888399
624880722 -517630723
891749922 -738268023
163317336 483291391
27330576 83255287
124235671 368323750
39243946 118301185
108254321 321310960
855044402 -250238219
371149698 -307855567
3939691 14445658
127867796 379008475
3067981 11881324
142977436 423456931
22972026 70433617
151694536 449100271
495962370 -411045935
356323079 -103744718
671037807 -196188454
178717546 528594625
306858916 905551723
112031731 332423074
538661442 -446347903
332138506 979917409
656083890 -543428315
287536011 848708986
881075154 -729442531
464759202 -385248343
24630306 -21366519
213295376 630313207
111670722 -93328223
320225136 944871511
918026274 -759992311
262759746 -218242879
21373891 65732338
61581426 -51916299
936912402 -775606643
10768086 34532941
913920594 -756597891
103459362 -86539383
212670450 -176830955
139490596 413199595
145301996 430295155
206321696 609798535
113048726 335414797
256009166 755965573
252086471 744426070
69317941 206770708
512411432 -149593829
185836511 549536686
299304096 883327495
78616181 234123604
144516162 -120483583
375255378 -311249987
267686562 -222316183
50140321 150355360
309564498 -256939267
72659496 216600655
265452691 783745858
128739506 381572809
660885719 -193206398
125543236 372170251
516218465 -150712100
63215971 188820370
249616626 737160457
778903742 -227872799
883538562 -731479183
113484581 336696964
6990676 23420827
811898028 -237564481
195425321 577744360
642124578 -531887287
150743297 -43358084
92854111 276007726
598604370 -495906435
810629017 -237191724
874079567 -255829574
187544616 -54168037
641850554 -187615043
678651873 -198424996
1469846 7180045
195570606 578171749
290732281 858111544
138328316 409780483
314123166 926921173
570685746 -472824379
202816818 -168684347
216491646 639715765
998442645 -292359760
602511213 -176059576
35263296 -9437197
137020751 405933982
234841122 -195160823
279981191 826484758
215329366 636296653
196732886 581590861
88561758 -25092991
636376626 -527135099
18032336 55902391
276058496 814945255
242933516 717500563
305562639 -88834438
912278322 -755240123
23553166 72143173
233199421 688865500
213731231 631595374
244822221 723056620
803067234 -664948551
70625506 210617209
251505331 742716514
239737246 708098005
501710322 -415798123
95178671 282845950
653620482 -541391663
290586996 857684155
567401202 -470108843
193972471 573470470
132081061 391402756
750985500 -219672145
805552973 -235700696
30236276 91803067
228986156 676471219
807172914 -668342971
510742818 -423265847
174068426 514918177
280126476 826912147
235959836 696985891
21809746 67014505
186998791 552955798
6845391 22993438
120167691 356356858
324344946 -269159179
777612018 -643903147
219239538 -182262027
72368926 215745877
115809141 343535188
2459634 -3036651
223465326 660230437
56532861 169160476
691392738 -572620327
442588530 -366918475
313251456 924356839
398247186 -330258739
231310716 683309443
473791698 -392716067
324597804 -94425793
107673181 319601404
106743906 -89254919
29509851 89666122
927378029 -271485368
106656186 316609681
420417858 -348588607
353785057 -102999204
45345916 136251523
45200631 135824134
44910061 134969356
337223481 994876024
115776402 -96722643
587283081 -171586492
342409938 -284094627
11639796 37097275
321968556 950000179
36192961 109326016
94888101 281991172
315866586 932049841
118714841 352082968
225808626 -187693099
277656631 819646534
770020665 -225263500
527986674 -437522411
140798161 417046096
402352866 -333653159
520596450 -431412455
240027816 708952783
968936706 -802083119
91691831 272588614
102007066 302933233
443409666 -367597359
548515074 -454494511
142052754 -118446931
292872529 -85106868
899459787 -263284714
470534069 -137292848
122056396 361912915
667579794 -552932691
23407881 71715784
965652162 -799367583
155326661 459784996
295410551 -85852382
169564591 501669118
64087681 191384704
205595271 607661590
787465650 -652049755
91546546 272161225
3280770 -3715535
42730786 128558521
800476929 -234209668
126850801 376016752
3538021 -118272
856441074 -709076011
81231311 241816606
288262436 850845931
293056841 864949768
20356896 62740615
82974731 246945274
938554674 -776964411
268358391 792293638
219106776 647408767
322259126 950854957
164624901 487137892
95759811 284555506
205740556 608088979
75419911 224721046
154019096 455938495
277220776 818364367
169150242 -140850103
10186946 32823385
596140962 -493869783
165932466 490984393
24570161 75134896
721798247 -211098734
998497602 -826522943
-854714 341821
454036926 -132447007
297560676 878198827
98229656 291821119
290296426 856829377
200219726 591848197
289424716 854265043
340767666 -282736859
107527896 319174015
50285606 150782749
627344130 -519667375
91110691 270879058
186417651 551246242
207483976 613217647
207774546 614072425
349800162 -290204583
57985711 173434366
284485026 839733817
154454951 457220662
268507698 -222995067
592856418 -491154247
100995954 -84502731
141088731 417900874
209227396 618346315
831806994 -688709491
738295390 -215944575
287681296 849136375
285502021 842725540
198331021 586292140
321387416 948290623
928701042 -768817803
289134146 853410265
220850196 652537435
204578276 604669867
293928551 867514102
4230261 15300436
994391922 -823128523
6565314 -6431071
283288146 -235214979
302355081 892302664
191212056 565350079
237703256 702114559
466727036 -136174577
49413896 148218415
184383661 545262796
886823106 -734194719
282015181 832468204
294219121 868368880
306277776 903842167
141669871 419610430
99391936 295240231
232327711 686301166
188451641 557229688
105058901 -29938832
500889186 -415119239
4084976 14873047
163433407 -47085654
212423666 627748873
944302626 -781716599
146028421 432432100
745587714 -617426671
124671526 369605917
728143302 -212962519
112322301 333277852
156488941 463204108
111305306 330286129
189904491 561503578
93605730 -78392775
145156711 429867766
899140146 -744377979
415491042 -344515303
115228001 341825632
473072091 -138038362
47953406 -13164767
78409670 -22110935
876148338 -725369227
484466466 -401541559
70334936 209762431
413027634 -342478651
176683556 522611179
283032176 835459927
270247096 797849695
244694754 -203307431
227242736 671342551
99353682 -83144963
253829891 749554738
960372315 -281177050
207848792 -60132149
923570996 -270367097
137947074 -115052511
176102416 520901623
485287602 -402220443
810457458 -671058507
220538902 -63859719
222593616 657666103
208210401 615354592
232908851 688010722
927879906 -768138919
84573234 -70925051
2632126 10599157
690571602 -571941443
174898194 -145602291
270101811 797422306
156012066 -129987959
82684161 246090496
556726434 -461283351
245693931 725620954
846587442 -700929403
788286786 -652728639
547693938 -453815627
35321251 106761682
53046021 158903140
243659941 719637508
112903441 334987408
656905026 -544107199
10332231 33250774
286954871 846999430
326472391 963249238
119882082 -100117063
239156106 706388449
446422860 -130210465
651157074 -539355011
154890806 458502829
427387695 -124619110
367044018 -304461147
983214513 -287886676
322549696 951709735
330395086 974788741
334317781 986328244
41053026 -34944199
911457186 -754561239
428656706 -124991867
11203941 35815108
90820121 270024280
285751554 -237251631
297705961 878626216
518133042 -429375803
96890274 -81108311
26313581 80263564
181187391 535860238
463116930 -383890575
990286242 -819734103
258609232 -75042429
13690109 -3100328
65976386 196940761
64450549 -18010608
171047473 -49322196
68446231 204206374
282305751 833322982
-418859 1623988
72223641 215318488
487751010 -404257095
292330416 862812823
918494952 -268876069
270973521 799986640
183802521 543553240
32996691 99923458
183511951 542698462
221576621 654674380
500068050 -414440355
302500366 892730053
231165431 682882054
982074882 -812945263
100263646 297804565
184674231 546117574
148498266 439697713
737026379 -215571818
14545496 45645055
584745059 -170840978
188161071 556374910
279109481 823920424
42440216 127703743
363937145 -105981260
330942859 -96289578
95323956 283273339
143558576 425166487
217072786 641425321
11785081 37524664
161283346 477307945
47961046 143944525
139589346 -116410279
134696191 399095758
56678146 169587865
809636322 -670379623
74693486 222584101
94742816 281563783
174504281 516200344
171743866 508079953
144866141 429012988
105101634 -87897151
334608351 987183022
124380956 368751139
121620541 360630748
334753636 987610411
112612871 334132630
265016836 782463691
98374941 292248508
298287101 880335772
329959231 973506574
165787181 490557004
88786131 264040834
275913211 814517866
690072972 -201779809
198912161 588001696
282741606 834605149
544409394 -451100091
115954426 343962577
178862831 529022014
86171001 256347832
99973076 296949787
194408326 574752637
294945546 870505825
149224691 441834658
540303714 -447705671
39679801 119583352
170726871 505088230
176974126 523465957
51157316 153347083
271554661 801696196
574592971 -167858922
767482643 -224517986
88495561 263186056
889286514 -736231371
239767938 -199234127
64814106 193521649
193681901 572615692
844945170 -699571635
834740226 -244274107
122345490 -102153715
49222417 -13537524
681189895 -199170510
173196716 512353843
18766153 -4591356
329087521 970942240
187870501 555520132
333300786 983336521
413428574 -120518783
458190114 -379817271
248454346 733741345
7281246 24275605
953335122 -789184323
687287058 -569225907
795400885 -232718640
324147831 956411014
830164722 -687351723
741482034 -614032251
48687471 146081470
103605201 307634512
589571874 -488438711
697140690 -577372515
768751654 -224890743
679075698 -562437067
212133096 626894095
218380351 645271822
403174002 -334332043
245515890 -203986315
62780116 187538203
650733631 -190224342
886001970 -733515835
193889671 -56031822
28735986 -24760939
190049776 561930967
137125938 -114373627
187725216 555092743
268761320 -78024485
974684658 -806835307
254846886 752546461
12421098 -2727571
157360651 465768442
311798606 920082949
98084371 291393730
318481716 939742843
141379301 418755652
6554821 22138660
311072181 917946004
190485631 563213134
634734354 -525777331
230729576 681599887
817847682 -677168463
460381981 -134310792
963188754 -797330931
251795901 743571292
41423221 124712020
784181106 -649334219
87857778 -73640587
172179721 509362120
177700551 525602902
590393010 -489117595
715453192 -209234949
290151141 856401988
53370066 -45127459
369013189 -107472288
211551956 625184539
573970290 -475539915
96486236 286692451
225614946 -65350747
106946756 317464459
52900736 158475751
188813627 -54540794
742102423 -217062846
803014951 -234955182
448336482 -371670663
824588138 -241292051
48978041 146936248
312525031 922219894
485762201 -141765932
623238450 -516272955
209808536 620055871
362938338 -301066727
132662201 393112312
15853061 49491556
498452311 -145493502
849050850 -702966055
464189014 -135429063
333591356 984191299
846161325 -247628920
744766578 -616747787
865473570 -716543735
323421406 954274069
654540664 -191342613
19921041 61458448
827126160 -242037565
41859076 125994187
122346966 362767693
323857261 955556236
331266796 977353075
312234461 921365116
431913762 -358092983
281288756 830331259
60891411 181982146
32415551 98213902
10670994 -9825491
184964801 546972352
188306356 556802299
89657841 266605168
319353426 942307177
277947201 820501312
305115496 900423055
70916076 211471987
251069476 741434347
79487891 236687938
292766271 864094990
143122721 423884320
260513001 769214632
214312371 633304930
190630916 563640523
345694482 -286810163
367744178 -107099531
169128736 500386951
6076043 -863786
34158971 103342570
62925401 187965592
662154730 -193579155
33868401 102487792
307730626 908116057
297247458 -246756007
33994285 -9064440
260803571 770069410
118424271 351228190
74402916 221729323
285792591 843580318
82103021 244380940
239591961 707670616
85735146 255065665
276930206 817509589
46362911 139243246
322059782 -93680279
56387576 168733087
257607301 760666852
119731836 355074691
116390281 345244744
77453901 230704492
113920436 337979131
134841476 399523147
91255976 271306447
296979536 876489271
74602637 -20992664
105493906 313190569
114065721 338406520
320660991 946153678
241190096 712371895
208500971 616209370
271299342 -78769999
335019714 -277984671
608458002 -504053043
317900576 938033287
698956049 -204389108
208355686 615781981
792392466 -656123059
961641326 -281549807
1638498 -2357767
825237906 -683278419
215954994 -179546491
74719602 -62778443
38226951 115309462
276349066 815800033
226952166 670487773
129030076 382427587
602710050 -499300855
266179116 785882803
101817090 -85181615
703709778 -582803587
227823876 673052107
877790610 -726726995
206101362 -171399883
190082638 -54913551
247582636 731177011
966717370 -283040835
338556925 -98526120
87187996 259339555
221807913 -64232476
231556578 -192445287
265888546 785028025
764473842 -633041003
974331436 -285277377
52548930 -44448575
127901099 -36648458
922953090 -764065615
181913816 537997183
228114446 673906885
907073853 -265521256
329523376 972224407
511563954 -423944731
413848770 -343157535
321677986 949145401
319208141 941879788
454084434 -376422851
263709271 778617190
1905701 8462212
905709234 -749809051
71933071 214463710
363759474 -301745611
162736196 481581835
170792514 -142207871
148207696 438842935
208936826 617491537
521294509 -152203128
338385761 998295136
73676491 219592378
73821776 220019767
426118684 -124246353
199057446 588429085
109271316 324302683
168402311 498250006
989559568 -289750461
179825010 -149675595
294784050 -244719355
129320646 383282365
164334331 486283114
749716489 -219299388
96175824 -27329533
481181922 -398826023
45158706 -38338619
863927479 -252847518
203125426 600395977
308100661 -89579952
163607906 484146169
531271218 -440237947
39825086 120010741
197068866 -163932159
282720441 -82124812
348979026 -289525699
319789281 943589344
844124034 -698892751
175521276 519192067
162581154 -135419031
20792751 64022782
135132046 400377925
229421979 -66469018
281724611 831613426
305406066 901277833
38081666 114882073
307922226 -255581499
152566246 451664605
971793414 -284531863
403276486 -117536727
533984619 -155930698
746408850 -618105555
147190701 435851212
173487286 513208621
546674729 -159658268
18468191 57184558
334027211 985473466
261117474 -216885111
247146781 729894844
61908406 184973869
926237634 -766781151
550481762 -160776539
234506986 692712001
161573916 478162723
157651221 466623220
175957131 520474234
3794406 14018269
106365616 315754903
7862386 25985161
236105121 697413280
167675886 496113061
314445716 -91443737
121475256 360203359
126560231 375161974
133679196 396104035
350621298 -290883467
139635881 413626984
171889151 508507342
113339296 336269575
66993381 199932484
374089233 -108963316
366475167 -106726774
136784176 -39257757
958261938 -793257627
294073836 867941491
641303442 -531208403
262401706 774770689
9849858 -9146607
155036091 458930218
596962098 -494548667
187579931 554665354
385109010 -319396595
541945986 -449063439
992749650 -821770755
41277936 124284631
34449541 104197348
526344402 -436164643
748051122 -619463323
871221522 -721295923
120894116 358493803
160992776 476453167
140943446 417473485
97444835 -27702290
130918781 387983644
251650616 743143903
727522722 -602491223
166223036 491839171
494320098 -409688167
151906386 -126593539
26272578 -22724287
316447726 933759397
765294978 -633719887
417133314 -345873071
142686866 422602153
308457051 910253002
22390886 68724061
907351506 -751166819
182785526 540561517
129901786 384991921
217218071 641852710
662652978 -548859387
92418256 274725559
237557971 701687170
471328290 -390679415
836009237 -244646864
29219281 88811344
173342001 512781232
328361096 968805295
146979570 -122520235
440946258 -365560707
71642501 213608932
802246098 -664269667
253248751 747845182
867734512 -253965789
310781611 917091226
582207037 -170095464
180315681 533295904
756262482 -626252163
333480881 -97035092
227388021 671769940
59374505 -16519580
183366666 542271073
880424622 -257693359
121911111 361485526
107382611 318746626
55806436 167023531
39070329 -10555468
465458025 -135801820
754792533 -220790416
241410210 -200591895
259641291 766650298
307294771 906833890
170000446 502951285
97503231 289684174
250778906 740579569
628986402 -521025143
847408578 -701608287
54644156 163604419
77889756 231986659
311907694 -90698223
23843736 72997951
196297031 580308694
329378091 971797018
646230258 -535281707
109416601 324730072
364580610 -302424495
70480221 210189820
857262210 -709754895
830933193 -243155836
153002101 452946772
344901980 -100389905
995904623 -291614246
327198816 965386183
253103466 747417793
94306961 280281616
118860126 352510357
498425778 -413082587
142396296 421747375
192963186 -160537739
315285446 930340285
15998346 49918945
814563138 -674452927
661010706 -547501619
145447281 430722544
110028450 -91970455
564937794 -468072191
75565196 225148435
828522450 -685993955
9883076 -1982057
237304530 -197197475
44619491 134114578
251941186 743998681
824416770 -682599535
667230774 -195070183
71061361 211899376
469686018 -389321647
21345762 -18650983
68155661 203351596
605049235 -176805090
24424876 74707507
34013686 102915181
104331626 309771457
665116386 -550896039
280182419 -81379298
66508242 -55989603
463938066 -384569459
368686290 -305818915
256190658 -212811807
557547570 -461962235
273733936 808107031
494645278 -144375231
279400051 824775202
16724771 52055890
477076242 -395431603
86606856 257629999
223610611 660657826
250995166 -72805887
398200442 -116045699
764944621 -223772472
301919226 891020497
376076514 -311928871
263563986 778189801
452767915 -132074250
68300946 203778985
908993778 -752524587
318191146 938888065
898319010 -743699095
187434646 554237965
635555490 -526456215
183221381 541843684
244386366 721774453
74257631 221301934
144285001 427303432
245258076 724338787
316011871 932477230
408100818 -338405347
476879124 -139156633
16579486 51628501
27475861 83682676
14836066 46499833
250197766 738870013
644388576 -188360557
90238981 268314724
269665956 796140139
119441266 354219913
4811401 17009992
233635276 690147667
222884186 658520881
134246154 -38512243
154600236 457648051
253727250 -210775155
36483531 110180794
300321091 886319218
419596722 -347909723
36338246 109753405
132226346 391830145
945144183 -276703966
204142421 603387700
653271653 -190969856
312379746 921792505
65719560 -18383365
948951216 -277822237
239301391 706815838
523059858 -433449107
124090386 367896361
136003756 402942259
230690990 -66841775
27621146 84110065
594498690 -492512015
8152956 26839939
853977666 -707039359
555557806 -162267567
299013526 882472717
335334776 989319967
86025716 255920443
201382006 595267309
70770791 211044598
841660626 -696856099
174940136 517482511
211987811 626466706
942606161 -275958452
806821984 -236073453
292475701 863240212
177991121 526457680
710377148 -207743921
191320914 -159179971
266324401 786310192
80795456 240534439
934992095 -273721910
771042930 -638472075
327135826 -95171307
337287914 -98153363
615201323 -179787146
125107381 370888084
832202204 -243528593
139322198 -40003271
89948411 267459946
29073996 88383955
319418130 -265085875
49995036 149927971
45781771 137533690
26604151 81118342
292039846 861958045
697961826 -578051399
179153401 529876792
60164986 179845201
457368978 -379138387
310200471 915381670
181467282 -151033363
108980746 323447905
160117746 -133382379
112491858 -94007107
14109641 44362888
811278594 -671737391
239446676 707243227
136149041 403369648
146318991 433286878
263685276 -76533457
330540371 975216130
194117756 573897859
111014736 329431351
56823431 170015254
299739951 884609662
150386971 445253770
259205436 765368131
226516311 669205606
91963458 -77035007
243369371 718782730
733219346 -214453547
147626556 437133379
701246370 -580766935
28347571 86247010
263580882 -218921763
216055791 638433598
270392381 798277084
280003602 -232499443
491035554 -406972631
74548201 222156712
253684606 749127349
304970211 899995666
325164826 959402737
394141506 -326864319
8207586 -7788839
136730181 405079204
126269661 374307196
142873890 -119125815
193784322 -161216623
98520226 292675897
138909456 411490039
342363958 -99644391
565758930 -468751075
26894721 81973120
245548646 725193565
226225741 668350828
336497056 992739079
242642946 716645785
675791154 -559721531
384287874 -318717711
753523522 -220417659
308747621 911107780
206757551 611080702
211697241 625611928
250924191 741006958
384241321 -111945372
297948573 -86597896
711100002 -588913543
82930962 -69567283
154550330 -44476355
522238722 -432770223
917205138 -759313427
622815389 -182023688
40987366 123429853
865196490 -253220275
658547298 -545464967
140362306 415763929
234942841 693994168
877886600 -256947845
29655136 90093511
759868577 -222281444
32560836 98641291
27093714 -23403171
318252749 -92562008
753799074 -624215511
1179276 6325267
694677282 -575335863
41713791 125566798
185981796 549964075
228695586 675616441
149474286 -42985327
760368162 -629646583
44474206 133687189
684996928 -200288781
752254511 -220044902
227969161 673479496
166658891 493121338
190921486 564495301
631449810 -523061795
903245826 -747772399
734091810 -607922295
32706121 99068680
444230802 -368276243
964179348 -282295321
308166481 909398224
223076924 -64605233
579718242 -480292103
12313266 -11183259
465580338 -385927227
202544286 598686421
399068322 -330937623
78035041 232414048
249180771 735878290
490838245 -143256960
83410586 248227441
433556034 -359450751
95248002 -79750543
330092898 -273911367
171613650 -142886755
775969746 -642545379
266033831 785455414
296679562 -86225139
725880450 -601133455
18322906 56757169
597783234 -495227551
331847936 979062631
318336431 939315454
263854556 779044579
280271761 827339536
228550301 675189052
300611661 887173996
702888642 -582124703
936091266 -774927759
789055830 -230854855
241916521 714508840
884359698 -732158067
223755896 661085215
320079851 944444122
290678370 -241324935
133388626 395249257
996855330 -825165175
232472996 686728555
568222338 -470787727
275897922 -229105023
981945502 -287513919
437661714 -362845171
298141816 879908383
33141976 100350847
943875172 -276331209
198185736 585864751
376627255 -109708830
528908575 -154439670
94906813 -26956776
86316286 256775221
325745966 961112293
743421 5043100
5828396 20001715
752977938 -623536627
140410482 -117089163
407279682 -337726463
194989466 576462193
27914850 -24082055
235378696 695276335
77140659 -21738178
328942236 970514851
168838166 499532173
158958786 470469721
204459090 -170042115
985359426 -815660799
267492309 -77651728
752156802 -622857743
387572418 -321433247
64959391 193949038
287826581 849563764
524702130 -434806875
687534950 -201034295
253394036 748272571
34594826 104624737
21304175 -5336870
194844181 576034804
388393554 -322112131
343632969 -100017148
184238376 544835407
109126031 323875294
101861781 302505844
89367271 265750390
139054741 411917428
335044206 988465189
23989021 73425340
266614971 787164970
215765221 637578820
347440002 -101135419
207338691 612790258
231601286 684164221
219542631 648690934
978138469 -286395648
302645651 893157442
14254926 44790277
135422616 401232703
183947806 543980629
858851435 -251356490
598136 4615711
181623246 537142405
772685202 -639829843
978790338 -810229727
259931861 767505076
240843078 -69823831
301628656 890165719
127431941 377726308
79778461 237542716
243078801 717927952
186275605 -53795280
31398556 95222179
311943891 920510338
583476048 -170468221
838376082 -694140563
45979842 -39017503
31456263 -8318926
341588802 -283415743
682360242 -565152603
699604098 -579409167
209082111 617918926
357592090 -104117475
293962914 -244040471
112672967 -32175374
18613476 57611947
109707171 325584850
16143631 50346334
150677541 446108548
743371434 -217435603
663423741 -193951912
422881266 -350625259
435198306 -360808519
184819516 546544963
61036696 182409535
182349671 539279350
452442162 -375065083
325455396 960257515
5683111 19574326
153437956 454228939
246856211 729040066
11349226 36242497
48251616 144799303
105348621 312763180
507458274 -420550311
260367716 768787243
57840426 173006977
267777251 790584082
96195666 285837673
229131441 676898608
333736641 984618688
163753191 484573558
855619938 -708397127
59293276 177280867
129611216 384137143
281434041 830758648
278673626 822638257
109207314 -91291571
712742274 -590271311
165206041 488847448
54191202 -45806343
211655825 -61250420
20502181 63168004
41874162 -35623083
181768531 537569794
996034194 -824486291
5247256 18292159
78325611 233268826
517311906 -428696919
188015786 555947521
336661986 -279342439
716026818 -592986847
783979786 -229363827
201672576 596122087
897497874 -743020211
60019701 179417812
315312450 -261691455
199783871 590566030
503352594 -417155891
583823922 -483686523
11152087 -2354814
161719201 478590112
251263842 -208738503
315430731 930767674
103750486 308061901
28783426 87529177
436840578 -362166287
26458866 80690953
110143026 326867017
526370553 -153694156
301192801 888883552
423580662 -123500839
147045416 435423823
208065116 614927203
720529236 -210725977
28492856 86674399
626622422 -183141959
692610994 -202525323
42149646 126848965
40115656 120865519
104186341 309344068
35305074 -30192011
796498146 -659517479
143994431 426448654
76727476 228567547
70613922 -59384023
346170991 -100762662
286373731 845289874
589821103 -172332006
91401261 271733836
131064066 388411033
169419306 501241729
7426531 24702994
175230706 518337289
821132226 -679883999
601242202 -175686819
334749892 -97407849
808090995 -236446210
618311634 -512199651
121765826 361058137
206902836 611508091
545230530 -451778975
292911556 864522379
228405016 674761663
688929330 -570583675
842481762 -697534983
72950066 217455433
332429076 980772187
313977881 926493784
255863881 755538184
497604642 -412403703
258479011 763231186
621596178 -514915187
263273416 777335023
236540976 698695447
89512556 266177779
162590911 481154446
306713631 905124334
104767481 311053624
261965851 773488522
116099711 344389966
107092041 317891848
230293721 680317720
221140766 653392213
410564226 -340441999
4666116 16582603
296398396 874779715
610921410 -506089695
217597266 -180904259
487031212 -142138689
659368434 -546143851
857582424 -250983733
50430891 151210138
84427581 251219164
639312532 -186869529
8734096 28549495
279254766 824347813
981253746 -812266379
161760018 -134740147
199348016 589283863
38517521 116164240
170436301 504233452
849968358 -248747191
908172642 -751845703
449157618 -372349547
492677826 -408330399
202108431 597404254
170291016 503806063
896676738 -742341327
162155056 479872279
405814508 -118282241
212859521 629031040
39098661 117873796
64232966 191812093
113629866 337124353
303953216 897003943
266469686 786737581
9024666 29404273
415966596 -121264297
256880876 758529907
63942396 190957315
164770186 487565281
905804842 -265148499
353905842 -293599003
217363356 642280099
328215811 968377906
78004146 -65493979
44328921 133259800
50085522 -42411923
318045861 938460676
206579781 -59759392
195158682 -56404579
293347411 865804546
218089781 644417044
59729131 178563034
749693394 -620821091
196587601 581163472
804283962 -235327939
277511346 819219145
640581543 -187242286
619008356 -180905417
248800434 -206701851
754620210 -624894395
223029471 658948270
725605280 -212217005
12366221 39234220
665937522 -551574923
289857234 -240646051
294141540 -85479625
195134751 576889582
483224179 -141020418
801745940 -234582425
247001496 729467455
331121511 976925686
761137588 -222654201
215184081 635869264
894213330 -740304675
751335666 -622178859
148934121 440979880
297415391 877771438
716847954 -593665731
273434514 -227068371
265743261 784600636
110869451 329003962
972221250 -804798655
229567296 678180775
717991214 -209980463
225499316 666213883
848699347 -248374434
17741766 55047613
213150091 629885818
320790771 -93307522
111160021 329858740
747229986 -618784439
706994322 -585519123
376897650 -312607755
553019784 -161522053
758725890 -628288815
68150514 -57347371
67283951 200787262
479539650 -397468255
674148882 -558363763
220995481 652964824
254992171 752973850
856313413 -250610976
