2053
-235238217 -312240264
-346032109 -458843985
-684823349 -907136355
-511765121 -678143766
-642703357 -851402709
-620727709 -822324285
-329550373 -437035167
-224250393 -297701052
638999124 -151046441
601044549 -142023905
834394899 -197495793
-625305969 -828382290
-264539081 -351011496
921549849 -218214209
-530993813 -703587387
-76830421 -102633291
-92861034 472455045
369099924 -86886185
-752581597 -996794829
301625124 -70846121
-35494755 177989103
-121731645 620650323
-696726825 -922887168
-633546837 -839286699
689605224 -163076489
-661016397 -875634729
807686124 -191146601
-85986941 -114749301
-726943341 -962870001
-459572957 -609082509
-98110236 499399641
-54241905 274219803
246801849 -57813569
-321309505 -426130758
540598374 -127654681
287567874 -67504441
256641924 -60152745
785194524 -185799913
355042674 -83544505
720531174 -170428185
-55366734 279993645
577147224 -136343049
648839199 -153385617
-108878241 -145039326
-56866506 287692101
-151352142 772694829
-161475603 824659407
-6999087 31718439
-466898173 -618775317
263670549 -61823585
606667449 -143360577
-104109324 530193465
-586848585 -777495048
-539234681 -714491796
-568535545 -753263028
468906399 -110612113
-505355557 -669662559
200412924 -46786025
-152102028 776544057
-94227809 -125653710
-555716417 -736300614
155429724 -36092649
-647281617 -857460714
703662474 -166418169
-601499017 -796880664
-528246857 -699952584
772542999 -182792401
-474223389 -628468125
65463324 -14705897
-123981303 632198007
96389274 -22057593
-70420857 -94152084
948258624 -224563401
-444922525 -589696893
-194845530 995950053
-130355334 664916445
803468949 -190144097
346608324 -81539497
-368007757 -487922409
409865949 -96577057
-53492019 270370575
911709774 -215875033
-384489493 -509731227
-669257265 -886539138
-638125097 -845344704
-248057345 -329202678
225715974 -52801049
828771999 -196159121
90766374 -20720921
-52742133 266521347
-723280733 -958023597
762702924 -180453225
498426624 -117629641
-11498403 54813807
373317099 -87888689
-183972183 940136247
-399139925 -529116843
-120981759 616801095
796440324 -188473257
-654606833 -867153522
-150227313 766920987
-632631185 -838075098
73897674 -16710905
-45698253 -61438857
-397308621 -526693641
-454079045 -601812903
-471476433 -624833322
691010949 -163410657
-147977655 755373303
-16372662 79833789
151212549 -35090145
953881524 -225900073
227121699 -53135217
-604245973 -800515467
-517259033 -685413372
824554824 -195156617
-576776413 -764167437
579958674 -137011385
162458349 -37763489
385968624 -90896201
-688485957 -911982759
-731521601 -968928006
-734268557 -972562809
-134104764 684162585
111852249 -25733441
-145353054 741901005
-166349862 849679389
398620149 -93903713
-39994071 201084471
-531909465 -704798988
-346947761 -460055586
-35869698 179913717
14857224 -2675849
-579523369 -767802240
-151913885 -201984573
-719618125 -953177193
-180597696 922814721
-192220929 982477755
617913249 -146033921
-393646013 -521847237
-90611376 460907361
-253551257 -336472284
-32120268 160667577
-27246009 135647595
-540150333 -715703397
-11819129 -16609620
-737931165 -977409213
-20975649 -28725630
-120231873 612951867
391591524 -92232873
-285599077 -378878319
345202599 -81205329
-587764237 -778706649
-449500785 -595754898
-146102940 745750233
-292008641 -387359526
-230659957 -306182259
-187624313 -249237012
-356104281 -472171596
-21891301 -29937231
-730605949 -967716405
-398224273 -527905242
-736099861 -974986011
533569749 -125983841
501238074 -118297977
-388152101 -514577631
578552949 -136677217
-634462489 -840498300
322710999 -75858641
727559799 -172099025
-5124372 22095369
-27620952 137572209
-83487459 424339695
130126674 -30077625
199007199 -46451857
-600583365 -795669063
-119107044 607178025
-162600432 830433249
-302996465 -401898738
-194470587 994025439
-742509425 -983467218
-53866962 272295189
-295671249 -392205930
776760174 -183794905
329739624 -77529481
-293839945 -389782728
-207768657 -275892234
688199499 -162742321
-680245089 -901078350
-59491107 301164399
-325887765 -432188763
980590299 -232249265
-563957285 -747205023
-14497947 70210719
321305274 -75524473
432357549 -101923745
-13650433 -19032822
643216299 -152048945
-652775529 -864730320
-407380793 -540021252
-96059113 -128076912
-223334741 -296489451
-47529557 -63862059
-132979935 678388743
-203190397 -269834229
-698558129 -925310370
-81408681 -108691296
-88361718 449359677
497020899 -117295473
-202274745 -268622628
-107858754 549439605
353636949 -83210337
102012174 -23394265
939824274 -222558393
-134516497 -178964154
717719724 -169759849
19074399 -3678353
-78613200 399319713
190572849 -44446849
537786924 -126986345
411271674 -96911225
-89486547 455133519
986213199 -233585937
-301165161 -399475536
946852899 -224229233
996053274 -235925113
-266370385 -353434698
-12623232 60587649
504049524 -118966313
-49742589 251124435
-191096100 976703913
66869049 -15040065
-225166045 -298912653
-247141693 -327991077
-470560781 -623621721
-316731245 -420072753
-140926061 -187445361
-659185093 -873211527
-81987687 416641239
766920099 -181455729
-126275629 -168059745
-670172917 -887750739
356448399 -83878673
-342369501 -453997581
352231224 -82876169
-636293793 -842921502
370505649 -87220353
-666510309 -882904335
-110858298 564836517
86549199 -19718417
-131769541 -175329351
924361299 -218882545
-182847354 934362405
-484295561 -641795736
-150977199 770770215
-497114689 -658758150
-353357325 -468536793
75303399 -17045073
-37744413 189536787
-102609552 522495009
-158101116 807337881
338173974 -79534489
37348824 -8022537
-461404261 -611505711
-74083465 -98998488
585581574 -138348057
-665594657 -881692734
-99235065 505173483
771137274 -182458233
206035824 -48122697
-164733013 -218946987
-414706009 -549714060
-125481075 639896463
229933149 -53803553
-216009525 -286796643
-161100660 822734793
26103024 -5349193
-288346033 -382513122
-108608640 553288833
492803724 -116292969
-527331205 -698740983
636187674 -150378105
845640699 -200169137
522323949 -123310497
5017149 -336673
-171974007 878548599
907492599 -214872529
-41868786 210707541
-89861490 457058133
374722824 -88222857
-559379025 -741147018
855480774 -202508313
-54991791 278069031
-155576493 -206830977
629159049 -148707265
159646899 -37095153
-64365366 326184381
-124356246 634122621
397214424 -93569545
-116482443 593705727
-111608184 568685745
-563041633 -745993422
-380826885 -504884823
-562125981 -744781821
477340749 -112617121
55623249 -12366721
-751665945 -995583228
298813674 -70177785
-138229137 705333339
-557547721 -738723816
994647549 -235590945
779571624 -184463241
-2662609 -4493610
-631715533 -836863497
-521837293 -691471377
-371670365 -492768813
-106131285 -141404523
-103384329 -137769720
303030849 -71180289
-336875589 -446727975
-136729365 697634883
-179472867 917040879
-556632069 -737512215
-415621661 -550925661
-70364454 356978205
849857874 -201171641
-476054693 -630891327
-12248289 58663035
-90236433 458982747
-444006873 -588485292
-434850353 -576369282
913115499 -216209201
802063224 -189809929
-158323449 -210465780
-628968577 -833228694
549032724 -129659689
-327719069 -434611965
653056374 -154388121
-232491261 -308605461
-44493387 224179839
-687570305 -910771158
481557924 -113619625
148401099 -34421809
-623474665 -825959088
-83862402 426264309
326928174 -76861145
866726574 -205181657
-166564317 -221370189
-56491563 285767487
-526415553 -697529382
-502608601 -666027756
917332674 -217211705
676953699 -160068977
-605161625 -801727068
799974 665831
-49367646 249199821
-43368558 218405997
-702220737 -930156774
-413790357 -548502459
542004099 -127988849
551844174 -130328025
-4374486 18246141
-97360350 495550413
532164024 -125649673
-354272977 -469748394
-674751177 -893808744
876566649 -207520833
-117607272 599479569
-231575609 -307393860
-387236449 -513366030
-172973881 -229851396
-129022585 -171694548
-5874258 25944597
-427525137 -566676474
-36244641 181838331
-144978111 739976391
-71336509 -95363685
-17497491 85607631
-365260801 -484287606
10640049 -1673345
363477024 -85549513
387374349 -91230369
-307574725 -407956743
-409212097 -542444454
-41119993 -55380852
-64926945 -86882478
-172723893 882397827
-351526021 -466113591
-86902593 -115960902
92172099 -21055089
848452149 -200837473
744428499 -176109041
-715955517 -948330789
963721599 -228239249
605261724 -143026409
-111233241 566761131
270699174 -63494425
-179847810 918965493
333956799 -78531985
-116203457 -154732134
984807474 -233251769
-487042517 -645430539
783788799 -185465745
480152199 -113285457
-739762469 -979832415
571524324 -135006377
-191845986 980553141
59840424 -13369225
-146852826 749599461
-685739001 -908347956
724748349 -171430689
-174973551 893945511
-627137273 -830805492
445009074 -104931257
-115357614 587931885
-675666829 -895020345
775354449 -183460737
581364399 -137345553
-143478339 732277935
-44868330 226104453
-2874714 10547685
-717786821 -950753991
-56116620 283842873
518106774 -122307993
-257213865 -341318688
-6325217 -9340014
-193345758 988251597
-8873802 41341509
475935024 -112282953
-72989055 370450503
461877774 -108941273
-150998233 -200772972
-546559897 -724184604
-199527789 -264987825
-12998175 62512263
737399874 -174438201
-105984039 539816535
681170874 -161071481
838612074 -198498297
-635378141 -841709901
-60348685 -80824473
-41118900 206858313
314276649 -73853633
-164850090 841980933
-663763353 -879269532
-100734837 512871939
-136354422 695710269
-119866065 -159578538
-144603168 738051777
-436681657 -578792484
-308490377 -409168344
880783824 -208523337
-513596425 -680566968
751457124 -177779881
-653691181 -865941921
-126605904 645670305
719125449 -170094017
-84612288 430113537
-149477427 763071759
-714124213 -945907587
-112733013 574459587
-68589553 -91728882
-344200805 -456420783
-999999 924615
-132685193 -176540952
-96610464 491701185
446414799 -105265425
-99984951 509022711
624941874 -147704761
238367499 -55808561
-182130401 -241967406
646027749 -152717281
-114982671 586007271
-134479707 686087199
443603349 -104597089
-337791241 -447939576
596827374 -141021401
-80862858 410867397
-166724805 851604003
-75613656 383922801
619318974 -146368089
-107483811 547514991
106229349 -24396769
-506271209 -670874160
-650028573 -861095517
-226997349 -301335855
769731549 -182124065
-724196385 -959235198
-95110692 484002729
892029624 -211196681
-294755597 -390994329
123098049 -28406785
859697949 -203510817
99200724 -22725929
-15997719 77909175
-86487003 439736607
-15622776 75984561
608073174 -143694745
-162975375 832357863
-33245097 166441419
-405549489 -537598050
-109733469 559062675
-25553909 -34783635
816120474 -193151609
-518174685 -686624973
-560294677 -742358619
28914474 -6017529
-22806953 -31148832
339579699 -79868657
232744599 -54471889
54217524 -12032553
886406724 -209860009
-335044285 -444304773
-5499315 24019983
-152851914 780393285
-28300865 -38418438
-153226857 782317899
34537374 -7354201
966533049 -228907585
-57241449 289616715
-643619009 -852614310
-148251277 -197138169
-686654653 -909559557
875160924 -207186665
-431187745 -571522878
177921324 -41439337
234150324 -54806057
-525499901 -696317781
-127191281 -169271346
-243479085 -323144673
-62179989 -83247675
-318562549 -422495955
-104859210 534042693
-84987231 432038151
-190346214 972854685
780977349 -184797409
-259960821 -344953491
-91480853 -122018907
-364345149 -483076005
-108233697 551364219
324116724 -76192809
-163817361 -217735386
-582270325 -771437043
331145349 -77863649
-133354878 680313357
343796874 -80871161
-124731189 636047235
-114232785 582158043
959504424 -227236745
-615233797 -815054679
-148352598 757297917
-422946877 -560618469
-59433033 -79612872
-536487725 -710856993
-323140809 -428553960
-168224577 859302459
-585932933 -776283447
163864074 -38097657
-454994697 -603024504
-13748061 66361491
-173098836 884322441
-120781717 -160790139
-286514729 -380089920
142778199 -33085137
-98485179 501324255
-114372153 -152308932
650244924 -153719785
-71114340 360827433
-609739885 -807785073
-71489283 362752047
-128106933 -170482947
662896449 -156727297
-193720701 990176211
-59866050 303089013
-156976287 801564039
-82737573 420490467
-543812941 -720549801
-139353966 711107181
582770124 -137679721
-440344265 -583638888
-520921641 -690259776
-32879125 -44476443
-535572073 -709645392
-493452081 -653911746
-711377257 -942272784
941229999 -222892561
-160154753 -212888982
539192649 -127320513
-3624600 14396913
128720949 -29743457
-66758249 -89305680
-86861946 441661221
-464151217 -615140514
575741499 -136008881
114663699 -26401777
-45993159 231878295
-173889533 -231062997
799251774 -189141593
-689401609 -913194360
-137263453 -182598957
84347 -858807
-335959937 -445516374
-212346917 -281950239
97794999 -22391761
-727858993 -964081602
-37369470 187612173
258047649 -60486913
586987299 -138682225
402837324 -94906217
357854124 -84212841
897652524 -212533353
-281936469 -374031915
-121356702 618725709
378939999 -89225361
-179383445 -238332603
71086224 -16042569
-167474691 855453231
-571282501 -756897831
-596920757 -790822659
-167099748 853528617
-154351686 788091741
33131649 -7020033
-75988599 385847415
949664349 -224897569
211658724 -49459369
-469645129 -622410120
-40743957 204933699
72491949 -16376737
161052624 -37429321
-146477883 747674847
-140853738 718805637
-144588669 -192291765
-612486841 -811419876
-831305 -2070408
-504439905 -668450958
-14872890 72135333
-44118444 222255225
-648197269 -858672315
-188846442 965156229
-17122548 83683017
-147335625 -195926568
-147602712 753448689
721936899 -170762353
-126230961 643745691
-455910349 -604236105
613696074 -145031417
793628874 -187804921
-82362630 418565853
-60990879 308862855
-102468677 -136558119
384562899 -90562033
-478801649 -634526130
-176848266 903568581
-276442557 -366762309
-99721721 -132923316
631970499 -149375601
-524584249 -695106180
-679329437 -899866749
-39619128 199159857
-467813825 -619986918
-170099292 868925529
-29120724 145270665
-375332973 -497615217
928578474 -219885049
-214178221 -284373441
-133600845 -177752553
110446524 -25399273
-28370838 141421437
-161986057 -215312184
-9998631 47115351
-537403377 -712068594
-503524253 -667239357
259453374 -60821081
-361598193 -479441202
-192202573 -255295017
-168974463 863151687
-510849469 -676932165
76709124 -17379241
827366274 -195824953
-2124828 6698457
-6624144 29793825
-345116457 -457632384
837206349 -198164129
-164100204 838131705
-130853889 -174117750
626347599 -148038929
-716871169 -949542390
-262707777 -348588294
196195749 -45783521
-363429497 -481864404
728965524 -172433193
-21996807 108702999
-206853005 -274680633
35943099 -7688369
-122856474 626424165
-78988143 401244327
-718702473 -951965592
-186596784 953608545
283350699 -66501937
-530078161 -702375786
-124444325 -165636543
-617065101 -817477881
-153745189 -204407775
201818649 -47120193
863915124 -204513321
-311237333 -412803147
883595274 -209191673
731776974 -173101529
702256749 -166084001
-129230505 659142603
-157351230 803488653
512483874 -120971321
-190371269 -252871815
-358851237 -475806399
-95860578 487851957
220093074 -51464377
830177724 -196493289
78114849 -17713409
-110709545 -147462528
-8123916 37492281
236961774 -55474393
221498799 -51798545
-173848722 888171669
-626221621 -829593891
-441259917 -584850489
-126980847 647594919
713502549 -168757345
460472049 -108607105
-710461605 -941061183
-660100745 -874423128
-185793009 -246813810
-114607728 584082657
-368923409 -489134010
207441549 -48456865
-63615480 322335153
-565788589 -749628225
-106358982 541741149
-349694717 -463690389
359259849 -84547009
612290349 -144697249
-651859877 -863518719
169486974 -39434329
87954924 -20052585
-92111148 468605817
-404633837 -536386449
-139094757 -185022159
437980449 -103260417
-83112516 422415081
609478899 -144028913
-24638257 -33572034
592610199 -140018897
-683907697 -905924754
-43743501 220330611
-14566085 -20244423
-494367733 -655123347
-268201689 -355857900
-328634721 -435823566
124503774 -28740953
184949949 -43110177
-165648665 -220158588
-499861645 -662392953
-741593773 -982255617
100606449 -23060097
423923199 -99918737
425328924 -100252905
831583449 -196827457
180732774 -42107673
172298424 -40102665
-672004221 -890173941
-305743421 -405533541
-133729821 682237971
-672919873 -891385542
-168395621 -223793391
138561024 -32082633
-184877357 -245602209
215875899 -50461873
-34710429 -46899645
-22746693 112552227
328333899 -77195313
-96974765 -129288513
371911374 -87554521
-544728593 -721761402
-60240993 305013627
-177223209 905493195
414083124 -97579561
-50492475 254973663
-77863314 395470485
307248024 -72182793
-558463373 -739935417
-395477317 -524270439
-614318145 -813843078
-160350774 818885565
-228828653 -303759057
-58366278 295390557
-646365965 -856249113
879378099 -208189169
-322225157 -427342359
778165899 -184129073
137155299 -31748465
-462319913 -612717312
674142249 -159400641
710691099 -168089009
-36619584 183762945
840017799 -198832465
383157174 -90227865
906086874 -214538361
660084999 -156058961
-748918989 -991948425
-36994527 185687559
473123574 -111614617
-692148565 -916829163
506860974 -119634649
-2499771 8623071
116069424 -26735945
-132604992 676464129
-42243729 212632155
-55770425 -74766468
31725924 -6685865
914521224 -216543369
-135604536 691861041
58434699 -13035057
-150082581 -199561371
430951824 -101589577
-722365081 -956811996
-622559013 -824747487
-180222753 920890107
-419284269 -555772065
-26496123 131798367
125909499 -29075121
-128855562 657217989
-23121636 114476841
466094949 -109943777
-154660841 -205619376
-183222297 936287019
755674299 -178782385
903275424 -213870025
-129938237 -172906149
-197696485 -262564623
-1746957 -3282009
-137104308 699559497
394402974 -92901209
-24621408 122175297
265076274 -62157753
-298418205 -395840733
-181347582 926663949
-12734781 -17821221
-161070405 -214100583
-149852370 764996373
57028974 -12700889
-104484267 532118079
-377164277 -500038419
-92396505 -123230508
-118950413 -158366937
-157407797 -209254179
-701305085 -928945173
-65842597 -88094079
922955574 -218548377
868132299 -205515825
-678413785 -898655148
-552053809 -731454210
-167479969 -222581790
955287249 -226234241
754268574 -178448217
-509018165 -674508963
193384299 -45115185
-14123004 68286105
260859099 -61155249
-708630301 -938637981
-267286037 -354646299
-681160741 -902289951
415488849 -97913729
637593399 -150712273
442197624 -104262921
750051399 -177445713
-58517381 -78401271
40160274 -8690873
-68864682 349279749
-259045169 -343741890
942635724 -223226729
-468729477 -621198519
62651874 -14037561
-78661725 -105056493
972155949 -230244257
217281624 -50796041
495615174 -116961305
-98860122 503248869
158241174 -36760985
602450274 -142358073
-141841713 -188656962
882189549 -208857505
935607099 -221555889
610884624 -144363081
-115287805 -153520533
21885849 -4346689
-690317261 -914405961
792223149 -187470753
-67364910 341581293
-191286921 -254083416
-141603624 722654865
-132230049 674539515
182138499 -42441841
-47117988 237652137
-150602256 768845601
-109793893 -146250927
-595089453 -788399457
82332024 -18715913
-161850546 826584021
682576599 -161405649
-236153869 -313451865
61246149 -13703393
-256298213 -340107087
944041449 -223560897
-119481987 609102639
-97890417 -130500114
248207574 -58147737
176515599 -41105169
-320393853 -424919157
-113857842 580233429
-100637373 -134134917
-23871522 118326069
-194949529 -258929820
-80487915 408942783
464689224 -109609609
-297502553 -394629132
315682374 -74187801
-135432149 -180175755
-348779065 -462478788
-402802533 -533963247
-189455617 -251660214
-373501669 -495192015
-617980753 -818689482
-28745781 143346051
-372586017 -493980414
-446753829 -592120095
-175723437 897794739
288973599 -67838609
-142353510 726504093
-330466025 -438246768
290379324 -68172777
-237069521 -314663466
516701049 -121973825
-112540849 -149885730
-639956401 -847767906
-180972639 924739335
-65865138 333882837
-39244185 197235243
885000999 -209525841
-167849634 857377845
-96235521 489776571
861103674 -203844985
-306659073 -406745142
401431599 -94572049
-234322565 -311028663
-31963473 -43264842
747239949 -176777377
-602414669 -798092265
553249899 -130662193
-87236889 443585835
474529299 -111948785
-538319029 -713280195
554655624 -130996361
558872799 -131998865
-67673901 -90517281
-60615936 306938241
-410127749 -543656055
-169311273 -225004992
-250804301 -332837481
-61365822 310787469
-360682541 -478229601
145589649 -33753473
-269117341 -357069501
-185097012 945910089
887812449 -210194177
-553885113 -733877412
-6249201 27869211
825960549 -195490785
239773224 -56142729
615101799 -145365585
-519090337 -687836574
-233406913 -309817062
-548391201 -726607806
515295324 -121639657
-272779949 -361915905
-92486091 470530431
-140010409 -186233760
-715039865 -947119188
-18247377 89456859
-74863770 380073573
-179097924 915116265
752862849 -178114049
672736524 -159066473
-608824233 -806573472
-575860761 -762955836
-41493843 208782927
-573113805 -759321033
-509933817 -675720564
-512680773 -679355367
-732437253 -970139607
-135979479 693785655
-195220473 997874667
-187346670 957457773
-181214749 -240755805
-729690297 -966504804
962315874 -227905081
-574945109 -761744235
-57616392 291541329
543409824 -128323017
900463974 -213201689
-75238713 381998187
-176098380 899719353
-412874705 -547290858
699445299 -165415665
-162225489 828508635
252424749 -59150241
854075049 -202174145
-67739853 343505907
-574029457 -760532634
-22371750 110627613
-428440789 -567888075
-171224121 874699371
-187721613 959382387
312870924 -73519465
-218756481 -290431446
-644534661 -853825911
12045774 -2007513
-93985863 478228887
-367092105 -486710808
-125856018 641821077
-750750293 -994371627
-127730733 651444147
-496199037 -657546549
-66240081 335807451
-190721157 974779299
-74999117 -100210089
-178467793 -237121002
757080024 -179116553
-81612744 414716625
-564872937 -748416624
286162149 -67170273
400025874 -94237881
-274611253 -364339107
-95143461 -126865311
-610655537 -808996674
-529162509 -701164185
-500777297 -663604554
-145727997 743825619
-391814709 -519424035
-424778181 -563041671
536381199 -126652177
-721449429 -955600395
-26871066 133722981
-160725717 820810179
976373124 -231246761
-113107956 576384201
598233099 -141355569
795034599 -188139089
-51192165 -68708463
-270948645 -359492703
-18228693 -25090827
-501692949 -664816155
191978574 -44781017
293190774 -68841113
-38494299 193386015
890623899 -210862513
679765149 -160737313
511078149 -120637153
705068199 -166752337
-217840829 -289219845
-45243273 228029067
993241824 -235256777
-93610920 476304273
-69505205 -92940483
-123528673 -164424942
-429356441 -569099676
17668674 -3344185
-9987825 -14186418
173704149 -40436833
-290177337 -384936324
194790024 -45449353
-215093873 -285585042
-94360806 480153501
-491620777 -651488544
-324056461 -429765561
574335774 -135674713
-74488827 378148959
165269799 -38431825
-27385213 -37206837
920144124 -217880041
-237985173 -315875067
-105609096 537891921
-432103397 -572734479
-47492931 239576751
-291092989 -386147925
266481999 -62491921
-245310389 -325567875
937012824 -221890057
-9248745 43266123
-53117076 268445961
-704967693 -933791577
967938774 -229241753
-695811173 -921675567
-44782601 -60227256
-456826001 -605447706
823149099 -194822449
-533740769 -707222190
-743425077 -984678819
970750224 -229910089
-192970815 986326983
-735184209 -973774410
-11873346 56738421
-149102484 761147145
-140478795 716881023
186355674 -43444345
120286599 -27738449
811903299 -192149105
-3999543 16321527
-63095641 -84459276
768325824 -181789897
-72614112 368525889
-51242361 258822891
-177598152 907417809
253830474 -59484409
-175720837 -233486199
-20059997 -27514029
813309024 -192483273
304436574 -71514457
-184347126 942060861
-172058229 -228639795
-650944225 -862307118
467500674 -110277945
979184574 -231915097
-104299981 -138981321
-747087685 -989525223
-91736205 466681203
-242563433 -321933072
589798749 -139350561
-53939121 -72343266
433763274 -102257913
-189596328 969005457
782383074 -185131577
360665574 -84881177
-40204341 -54169251
-304827769 -404321940
456254874 -107604601
241178949 -56476897
686793774 -162408153
-430272093 -570311277
-241647781 -320721471
-324972113 -430977162
981996024 -232583433
-156492145 -208042578
364882749 -85883681
-275526905 -365550708
-23496579 116401455
765514374 -181121561
-520005989 -689048175
-143103396 730353321
-545644245 -722973003
-82324333 -109902897
-733352905 -971351208
526541124 -124313001
-55741677 281918259
594015924 -140353065
-27995895 139496823
-254466909 -337683885
-726027689 -961658400
-475139041 -629679726
-158476059 809262495
568712874 -134338041
-170226925 -226216593
934201374 -221221721
-101859666 518645781
655867824 -155056457
141372474 -32750969
-4749429 20170755
-728774645 -965293203
-74113884 376224345
-333212981 -441881571
-370754713 -491557212
488586549 -115290465
50000349 -11030049
-54854773 -73554867
-20871978 102929157
-16397389 -22667625
494209449 -116627137
-192595872 984402369
-392730361 -520635636
748645674 -177111545
-85071289 -113537700
-18997263 93306087
-29216517 -39630039
-64011293 -85670877
210252999 -49125201
-489789473 -649065342
-438512961 -581215686
272104899 -63828593
894841074 -211865017
-128105676 653368761
377534274 -88891193
-198612137 -263776224
-122106588 622574937
-302080813 -400687137
-10373574 49039965
-181722525 928588563
-73167813 -97786887
-457741653 -606659307
231338874 -54137721
904681149 -214204193
938418549 -222224225
-566704241 -750839826
273510624 -64162761
336768249 -79200321
-618896405 -819901083
-490705125 -650276943
797846049 -188807425
927172749 -219550881
-34369926 172215261
-624390317 -827170689
570118599 -134672209
418300299 -98582065
459066324 -108272937
685388049 -162073985
-260876473 -346165092
-98806069 -131711715
-115732557 589856499
-592342497 -784764654
251019024 -58816073
-657353789 -870788325
761297199 -180119057
-222419089 -295277850
-111625197 -148674129
-570366849 -755686230
-84237345 428188923
675547974 -159734809
-109358526 557138061
-447669481 -593331696
187761399 -43778513
557467074 -131664697
482963649 -113953793
-10748517 50964579
-201359093 -267411027
509672424 -120302985
-547475549 -725396205
-177973095 909342423
-123606360 630273393
-8498859 39416895
325522449 -76526977
408460224 -96242889
255236199 -59818577
-182097468 930513177
-93312157 -124442109
-213262569 -283161840
716313999 -169425681
-143853282 734202549
-450416437 -596966499
634781949 -150043937
149806824 -34755977
478746474 -112951289
665707899 -157395633
-339622545 -450362778
-310321681 -411591546
7828599 -1005009
-185846898 949759317
-300249509 -398263935
-658269441 -871999926
267887724 -62826089
-691232913 -915617562
-746172033 -988313622
-400971229 -531540045
-369839061 -490345611
-287430381 -381301521
738805599 -174772369
519512499 -122642161
-569451197 -754474629
-116857386 595630341
-697642477 -924098769
616507524 -145699753
-188471499 963231615
-20122092 99079929
-606992929 -804150270
449226249 -105933761
-194033877 -257718219
-137854194 703408725
668519349 -158063969
-155851458 795790197
-155476515 793865583
-178348038 911267037
952475799 -225565905
-182472411 932437791
918738399 -217545873
-86112060 437811993
-113482899 578308815
23291574 -4680857
-480632953 -636949332
305842299 -71848625
-45618216 229953681
-134854650 688011813
-422031225 -559406868
901869699 -213535857
-31047821 -42053241
-352441673 -467325192
735994149 -174104033
-53023469 -71131665
667113624 -157729801
-483379909 -640584135
865320849 -204847489
243990399 -57145233
-159225945 813111723
-165225033 843905547
-554800765 -735089013
-649112921 -859883916
-594173801 -787187856
-599667713 -794457462
-386320797 -512154429
-79577377 -106268094
-452247741 -599389701
-515427729 -682990170
-110483355 562911903
118880874 -27404281
523729674 -123644665
-639040749 -846556305
-37457385 -50534448
-448585133 -594543297
-425693833 -564253272
603855999 -142692241
-211431265 -280738638
-334128633 -443093172
16262949 -3010017
421111749 -99250401
641810574 -151714777
821743374 -194488281
-169724349 867000915
-578607717 -766590639
42971724 -9359209
-485211213 -643007337
-411043401 -544867656
630564774 -149041433
426734649 -100587073
-396392969 -525482040
69680499 -15708401
-75914769 -101421690
-205937353 -273469032
-171142577 -227428194
319899549 -75190305
-73363998 372375117
-35626081 -48111246
817526199 -193485777
-64740309 328108995
974967399 -230912593
-411959053 -546079257
-103359438 526344237
-420199921 -556983666
-113456501 -151097331
-1374942 2849229
197601474 -46117689
-541065985 -716914998
276322074 -64831097
-185471955 947834703
-139728909 713031795
773948724 -183126569
-119856930 611027253
-738846817 -978620814
929984199 -220219217
103417899 -23728433
-184722069 943985475
-226081697 -300124254
-338706893 -449151177
-593258149 -785976255
-111983127 570610359
-542897289 -719338200
-172348950 880473213
-317646897 -421284354
-18622320 91381473
-313984289 -416437950
-168599520 861227073
-80493029 -107479695
-662847701 -878057931
709285374 -167754841
-572198153 -758109432
-541981637 -718126599
-628052925 -832017093
-200443441 -266199426
242584674 -56811065
-51992247 262672119
48594624 -10695881
730371249 -172767361
-159975831 816960951
-59116164 299239785
279133524 -65499433
-56686077 -75978069
-68114796 345430521
-261792125 -347376693
-149166929 -198349770
-32870154 164516805
695228124 -164413161
-598752061 -793245861
847046424 -200503305
-277358209 -367973910
-162901709 -216523785
-38373037 -51746049
547626999 -129325521
-748003337 -990736824
24697299 -5015025
-534656421 -708433791
651650649 -154053953
734588424 -173769865
-31370382 156818349
-725112037 -960446799
-514512077 -681778569
-591426845 -783553053
-549306853 -727819407
706473924 -167086505
786600249 -186134081
-255382561 -338895486
693822399 -164078993
856886499 -202842481
-85737117 435887379
-127355790 649519533
404243049 -95240385
534975474 -126318009
-146419973 -194714967
-62490651 316561311
-195865181 -260141421
80926299 -18381745
-315815593 -418861152
-144228225 736127163
-52107817 -69920064
-46613905 -62650458
-118732101 605253411
457660599 -107938769
311465199 -73185297
893435349 -211530849
623536149 -147370593
85143474 -19384249
349419774 -82207833
556061349 -131330529
759891474 -179784889
-169349406 865076301
-102984495 524419623
407054499 -95908721
47188899 -10361713
405648774 -95574553
-65115252 330033609
296002224 -69509449
931389924 -220553385
567307149 -134003873
453443424 -106936265
-97735293 497475027
-709545953 -939849582
-460488609 -610294110
-102234609 520570395
447820524 -105599593
-117982215 601404183
-121697369 -162001740
-694895521 -920463966
698039574 -165081497
-585017281 -775071846
280539249 -65833601
-107962589 -143827725
550438449 -129993857
156835449 -36426817
990430374 -234588441
-7374030 33643053
-21621864 106778385
-57601729 -77189670
987618924 -233920105
-69614568 353128977
764108649 -180787393
-21246921 104853771
348014049 -81873665
-101109780 514796553
-196780833 -261353022
-611571189 -810208275
-580439021 -769013841
-142757365 -189868563
-125359977 -166848144
529352574 -124981337
-341453849 -452785980
-577692065 -765379038
-183961705 -244390608
-239816477 -318298269
627753324 -148373097
-40369014 203009085
790817424 -187136585
454849149 -107270433
-561210329 -743570220
945447174 -223895065
-208684309 -277103835
13451499 -2341681
-443091221 -587273691
-289261685 -383724723
51406074 -11364217
-403718185 -535174848
889218174 -210528345
-664679005 -880481133
-508102513 -673297362
983401749 -232917601
146995374 -34087641
-20497035 101004543
297407949 -69843617
-671088569 -888962340
-189221385 967080843
669925074 -158398137
-88733897 -118384104
-152829537 -203196174
870943749 -206184161
-355188629 -470959995
-473307737 -627256524
-87818245 -117172503
-314899941 -417649551
-682992045 -904713153
-189971271 970930071
-385405145 -510942828
-630799881 -835651896
-174223665 890096283
-319478201 -423707556
-24996351 124099911
-16747605 81758403
-159600888 815036337
622130424 -147036425
-229744305 -304970658
544815549 -128657185
-389067753 -515789232
-143673017 -191080164
-479717301 -635737731
79520574 -18047577
144183924 -33419305
-331381677 -439458369
-46743045 235727523
-7240869 -10551615
-753497249 -998006430
-4493913 -6916812
832989174 -197161625
-91361262 464756589
429546099 -101255409
965127324 -228573417
94983549 -21723425
-54616848 276144417
789411699 -186802417
-69239625 351204363
170892699 -39768497
-129980391 662991831
-58741221 297315171
-96985407 493625799
-567619893 -752051427
712096824 -168423177
-588679889 -779918250
-159239101 -211677381
121692324 -28072617
-357019933 -473383197
-73738941 374299731
471717849 -111280449
-749834641 -993160026
-19144345 -26302428
-737015513 -976197612
958098699 -226902577
294596499 -69175281
561684249 -132667201
-26121180 129873753
-88736661 451284291
-296586901 -393417531
-271864297 -360704304
654462099 -154722289
-258129517 -342530289
513889599 -121305489
-463235565 -613928913
-656438137 -869576724
-15481737 -21456024
175109874 -40771001
-745256381 -987102021
835800624 -197829961
-584101629 -773860245
956692974 -226568409
-606077277 -802938669
-38869242 195310629
380345724 -89559529
-188096556 961307001
-616149449 -816266280
-140103852 714956409
6422874 -670841
93577824 -21389257
723342624 -171096521
-682076393 -903501552
-673835525 -892597143
-138979023 709182567
862509399 -204179153
-705883345 -935003178
-48242817 243425979
-125106132 637971849
-116107500 591781113
741617049 -175440705
-33994983 170290647
-30995439 154893735
525135399 -123978833
-488873821 -647853741
-227913001 -302547456
844234974 -199834969
-47867874 241501365
-699473781 -926521971
-170849178 872774757
-522752945 -692682978
-43866949 -59015655
-77746073 -103844892
291785049 -68506945
726154074 -171764857
969344499 -229575921
-551138157 -730242609
412677399 -97245393
-23722605 -32360433
-299333857 -397052334
806280399 -190812433
222904524 -52132713
-667425961 -884115936
700851024 -165749833
-112358070 572534973
973561674 -230578425
873755199 -206852497
647433474 -153051449
-376248625 -498826818
-77488371 393545871
678359424 -160403145
-607908581 -805361871
869538024 -205849993
-128480619 655293375
-362513845 -480652803
-52367190 264596733
-426609485 -565464873
-77113428 391621257
117475149 -27070113
997458999 -236259281
-89649549 -119595705
300219399 -70511953
-76738485 389696643
-332297329 -440669970
-194095644 992100825
-89111604 453208905
-713208561 -944695986
-390899057 -518212434
-33620040 168366033
989024649 -234254273
-366176453 -485499207
640404849 -151380609
-180299097 -239544204
-720533777 -954388794
-280105165 -371608713
-423862529 -561830070
-379911233 -503673222
714908274 -169091513
-120606816 614876481
-583185977 -772648644
224310249 -52466881
-186221841 951683931
820337649 -194154113
-418368617 -554560464
9234324 -1339177
-110108412 560987289
-183597240 938211633
154023999 -35758481
-596005105 -789611058
565901424 -133669705
-175348494 895870125
633376224 -149709769
-72239169 366601275
-141228681 720730251
-145504321 -193503366
-590511193 -782341452
27508749 -5683361
-482464257 -639372534
-156601344 799639425
-164475147 840056319
-437597309 -580004085
2205699 331663
107635074 -24730937
-68489739 347355135
-340538197 -451574379
-157726173 805413267
-103734381 528268851
-516343381 -684201771
-677498133 -897443547
546221274 -128991353
-9072173 -12974817
214470174 -50127705
-105234153 535967307
-155101572 791940969
489992274 -115624633
-5409565 -8128413
-138179105 -183810558
-248972997 -330414279
683982324 -161739817
599638824 -141689737
-176636489 -234697800
-350610369 -464901990
-57991335 293465943
-498030341 -659969751
-707714649 -937426380
657273549 -155390625
-220587785 -292854648
-71864226 364676661
-700389433 -927733572
-581354673 -770225442
-661932049 -876846330
-100359894 510947325
-135229593 689936427
366288474 -86217849
-30620496 152969121
38754549 -8356705
-131855106 672614901
527946849 -124647169
332551074 -78197817
-25371294 126024525
951070074 -225231737
183544224 -42776009
-637209445 -844133103
-244394737 -324356274
439386174 -103594585
-42618672 214556769
-129605448 661067217
-163725261 836207091
-433019049 -573946080
277727799 -65165265
-1749885 4773843
-108983583 555213447
-15247833 74059947
-95485635 485927343
-87611832 445510449
-48617760 245350593
-153601800 784242513
740211324 -175106537
-90986319 462831975
-282852121 -375243516
872349474 -206518329
-619812057 -821112684
696633849 -164747329
-87986775 447435063
-94735749 482078115
-303912117 -403110339
-265454733 -352223097
-9623688 45190737
41565999 -9025041
392997249 -92567041
-177552141 -235909401
135749574 -31414297
-703136389 -931368375
-101484723 516721167
245396124 -57479401
-597836409 -792034260
-421115573 -558195267
367694199 -86552017
284756424 -66836105
-141978567 724579479
-107108868 545590377
-117119109 -155943735
-278273861 -369185511
308653749 -72516961
350825499 -82542001
-38119356 191461401
-25746237 127949139
-158851002 811187109
-131105220 668765673
-29870610 149119893
208847274 -48791033
390185799 -91898705
-19747149 97155315
109040799 -25065105
-36541733 -49322847
-151727085 774619443
-188539965 -250448613
595421649 -140687233
841423524 -199166633
218687349 -51130209
-8156521 -11763216
132938124 -30745961
-381742537 -506096424
-42035645 -56592453
-50867418 256898277
-122613021 -163213341
-122481531 624499551
419706024 -98916233
-221503437 -294066249
-163350318 834282477
-252635605 -335260683
249613299 -58481905
818931924 -193819945
318493824 -74856137
104823624 -24062601
362071299 -85215345
502643799 -118632145
-130730277 666841059
-50117532 253049049
-219672133 -291643047
-34744869 174139875
804874674 -190478265
113257974 -26067609
-313068637 -415226349
-451332089 -598178100
809091849 -191480769
745834224 -176443209
340985424 -80202825
-374417321 -496403616
-523668597 -693894579
-668341613 -885327537
-550222505 -729031008
-209599961 -278315436
-400055577 -530328444
-42993615 216481383
896246799 -212199185
-165974919 847754775
-309406029 -410379945
-251719953 -334049082
-655522485 -868365123
899058249 -212867521
591204474 -139684729
-26469561 -35995236
-378995581 -502461621
452037699 -106602097
584175849 -138013889
-621643361 -823535886
-17872434 87532245
842829249 -199500801
166675524 -38765993
-118357158 603328797
-24246465 120250683
664302174 -157061465
-347863413 -461267187
-31745325 158742963
-357935585 -474594798
858292224 -203176649
-50276513 -67496862
168081249 -39100161
68274774 -15374233
-13373118 64436877
281944974 -66167769
-48992703 247275207
505455249 -119300481
658679274 -155724793
-178722981 913191651
-153976743 786167127
-712292909 -943484385
743022774 -175774873
450631974 -106267929
428140374 -100921241
563089974 -133001369
-11123460 52889193
-176473323 901643967
-442175569 -586062090
-706798997 -936214779
-174805185 -232274598
499832349 -117963809
-19372206 95230701
422517474 -99584569
-101553025 -135346518
-152476971 778468671
342391149 -80536993
-476970345 -632102928
-552969461 -732665811
-613402493 -812631477
-106733925 543665763
-90565201 -120807306
-165599976 845830161
-137479251 701484111
484369374 -114287961
204630099 -47788529
-118034761 -157155336
671330799 -158732305
-378079929 -501250020
-174598608 892020897
388780074 -91564537
-603330321 -799303866
-273695601 -363127506
-76363542 387772029
-66615024 337732065
620724699 -146702257
-693064217 -918040764
436574724 -102926249
910304049 -215540865
-507186861 -672085761
733182699 -173435697
139966749 -32416801
-283767773 -376455117
-453163393 -600601302
152618274 -35424313
-62115708 314636697
-69989511 355053591
-401886881 -532751646
915926949 -216877537
908898324 -215206697
-138604080 707257953
-83239985 -111114498
-7748973 35567667
588393024 -139016393
381751449 -89893697
-240732129 -319509870
3611424 -2505
-156226401 797714811
189167124 -44112681
-142728453 728428707
-383573841 -508519626
-66989967 339656679
-17313041 -23879226
-477885997 -633314529
572930049 -135340545
-32495211 162592191
932795649 -220887553
-589595541 -781129851
-472392085 -626044923
-263623429 -349799895
644622024 -152383113
-284683425 -377666718
335362524 -78866153
83737749 -19050081
814714749 -192817441
-312152985 -414014748
-107046937 -142616124
-641787705 -850191108
-343285153 -455209182
-65490195 331958223
-84155637 -112326099
-417452965 -553348863
269293449 -63160257
-81237801 412792011
485775099 -114622129
-171599064 876623985
-487958169 -646642140
-49360861 -66285261
-42951297 -57804054
-3578261 -5705211
-645450313 -855037512
977778849 -231580929
-99610008 507098097
-433934701 -575157681
-147227769 751524075
274916349 -64496929
-51617304 260747505
-740678121 -981044016
89360649 -20386753
-70739397 358902819
-389983405 -517000833
-72252161 -96575286
-394561665 -523058838
-131480163 670690287
-744340729 -985890420
-186708661 -248025411
560278524 -132333033
-61740765 312712083
520918224 -122976329
213064449 -49793537
395808699 -93235377
-79738029 405093555
-408296445 -541232853
-154726629 790016355
-183046053 -243179007
-292924293 -388571127
487180824 -114956297
-435766005 -577580883
491397999 -115958801
262264824 -61489417
758485749 -179450721
-238900825 -317086668
-30132169 -40841640
-205021701 -272257431
-359766889 -477018000
-246226041 -326779476
810497574 -191814937
134343849 -31080129
-10903477 -15398019
564495699 -133335537
20480124 -4012521
-78238257 397395099
-93235977 474379659
-486126865 -644218938
-382658189 -507308025
-704052041 -932579976
692416674 -163744825
-61264337 -82036074
127315224 -29409289
800657499 -189475761
-640872053 -848979507
-30245553 151044507
-186971727 955533159
-63240537 320410539
-629884229 -834440295
925767024 -219216713
203224374 -47454361
877972374 -207855001
-80112972 407018169
508266699 -119968817
-123231417 628348779
64057599 -14371729
-117232329 597554955
-495283385 -656334948
310059474 -72851129
-46368102 233802909
530758299 -125315505
463283499 -109275441
-204106049 -271045830
44377449 -9693377
960910149 -227570913
-481548605 -638160933
-136347801 -181387356
-170474235 870850143
-676582481 -896231946
-465066869 -616352115
-191471043 978628527
-279189513 -370397112
-281020817 -372820314
-29495667 147195279
-35119812 176064489
-693979869 -919252365
-39288689 -52957650
-63990423 324259767
661490724 -156393129
-492536429 -652700145
-216925177 -288008244
-406465141 -538809651
228527424 -53469385
-3249657 12472299
-445838177 -590908494
-326803417 -433400364
131532399 -30411793
852669324 -201839977
-458657305 -607870908
30320199 -6351697
-416537313 -552137262
-210515613 -279527037
-173473779 886247055
-249888649 -331625880
435168999 -102592081
-465982521 -617563716
52811799 -11698385
-48445209 -65073660
45783174 -10027545
-85362174 433962765
179327049 -41773505
-193118225 -256506618
-79363086 403168941
317088099 -74521969
416894574 -98247897
-532825117 -706010589
376128549 -88557025
-498945993 -661181352
707879649 -167420673
991836099 -234922609
440791899 -103928753
-33794777 -45688044
-439428613 -582427287
-148727541 759222531
788005974 -186468249
235556049 -55140225
-270032993 -358281102
-105215633 -140192922
851263599 -201505809
-62865594 318485925
470312124 -110946281
