4787
-120083407 17758917
174895749 -504955983
55962459 -159142032
88118919 -252641106
89259219 -255956676
25630479 -70947870
134757189 -388247919
-408807709 62666625
-758444311 117048533
33722703 194784276
122458497 693443619
55734399 -158478918
30232061 175168277
64970829 -185335035
-423426661 64940433
-160285525 24011889
111435417 631498359
111038949 -319284063
4078809 -8283597
117681829 666600673
83693999 475602788
97656567 554066784
42734979 -120681420
248673159 -719473362
192798459 -557010432
29165409 -81226137
17762409 -48070437
305346069 -884257191
338984919 -982066506
65883069 -187987491
104653269 -300716871
30077649 -83878593
71014419 -202907556
164897355 931932870
115844649 656276463
53747965 307318165
-860776975 132965189
214920279 -621332490
98495649 -282812793
73979199 -211528038
244111959 -706211082
146892991 830755612
156997481 887538767
330318639 -956868174
234647469 -678691851
239436729 -692617245
329520429 -954547275
272277369 -788105661
25639111 149357752
-352768393 53950361
61280403 349647426
73222073 416754791
247532859 -716157792
110884263 628401096
258479739 -747987264
221762079 -641225910
3394629 -6294255
25288389 -69953199
282540069 -817945791
121723625 689313935
132932709 -382943007
344686419 -998644356
4991049 -10936053
341949699 -990686988
56136299 320739638
335335959 -971456682
158589459 -457543332
139176835 787393930
64856799 -185003478
321196239 -930343614
-56734615 7905749
337844619 -978750936
244910169 -708531981
250725699 -725441388
190175769 -549384621
90399519 -259272246
34641293 199946381
190631889 -550710849
91995939 -263914044
16622109 -44754867
122274779 692411198
27568989 -76584339
288355599 -834855198
36577359 -102777342
265093479 -767217570
24262119 -66969186
128143449 -369017613
261444519 -756607746
-379569805 58119009
103284909 -296738187
283566339 -820929804
124038369 -357081561
100963491 572650362
233849259 -676370952
321082209 -930012057
95084515 539612890
163060175 921608660
177746499 -513244908
83326563 473537946
281513799 -814961778
147984669 -426708531
74508099 423981738
150567351 851404032
173413359 -500645742
23463909 -64648287
76487859 -218822292
13543299 -35802828
72303483 411592686
100779773 571617941
52541559 -149195322
12859119 -33813486
78312339 -224127204
215034309 -621664047
271251099 -785121648
-322312243 49213261
38743929 -109076925
322792659 -934985412
138074527 781199404
253120329 -732404085
121415679 -349455750
282654099 -818277348
96899229 -278170995
-578143903 89004901
344914479 -999307470
111381039 -320278734
104270415 591233940
10390517 63666809
-202924135 30643829
42164829 -119023635
45480655 260859220
141941079 -409136010
-592762855 91278709
252436149 -730414743
211157289 -610391109
159843789 -461190459
18657827 110125754
57786939 -164446944
25858539 -71610984
125976879 -362718030
299644569 -867679341
207052209 -598455057
114573879 -329562330
86180409 -247004637
26006547 151422594
154940499 -446933508
124663113 705832671
264751389 -766222899
326327589 -945263679
58471119 -166436286
331801029 -961178415
267031989 -772854039
256997349 -743677023
95188779 -273197640
-858340483 132586221
164529919 929868028
-738952375 114016789
93022209 -266898057
59383359 -169088742
99978039 -287123034
-575707411 88625933
101688489 -292096389
43077069 -121676091
-477029485 73277729
142169139 -409799124
-138357097 20601177
286645149 -829881843
167101971 944321922
328380129 -951231705
148326759 -427703202
150721389 -434665899
293144859 -848780592
-713369209 110037625
36235269 -101782671
123924339 -356750004
117082539 -336856584
18841545 111158175
-87190765 12642849
343660149 -995660343
262926909 -760917987
20385099 -55696248
-818138365 126333249
308880999 -894535458
261672579 -757270860
-170031493 25527761
206710119 -597460386
335221929 -971125125
310249359 -898514142
299302479 -866684670
-230943793 35001961
138993117 786361509
238524489 -689964789
96101019 -275850096
72040689 -205891569
-957018409 147934425
19700919 -53706906
102486699 -294417288
-731642899 112879885
105005287 595363624
-385661035 59066429
230884479 -667750470
131564349 -378964323
-883923649 136565385
156650949 -451906863
92328745 524126575
-129829375 19274789
206596089 -597128829
13657329 -36134385
27112869 -75258111
47410209 -134275257
12595133 76055861
138748239 -399852414
276040359 -799047042
67159379 382684898
-93281995 13590269
290294109 -840491667
125397985 709962355
216516699 -625974288
-371042083 56792621
77998741 443597737
123810309 -356418447
164519019 -474784296
8982099 -22540548
176264109 -508934667
151177509 -435992127
257795559 -745997922
89487279 -256619790
-232162039 35191445
60295599 -171741198
78917331 448759842
51515289 -146211309
342063729 -991018545
80754511 459084052
203631309 -588508347
145590039 -419745834
13881159 83282808
238638519 -690296346
81847269 -234405471
298162179 -863369100
79110549 -226448103
-117646915 17379949
236357919 -683665206
266005719 -769870026
34825011 200978802
98951769 -284139021
144335709 -416098707
234191349 -677365623
97013259 -278502552
170592613 963937921
126500293 716156881
113889699 -327572988
255286899 -738703668
63944559 -182351022
316178919 -915755106
321310269 -930675171
113433579 -326246760
21753459 -59674932
310477419 -899177256
342291789 -991681659
127051447 719254144
250269579 -724115160
73295019 -209538696
10464489 -26850789
169422309 -489041247
43643475 250535010
277522749 -803357283
174083255 983553920
11946879 -31161030
240348969 -695269701
129256063 731643196
192342339 -555684204
64628739 -184340364
52199469 -148200651
343089999 -994002558
-294292585 44855129
3041797 22369969
251295849 -727099173
-725551669 111932465
114191187 646984674
258935859 -749313492
318003399 -921060018
21597315 126644490
233621199 -675707838
93136239 -267229614
130880169 -376974981
43276039 248470168
16850169 -45417981
-636619711 98100133
111802853 633563201
183219939 -529159644
-593981101 91468193
59497389 -169420299
244682109 -707868867
85724289 -245678409
20043009 -54701577
84245153 478700051
38629899 -108745368
-607381807 93552517
313442199 -907797738
-155412541 23253953
271935279 -787110990
-106682701 15674593
-846158023 130691381
160671841 908187187
150493329 -434002785
-194396413 29317441
-723115177 111553497
125406729 -361060245
101346399 -291101718
42392889 -119686749
285504849 -826566273
119886445 678989725
-518449849 79720185
69731431 397138792
317889369 -920728461
-554997229 85404705
230200299 -665761128
194394879 -561652230
76712715 436370790
86082333 489024261
118967855 673827620
175922019 -507939996
-362514361 55466233
35551089 -99793329
69547713 396106371
-843721531 130312413
91539819 -262587816
238980609 -691291017
30599497 177233119
222674319 -643878366
89756693 509672681
103626999 -297732858
236814039 -684991434
12060909 -31492587
315494739 -913765764
272619459 -789100332
33498549 -93825303
343432089 -994997229
284706639 -824245374
300442779 -870000240
236471949 -683996763
68629123 390944266
294627249 -853090833
248559129 -719141805
-73790059 10558525
308766969 -894203901
157791249 -455222433
189149499 -546400608
27797049 -77247453
181053369 -522860061
46954089 -132949029
-313784521 47886873
657909 1663113
163720809 -472463397
153690557 868955189
186184719 -537780126
-595199347 91657677
-88409011 12832333
94732659 -271871412
188579349 -544742823
122784039 -353434434
218569239 -631942314
175693959 -507276882
82531449 -236394813
114926059 651114358
231568659 -669739812
75426689 429143843
105109389 -302043099
266233779 -770533140
-143230081 21359113
296679789 -859058859
66225159 -188982162
107846109 -310000467
72119765 410560265
265663629 -768875355
64400679 -183677250
-508703881 78204313
87919513 499348471
-697532011 107574333
289723959 -838833882
69417999 -198265758
259848099 -751965948
324046989 -938632539
92109969 -264245601
-5568283 -52579
74093229 -211859595
173348383 979424236
243085689 -703227069
-280891879 42770805
-996002281 153997913
152431839 -439639254
192684429 -556678875
126684011 717189302
107577339 609817518
228945969 -662114001
107504019 -309005796
4695259 31661758
131678379 -379295880
320283999 -927691158
64742769 -184671921
90741609 -260266917
2938509 -4968027
313784289 -908792409
204657579 -591492360
8411949 -20882763
124152399 -357413118
198043839 -572262054
57216789 -162789159
-279673633 42581321
286759179 -830213400
144688375 818366560
198271899 -572925168
80022789 -229100559
233051049 -674050053
277978869 -804683511
300328749 -869668683
241489269 -698585271
181167399 -523191618
120503439 -346803294
116284329 -334535685
68961879 -196939530
301012929 -871658025
60751719 -173067426
248217039 -718147134
271365129 -785453205
71812629 -205228455
20955249 -57354033
-623219005 96015809
116398359 -334867242
6359409 -14914737
106291313 602590571
66111129 -188650605
40152833 230919011
269768709 -780811407
-212670103 32159701
135869911 768810352
268514379 -777164280
208306539 -602102184
204429519 -590829246
274329909 -794073687
14983467 89477334
14113449 -37460613
25822829 150390173
160984089 -464506029
157548635 890636030
307170549 -889562103
126090909 -363049587
75059253 427079001
74777409 -213848937
6929559 -16572522
205569819 -594144816
237726279 -687643890
28823319 -80231466
-658548139 101510845
97105413 550969521
298504269 -864363771
189035469 -546069051
-583016887 89762837
76528997 435338369
118784137 672795199
318915639 -923712474
-615909529 94878905
102800671 582974572
124380459 -358076232
247760919 -716820906
267944229 -775506495
149353029 -430687215
148896909 -429360987
241717329 -699248385
54708129 -155494905
308995029 -894867015
145606965 823528665
153344079 -442291710
100206099 -287786148
112293279 -322931190
-459974041 70624953
3052539 -5299584
66975661 381652477
213209829 -616359135
237840309 -687975447
136923759 -394547502
164975139 -476110524
116512389 -335198799
-698750257 107763817
-663421123 102268781
28367199 -78905238
154057993 871020031
123928241 701702987
66795309 -190639947
183447999 -529822758
149581089 -431350329
13513723 81217966
78366177 445662579
120275379 -346140180
92223999 -264577158
1114029 336885
44673489 -126317889
135502475 766745510
89715339 -257282904
26373983 153487436
120389409 -346471737
295881579 -856737960
152220813 860695821
291890529 -845133465
169878429 -490367475
269312589 -779485179
54252009 -154168677
-946054195 146229069
-703623241 108521753
26884809 -74594997
240120909 -694606587
266347809 -770864697
-363732607 55655717
81673101 464246157
146730339 -423061404
318573549 -922717803
-507485635 78014829
106475031 603622992
334195659 -968141112
317661309 -920065347
-869304697 134291577
-836412055 129175509
-812047135 125385829
249699429 -722457375
100412337 569553099
30533769 -85204821
291776499 -844801908
175736717 992845709
8183889 -20219649
195193089 -563973129
342177759 -991350102
103969089 -298727529
228831939 -661782444
-967982623 149639781
-45770401 6200393
-514795111 79151733
122898069 -353765991
-833975563 128796541
33612579 -94156860
13429269 -35471271
-77444797 11126977
173185299 -499982628
260304219 -753292176
137151819 -395210616
221077899 -639236568
168852159 -487383462
12778851 77088282
130542089 738870143
79680699 -228105888
292574709 -847122807
290522169 -841154781
211955499 -612712008
142397199 -410462238
14616031 87412492
155396619 -448259736
-111555685 16432529
65426949 -186661263
80592939 -230758344
171511203 969100026
220849839 -638573454
114003729 -327904545
14064877 84315229
166343499 -480089208
152545869 -439970811
277180659 -802362612
97472849 553034363
-792555199 122354085
172387089 -497661729
220507749 -637578783
-266272927 40496997
87320709 -250320207
328494159 -951563262
28709289 -79899909
147995299 836950138
194508909 -561983787
292916799 -848117478
245822409 -711184437
99310029 563358573
144563769 -416761821
273987819 -793079016
245936439 -711515994
98391439 558196468
132020469 -380290551
265777659 -769206912
241033149 -697259043
311959809 -903487497
-103027963 15106141
206368029 -596465715
82417419 -236063256
54299119 310415428
19943853 117352701
150037209 -432676557
95819387 543742574
136125549 -392226603
79338609 -227111217
153572139 -442954824
306942489 -888898989
297592029 -861711315
288583659 -835518312
130195989 -374985639
204201459 -590166132
27683019 -76915896
-441700351 67782693
146958399 -423724518
257681529 -745666365
66339189 -189313719
188921439 -545737494
41024529 -115708065
165081073 932965291
247076739 -714831564
43092321 247437747
9288209 57472283
243541809 -704553297
50992195 291831850
-708496225 109279689
325415349 -942611223
-863213467 133344157
180711279 -521865390
134216449 759518563
-345458917 52813457
83101599 -238052598
53339769 -151516221
32700339 -91504404
308538909 -893540787
78084279 -223464090
312986079 -906471510
166571559 -480752322
110012679 -316300050
309451149 -896193243
278777079 -807004410
36919449 -103772013
159753251 903025082
227121489 -656809089
91311759 -261924702
126316575 715124460
-587889871 90520773
210245049 -607738653
30305709 -84541707
-144448327 21548597
152317809 -439307697
291548439 -844138794
-559870213 86162641
93820419 -269218956
100434159 -288449262
165431259 -477436752
183105909 -528828087
62918289 -179367009
-670730599 103405685
237384189 -686649219
-301602061 45992033
127786319 723383828
331572969 -960515301
-562306705 86541609
58357089 -166104729
-838848547 129554477
67707549 -193292403
231226569 -668745141
289837989 -839165439
-50643385 6958329
303179499 -877957608
107275959 -308342682
241261209 -697922157
-580580395 89383869
273531699 -791752788
67821579 -193623960
7385679 -17898750
145704069 -420077391
48420143 277377956
113823751 644919832
141598989 -408141339
59443223 339323216
-513576865 78962249
128521191 727513512
104083119 -299059086
3280599 -5962698
163036629 -470474055
274900059 -795731472
101330927 574715204
70650021 402300897
258023619 -746661036
170960049 966002763
188237259 -543748152
82189359 -235400142
-4350037 -242063
145361979 -419082720
165999663 938127396
82224255 467343420
-333276457 50918617
333967599 -967477998
-568397935 87489029
-167595001 25148793
90675283 514834786
-928998751 143576293
333853569 -967146441
115714179 -332877900
321652359 -931669842
30191679 -84210150
197701749 -571267383
150934787 853468874
291434409 -843807237
303977709 -880278507
117766719 -338845926
269426619 -779816736
297477999 -861379758
220165659 -636584112
300670839 -870663354
-779154493 120269761
294855309 -853753947
72854637 414689949
166918253 943289501
127970037 724416249
284478579 -823582260
28937349 -80563023
93431053 530321101
277294689 -802694169
58014999 -165110058
79835921 453921947
147444145 833852875
218797299 -632605428
116170299 -334204128
108416259 -311658252
98609679 -283144350
332599239 -963499314
158931549 -458538003
-692659027 106816397
272505429 -788768775
39601679 227821748
26428689 -73268769
104637851 593298782
22699623 132839016
128153755 725448670
31150651 180330382
112407309 -323262747
140279143 793588456
125862849 -362386473
249813459 -722788932
38287809 -107750697
-659766385 101700329
56304549 -160136703
-847376269 130880865
199640259 -576903852
22095549 -60669603
31902129 -89183505
224270739 -648520164
343546119 -995328786
104821569 594331203
135555399 -390568818
30647799 -85536378
150265269 -433339671
260532279 -753955290
260418249 -753623733
4420899 -9278268
171694921 970132447
36349299 -102114228
2674361 20305127
133844949 -385595463
5613849 36823863
162692739 919543818
3592951 25467232
235901799 -682338978
7818465 49212915
63488439 -181024794
263268999 -761912658
54137979 -153837120
63852455 364101320
301583079 -873315810
92879899 527223838
263497059 -762575772
340011189 -985050519
102600729 -294748845
96370541 546839837
50146929 -142232625
313328169 -907466181
124295677 703767829
86522499 -247999308
163427611 923673502
137265849 -395542173
161222995 911284450
121356189 687249093
-815701873 125954281
345028509 -999639027
168755433 953613711
-470938255 72330309
38131935 219562380
-390534019 59824365
281969919 -816288006
-776718001 119890793
36121239 -101451114
110810889 -318620949
191772189 -554026419
-671948845 103595169
-310129783 47318421
328038039 -950237034
101916549 -292759503
171246789 -494346159
71926659 -205560012
126889119 -365370486
236129859 -683002092
161782299 -466826928
267488109 -774180267
55278279 -157152690
94048479 -269882070
-18968989 2031745
35208999 -98798658
131792409 -379627437
263953179 -763902000
268286319 -776501166
295653519 -856074846
-412462447 63235077
295539489 -855743289
280943649 -813303993
-9223021 515873
254488689 -736382769
256655259 -742682352
32358249 -90509733
112863429 -324588975
23801931 139033542
40887705 235048695
118222839 -340172154
127915389 -368354499
201464739 -582208764
139432419 -401841756
-247999237 37654737
159501699 -460195788
46497969 -131622801
236700009 -684659877
-407589463 62477141
249585399 -722125818
227691639 -658466874
329064309 -953221047
151302223 855533716
58699179 -167099400
66608225 379587635
144221679 -415767150
48971297 280475219
18560619 -50391336
56076489 -159473589
137339655 777069720
-402716479 61719205
117498111 665568252
282312009 -817282677
87552077 497283629
130358371 737837722
78426369 -224458761
173299329 -500314185
98942593 561293731
-855903991 132207253
224156709 -648188607
20727189 -56690919
-89627257 13021817
6532439 41985968
191088009 -552037077
151975719 -438313026
115600149 -332546343
143765559 -414440922
331002819 -958857516
-715805701 110416593
295767549 -856406403
327011769 -947253021
284250519 -822919146
167285689 945354343
196447419 -567620256
105223419 -302374656
175807989 -507608439
272847519 -789763446
7271649 -17567193
-424644907 65129917
-652456909 100563425
37375569 -105098241
38971989 -109740039
-200487643 30264861
230428359 -666424242
327809979 -949573920
67894251 386814582
1912239 -1984014
93798489 532385943
-190741675 28748989
121985829 -351113535
20613159 -56359362
63830529 -182019465
87890859 -251977992
246392559 -712842222
56874699 -161794488
335906109 -973114467
129807217 734740459
64058589 -182682579
316521009 -916749777
101232369 -290770161
77263869 439468053
56871171 324869322
245366289 -709858209
134073009 -386258577
132379269 749194353
76145769 -217827621
291662469 -844470351
217428939 -628626744
117865547 667633094
-544033015 83699349
125030549 707897513
105923877 600525729
122327919 -352108206
160413939 -462848244
127345239 -366696714
158099789 893733293
-321093997 49023777
-14096005 1273809
260076159 -752629062
166183381 939159817
94960719 -272534526
340239249 -985713633
72154719 -206223126
14248595 85347650
59725449 -170083413
284136489 -822587589
214236099 -619343148
252208089 -729751629
129169719 -372001626
9655645 59537125
-886360141 136944353
-642710941 99047553
-394188757 60392817
134871219 -388579476
309793239 -897187914
-40897417 5442457
270110799 -781806078
202148919 -584198106
79566669 -227774331
259049889 -749645049
292802769 -847785921
149097607 843144664
330090579 -956205060
327239829 -947916135
226437309 -654819747
-927780505 143386809
5981285 38888705
99677465 565423415
338414769 -980408721
-420990169 64561465
139544271 789458772
149465043 845209506
55506339 -157815804
156308859 -450912192
-246780991 37465253
321424299 -931006728
140686749 -405488883
296337699 -858064188
-435609121 66835273
142116323 803912666
271821249 -786779433
203973399 -589503018
94846689 -272202969
173715819 981489078
52313499 -148532208
167939919 -484731006
112635369 -323925861
161212149 -465169143
108128493 612914781
321880419 -932332956
278320959 -805678182
322450569 -933990741
185614569 -536122341
296109639 -857401074
285048729 -825240045
80136819 -229432116
11832849 -30829473
45927819 -129965016
99293859 -285133692
141256899 -407146668
263383029 -762244215
-6786529 136905
241945389 -699911499
69760089 -199260429
232252839 -671729154
314582499 -911113308
73038355 415722370
97811469 -280823451
170106489 -491030589
273645729 -792084345
117130675 663503410
30966933 179297961
82040537 466310999
-640274449 98668585
6716157 43018389
60545531 345517742
7083593 45083231
185272479 -535127670
24148089 -66637629
-258963451 39360093
-346677163 53002941
-910725061 140734033
-388097527 59445397
9210159 -23203662
-474592993 72898761
-179777461 27043633
172980947 977359394
175185563 989748446
335792079 -972782910
160870059 -464174472
74207259 -212191152
33538985 193751855
-373478575 57171589
215490429 -622990275
181737549 -524849403
193254579 -558336660
159957819 -461522016
128599569 -370343841
69646059 -198928872
221990139 -641889024
-489211945 75172569
6017319 -13920066
-21405481 2410713
84013839 -240705054
299416509 -867016227
10574235 64699230
171878639 971164868
315950859 -915091992
343774179 -995991900
65873353 375457951
110582829 -317957835
186526809 -538774797
-524541079 80667605
-732861145 113069369
156080799 -450249078
88838103 504510576
-100591471 14727173
167653125 947419185
36805419 -103440456
54594099 -155163348
98267589 -282149679
-939962965 145281649
146502279 -422398290
339555069 -983724291
13697441 82250387
240462999 -695601258
-235816777 35759897
91410155 518964470
-529414063 81425541
129072345 730610775
215262369 -622327161
69180277 394041529
324161019 -938964096
135135039 764680668
122825933 695508461
-332058211 50729133
279233199 -808330638
322564599 -934322298
4306869 -8946711
-546469507 84078317
205683849 -594476373
51727067 295961534
65769039 -187655934
22332187 130774174
293372919 -849443706
-249217483 37844221
-364950853 55845201
216060579 -624648060
19244799 -52380678
187210989 -540764139
-267491173 40686481
16269493 96704281
-61607599 8663685
8297919 -20551206
283110219 -819603576
148913889 842112243
67365459 -192297732
71568611 407463002
303749649 -879615393
-824229595 127280669
-26271 3652455
-900979093 139218161
202947129 -586519005
109781955 622206570
205455789 -593813259
254830779 -737377440
-282110125 42960289
123240159 -354760662
211385349 -611054223
248103009 -717815577
329406399 -954215718
254260629 -735719655
210359079 -608070210
278092899 -805015068
315836829 -914760435
210701169 -609064881
-669512353 103216201
125748819 -362054916
189491589 -547395279
16453211 97736702
33840639 -94819974
316977129 -918076005
160488123 907154766
38315653 220594801
34273857 197881539
-810828889 125196345
289952019 -839496996
65084859 -185666592
34638849 -97140873
196219359 -566957142
-522104587 80288637
53909919 -153174006
-193178167 29127957
149467059 -431018772
111986571 634595622
171018729 -493683045
252664209 -731077857
-112773931 16622013
159729759 -460858902
305460099 -884588748
280601559 -812309322
44445429 -125654775
107389989 -308674239
341493579 -989360760
212981769 -615696021
320854149 -929348943
29849589 -83215479
28211163 163811646
140914809 -406151997
170904699 -493351488
181395459 -523854732
14455539 -38455284
41252589 -116371179
-982601575 151913589
-643929187 99237037
122555979 -352771320
197359659 -570272712
15139719 -40444626
-877832419 135617965
230656419 -667087356
150835419 -434997456
294399189 -852427719
119249109 -343156167
-612254791 94310453
140344659 -404494212
169308279 -488709690
-444136843 68161661
-159067279 23822405
50831109 -144221967
325073259 -941616552
-902197339 139407645
-971637361 150208233
-276018895 42012869
218455209 -631610757
237156129 -685986105
336020139 -973446024
164861109 -475778967
-620782513 95636841
335449989 -971788239
112537725 637692885
270566919 -783132306
110333109 625303833
159159609 -459201117
73773227 419852054
279461259 -808993752
295311429 -855080175
192912489 -557341989
115258059 -331551672
213437889 -617022249
90124129 511737523
46383939 -131291244
299530539 -867347784
-57952861 8095233
234077319 -677034066
147260427 832820454
-384442789 58876945
-799864675 123490989
-915598045 141491969
-807174151 124627893
-458755795 70435469
41138559 -116039622
244568079 -707537310
241375239 -698253714
91083699 -261261588
68445405 389911845
307512639 -890556774
159569533 901992661
-980165083 151534621
4648959 -9941382
-768190279 118564405
257909589 -746329479
100596055 570585520
130081959 -374654082
175465899 -506613768
169674023 958775816
45848091 262924062
123744523 700670566
342861939 -993339444
139888539 -403167984
105189005 596396045
-54298123 7526781
113456315 642854990
275926329 -798715485
19016739 -51717564
216402669 -625642731
116028367 657308884
-918034537 141870937
195535179 -564967800
112065219 -322268076
43761249 -123665433
-347895409 53192425
107960139 -310332024
-224852563 34054541
297820089 -862374429
156630045 885473925
102984389 584006993
319257729 -924707145
137155937 776037299
77172039 -220811634
161554239 -466163814
88004889 -252309549
66057071 376490372
256883319 -743345466
327581919 -948910806
156764979 -452238420
99407889 -285465249
99493747 564390994
320055939 -927028044
62198993 354809531
57330819 -163120716
64771045 369263425
133616889 -384932349
-451446319 69298565
121187619 -348792636
-344240671 52623973
-396625249 60771785
138976299 -400515528
39314079 -110734710
267260049 -773517153
249471369 -721794261
173641419 -501308856
-168813247 25338277
18106673 107028491
71242479 -203570670
-632964973 97531681
162124389 -467821599
-536723539 82562445
191658159 -553694862
106249689 -305358669
120988753 685184251
228375819 -660456216
182307699 -526507188
122670009 -353102877
-290637847 44286677
292004559 -845465022
175579929 -506945325
42963039 -121344534
69303969 -197934201
217542969 -628958301
20157039 -55033134
317547279 -919733790
157364917 889603609
308196819 -892546116
316749069 -917412891
254944809 -737708997
106135659 -305027112
196333389 -567288699
-730424653 112690401
38401839 -108082254
-46988647 6389877
98837739 -283807464
185728599 -536453898
83899809 -240373497
47868989 274280693
45664373 261891641
73523079 -210201810
98758875 560261310
111267009 -319947177
202034889 -583866549
81619209 -233742357
71017457 404365739
-882705403 136375901
158361399 -456880218
148212729 -427371645
210587139 -608733324
147642579 -425713860
90491565 513802365
228717909 -661450887
148098699 -427040088
24034059 -66306072
275698269 -798052371
52085439 -147869094
-908288569 140355065
121907343 690346356
321994449 -932664513
83215629 -238384155
337616559 -978087822
120845529 -347797965
72610839 -207549354
-367387345 56224169
336362229 -974440695
339212979 -982729620
-335712949 51297585
210929229 -609727995
25516449 -70616313
171132759 -494014602
311503689 -902161269
171360819 -494677716
151633629 -437318355
-256526959 38981125
20862443 122514806
115486119 -332214786
99749979 -286459920
194850999 -562978458
60178095 343452900
31701805 183427645
239892849 -693943473
7613739 -18561864
117424629 -337851255
247190769 -715163121
300214719 -869337126
324959229 -941284995
183562029 -530154315
341151489 -988366089
111495069 -320610291
27226899 -75589668
113640033 643887411
49120659 -139248612
35779149 -100456443
116968509 -336525027
214692219 -620669376
-65262337 9232137
-273582403 41633901
89145189 -255625119
136604783 772940036
97583409 -280160337
329292369 -953884161
18218529 -49396665
-462410533 71003921
249927489 -723120489
287329329 -831871185
167825889 -484399449
168387997 951548869
138064059 -397863072
192114279 -555021090
-965546131 149260813
119151573 674860041
-809610643 125006861
-472156501 72519793
283794399 -821592918
231910749 -670734483
-988692805 152861009
162325303 917478976
107161929 -308011125
170408895 962905500
162694539 -469479384
86449769 491089103
307284579 -889893660
-336931195 51487069
318459519 -922386246
80250849 -229763673
69915149 398171213
283908429 -821924475
-447791581 68730113
84812049 -243025953
53013093 303188481
-924125767 142818357
249015249 -720468033
49706169 284604903
224954919 -650509506
253690479 -734061870
12288969 -32155701
279119169 -807999081
-252872221 38412673
322906689 -935316969
129853899 -373990968
67479489 -192629289
-469720009 72140825
115029999 -330888558
46766681 268086167
83329659 -238715712
-803519413 124059441
286987239 -830876514
-645147433 99426521
-361296115 55276749
263725119 -763238886
200210409 -578561637
333055359 -964825542
131222259 -377969652
220963869 -638905011
62348139 -177709224
18902709 -51386007
54666555 312480270
177176349 -511587123
242857629 -702563955
52645657 301123639
265549599 -768543798
181965609 -525512517
256313169 -741687681
21639429 -59343375
326783709 -946589907
155344019 878246978
-680476567 104921557
108495929 614979623
61096685 348615005
228033729 -659461545
47501553 272215851
50808477 290799429
65322199 372360688
9096129 -22872105
30415779 176200698
302723379 -876631380
162509021 918511397
66791943 380620056
155966769 -449917521
274443939 -794405244
7043589 -16904079
253234359 -732735642
258707799 -748650378
225981189 -653493519
39770199 -112060938
-1913545 -621031
24376149 -67300743
124722549 -359070903
323590869 -937306311
125214267 708929934
118336869 -340503711
-150539557 22496017
154609147 874117294
154256319 -444944166
275128119 -796394586
70466303 401268476
147072429 -424056075
-94500241 13779753
289153809 -837176097
144791829 -417424935
117314393 664535831
104086697 590201519
-152976049 22874985
308310849 -892877673
39050525 224724485
220621779 -637910340
27108855 157617120
-786463969 121406665
122099859 -351445092
44787519 -126649446
90285489 -258940689
76259799 -218159178
141014015 797718140
112977459 -324920532
77400099 -221474748
323932959 -938300982
236585979 -684328320
17420319 -47075766
55401427 316609954
9894339 -25193004
293486949 -849775263
33156459 -92830632
108530289 -311989809
-974073853 150587201
41071423 236081116
223928649 -647525493
51971409 -147537537
85496229 -245015295
-206578873 31212281
57973479 331063848
-137138851 20411693
236928069 -685322991
196675479 -568283370
217771029 -629621415
219025359 -633268542
261786609 -757602417
245594349 -710521323
-272364157 41444417
14683599 -39118398
48778569 -138253941
40112289 -113055609
-185868691 27991053
91593873 519996891
71936047 409527844
114459849 -329230773
123468219 -355423776
13315239 -35139714
259962129 -752297505
134400167 760550984
82645479 -236726370
3964779 -7952040
-624437251 96205293
226323279 -654488190
180027099 -519876048
193140549 -558005103
-841285039 129933445
-76226551 10937493
128888627 729578354
74691817 425014159
135783459 -391231932
-419771923 64371981
174818127 987683604
293943069 -851101491
146388249 -422066733
-953363671 147365973
10350459 -26519232
194280849 -561320673
162466479 -468816270
186640839 -539106354
-584235133 89952321
125581703 710994776
7634747 48180494
144504657 817334139
207280269 -599118171
280031409 -810651537
81049059 -232084572
12962569 78120703
46031809 263956483
139546449 -402173313
43305129 -122339205
-254090467 38602157
-931435243 143955261
158019309 -455885547
319599819 -925701816
336932379 -976098480
254602719 -736714326
223472529 -646199265
-880268911 135996933
208192509 -601770627
37033479 -104103570
1684179 -1320900
84796307 481797314
139911707 791523614
297934119 -862705986
336704319 -975435366
283338279 -820266690
110240739 -316963164
-576925657 88815417
123560805 699638145
307626669 -890888331
-20187235 2221229
234761499 -679023408
247874949 -717152463
96671169 -277507881
99864009 -286791477
-189523429 28559505
162808569 -469810941
205911909 -595139487
76601889 -219153849
75233529 -215175165
124266429 -357744675
99635949 -286128363
-629310235 96963229
279005139 -807667524
45296937 259826799
-660984631 101889813
104881329 -301379985
266461839 -771196254
21297339 -58348704
118232983 669697936
2026269 -2315571
133958979 -385927020
-523322833 80478121
-909506815 140544549
212411619 -614038236
837181 9980917
80203357 455986789
102372669 -294085731
-826666087 127659637
312073839 -903819054
199526229 -576572295
106658749 604655413
196903539 -568946484
177632469 -512913351
287443359 -832202742
4192839 -8615154
101882081 577812467
-39679171 5252973
196789509 -568614927
295425459 -855411732
-500176159 76877925
304547859 -881936292
12402999 -32487258
36845909 212335433
165264791 933997712
213551919 -617353806
290636199 -841486338
305802189 -885583419
58243059 -165773172
20127571 118385122
-277237141 42202353
303065469 -877626051
273873789 -792747459
-835193809 128986025
81505179 -233410800
246848679 -714168450
177062319 -511255566
32987831 190654592
-506267389 77825345
-296729077 45234097
87662799 -251314878
14432313 86380071
143034913 809074771
171930969 -496335501
310705479 -899840370
199070109 -575246067
48436479 -137259270
211841469 -612380451
97127289 -278834109
-10441267 705357
-550124245 84646769
151485941 856566137
260646309 -754286847
-295510831 45044613
304319799 -881273178
259277949 -750308163
16508079 -44423310
336134169 -973777581
237042099 -685654548
543879 1994670
58129029 -165441615
164404989 -474452739
273303639 -791089674
119335291 675892462
-737734129 113827305
143423469 -413446251
78882489 -225784989
225753129 -652830405
267830199 -775174938
116579521 660406147
67251429 -191966175
210016989 -607075539
12043979 72958598
46726029 -132285915
86408469 -247667751
4511541 30629337
885969 999999
-452664565 69488049
273417669 -791421231
-926562259 143197325
310591449 -899508813
168396039 -486057234
87434739 -250651764
132562987 750226774
304889949 -882930963
81277119 -232747686
305688159 -885251862
247418829 -715826235
194736969 -562646901
262128699 -758597088
249129279 -720799590
-763317295 117806469
-187086937 28180537
48550509 -137590827
193368609 -558668217
242173449 -700574613
161039277 910252029
167369769 -483073221
88232949 -252972663
59155299 -168425628
-188305183 28370021
85154139 -244020624
40910499 -115376508
-981383329 151724105
100320129 -288117705
339897159 -984718962
218341179 -631279200
-330839965 50539649
-752353081 116101113
-816920119 126143765
109230801 619109307
204315489 -590497689
-765753787 118185437
-964327885 149071329
-492866683 75741021
173899537 982521499
-829102579 128038605
-567179689 87299545
75347559 -215506722
168939151 954646132
147870639 -426376974
175552999 991813288
111837159 -321604962
141713019 -408472896
118450899 -340835268
64403609 367198583
203289219 -587513676
39417961 226789327
113547609 -326578317
152659899 -440302368
294741279 -853422390
28025109 -77910567
134187039 -386590134
80938229 460116473
340581339 -986708304
49155015 281507640
174439629 -503629755
70558299 -201581328
211043259 -610059552
109598237 621174149
132248529 -380953665
69363995 395073950
272961549 -790095003
246620619 -713505336
248787189 -719804919
-118865161 17569433
204885639 -592155474
-369823837 56603137
135318757 765713089
316406979 -916418220
175237839 -505950654
327695949 -949242363
201806829 -583203435
305118009 -883594077
-712150963 109848141
163492749 -471800283
219367449 -634263213
143953503 814236876
123012099 -354097548
176150079 -508603110
4534929 -9609825
101147209 573682783
133481577 755388879
53380529 305253323
290750229 -841817895
319485789 -925370259
120959559 -348129522
104197149 -299390643
105337449 -302706213
142739289 -411456909
52461939 300091218
274786029 -795399915
101802519 -292427946
-734079391 113258853
-457537549 70245985
154792865 875149715
280715589 -812640879
146158119 826625928
-794991691 122733053
-539160031 82941413
169764399 -490035918
121301649 -349124193
-81409 4818812
117310599 -337519698
11376729 -29503245
340467309 -986376747
177404409 -512250237
175920435 993878130
47524239 -134606814
250497639 -724778274
155624679 -448922850
259391979 -750639720
6473439 -15246294
274101849 -793410573
255172869 -738372111
174266973 984586341
267374079 -773848710
89572975 508640260
9471927 58504704
95302809 -273529197
195307119 -564304686
197017569 -569278041
166001409 -479094537
34980939 -98135544
175009779 -505287540
25087957 146260489
284820669 -824576931
145818099 -420408948
234305379 -677697180
150383633 850371611
28027445 162779225
113661639 -326909874
89601309 -256951347
243655839 -704884854
255058839 -738040554
299188449 -866353113
39086019 -110071596
-405152971 62098173
225068949 -650841063
-866868205 133912609
174097539 -502635084
154598409 -445938837
141142869 -406815111
83510281 474570367
243199719 -703558626
90859001 515867207
94504599 -271208298
156446327 884441504
157221099 -453564648
337046409 -976430037
56503735 322804480
326669679 -946258350
114117759 -328236102
136011519 -391895046
83877717 476635209
280145439 -810983094
26770779 -74263440
91042719 516899628
304091739 -880610064
-745043605 114964209
294285159 -852096162
291320379 -843475680
118678959 -341498382
284364549 -823250703
76161561 433273527
10023081 61601967
269654679 -780479850
188009199 -543085038
-947272441 146418553
44929501 257761957
168167979 -485394120
176655307 998007814
-308911537 47128937
286027 6883654
21867489 -60006489
303635619 -879283836
217656999 -629289858
-769408525 118753889
23235849 -63985173
343318059 -994665672
324275049 -939295653
155738709 -449254407
-241908007 36707317
21981519 -60338046
37764499 217497538
197929809 -571930497
183333969 -529491201
287785449 -833197413
7267311 46115652
242059419 -700243056
-992347543 153429461
209332809 -605086197
23920029 -65974515
-38460925 5063489
195763239 -565630914
245708379 -710852880
75005469 -214512051
43419159 -122670762
-634183219 97721165
-695299 -810515
-579362149 89194385
79284767 450824684
196105329 -566625585
279803349 -809988423
308082789 -892214559
268058259 -775838052
7157619 -17235636
206139969 -595802601
51743349 -146874423
334081629 -967809555
139727989 790491193
55952581 319707217
-353986639 54139845
15253749 -40776183
-541596523 83320381
168204279 950516448
102828789 -295411959
160299909 -462516687
309907269 -897519471
117994779 -339509040
2858079 21337548
78198309 -223795647
-400279987 61340237
208078479 -601439070
-905852077 139976097
23434495 136968700
163606779 -472131840
138634209 -399520857
54366039 -154500234
62462169 -178040781
201789 2989341
301697109 -873647367
117538659 -338182812
207508329 -599781285
125520759 -361391802
130909525 740934985
123582249 -355755333
114915969 -330557001
263154969 -761581101
141827049 -408804453
131644397 745064669
180597249 -521533833
143586067 812172034
295995609 -857069517
61663959 -175719882
-33587941 4305553
-468501763 71951341
185500539 -535790784
168966189 -487715019
53111709 -150853107
307968759 -891883002
146709273 829723191
156536919 -451575306
342747909 -993007887
250041519 -723452046
88346979 -253304220
-305256799 46560485
112721443 638725306
-573270919 88246965
266119749 -770201583
52769619 -149858436
153506839 867922768
98575157 559228889
85347461 484894577
145055811 820431402
116740449 -335861913
327353859 -948247692
64954763 370295846
-978946837 151345137
51287229 -145548195
39998259 -112724052
136353609 -392889717
121643739 -350118864
92680119 -265903386
111067981 629433517
322336539 -933659184
258365709 -747655707
264409299 -765228228
65997099 -188319048
229059999 -662445558
-721896931 111364013
-134702359 20032725
74549349 -213185823
-427081399 65508885
24353085 142130805
-285764863 43528741
126775089 -365038929
296223669 -857732631
317775339 -920396904
232594929 -672723825
271707219 -786447876
234989559 -679686522
205797879 -594807930
-265127 3786391
21964751 128709332
-631746727 97342197
55848429 -158810475
192570399 -556347318
88689069 -254298891
73865169 -211196481
145932129 -420740505
281171709 -813967107
136788501 773972457
96785199 -277839438
156879009 -452569977
276838569 -801367941
59953509 -170746527
88917129 -254962005
296565759 -858727302
126547029 -364375815
142300041 804945087
153116019 -441628596
-813265381 125575313
3850749 -7620483
31446009 -87857277
142853319 -411788466
310819509 -900171927
-842503285 130122929
225525069 -652167291
129625839 -373327854
127117179 -366033600
8640009 -21545877
311275629 -901498155
69189939 -197602644
34068699 -95483088
147186459 -424387632
257225409 -744340137
298618299 -864695328
-887578387 137133837
78182459 444630158
-714587455 110227109
290978289 -842481009
-51861631 7147813
-430736137 66077337
-201705889 30454345
84612589 480764893
97355349 -279497223
42357449 243308063
-611036545 94120969
92566089 -265571829
-284546617 43339257
23577939 -64979844
239094639 -691622574
219595509 -634926327
84355929 -241699725
210131019 -607407096
-619564267 95447357
94717079 537548048
344344329 -997649685
-874177681 135049513
126661059 -364707372
255400929 -739035225
20499129 -56027805
-316221013 48265841
222788349 -644209923
90969669 -260930031
184930389 -534132999
-791336953 122164601
29680907 172071014
202376979 -584861220
313670259 -908460852
323020719 -935648526
141932605 802880245
153874275 869987610
206824149 -597791943
-341804179 52245005
43875279 -123996990
204543549 -591160803
6131349 -14251623
88286949 501413313
-55516369 7716265
211727439 -612048894
310363389 -898845699
138862269 -400183971
154370349 -445275723
56988729 -162126045
59810659 341388058
172615149 -498324843
-302820307 46181517
73956945 420884475
28394881 164844067
-857122237 132396737
216630729 -626305845
48236425 276345535
276382449 -800041713
5903289 -13588509
65689635 374425530
179799039 -519212934
132746705 751259195
34524819 -96809316
-608600053 93742001
-891233125 137702289
17922955 105996070
315722799 -914428878
66681279 -190308390
44103339 -124660104
-244344499 37086285
32472279 -90841290
84926079 -243357510
144677799 -417093378
88470667 502445734
55217709 315577533
74435319 -212854266
152955685 864825505
50260959 -142564182
166685589 -481083879
170225177 961873079
-124956391 18516853
281855889 -815956449
204087429 -589834575
63374409 -180693237
-639056203 98479101
51629319 -146542866
240006879 -694275030
63260379 -180361680
179342919 -517886706
242401509 -701237727
77286069 -221143191
292232619 -846128136
155168559 -447596622
33171549 191687013
-213888349 32349185
-987474559 152671525
13087179 -34476600
115477213 654211621
11125389 67796493
90855639 -260598474
141484959 -407809782
183790089 -530817429
100548189 -288780819
154826469 -446601951
90307847 512769944
128257479 -369349170
-552560737 85025737
129967929 -374322525
-727988161 112311433
-289419601 44097193
61093809 -174062097
75119499 -214843608
220279689 -636915669
214008039 -618680034
108188199 -310995138
273075579 -790426560
212753709 -615032907
-399061741 61150753
208420569 -602433741
31334369 181362803
311845779 -903155940
170220519 -491362146
95644899 -274523868
11604789 -30166359
-637837957 98289617
97469379 -279828780
315608769 -914097321
93934449 -269550513
344800449 -998975913
278663049 -806672853
108074169 -310663581
173164665 978391815
171327485 968067605
23618213 138001121
213323859 -616690692
302267259 -875305152
102433235 580909730
337958649 -979082493
18474109 109093333
197245629 -569941155
134767603 762615826
340923429 -987702975
-205360627 31022797
125765421 712027197
14341509 -38123727
23691969 -65311401
-955800163 147744941
28481229 -79236795
-894887863 138270741
-954581917 147555457
330432669 -957199731
-278455387 42391837
40796469 -115044951
99179829 -284802135
-339367687 51866037
-360077869 55087265
60409629 -172072755
-710932717 109658657
-876614173 135428481
182877849 -528164973
96329079 -276513210
91653849 -262919373
176720229 -510260895
330546699 -957531288
38683089 222659643
174211569 -502966641
144137221 815269297
30783215 178265540
12517029 -32818815
160756029 -463842915
144905859 -417756492
3776669 26499653
51543349 294929113
-893669617 138081257
318345489 -922054689
42908603 246405326
344572389 -998312799
247988979 -717484020
198728019 -574251396
-653675155 100752909
138520179 -399189300
317091159 -918407562
232138809 -671397597
344116269 -996986571
116212085 658341305
85838319 -246009966
42278859 -119355192
-528195817 81236057
317433249 -919402233
184246209 -532143657
306828459 -888567432
176378139 -509266224
27476291 159681962
-628091989 96773745
21781033 127676911
299872629 -868342455
129397779 -372664740
-505049143 77635861
70102179 -200255100
229858209 -664766457
244225989 -706542639
59075787 337258374
42506919 -120018306
35094969 -98467101
-340585933 52055521
147811581 835917717
-740170621 114206273
315266679 -913102650
50441041 288734587
-286983109 43718225
32016159 -89515062
168624099 -486720348
130766139 -376643424
54023949 -153505563
111251699 630465938
137707091 779134562
109414519 620141728
334879839 -970130454
97289131 552001942
3622689 -6957369
63716499 -181687908
-60389353 8474201
328608189 -951894819
342519849 -992344773
86066379 -246673080
73409049 -209870253
107732079 -309668910
-941181211 145471133
26200629 -72605655
123009651 696540882
-43333909 5821425
181281429 -523523175
298048149 -863037543
-572052673 88057481
338756859 -981403392
227349549 -657472203
111619135 632530780
227463579 -657803760
-821793103 126901701
73751139 -210864924
84428871 479732472
239550759 -692948802
229288059 -663108672
-777936247 120080277
57900969 -164778501
293600979 -850106820
293258889 -849112149
176948289 -510924009
116056269 -333872571
167255739 -482741664
92696181 526191417
198956079 -574914510
169306587 956710974
236243889 -683333649
-565961443 87110061
297363969 -861048201
-614691283 94689421
133274799 -383937678
30761829 -85867935
134415099 -387253248
221191929 -639568125
-690222535 106437429
235217619 -680349636
40454379 -114050280
143402349 811139613
75794125 431208685
46269909 -130959687
234875529 -679354965
172062357 972197289
248331069 -718478691
326099529 -944600565
104311179 -299722200
316863099 -917744448
179685009 -518881377
180825309 -522196947
209560869 -605749311
-960673147 148502877
172159029 -496998615
14569569 -38786841
129739869 -373659411
10206799 62634388
276952599 -801699498
240691059 -696264372
134951321 763648247
160855559 909219608
121073589 -348461079
-802301167 123869957
146160189 -421403619
16820647 99801544
-919252783 142060421
246734649 -713836893
321538329 -931338285
9552249 -24198333
217885059 -629952972
76031739 -217496064
115293495 653179200
102144609 -293422617
166367099 940192238
132011833 747129511
-676821829 104353105
31788099 -88851948
205341759 -593481702
58157197 332096269
211499379 -611385780
147076709 831788033
96921695 549937100
208990719 -604091526
17306289 -46744209
226665369 -655482861
-804737659 124248925
92908179 -266566500
-548905999 84457285
46611999 -131954358
101004309 -290107047
300898899 -871326468
29051379 -80894580
324617139 -940290324
113091489 -325252089
325643409 -943274337
-600072331 92415613
14911659 -39781512
-71353567 10179557
25455393 148325331
62576199 -178372338
74875535 426046580
89021821 505542997
256541229 -742350795
93364299 -267892728
325871469 -943937451
324731169 -940621881
297135909 -860385087
260190189 -752960619
237498219 -686980776
42849009 -121012977
125949139 713059618
303407559 -878620722
-413680693 63424561
29621529 -82552365
184360239 -532475214
46840059 -132617472
70330239 -200918214
85531179 485926998
21183309 -58017147
24832269 -68626971
143993619 -415104036
45243639 -127975674
45585729 -128970345
51857379 -147205980
189605619 -547726836
108863365 617044465
46399245 266021325
311161599 -901166598
-163940263 24580341
173755449 -501640413
243769869 -705216411
-107900947 15864077
78654429 -225121875
-480684223 73846181
188693379 -545074380
281399769 -814630221
158817519 -458206446
-265054681 40307513
54850273 313512691
155054529 -447265065
-635401465 97910649
174553659 -503961312
104425209 -300053757
27292573 158649541
174634409 986651183
90627579 -259935360
137493909 -396205287
189719649 -548058393
225182979 -651172620
72724869 -207880911
73589509 418819633
-491648437 75551537
338186709 -979745607
47980359 -135933042
308424879 -893209230
326213559 -944932122
135441369 -390237261
49690809 -140906397
110516827 626336254
-99373225 14537689
-42115663 5631941
123193369 697573303
114558623 649049516
-174904477 26285697
148440789 -428034759
60181569 -171409641
-911943307 140923517
67526815 384749740
271593189 -786116319
234533439 -678360294
13885389 -36797499
8369619 52310178
162010359 -467490042
226209249 -654156633
95268233 540645311
133730919 -385263906
60637689 -172735869
87776829 -251646435
229174029 -662777115
258821829 -748981935
103535543 587104256
233735229 -676039395
-300383815 45802549
262014669 -758265531
118108809 -339840597
160120687 905089924
85382199 -244683738
-983819821 152103073
2306925 18240285
224384769 -648851721
301811139 -873978924
-44552155 6010909
312529959 -905145282
95986989 -275518539
59611419 -169751856
79652203 452889526
171588879 -495340830
-466065271 71572373
41594679 -117365850
92512463 525158996
251637939 -728093844
129055689 -371670069
157916071 892700872
-533068801 81993993
17648379 -47738880
200894589 -580550979
-832757317 128607057
176036049 -508271553
186070689 -537448569
229972239 -665098014
189263529 -546732165
-355204885 54329329
112170289 635628043
170790669 -493019931
87548769 -250983321
-501394405 77067409
161326179 -465500700
163150659 -470805612
-15314251 1463293
164290959 -474121182
138809399 785329088
-775499755 119701309
128337473 726481091
-351550147 53760877
156993039 -452901534
218911329 -632936985
182079639 -525844074
190403829 -550047735
80364879 -230095230
279347229 -808662195
-998438773 154376881
165203199 -476773638
216288639 -625311174
151405569 -436655241
105372723 597428466
194166819 -560989116
-622000759 95826325
312187869 -904150611
-696313765 107384849
174450691 985618762
54115401 309383007
58813209 -167430957
140572719 -405157326
314012349 -909455523
163611329 924705923
-358859623 54897781
298390239 -864032214
50945139 -144553524
98153559 -281818122
254716749 -737045883
216972819 -627300516
242971659 -702895512
105907599 -304363998
72952929 -208544025
265207509 -767549127
26086599 -72274098
81856819 465278578
-17750743 1842261
37603629 -105761355
48892599 -138585498
-963109639 148881845
101460429 -291433275
181509489 -524186289
-735297637 113448337
-96936733 14158721
301469049 -872984253
34296759 -96146202
173071269 -499651071
214350129 -619674705
278434989 -806009739
229516119 -663771786
294171129 -851764605
5789259 -13256952
75242971 428111422
158467225 895798135
-428299645 65698369
34457575 198913960
-686567797 105868977
149923179 -432345000
277408719 -803025726
202262949 -584529663
115144029 -331220115
198157869 -572593611
-304038553 46371001
74663379 -213517380
62006049 -176714553
260988399 -755281518
109898649 -315968493
-140793589 20980145
157107069 -453233091
243427779 -704221740
94533361 536515627
218227149 -630947643
222446259 -643215252
-226070809 34244025
60523659 -172404312
-542814769 83509865
37147509 -104435127
10692549 -27513903
107209903 607752676
-274800649 41823385
259506009 -750971277
-667075861 102837233
-392970511 60203333
58708351 335193532
-558651967 85973157
231454629 -669408255
287101269 -831208071
152037095 859663400
-859558729 132775705
-449009827 68919597
21525399 -59011818
70786359 -202244442
-651238663 100373941
156194829 -450580635
52655589 -149526879
72382779 -206886240
142625259 -411125352
287899479 -833528970
326555649 -945926793
6587469 -15577851
41708709 -117697407
304661889 -882267849
85610259 -245346852
182991879 -528496530
-219979579 33296605
327125799 -947584578
53225739 -151184664
125064639 -360065574
53931683 308350586
313898319 -909123966
70672329 -201912885
108644319 -312321366
86864589 -248993979
328722219 -952226376
14797629 -39449955
165317229 -477105195
55392309 -157484247
77628159 -222137862
19025263 112190596
-133484113 19843241
-944835949 146039585
24604209 -67963857
304205769 -880941621
173527389 -500977299
132704649 -382279893
105679539 -303700884
202605039 -585524334
217314909 -628295187
341265519 -988697646
-307693291 46939453
307854729 -891551445
66424507 378555214
163948869 -473126511
-950927179 146987005
285276789 -825903159
115109777 652146779
75575619 -216169836
248901219 -720136476
332029089 -961841529
89373249 -256288233
32436677 187557329
76943979 -220148520
91767879 -263250930
178544709 -515565807
8069859 -19888092
208648629 -603096855
54822159 -155826462
-853467499 131828285
129990935 735772880
182763819 -527833416
57238607 326934164
280259469 -811314651
242515539 -701569284
152203779 -438976140
85163743 483862156
49234689 -139580169
179000829 -516892035
238068369 -688638561
68277699 -194950188
-215106595 32538669
39234243 225756906
10757953 65731651
-648802171 99994973
85268169 -244352181
303521589 -878952279
138258245 782231825
11490759 -29834802
-942399457 145660617
198499959 -573588282
131093243 741967406
115942239 -333541014
-770626771 118943373
198385929 -573256725
157905279 -455553990
223358499 -645867708
136581669 -393552831
160641999 -463511358
146274219 -421735176
8920773 55407441
186412779 -538443240
-679258321 104732073
5430131 35791442
-656111647 101131877
50717079 -143890410
325757439 -943605894
55164249 -156821133
331230879 -959520630
23805999 -65642958
21413597 125612069
334765809 -969798897
50489019 -143227296
161098119 -464837586
262470789 -759591759
169992459 -490699032
91226437 517932049
148362735 839014980
143769785 813204455
109214469 -313979151
-172467985 25906729
265435569 -768212241
317319219 -919070676
240234939 -694938144
11034639 -28508574
174667689 -504292869
222902379 -644541480
7451029 47148073
133297859 754356458
80570793 458051631
3225515 23402390
17534349 -47407323
42050799 -118692078
277750809 -804020397
144449739 -416430264
165545289 -477768309
-299165569 45613065
15823899 -42433968
276268419 -799710156
96737977 548904679
69075909 -197271087
212525649 -614369793
224726859 -649846392
-145666573 21738081
285618879 -826897830
164346201 928835607
-904633831 139786613
68077969 387847003
123377087 698605724
22148469 129741753
32252959 186524908
267602139 -774511824
15534621 92574597
98723709 -283475907
-771845017 119132857
39428109 -111066267
332143119 -962173086
146046159 -421072062
155510649 -448591293
38059749 -107087583
-403934725 61908689
-907070323 140165581
136239579 -392558160
219139389 -633600099
-604945315 93173549
117652689 -338514369
62804259 -179035452
156262609 883409083
79452639 -227442774
325187289 -941948109
116946957 662470989
210473109 -608401767
57054889 325901743
33954669 -95151531
-422208415 64750949
187781139 -542421924
211271319 -610722666
82873539 -237389484
57672909 -164115387
311731749 -902824383
245024199 -708863538
158703489 -457874889
25402419 -70284756
274557969 -794736801
213095799 -616027578
133160769 -383606121
231796719 -670402926
-199269397 30075377
3960387 27532074
180255159 -520539162
106933869 -307348011
69988149 -199923543
-436827367 67024757
93982207 533418364
305574129 -884920305
61464121 350679847
60912967 347582584
122441949 -352439763
-535505293 82372961
15481809 -41439297
65505917 373393109
116395803 659373726
-109119193 16053561
-790118707 121975117
193824729 -559994445
53564247 306285744
299074419 -866021556
258251679 -747324150
146844369 -423392961
150016197 848306769
23250777 135936279
328266099 -950900148
-736515883 113637821
79468485 451857105
-262618189 39928545
331344909 -959852187
94349643 535483206
30419739 -84873264
230086269 -665429571
141028839 -406483554
278206929 -805346625
65138481 371328267
100890279 -289775490
63117583 359971636
-31151449 3926585
8553337 53342599
-142011835 21169629
-110337439 16243045
-216324841 32728153
239208669 -691954131
-933871735 144334229
89205539 506575418
247304799 -715494678
262356759 -759260202
-67698829 9611105
94162509 -270213627
269084529 -778822065
-257745205 39170609
51910785 296993955
82591691 469408262
180939339 -522528504
-445355089 68351145
222104169 -642220581
205227729 -593150145
68812841 391976687
48787579 279442798
-966764377 149450297
81163089 -232416129
169536339 -489372804
64036173 365133741
19928979 -54370020
38173779 -107419140
107047899 -307679568
155895173 881344241
-101809717 14916657
18446589 -50059779
7955829 -19556535
123696279 -356086890
138292119 -398526186
-223634317 33865057
310933539 -900503484
126432999 -364044258
-149321311 22306533
148179017 837982559
57102759 -162457602
288241569 -834523641
37489599 -105429798
-691440781 106626913
-805955905 124438409
212297589 -613706679
219937599 -635920998
89940411 510705102
-324748735 49592229
-854685745 132017769
23007789 -63322059
42620949 -120349863
189833679 -548389950
10008369 -25524561
-977728591 151155653
121539907 688281514
-243126253 36896801
-195614659 29506925
155282589 -447928179
209788929 -606412425
17192259 -46412652
184816359 -533801442
19760135 116320280
96215049 -276181653
252094059 -729420072
150751069 852436453
-239471515 36328349
162922599 -470142498
187325019 -541095696
120047319 -345477066
66453219 -189645276
149809149 -432013443
-668294107 103026717
46041849 -130296573
45357669 -128307231
223586559 -646530822
97697439 -280491894
-323530489 49402745
169650369 -489704361
84980025 482829735
224498799 -649183278
37831689 -106424469
50032899 -141901068
1020899 11013338
87184641 495218787
119705229 -344482395
111723129 -321273405
156422889 -451243749
92452059 -265240272
-709714471 109469173
-368605591 56413653
173532101 980456657
20271069 -55364691
116854479 -336193470
268970499 -778490508
63032319 -179698566
240919119 -696927486
266917959 -772522482
126132857 714092039
-695095519 107195365
-486775453 74793601
223814619 -647193936
7727769 -18893421
337274469 -977093151
55620369 -158147361
71384893 406430581
19472859 -53043792
182193669 -526175631
219823569 -635589441
35743601 206140907
-66480583 9421621
126318969 -363712701
270909009 -784126977
116626419 -335530356
59839479 -170414970
121871799 -350781978
-37242679 4874005
55050219 -156489576
27911079 -77579010
34090139 196849118
153686169 -443286381
275584239 -797720814
153139403 865857926
-881487157 136186417
-455101057 69867017
-260181697 39549577
163978765 926770765
268172289 -776169609
132134499 -380622108
122213889 -351776649
-338149441 51676553
177290379 -511918680
155711455 880311820
328950279 -952889490
117196569 -337188141
315038619 -912439536
199868319 -577566966
339327009 -983061177
94276539 -270545184
276724539 -801036384
42724885 245372905
282768129 -818608905
140830297 796685719
-784027477 121027697
-81099535 11695429
82303389 -235731699
267716169 -774843381
48208419 -136596156
139090329 -400847085
-328403473 50160681
17188083 101866386
-240689761 36517833
19358829 -52712235
8868069 -22208991
20841219 -57022476
44217369 -124991661
148546453 840047401
291092319 -842812566
110126709 -316631607
108679647 616012044
10122399 -25856118
-531850555 81804509
-613473037 94499937
-442918597 67972177
180141129 -520207605
-16532497 1652777
-251653975 38223189
-450228073 69109081
142667477 807009929
332827299 -964162428
119519009 676924883
33906421 195816697
41255141 237113537
-487993699 74983085
179913069 -519544491
73180989 -209207139
-512358619 78772765
43827193 251567431
40703987 234016274
62750147 357906794
165773349 -478431423
90171459 -258609132
9780309 -24861447
148730171 841079822
292688739 -847454364
61892019 -176382996
279917379 -810319980
143537499 -413777808
145239529 821463823
37580781 216465117
-993565789 153618945
66240789 377522793
276496479 -800373270
233279109 -674713167
274671999 -795068358
-875395927 135238997
-113992177 16811497
169857741 959808237
59259505 338290795
151747659 -437649912
189947709 -548721507
49889887 285637324
190745919 -551042406
-228507301 34622993
32586309 -91172847
312872049 -906139953
-311348029 47507905
158133339 -456217104
-154194295 23064469
8754039 -21877434
269540649 -780148293
312301899 -904482168
154142289 -444612609
11676543 70893756
39656169 -111729381
230770449 -667418913
-211451857 31970217
16736139 -45086424
175369281 990780867
-178559215 26854149
242743599 -702232398
77742189 -222469419
289495899 -838170768
326441619 -945595236
305232039 -883925634
-293074339 44665645
335678049 -972451353
137835999 -397199958
15902057 94639439
231682689 -670071369
50374989 -142895739
264181239 -764565114
49918869 -141569511
261216459 -755944632
58585149 -166767843
76373829 -218490735
137890809 780166983
279575289 -809325309
219481479 -634594770
280487529 -811977765
294513219 -852759276
203061159 -586850562
191886219 -554357976
201350709 -581877207
131460679 744032248
-796209937 122922537
-938744719 145092165
52427529 -148863765
2710449 -4304913
-743825359 114774725
44331399 -125323218
255628989 -739698339
225639099 -652498848
221876109 -641557467
334993869 -970462011
273189609 -790758117
26998839 -74926554
27843727 161746804
-719460439 110985045
-378351559 57929525
5333139 -11930724
184702329 -533469885
44559459 -125986332
-556215475 85594189
12631059 -33150372
60865749 -173398983
96443109 -276844767
-397843495 60961269
40568409 -114381837
-517231603 79530701
-720678685 111174529
321766389 -932001399
68505759 -195613302
35192447 203043644
253462419 -733398756
44378347 254664694
-334494703 51108101
159273639 -459532674
-774281509 119511825
469745 7916075
-574489165 88436449
119591199 -344150838
232366869 -672060711
121172471 686216672
264067209 -764233557
31103919 -86862606
283224249 -819935133
103398939 -297069744
-48206893 6579361
40520269 232983853
52883649 -150189993
264523329 -765559785
86750559 -248662422
61321869 -174725211
-456319303 70056501
201578769 -582540321
-132265867 19653757
259620039 -751302834
20311289 119417543
135897489 -391563489
-23841973 2789681
185158449 -534796113
298846359 -865358442
182421729 -526838745
330660729 -957862845
75917709 -217164507
136695699 -393884388
10578519 -27182346
136467639 -393221274
32620395 188589750
236015829 -682670535
227919699 -659129988
98207721 557164047
231112539 -668413584
-701186749 108142785
41366619 -116702736
162876457 920576239
262698849 -760254873
47068119 -133280586
161440209 -465832257
-788900461 121785633
-525759325 80857089
-478247731 73467213
302837409 -876962937
177518439 -512581794
50257323 287702166
151118505 854501295
329862519 -955541946
275014089 -796063029
-991129297 153239977
269882739 -781142964
-237035023 35949381
257567499 -745334808
268856469 -778158951
-844939777 130501897
67023369 -191303061
-916816291 141681453
256427199 -742019238
197815779 -571598940
295083369 -854417061
46155879 -130628130
264865419 -766554456
83443689 -239047269
31331979 -87525720
217999089 -630284529
-702404995 108332269
168282009 -485725677
2482389 -3641799
48664539 -137922384
144320939 816301718
86266051 490056682
216858789 -626968959
18332559 -49728222
74321289 -212522709
46950399 269118588
208876689 -603759969
-868086451 134102093
52278221 299058797
45129609 -127644117
140462861 794620877
286873209 -830544957
73405791 417787212
-888796633 137323321
-781590985 120648729
83142845 472505525
127003149 -365702043
-429517891 65887853
84061435 477667630
41438859 238145958
109556559 -314973822
77856219 -222800976
-343022425 52434489
68163669 -194618631
178202619 -514571136
-327185227 49971197
176834259 -510592452
13201209 -34808157
119135079 -342824610
1204617 12045759
120617469 -347134851
154712439 -446270394
270680949 -783463863
285162759 -825571602
-922907521 142628873
66567249 -189976833
221305959 -639899682
172246075 973229710
67593519 -192960846
15167185 90509755
83785779 -240041940
-591544609 91089225
239778819 -693611916
-479465977 73656697
324503109 -939958767
143218631 810107192
103168107 585039414
14227479 -37792170
101118339 -290438604
320169969 -927359601
1570149 -989343
227577609 -658135317
325529379 -942942780
307398609 -890225217
11860261 71926177
209104749 -604423083
-797428183 123112021
96186823 545807416
264637359 -765891342
271137069 -784790091
35927319 207173328
42541167 244340484
158475429 -457211775
243313749 -703890183
272733489 -789431889
33384519 -93493746
172843209 -498987957
-222416071 33675573
-785245723 121217181
177974559 -513908022
337502529 -977756265
107026185 606720255
65312919 -186329706
270794979 -783795420
-994784035 153808429
-349113655 53381909
235445679 -681012750
104767299 -301048428
130994199 -377306538
327467889 -948579249
313100109 -906803067
-685349551 105679493
85040109 -243689067
193482639 -558999774
149832479 847274348
178088589 -514239579
338528799 -980740278
162352449 -468484713
132362559 -381285222
136237347 770875194
283452309 -820598247
-68917075 9800589
108986409 -313316037
-726769915 112121949
115372089 -331883229
282083949 -816619563
132930423 752291616
-283328371 43149773
100662219 -289112376
179570979 -518549820
771939 1331556
179228889 -517555149
140095425 792556035
182649789 -527501859
-545251261 83888833
131828115 746097090
186868899 -539769468
-749916589 115722145
-937526473 144902681
50624759 289767008
126867729 718221723
-448845 2753970
155527737 879279399
182535759 -527170302
154028259 -444281052
-630528481 97152713
110468799 -317626278
-467283517 71761857
-49425139 6768845
41936769 -118360521
161668269 -466495371
161590431 913349292
215718489 -623653389
243997929 -705879525
294969339 -854085504
323134749 -935980083
-366169099 56034685
340125219 -985382076
39969115 229886590
-165158509 24769825
223130439 -645204594
39542139 -111397824
108302229 -311326695
47866329 -135601485
185842629 -536785455
34866909 -97803987
-395407003 60582301
134301069 -386921691
160304405 906122345
653463 8948496
52997679 -150521550
128029419 -368686056
92145027 523094154
63301301 361004057
147627863 834885296
5062695 33726600
170334549 -491693703
70444269 -201249771
-949708933 146797521
212069529 -613043565
44901549 -126981003
106842467 605687834
17555519 103931228
134032731 758486142
-969200869 149829265
-406371217 62287657
289039779 -836844540
110700545 627368675
142483759 805977508
141565169 800815403
31674069 -88520391
193026519 -557673546
272391399 -788437218
185044419 -534464556
309223089 -895530129
128713599 -370675398
104454133 592266361
216744759 -626637402
-914379799 141302485
34752879 -97472430
55585145 317642375
150379299 -433671228
249357339 -721462704
96557139 -277176324
168053949 -485062563
124494489 -358407789
106363719 -305690226
89389257 507607839
78733613 447727421
122091061 691378777
168738129 -487051905
57444849 -163452273
22665699 -62327388
234419409 -678028737
41622577 239178379
-626873743 96584261
94618629 -271539855
63668737 363068899
-122519899 18137885
247646889 -716489349
187439049 -541427253
323476839 -936974754
-825447841 127470153
172613511 975294552
131906439 -379958994
187096959 -540432582
33270489 -93162189
125634789 -361723359
292118589 -845796579
43989309 -124328547
225411039 -651835734
-885141895 136754869
8185901 51277757
72268749 -206554683
125292699 -360728688
319941909 -926696487
1388335 13078180
-985038067 152292557
118416701 670730357
163264689 -471137169
29393469 -81889251
209218779 -604754640
89943399 -257946018
161774149 914381713
336476259 -974772252
152089749 -438644583
86633487 492121524
188465319 -544411266
72496809 -207217797
277066629 -802031055
84698019 -242694396
341379549 -989029203
58340915 333128690
232937019 -673718496
17371801 102898807
-913161553 141113001
-184650445 27801569
157677219 -454890876
128485539 -370012284
20495007 120449964
-263836435 40118029
109047083 618076886
90057429 -258277575
309679209 -896856357
188807409 -545405937
-808392397 124817377
338870889 -981734949
323248779 -936311640
80706969 -231089901
226551339 -655151304
198842049 -574582953
62566429 356874373
164747079 -475447410
76829949 -219816963
70900389 -202575999
70216209 -200586657
292460679 -846791250
119933289 -345145509
84583989 -242362839
202491009 -585192777
253804509 -734393427
194052789 -560657559
116763239 661438568
104539239 -300385314
280829619 -812972436
-131047621 19464273
190859949 -551373963
-238253269 36138865
244796139 -708200424
223016409 -644873037
318801609 -923380917
6815529 -16240965
33042429 -92499075
110354769 -317294721
130652109 -376311867
64172619 -183014136
-989911051 153050493
11309107 68828914
-461192287 70814437
97840285 555099205
238866579 -690959460
-586671625 90331289
44194629 253632273
195877269 -565962471
114345819 -328899216
14799749 88444913
81733239 -234073914
103719261 588136677
341607609 -989692317
235673739 -681675864
-372260329 56982105
193596669 -559331331
167483799 -483404778
206938179 -598123500
-319875751 48834293
145476009 -419414277
131108229 -377638095
-418553677 64182497
335564019 -972119796
162238419 -468153156
302039199 -874642038
255857049 -740361453
21046161 123547227
-495303175 76119989
-551342491 84836253
109100439 -313647594
21411369 -58680261
35893179 -100788000
-135920605 20222209
268400349 -776832723
222218199 -642552138
281057679 -813635550
221648049 -640894353
329976549 -955873503
53196811 304220902
309337119 -895861686
-816281 689128
128941659 -371338512
130174653 736805301
137379879 -395873730
5675229 -12925395
140116599 -403831098
200552499 -579556308
257339439 -744671694
229744179 -664434900
-952145425 147176489
29129753 168973751
187667109 -542090367
139660479 -402504870
133114141 753324037
-271145911 41254933
-547687753 84267801
-657329893 101321361
21229879 124579648
58927239 -167762514
256199139 -741356124
223244469 -645536151
251067789 -726436059
162141585 916446555
60979779 -173730540
5447169 -12262281
47296179 -133943700
-870522943 134481061
214806249 -621000933
82759509 -237057927
127573299 -367359828
8002183 50245336
246050469 -711847551
153800199 -443617938
238752549 -690627903
131450319 -378632766
10236429 -26187675
54480069 -154831791
-439263859 67403725
222560289 -643546809
190061739 -549053064
341835669 -990355431
2490643 19272706
77080151 438435632
-704841487 108711237
-312566275 47697389
-526977571 81046573
-687786043 106058461
-268709419 40875965
201920859 -583534992
86817205 493153945
250611669 -725109831
124608519 -358739346
87368359 496251208
51359631 293896692
-291856093 44476161
26542719 -73600326
-930216997 143765777
220393719 -637247226
77970249 -223132533
165887379 -478762980
280373499 -811646208
-148103065 22117049
-156630787 23443437
5105079 -11267610
255743019 -740029896
266803929 -772190925
333397449 -965820213
306486369 -887572761
172729179 -498656400
201692799 -582871878
61831557 352744689
29507499 -82220808
59041269 -168094071
149010939 -429692544
241147179 -697590600
40226319 -113387166
249243309 -721131147
67710533 385782161
191202039 -552368634
315380709 -913434207
19208981 113223017
-563524951 86731093
200096379 -578230080
157335129 -453896205
202719069 -585855891
-27496711 3358133
43647219 -123333876
248445099 -718810248
106021629 -304695555
-754789573 116480081
-490430191 75362053
-127392883 18895821
-793773445 122543569
15595839 -41770854
290864259 -842149452
23121819 -63653616
-756007819 116669565
340809399 -987371418
-751134835 115911629
102616953 581942151
-896106109 138460225
144107649 -415435593
-207797119 31401765
186982929 -540101025
41990013 241243221
241831359 -699579942
40336551 231951432
136053629 769842773
232024779 -671066040
-840066793 129743961
262812879 -760586430
68391729 -195281745
157181199 888571188
-766972033 118374921
16636929 98769123
111951189 -321936519
102942819 -295743516
-84754273 12263881
333625509 -966483327
261900639 -757933974
179114859 -517223592
322222509 -933327627
1342089 -326229
61549929 -175388325
-970419115 150018749
153458109 -442623267
288013509 -833860527
301126959 -871989582
201236679 -581545650
334651779 -969467340
68733819 -196276416
106477749 -306021783
199184139 -575577624
314810559 -911776422
291206349 -843144123
304775919 -882599406
200324439 -578893194
28139139 -78242124
306030249 -886246533
18674649 -50722893
154241711 872052452
-706059733 108900721
97241319 -279165666
181851579 -525180960
318231459 -921723132
-3131791 -431547
158283507 894765714
31217949 -87194163
-617127775 95068389
120161349 -345808623
205113699 -592818588
44745783 256729536
166799619 -481415436
286074999 -828224058
149648761 846241927
340353279 -986045190
-85972519 12453365
178886799 -516560478
119819259 -344813952
86636529 -248330865
-746261851 115153693
339441039 -983392734
215148339 -621995604
6899875 44050810
-475811239 73088245
253576449 -733730313
98039529 -281486565
241603299 -698916828
37029627 213367854
319029669 -924044031
-166376755 24959309
119021049 -342493053
112905161 639757727
6701499 -15909408
162580509 -469147827
68619789 -195944859
-453882811 69677533
172957239 -499319514
152404531 861728242
133665295 756421300
-98154979 14348205
202833099 -586187448
75689649 -216501393
53567829 -152179335
49804839 -141237954
155160301 877214557
166734535 942257080
170448579 -492025260
9839363 60569546
319713849 -926033373
54936189 -156158019
207736389 -600444399
140458689 -404825769
206253999 -596134158
-161503771 24201373
131276961 742999827
320512059 -928354272
32069241 185492487
-589108117 90710257
85952349 -246341523
-440482105 67593209
30875859 -86199492
180483219 -521202276
189377559 -547063722
51173199 -145216638
255514959 -739366782
-897324355 138649709
124479395 704800250
184588299 -533138328
28595259 -79568352
250953759 -726104502
256769289 -743013909
107393621 608785097
252778239 -731409414
64286649 -183345693
113319549 -325915203
-569616181 87678513
-650020417 100184457
29279439 -81557694
253348389 -733067199
169080219 -488046576
310135329 -898182585
-464847025 71382889
275470209 -797389257
-747480097 115343177
71201175 405398160
211613409 -611717337
270338859 -782469192
35323029 -99130215
175351869 -506282211
-516013357 79341217
95416839 -273860754
108872379 -312984480
178658739 -515897364
164176929 -473789625
-603727069 92984065
-759662557 117238017
184018149 -531480543
252550179 -730746300
78540399 -224790318
123354189 -355092219
325985499 -944269008
-760880803 117427501
87000923 494186366
197131599 -569609598
115660931 655244042
-173686231 26096213
298960389 -865689999
324845199 -940953438
95530869 -274192311
296451729 -858395745
134985249 -388911033
304433829 -881604735
220735809 -638241897
112749399 -324257418
17078229 -46081095
246506589 -713173779
175123809 -505619097
207394299 -599449728
-105464455 15485109
-90845503 13211301
-689004289 106247945
22893759 -62990502
250383609 -724446717
137037789 -394879059
338642829 -981071835
-410025955 62856109
80820999 -231421458
168510069 -486388791
45813789 -129633459
344230299 -997318128
-654893401 100942393
99521919 -285796806
167141709 -482410107
229402089 -663440229
68261687 388879424
221534019 -640562796
-196832905 29696409
-485557207 74604117
245252259 -709526652
29735559 -82883922
288811719 -836181426
134643159 -387916362
-126174637 18706337
252892269 -731740971
5561199 -12593838
-678040075 104542589
-511140373 78583281
4762989 -10272939
344002239 -996655014
181623519 -524517846
227805669 -658798431
274215879 -793742130
-787682215 121596149
259734069 -751634391
240577029 -695932815
38866807 223692064
35376165 204076065
287215299 -831539628
316064889 -915423549
332485209 -963167757
36007209 -101119557
-673167091 103784653
266689899 -771859368
143879589 -414772479
37945719 -106756026
250839729 -725772945
99861183 566455836
63485019 362036478
172797229 976326973
105565509 -303369327
153323121 866890347
44562065 255697115
130725807 739902564
-481902469 74035665
-297947323 45423581
214464159 -620006262
101698363 576780046
-416117185 63803529
-411244201 63045593
35665119 -100124886
312758019 -905808396
215946549 -624316503
88654385 503478155
314126379 -909787080
186298749 -538111683
305003979 -883262520
300784869 -870994911
160071849 -461853573
18788679 -51054450
83671749 -239710383
315152649 -912771093
167027679 -482078550
246962709 -714500007
120070163 680022146
73066959 -208875582
142511229 -410793795
212183559 -613375122
217200879 -627963630
143195409 -412783137
230314329 -666092685
-890014879 137512805
299758599 -868010898
123126129 -354429105
-699968503 107953301
131336289 -378301209
98024003 556131626
333739539 -966814884
-509922127 78393797
229630149 -664103343
239322699 -692285688
127418883 721318986
152588249 862760663
-22623727 2600197
261558549 -756939303
-75008305 10748009
-664639369 102458265
49462749 -140243283
213779979 -618016920
265321539 -767880684
3166569 -5631141
48603861 278410377
81391149 -233079243
251980029 -729088515
26557701 154519857
96554259 547872258
311389659 -901829712
11148669 -28840131
272049309 -787442547
25972569 -71942541
-632563 1721549
275812299 -798383928
79101049 449792263
-218761333 33107121
157732353 891668451
27340929 -75921225
61777989 -176051439
-819356611 126522733
209674899 -606080868
-221197825 33486089
285846939 -827560944
141370929 -407478225
149238999 -430355658
76345279 434305948
263040939 -761249544
154976583 876182136
164162483 927803186
146525555 828690770
262584819 -759923316
-597635839 92036645
164062899 -473458068
57558879 -163783830
121529709 -349787307
45699759 -129301902
-748698343 115532661
310021299 -897851028
342405819 -992013216
29497189 171038593
203517279 -588176790
330204609 -956536617
256085109 -741024567
293715009 -850438377
269996769 -781474521
328836249 -952557933
58524633 334161111
150949449 -435329013
71698599 -204896898
191544129 -553363305
81305665 462181315
222332229 -642883695
-177340969 26664665
95635669 542710153
245480319 -710189766
-79881289 11505945
336818349 -975766923
51175913 292864271
284022459 -822256032
38499371 221627222
999999 668442
339783129 -984387405
313214139 -907134624
141381451 799782982
38857959 -109408482
24490179 -67632300
120621317 683119409
141197733 798750561
62933865 358939215
77447587 440500474
337160439 -976761594
28578599 165876488
82775409 470440683
332713269 -963830871
132590619 -381948336
49348719 -139911726
94900797 538580469
74324381 422949317
-898542601 138839193
137607939 -396536844
298276209 -863700657
103855059 -298395972
114374905 648017095
183676059 -530485872
12745089 -33481929
254146599 -735388098
314696529 -911444865
338300739 -980077164
134583885 761583405
264295269 -764896671
-959454901 148313393
146616309 -422729847
142055109 -409467567
159385815 900960240
212639679 -614701350
143651529 -414109365
152771967 863793084
37397063 215432696
342975969 -993671001
237954339 -688307004
298732329 -865026885
-34806187 4495037
93250269 -267561171
308652939 -893872344
230542389 -666755799
157563189 -454559319
74140663 421916896
175001845 988716025
-26278465 3168649
-162722017 24390857
107618049 -309337353
270224829 -782137635
-641492695 98858069
206025939 -595471044
73637109 -210533367
278891109 -807335967
324389079 -939627210
173869479 -501971970
26925137 156584699
31560039 -88188834
13999419 -37129056
340695369 -987039861
88461009 -253635777
128371509 -369680727
193938759 -560326002
55768863 318674796
1572053 14110601
290408139 -840823224
302495319 -875968266
155852739 -449585964
301240989 -872321139
89829369 -257614461
232822989 -673386939
62382711 355841952
158650943 896830556
30048343 174135856
113205519 -325583646
-674385337 103974137
303293529 -878289165
56320017 321772059
228489849 -660787773
246164499 -712179108
2140299 -2647128
184132179 -531812100
288469629 -835186755
15937929 -42765525
34182729 -95814645
55033991 314545112
112521339 -323594304
89031159 -255293562
102030579 -293091060
-157849033 23632921
50073605 286669745
88103231 500380892
311047569 -900835041
333169389 -965157099
78549895 446695000
8737055 54375020
199982349 -577898523
117880749 -339177483
17990469 -48733551
170562609 -492356817
65540979 -186992820
124836579 -359402460
178772769 -516228921
83557719 -239378826
79794729 -228437445
209902959 -606743982
101514645 575747625
216174609 -624979617
297021879 -860053530
91881909 -263582487
253006299 -732072528
276154389 -799378599
-534287047 82183477
69874119 -199591986
56760669 -161462931
23067059 134903858
167469407 946386764
49522451 283572482
107761057 610849939
316292949 -916086663
135213309 -389574147
178316649 -514902693
201122649 -581214093
43533189 -123002319
246278529 -712510665
199298169 -575909181
320740119 -929017386
47638269 -134938371
232480899 -672392268
102714759 -295080402
224042679 -647857050
172429793 974262131
20678725 121482385
64587327 368231004
-70135321 9990073
-585453379 90141805
87092649 -249657093
128827629 -371006955
52094503 298026376
-520886341 80099153
316635039 -917081334
143309439 -413114694
105793569 -304032441
121757769 -350450421
153230049 -441960153
-665857615 102647749
230998509 -668082027
168020561 949484027
2254329 -2978685
86294439 -247336194
177860529 -513576465
19814949 -54038463
-717023947 110606077
-191959921 28938473
18290391 108060912
146341837 827658349
103351825 586071835
107944775 611882360
-269927665 41065449
-718242193 110795561
11492825 69861335
251751969 -728425401
156813763 886506346
45113219 258794378
-903415585 139597129
-377133313 57740041
32814369 -91835961
39884229 -112392495
56190519 -159805146
187553079 -541758810
-12877759 1084325
-598854085 92226129
315819 2657784
-234598531 35570413
140646579 795653298
329634459 -954878832
306258309 -886909647
-757226065 116859049
245138229 -709195095
31518087 182395224
77631305 441532895
150607359 -434334342
-389315773 59634881
268742439 -777827394
227235519 -657140646
176606199 -509929338
-498957913 76688441
244454049 -707205753
214578189 -620337819
299986659 -868674012
56418579 -160468260
286303059 -828887172
314468469 -910781751
97925499 -281155008
106591779 -306353340
111609099 -320941848
188351289 -544079709
148554819 -428366316
207850419 -600775956
53453799 -151847778
127687329 -367691385
24718239 -68295414
314924589 -912107979
153914229 -443949495
-36024433 4684521
8525979 -21214320
306372339 -887241204
109784619 -315636936
-681694813 105111041
79908759 -228769002
9324189 -23535219
87206679 -249988650
-288201355 43907709
-250435729 38033705
145790683 824561086
-72571813 10369041
325301319 -942279666
277636779 -803688840
139204359 -401178642
103170879 -296406630
37261539 -104766684
-764535541 117995953
43191099 -122007648
114742341 650081937
323704899 -937637868
28253169 -78573681
75803679 -216832950
233963289 -676702509
95872959 -275186982
286531119 -829550286
-742607113 114585241
16280019 -43760196
180369189 -520870719
314354439 -910450194
242287479 -700906170
343888209 -996323457
62690229 -178703895
63602469 -181356351
28762317 166908909
119477169 -343819281
-139575343 20790661
257111379 -744008580
6348721 40953547
-852249253 131638801
-773063263 119322341
71470539 -204233784
-386879281 59255913
237612249 -687312333
-848594515 131070349
-682913059 105300525
-115210423 17000981
166550817 941224659
-564743197 86920577
18104499 -49065108
49006629 -138917055
133388829 -384269235
120805035 684151830
-380788051 58308493
333283419 -965488656
81489383 463213736
200666529 -579887865
93478329 -268224285
168571715 952581290
-401498233 61529721
309565179 -896524800
70833739 403333318
-602508823 92794581
290066049 -839828553
-227289055 34433509
115828209 -333209457
145974401 825593507
191430099 -553031748
188123229 -543416595
331686999 -960846858
151861689 -437981469
-176122723 26475181
110149391 624271412
199412199 -576240738
48052707 275313114
-601290577 92605097
-943617703 145850101
161896329 -467158485
138625681 784296667
319143699 -924375588
19130769 -52049121
341037459 -988034532
263839149 -763570443
-729206407 112500917
65198889 -185998149
127602601 722351407
-433172629 66456305
192456369 -556015761
242629569 -701900841
156078891 882376662
139774509 -402836427
289609929 -838502325
323362809 -936643197
332941329 -964493985
-255308713 38791641
-317439259 48455325
100776249 -289443933
95074749 -272866083
322108479 -932996070
113272597 641822569
279689319 -809656866
305916219 -885914976
35559883 205108486
145423247 822496244
82959127 471473104
159045579 -458869560
-245562745 37275769
134529129 -387584805
30989889 -86531049
62234109 -177377667
-530632309 81615025
158247369 -456548661
261102429 -755613075
-483120715 74225149
35437059 -99461772
87759 3320898
48094389 -136264599
75977843 432241106
93247335 529288680
95758929 -274855425
82075329 -235068585
297249939 -860716644
4144105 28564495
244340019 -706874196
94390569 -270876741
320398029 -928022715
126204939 -363381144
238182399 -688970118
109328499 -314310708
149695119 -431681886
191316069 -552700191
172273059 -497330172
294057099 -851433048
301925169 -874310481
185386509 -535459227
32928399 -92167518
81961299 -234737028
106107595 601558150
-357641377 54708297
176471589 996975393
-83536027 12074397
109442529 -314642265
38515869 -108413811
96003105 544774995
148668849 -428697873
77815023 442565316
-921689275 142439389
223700589 -646862379
151853377 858630979
165815945 937094975
-830320825 128228089
147756609 -426045417
-375915067 57550557
219253419 -633931656
127459269 -367028271
328152069 -950568591
71752329 408495423
93063617 528256259
-519668095 79909669
79224579 -226779660
22437639 -61664274
158834661 897862977
132476589 -381616779
167597829 -483736335
281627829 -815293335
48322449 -136927713
-762099049 117616985
138441963 783264246
268628409 -777495837
112354007 636660464
336590289 -975103809
33355267 192719434
127801359 -368022942
63146349 -180030123
120437599 682086988
200438469 -579224751
219709539 -635257884
40682439 -114713394
133849013 757453721
80478909 -230426787
-29933203 3737101
-306475045 46749969
150151239 -433008114
39200049 -110403153
151669659 857598558
334423719 -968804226
281285739 -814298664
-438045613 67214241
166457529 -480420765
118049265 668665515
-329621719 50350165
136972219 775004878
-502612651 77256893
164633049 -475115853
137523373 778102141
331915059 -961509972
4327823 29596916
-503830897 77446377
-146884819 21927565
160185879 -462185130
293030829 -848449035
59994377 342420479
100044901 567488257
-892451371 137891773
103741029 -298064415
23985649 140065963
-233380285 35380929
259163919 -749976606
51059169 -144885081
145133919 -418419606
-198051151 29885893
303863679 -879946950
32804113 189622171
103902979 589169098
264979449 -766886013
-350331901 53571393
319371759 -925038702
-827884333 127849121
1798209 -1652457
6165003 39921126
92338029 -264908715
-78663043 11316461
16394049 -44091753
49576779 -140574840
192228309 -555352647
151291539 -436323684
218113119 -630616086
-646365679 99616005
224840889 -650177949
265891689 -769538469
41806295 240210800
40340349 -113718723
195421149 -564636243
289381869 -837839211
-872959435 134860029
-540378277 83130897
25060329 -69290085
187895169 -542753481
16165989 -43428639
233165079 -674381610
57606043 328999006
125178669 -360397131
-976510345 150966169
-497739667 76498957
84127869 -241036611
-782809231 120838213
17004365 100833965
169490305 957743395
47317835 271183430
332371179 -962836200
24946299 -68958528
3736719 -7288926
-151757803 22685501
307740699 -891219888
-537941785 82751929
129623499 733708038
251409879 -727430730
32244219 -90178176
307056519 -889230546
85714897 486959419
228147759 -659793102
24904239 145228068
101574459 -291764832
262242729 -758928645
64514709 -184008807
-11659513 894841
61647839 351712268
170676639 -492688374
51401259 -145879752
-693877273 107005881
284592609 -823913817
-59171107 8284717
56646639 -161131374
70098867 399203634
-92063749 13400785
-183432199 27612085
10941671 66764072
19586889 -53375349
178430679 -515234250
110696859 -318289392
2596419 -3973356
34410789 -96477759
225297009 -651504177
-707277979 109090205
339098949 -982398063
61435899 -175056768
47685271 273248272
-935089981 144523713
-53079877 7337297
233393139 -675044724
-217543087 32917637
36662191 211303012
91425789 -262256259
-391752265 60013849
62120079 -177046110
-446573335 68540629
319827879 -926364930
26656749 -73931883
84241899 -241368168
4877019 -10604496
174781719 -504624426
1456119 -657786
289267839 -837507654
19576417 115287859
-925344013 143007841
261330489 -756276189
12411415 75023440
-948490687 146608037
296907849 -859721973
91777591 521029312
32130189 -89846619
-741388867 114395757
78768459 -225453432
150199915 849339190
318687579 -923049360
251181819 -726767616
42173731 242275642
-958236655 148123909
76715919 -219485406
26314659 -72937212
59626941 340355637
208534599 -602765298
99065799 -284470578
16051959 -43097082
25744509 -71279427
-609818299 93931485
130424049 -375648753
203859369 -589171461
320626089 -928685829
288697689 -835849869
190289799 -549716178
142283169 -410130681
82407973 468375841
-32369695 4116069
2123207 17207864
103512969 -297401301
-675603583 104163621
84469959 -242031282
6245379 -14583180
254374659 -736051212
67137399 -191634618
300556809 -870331797
306714429 -888235875
285732909 -827229387
240805089 -696595929
285390819 -826234716
206482059 -596797272
195991299 -566294028
302153229 -874973595
-961891393 148692361
111152979 -319615620
112179249 -322599633
47134117 270151009
-25060219 2979165
2368359 -3310242
15709869 -42102411
52829375 302156060
132818679 -382611450
-414898939 63614045
270452889 -782800749
94165925 534450785
7499709 -18230307
53795889 -152842449
59269329 -168757185
275356179 -797057700
290180079 -840160110
-879050665 135807449
140230629 -404162655
237270159 -686317662
-383224543 58687461
169122869 955678553
-62825845 8853169
-801082921 123680473
139318389 -401510199
312415929 -904813725
-814483627 125764797
60361813 344485321
11262699 -29171688
272163339 -787774104
337388499 -977424708
288127539 -834192084
333511479 -966151770
-315002767 48076357
77058009 -220480077
-473374747 72709277
35008729 202011223
320968179 -929680500
136809729 -394215945
141748887 801847824
46215527 264988904
167836843 948451606
-823011349 127091185
-180995707 27233117
93614771 531353522
336248199 -974109138
91197729 -261593145
317205189 -918739119
22551669 -61995831
24720521 144195647
105740159 599493308
258593769 -748318821
93706389 -268887399
273759759 -792415902
25271675 147292910
215832519 -623984946
108758349 -312652923
9104491 56439862
106819839 -307016454
190973979 -551705520
-95718487 13969237
-382006297 58497977
132195551 748161932
152887959 -440965482
252322119 -730083186
49338733 282540061
-494084929 75930505
46582963 267053746
71356509 -203902227
85898615 487991840
171474849 -495009273
104995359 -301711542
-128611129 19085305
314240409 -910118637
29864625 173103435
195649209 -565299357
118600419 671762778
302381289 -875636709
297706059 -862042872
296793819 -859390416
26190265 152455015
108312211 613947202
144872093 819398981
56532609 -160799817
185956659 -537117012
122642215 694476040
142851195 808042350
12973149 -34145043
233507169 -675376281
7841799 -19224978
102249517 579877309
12174939 -31824144
37948217 218529959
329178339 -953552604
170776331 964970342
70282585 400236055
207622359 -600112842
41822739 -118028964
429849 2326227
-972855607 150397717
-557433721 85783673
-325966981 49781713
-417335431 63993013
92794149 -266234943
251865999 -728756958
72670919 413657528
301355019 -872652696
260760339 -754618404
165632227 936062554
102309 5851233
334309689 -968472669
10920609 -28177017
163834839 -472794954
154425429 873084873
167711859 -484067892
207166239 -598786614
47182149 -133612143
145019889 -418088049
140002569 -403499541
4878977 32694179
62015275 353777110
82987569 -237721041
-831539071 128417573
170041459 960840658
286417089 -829218729
68996559 393009108
238296429 -689301675
318117429 -921391575
135686193 767777931
-780372739 120459245
-229725547 34812477
80935029 -231753015
145247949 -418751163
199754289 -577235409
67343097 383717319
183904119 -531148986
37717659 -106092912
160527969 -463179801
114231789 -328567659
75461589 -215838279
53681859 -152510892
-496521421 76309473
215376399 -622658718
253918539 -734724984
109670589 -315305379
203745339 -588839904
-8004775 326389
331458939 -960183744
332257149 -962504643
-356423131 54518813
238410459 -689633232
33726609 -94488417
287557389 -832534299
142967349 -412120023
-431954383 66266821
-204142381 30833313
113775669 -327241431
133046739 -383274564
66909339 -190971504
204999669 -592487031
293829039 -850769934
339669099 -984055848
-261399943 39739061
282882159 -818940462
54482837 311447849
-684131305 105490009
172501119 -497993286
186754869 -539437911
60067539 -171078084
5246413 34759021
306600399 -887904318
109965673 623238991
176492169 -509597781
151519599 -436986798
114687909 -329893887
133502859 -384600792
71584569 -204565341
9438219 -23866776
192000249 -554689533
235559709 -681344307
100228619 568520678
-104246209 15295625
163795047 925738344
137721969 -396868401
22209579 -61001160
161406713 912316871
9666279 -24529890
-123738145 18327369
161957867 915414134
190517859 -550379292
56687453 323836901
148782879 -429029430
208762659 -603428412
235103589 -680018079
258137649 -746992593
-581798641 89573353
27660009 160714383
87735795 498316050
275242149 -796726143
129283749 -372333183
106705809 -306684897
165448509 935030133
102258639 -293754174
119702727 677957304
276610509 -800704827
-871741189 134670545
292346649 -846459693
166229469 -479757651
166913649 -481746993
217086849 -627632073
58892069 336225953
313556229 -908129295
16964199 -45749538
67935609 -193955517
287671419 -832865856
335107899 -970793568
-606163561 93363033
135327339 -389905704
76896433 437403211
12227697 73991019
-851031007 131449317
235787769 -682007421
282426039 -817614234
129511809 -372996297
344458359 -997981242
-171249739 25717245
286189029 -828555615
64219891 366166162
302609349 -876299823
203403249 -587845233
71128449 -203239113
271479159 -785784762
255971079 -740693010
1228059 5328
152773929 -440633925
60729249 346550163
-899760847 139028677
282996189 -819272019
212867739 -615364464
22323609 -61332717
15025689 -40113069
327924009 -949905477
221419989 -640231239
-753571327 116290597
74891439 -214180494
-463628779 71193405
22779729 -62658945
250155549 -723783603
29963619 -83547036
173983509 -502303527
174325599 -503298198
306144279 -886578090
163378719 -471468726
312643989 -905476839
-570834427 87867997
-561088459 86352125
231340599 -669076698
218683269 -632273871
-434390875 66645789
-932653489 144144745
282197979 -816951120
159387669 -459864231
343204029 -994334115
-116428669 17190465
285960969 -827892501
130310019 -375317196
149281325 844177085
-374696821 57361073
342633879 -992676330
5797567 37856284
127231209 -366365157
194622939 -562315344
13330005 80185545
-647583925 99805489
113088879 640790148
260874369 -754949961
171143767 967035184
129439781 732675617
251523909 -727762287
44010911 252599852
1755771 15143022
147414519 -425050746
39785397 228854169
140800779 -405820440
-210233611 31780733
19392699 114255438
232708959 -673055382
-724333423 111742981
138406149 -398857743
295197399 -854748618
99126311 562326152
-861995221 133154673
-553778983 85215221
57789761 330031427
15367779 -41107740
228261789 -660124659
28946035 167941330
209446839 -605417754
72487201 412625107
31885523 184460066
147300489 -424719189
15718339 93607018
120731499 -347466408
5219109 -11599167
88575039 -253967334
159018379 898895398
136421065 771907615
-82317781 11884913
284934699 -824908488
266575869 -771527811
17739237 104963649
196561449 -567951813
176104153 994910551
118564929 -341166825
311617719 -902492826
100092069 -287454591
-484338961 74414633
138178089 -398194629
207964449 -601107513
-864431713 133533641
119363139 -343487724
36111037 208205749
166115439 -479426094
26741419 155552278
213665949 -617685363
13146287 79153124
61207839 -174393654
-986256313 152482041
22515905 131806595
105451479 -303037770
278549019 -806341296
-662202877 102079297
-865649959 133723125
50603049 -143558853
43459757 249502589
338072679 -979414050
322678629 -934653855
17876439 -48401994
309109059 -895198572
288925749 -836512983
78996519 -226116546
80387075 457019210
228603879 -661119330
-837630301 129364993
110924919 -318952506
68847849 -196607973
-936308227 144713197
151063479 -435660570
77514129 -221806305
163243893 922641081
-820574857 126712217
13771359 -36465942
88803099 -254630448
197473689 -570604269
135099279 -389242590
300100689 -869005569
171816939 -496003944
-209015365 31591249
159202097 899927819
331116849 -959189073
214122069 -619011591
135669429 -390900375
337730589 -978419379
159936969 904057503
-618346021 95257873
36463329 -102445785
102065799 578844888
153001989 -441297039
98381619 -282481236
176287871 995942972
45015579 -127312560
91961309 522061733
271023039 -784458534
47752299 -135269928
-28714957 3547617
127235165 720286565
124111959 702735408
239664789 -693280359
165659319 -478099866
194965029 -563310015
29313471 170006172
171702909 -495672387
-849812761 131259833
-182213953 27422601
149124969 -430024101
80019639 454954368
103056849 -296075073
225867159 -653161962
-590326363 90899741
143081379 -412451580
184474269 -532806771
15350903 91542176
27454959 -76252782
159615729 -460527345
267146019 -773185596
2824479 -4636470
23349879 -64316730
203175189 -587182119
254032569 -735056541
114801939 -330225444
22883341 133871437
128704909 728545933
36478473 210270591
283680369 -821261361
195079059 -563641572
226779399 -655814418
1939489 16175443
226893429 -656145975
334537749 -969135783
213894009 -618348477
-596417593 91847161
24169367 141098384
139360553 788426351
200780559 -580219422
197587719 -570935826
25174359 -69621642
75610407 430176264
281741859 -815624892
-920471029 142249905
36691389 -103108899
193710699 -559662888
3409233 24434811
154484379 -445607280
86978619 -249325536
114007469 645952253
157449159 -454227762
24536803 143163226
172044999 -496667058
204771609 -591823917
326897739 -946921464
-318657505 48644809
137950029 -397531515
36294755 209238170
120253881 681054567
105556441 598460887
269198559 -779153622
16085775 95671860
220051629 -636252555
-425863153 65319401
68049639 -194287074
81121947 461148894
95451951 541677732
323818929 -937969425
-997220527 154187397
263611089 -762907329
124846831 706865092
329748489 -955210389
37213345 214400275
-975292099 150776685
277864839 -804351954
-64044091 9042653
330774759 -958194402
65655009 -187324377
330888789 -958525959
164713637 930900449
41480649 -117034293
57422325 327966585
-121301653 17948401
-625655497 96394777
201008619 -580882536
-798646429 123301505
169194249 -488378133
