2382
-10241526 19236063
-347534142 701480439
798920573 156669903
-81701826 163779363
-80272620 160888497
-449960572 908659169
-848221 -6263083
554593369 109022511
-470445858 950094915
42510325 9158799
-196991110 396975887
-90753464 182088181
-90671713 -331026994
-5477506 9599843
-308945580 623427057
-125048605 -455319355
290184477 57458895
-185081060 372885337
189776037 37877775
-141682585 -515460820
-200086337 -726624186
-331812876 669680913
-111002133 -404533229
-105045524 210996841
-220786401 -801466898
-265513325 -963180615
-343246524 692807841
204837303 40814943
-75146665 -274894960
-26353657 -98479996
64265487 13401375
512756519 100863711
-259876174 524173991
-424234864 856623581
-59991261 -220099403
-82539545 -301624500
839083949 164502351
-100282457 -365775396
455858403 89767743
-263295461 -955161753
301898795 59743359
-298464736 602227373
119490129 24170991
-197943914 398903131
-24533586 48144723
358796911 70839327
-272166917 -987237201
-138393664 278450381
-493313154 996348771
-394221538 795915395
-400891166 809406103
-36703689 -135901352
-3805373 -16954899
-155067734 312177151
283490581 56153487
688471289 135130671
-206519150 416248327
-457106602 923113499
89367597 18296655
-104092720 209069597
-468063848 945276805
-171993393 -625051934
-194911321 -707913508
-211914945 -769391450
-78843414 157997631
335368275 66270399
842430897 165155055
-92182670 184979047
-132071841 -480712418
-242225753 -878982564
726961191 142636767
559613791 110001567
-397079950 801697127
698512133 137088783
-211283170 425884547
629899699 123708351
333694801 65944047
-191214881 -694548738
-200825625 -729297140
-429475286 867223423
-24135793 -90461134
-241856109 -877646087
459205351 90420447
-480926702 971294599
-213023877 -773400881
-105998328 212924085
-150303714 302540931
-373736252 754479649
-264163792 532846589
-297035530 599336507
-248442526 501047063
-338958906 684135243
-46924480 93434957
-144110488 290013845
-294653520 594518397
-133629644 268814161
-247013320 498156197
398960287 78671775
-253684717 -920413351
-15633981 -59722163
-122672398 246650855
-148705821 -540853883
-176429121 -641089658
-65980560 131979837
-37442977 -138574306
-13576340 25981417
-2142692 2854489
-71819869 -262866667
-69602005 -254847805
-105087829 -383149597
573001583 112612383
-257381157 -933778121
-334671288 675462645
-210806013 -765382019
-39778450 78980627
-154114930 310249907
-274168234 553082651
395613339 78019071
-265592998 535737455
-216720317 -786765651
-131702197 -479375941
-408037196 823860433
-221156045 -802803375
-299417540 604154617
720267295 141331359
-161643361 -587630578
-28201877 -105162381
-106936049 -389831982
-441385336 891313973
-208957793 -758699634
-165339801 -600995348
542879051 106738047
432429767 85198815
405654183 79977183
-145063292 291941089
-209697081 -761372588
-233354297 -846907116
328674379 64964991
-145748669 -530162067
353776489 69860271
337041749 66596751
-25009988 49108345
-480450300 970330977
-217829249 -790775082
-225961417 -820177576
-286554686 578136823
-254159350 512610527
-479021094 967440111
-80321681 -293605638
84347175 17317599
-132441485 -482048895
102755389 20907471
-79212749 -289596207
425735871 83893407
-463776230 936604207
-144639737 -526152636
-482832310 975149087
-35964401 -133228398
-192693457 -699894646
-69971649 -256184282
-215570788 434557145
-11198253 -43684439
199816881 39835887
-14525049 -55712732
-10717928 20199685
-63598550 127161727
-255902581 -928432213
936145441 183430767
208184251 41467647
-254424005 -923086305
-88371454 177270071
-264404393 -959171184
-430904492 870114289
-150923685 -548872745
-35967234 71271651
-161737362 325667859
537858629 105758991
-483308712 976112709
-132676840 266886917
-100652101 -367111873
793900151 155690847
-143161161 -520806728
59245065 12422319
-12147134 23090551
-447578562 903841059
-85496697 -312316316
-135058850 271705027
-430428090 869150667
-337053298 680280755
-218905602 441302499
-193063101 -701231123
824022683 161565183
-417088834 842169251
-311327590 628245167
-382311488 771824845
996390505 195179439
173041297 34614255
-242965041 -881655518
347082593 68554863
810634891 158954367
-127436418 256287075
-394697940 796879017
-70744580 141616057
-238529313 -865617794
-258446968 521283125
-395650744 798806261
-474257074 957803891
-162013005 -588967055
-174580901 -634407273
-130962909 -476702987
-254054361 -921749828
-402796774 813260591
-259229377 -940460506
-338006102 682207999
593083271 116528607
-132811129 -483385372
392266391 77366367
-432333698 873005155
820675735 160912479
-20245968 39472125
-130294830 262068807
-248509701 -901702673
778838885 152753679
-131724036 264959673
-19330421 -73086933
-472827868 954913025
-269404214 543446431
-82654630 165706607
-176029422 354576519
241653731 47994687
-182699050 368067227
-273215430 551155407
-454724592 918295389
-9719677 -38338531
-59787334 119452751
-460441416 929858853
429082819 84546111
-440432532 889386729
209857725 41793999
-253206546 510683283
278470159 55174431
213204673 42446703
-301323148 608009105
231612887 46036575
221572043 44078463
131204447 26455455
-239390888 482738245
-49306490 98253067
-120766790 242796367
-4048300 6708977
-337529700 681244377
-386599106 780497443
-147227245 -535507975
-323237640 652335717
-151293329 -550209222
-301799550 608972727
-431857296 872041533
-173171010 348794787
-119873589 -436608677
-15264337 -58385686
-357538584 721716501
-96470288 193651645
-218198893 -792111559
-70341293 -257520759
-224622426 452865963
-62578769 -229454742
-43726925 -161294415
-307992776 621499813
-214502453 -778746789
-152685724 307359041
552919895 108696159
862512585 169071279
-194609100 392157777
-181234493 -658463859
-335624092 677389889
-427093276 862405313
112796233 22865583
-63122148 126198105
-260828978 526101235
-159055853 -578275239
882594273 172987503
-125418249 -456655832
-325143248 656190205
496021779 97600191
-338482504 683171621
711899925 139699599
-106474730 213887707
157980031 31677087
-200455981 -727960663
166347401 33308847
-255163293 -925759259
-30789385 -114517720
-263687390 531882967
-140299272 282304869
-125530810 252432587
40836851 8832447
-119813986 240869123
-392315930 792060907
-94564680 189797157
-228548925 -829532915
-196514708 396012265
300225321 59417007
952880181 186694287
-218568537 -793448036
-40400129 -149266122
-205089944 413357461
-240343692 484665489
-267498606 539591943
-251836497 -913730966
-190321482 383485179
-262186529 -951152322
-174211257 -633070796
-63318057 -232127696
-378976674 765079491
-104348541 -380476643
-111238750 223523927
-135398637 -492740711
-407084392 821933189
658348757 129256335
631573173 124034703
-176505824 355540141
-343722926 693771463
-38825646 77053383
-409942804 827714921
-157946921 -574265808
316960061 62680527
-120243233 -437945154
-205261353 -745334864
-327048856 660044693
-156837989 -570256377
-133153242 267850539
901002487 176577375
-255588556 515501393
-17863958 34654015
-297511932 600300129
-227809637 -826859961
-397556352 802660749
-20069709 -75759887
-259968665 -943133460
248347627 49300095
-74037733 -270885529
104428863 21233823
-44066068 87653225
889288169 174292911
-94368153 -344391764
-201564913 -731970094
-330860072 667753669
-96946690 194615267
837410475 164175999
-120290388 241832745
643287491 126319167
-271797273 -985900724
141245291 28413567
-217459605 -789438605
-462823426 934676963
-120612877 -439281631
37489903 8179743
-173102325 -629061365
-336576896 679317133
634920121 124687407
-168666597 -613023641
-195650609 -710586462
122837077 24823695
-152402261 -554218653
-297988334 601263751
894308591 175271967
-404702382 817115079
-137440860 276523137
584715901 114896847
-399938362 807478859
-393745136 794951773
-51489449 -189360432
-180495205 -655790905
-150184397 -546199791
-42636862 84762359
-251466853 -912394489
-216999994 437448011
-361826202 730389099
-44835857 -165303846
-356585780 719789257
-243678506 491410843
-6392881 -26310238
121163603 24497343
-249395330 502974307
-318473620 642699497
132877921 26781807
-483785114 977076331
355449963 70186623
-48353686 96325823
576348531 113265087
-203782777 -739988956
835737001 163849647
-55499716 110780153
962921025 188652399
-64796633 -237473604
233286361 46362927
-97694949 -356420057
-144270093 -524816159
676756971 132846207
-267731189 -971199477
460878825 90746799
-215241741 -781419743
-59621617 -218762926
-13785761 -53039778
82673701 16991247
-460917818 930822475
-6762525 -27646715
-158402548 318922505
-474733476 958767513
-429951688 868187045
-65166277 -238810081
-35225113 -130555444
-261305380 527064857
-97325305 -355083580
673410023 132193503
-217952798 439375255
-17387556 33690393
-43113264 85725981
-359444192 725570989
735328561 144268527
-305610766 616681703
-49641229 -182678047
639940543 125666463
-431380894 871077911
906022909 177556431
628226225 123381999
604797589 118813071
-267361545 -969863000
169694349 33961551
-84560238 169561095
321980483 63659583
-146857601 -534171498
434103241 85525167
-358014986 722680123
-72173786 144506923
-116955574 235087391
-439479728 887459485
-5001104 8636221
-172363037 -626388411
-422329256 852769093
619858855 121750239
-44466213 -163967369
-234832873 -852253024
815655313 159933423
-136964458 275559515
-456153798 921186255
924431123 181146303
-226331061 -821514053
-365161016 737134453
718593821 141005007
-9288722 17308819
-351345358 709189415
-391363126 790133663
-372783448 752552405
-217089961 -788102128
-484737918 979003575
-171623749 -623715457
-38349244 76089761
569654635 111959679
253368049 50279151
-59310932 118489129
-89562781 -327017563
377205125 74429199
-103239609 -376467212
260061945 51584559
-481879506 973221843
271776263 53869023
-257494164 519355881
-411848412 831569409
-418518040 845060117
50877695 10790559
-403273176 814224213
738675509 144921231
-353250966 713043903
-31679616 62599053
-34485825 -127882490
-280837862 566573359
-376118262 759297759
591409797 116202255
-19700065 -74423410
-414706824 837351141
-20808997 -78432841
-221287612 446120609
-208588149 -757363157
-113959285 -415225045
-418041638 844096495
-154989769 -563573992
-275597440 555973517
-149350910 300613687
-125787893 -457992309
-256064958 516465015
-64426989 -236137127
437450189 86177871
-27462589 -102489427
75979805 15685839
-363255408 733279965
246674153 48973743
547899473 107717103
880920799 172661151
618185381 121423887
370511229 73123791
-393268734 793988151
-390886724 789170041
161326979 32329791
-223193220 449975097
-78367012 157034009
737002035 144594879
-459488612 927931609
372184703 73450143
-371830644 750625161
-37396440 74162517
686797815 134804319
-72189513 -264203144
-211759572 426848169
-221764014 447084231
601450641 118160367
661695705 129909039
-167557665 -609014210
295204899 58437951
-278932254 562718871
32469481 7200687
-148874508 299650065
-154250481 -560901038
-232721260 469247537
-116916437 -425916861
807287943 158301663
834063527 163523295
-3435729 -15618422
-326572454 659081071
-206042748 415284705
-106951132 214851329
409001131 80629887
450837981 88788687
-60360905 -221435880
385572495 76060959
-385646302 778570199
-196038306 395048643
-218429200 440338877
-123570029 -449973447
-209327437 -760036111
655001809 128603631
234959835 46689279
899329013 176251023
415695027 81935295
-242249300 488519977
-86235985 -314989270
-110762348 222560305
383899021 75734607
-36334045 -134564875
581368953 114244143
-7501813 -30319669
96061493 19602063
-64074952 128125349
-385169900 777606577
564634213 110980623
-350392554 707262171
-230815652 465393049
-163166568 328558725
-50750161 -186687478
-21675174 42362991
-52228737 -192033386
360470385 71165679
-178411432 359394629
-28941165 -107835335
-92659072 185942669
-275124069 -997929017
-174600216 351685653
-282743470 570427847
-163642970 329522347
-52598381 -193369863
-57034109 -209407587
-166448733 -605004779
-119503945 -435272200
-489501938 988639795
-64057345 -234800650
-295129922 595482019
-133550417 -486058326
-383264292 773752089
-169405885 -615696595
-227480838 458647695
-247770413 -899029719
-477591888 964549245
-256641869 -931105167
-279885058 564646115
-255112154 514537771
-112191554 225451171
-29680453 -110508289
206510777 41141295
-88847856 178233693
47530747 10137855
-369925036 746770673
-39291197 -145256691
-109153913 -397850844
-411372010 830605787
-227439993 -825523484
-9350033 -37002054
579695479 113917791
-272906205 -989910155
-46448078 92471335
-65905565 -241483035
-22627978 44290235
403980709 79650831
-23766149 -89124657
-373259850 753516027
194796459 38856831
-24505437 -91797611
-215981029 -784092697
-71220982 142579679
-220416757 -800130421
-99173525 -361765965
-189736305 -689202830
-177168409 -643762612
-142204880 286159357
-71697384 143543301
-59251973 -217426449
-220334808 444193365
-322761238 651372095
-56294821 -206734633
-421376452 850841849
-55555533 -204061679
-26723301 -99816473
-201755130 406612107
12387793 3284463
-191584525 -695885215
348756067 68881215
-271057985 -983227770
-206739929 -750680772
427409345 84219759
-116479172 234123769
636593595 125013759
646634439 126971871
-85866341 -313652793
-207471954 418175571
-25614369 -95807042
400633761 78998127
874226903 171355743
-67384141 -246828943
-69791776 139688813
487654409 95968431
777165411 152427327
-109809544 220633061
976308817 191263215
-96586017 -352410626
-145009381 -527489113
449164507 88462335
979655765 191915919
452511455 89115039
971288395 190284159
4020423 1652703
986349661 193221327
-713486 -36377
611491485 120118479
-246060516 496228953
-231506077 -840224731
780512359 153080031
106102337 21560175
912716805 178861839
-401843970 811333347
-86975273 -317662224
-203660738 410466595
-75516309 -276231437
-33007249 -122536582
-88084205 -321671655
-366113820 739061697
-116177149 -423243907
-369448634 745807051
-195280965 -709249985
362143859 71492031
653328335 128277279
932798493 182778063
-56664465 -208071110
-287983892 581027689
-412324814 832533031
-8812320 16345197
-268451410 541519187
266755841 52889967
-383740694 774715711
-186779153 -678511014
-269209765 -976545385
648307913 127298223
-241772898 487556355
812308365 159280719
-114328929 -416561522
-180317040 363249117
261735419 51910911
782185833 153406383
-360873398 728461855
69285909 14380431
-39660841 -146593168
-193802389 -703904077
-245182905 -889674380
-300370344 606081861
-223004265 -809485760
-185300577 -673165106
-169775529 -617033072
229939413 45710223
-176059477 -639753181
721940769 141657711
-57405324 114634641
-204613542 412393839
-166818377 -606341256
-198420316 399866753
-235572161 -854925978
-199373120 401793997
-12307185 -47693870
-262925817 -953825276
-186986668 376739825
-374689056 756406893
-342770122 691844219
-191954169 -697221692
-274384781 -995256063
-290842304 586809421
-20722370 40435747
368837755 72797439
49204221 10464207
129530973 26129103
-77414208 155106765
-149075465 -542190360
-40731254 80907871
946186285 185388879
117816655 23844639
-316091610 637881387
959574077 187999695
-184604658 371921715
176388245 35266959
-263665105 -956498230
-360396996 727498233
-266069400 536701077
-224146024 451902341
-183651854 369994471
-262556173 -952488799
-466634642 942385939
-87714561 -320335178
522797363 102821823
-118384780 237978257
708552977 139046895
-32637605 -121200105
-19769566 38508503
-227070349 -824187007
-43589666 86689603
373858177 73776495
-247400769 -897693242
-214617984 432629901
-63687701 -233464173
485980935 95642079
-167188021 -607677733
-237961682 479847379
-134659349 -490067757
-136011654 273632271
-423758462 855659959
830716579 162870591
-252730144 509719661
-14894693 -57049209
-249248989 -904375627
-186510266 375776203
-202707934 408539351
-492836752 995385149
-23580782 46217479
-214132809 -777410312
-471875064 952985781
315286587 62354175
-230339250 464429427
-157207633 -571592854
-68493073 -250838374
-211175657 -766718496
-210806768 424920925
743695931 145900287
236633309 47015631
-33376893 -123873059
-466158240 941422317
-444720150 898059327
-90302069 -329690517
-95107441 -347064718
-190475593 -691875784
-97423092 195578889
-55185889 -202725202
-458535808 926004365
-231768456 467320293
181408667 36246015
-395174342 797842639
947859759 185715231
-61100193 -224108834
-35594757 -131891921
-23026861 -86451703
-235202517 -853589501
144592239 29066271
-14155405 -54376255
897655539 175924671
-2696441 -12945468
402307235 79324479
-162213764 326631481
-67014497 -245492466
152959609 30698031
-180864849 -657127382
-326096052 658117449
-232615009 -844234162
752063301 147532047
-441861738 892277595
-315138806 635954143
-219858406 443229743
-169036241 -614360118
-135535252 272668649
-118861182 238941879
-296082726 597409263
-201278728 405648485
-434715708 877823265
-478068290 965512867
-312756796 631136033
-236681093 -858935409
-85513042 171488339
-328001660 661971937
-140204009 -510114912
-121719594 244723611
598103693 117507663
-237420381 -861608363
681777393 133825263
-445196552 899022949
-228918569 -830869392
-205566346 414321083
-224852485 -816168145
-384693498 776642955
412348079 81282591
-359920594 726534611
107775811 21886527
-269579409 -977881862
556266843 109348863
-228910044 461538561
77653279 16012191
430756293 84872463
-260338309 -944469937
-274754425 -996592540
174714771 34940607
-201195269 -730633617
-8335918 15381575
-446625758 901913815
-463299828 935640585
-404225980 816151457
740348983 145247583
-17482201 -66404548
-456630200 922149877
-90277062 181124559
-82178228 164742985
-18340360 35617637
-194172033 -705240554
-69315374 138725191
223245517 44404815
-247489722 499119819
-285601882 576209579
-158878950 319886127
-198896718 400830375
-452818984 914440901
305245743 60396063
-164230869 -596985917
877573851 172008447
-485690722 980930819
-88453849 -323008132
-204137140 411430217
-117286081 -427253338
-58358128 116561885
-132200438 265923295
-241296496 486592733
-101710710 204251487
10714319 2958111
-487119928 983821685
-45205501 -166640323
-272536561 -988573678
445817559 87809631
-388981116 785315553
-236532476 476956513
-465205436 939495073
-3095496 4781733
-349439750 705334927
603124115 118486719
-165548578 333376835
390592917 77040015
357123437 70512975
-199347049 -723951232
-250727565 -909721535
-81060969 -296278592
-172218206 346867543
-7871457 -31656146
-436621316 881677753
345409119 68228511
-176798765 -642426135
-95846729 -349737672
-11937541 -46357393
-117431976 236051013
-425187668 858550825
-152032617 -552882176
-264640194 533810211
-141312941 -514124343
-189845080 382521557
-410419206 828678543
-146118313 -531498544
-5653593 -23637284
-486167124 981894441
440797137 86830575
-358491388 723643745
-89193137 -325681086
-260707953 -945806414
-302752354 610899971
907696383 177882783
-358967790 724607367
-26915596 52962833
-113589641 -413888568
-258923370 522246747
327000905 64638639
313613113 62027823
-261077597 -947142891
-220811210 445156987
-85127053 -310979839
984676187 192894975
614838433 120771183
-451866180 912513657
-104718185 -381813120
-56452520 112707397
491001357 96621135
-254635752 513574149
-131332553 -478039464
-83648477 -305633931
-160784558 323740615
-294177118 593554775
-316568012 638845009
869206481 170376687
-219677469 -797457467
-405655186 819042323
-168883392 340122189
-170789000 343976677
-440908934 890350351
-468540250 946240427
137898343 27760863
-81800257 -298951546
-494265958 998276015
-121721809 -443291062
-29297606 57780943
-30050097 -111844766
-137917262 277486759
536185155 105432639
-340388112 687026109
-233674064 471174781
616511907 121097535
-226051632 455756829
-269880616 544410053
-267975008 540555565
852471741 167113167
-182713069 -663809767
-426616874 861441691
-256272225 -929768690
101081915 20581119
929451545 182125359
-54070510 107889287
641614017 125992815
-167454186 337231323
-239638245 -869627225
-52164902 104034799
-66644853 -244155989
-225222129 -817504622
-85036640 170524717
-448054964 904804681
164673927 32982495
-191750688 386376045
79326753 16338543
-187518441 -681183968
343735645 67902159
-51119805 -188023955
-172694608 347831165
-62169344 124270861
-261781782 528028479
-236056074 475992891
-209853964 422993681
-7859516 14417953
981329239 192242271
934471967 183104415
-455200994 919259011
-127636113 -464674694
-356109378 718825635
-25962792 51035589
-103139916 207142353
-186409509 -677174537
-189366661 -687866353
549572947 108043455
-367066624 740988941
911043331 178535487
-447102160 902877437
-156098701 -567583423
24102111 5568927
-435668512 879750509
-159795141 -580948193
-79796218 159924875
-287507490 580064067
-376594664 760261381
-180793442 364212739
-143157684 288086601
168020875 33635199
-420423648 848914605
-93628865 -341718810
-248879345 -903039150
159653505 32003439
-154591332 311213529
-185670221 -674501583
218225095 43425759
-293224314 591627531
-148398106 298686443
-186033864 374812581
-317997218 641735875
-84757409 -309643362
-313709600 633063277
-195561904 394085021
-367543026 741952563
-253682948 511646905
-470922260 951058537
-168296953 -611687164
-4175017 -18291376
-355632976 717862013
-292271510 589700287
-89800660 180160937
-289413098 583918555
-37872842 75126139
497695253 97926543
-438526924 885532241
-112850353 -411215614
566307687 111306975
-293700716 592591153
690144763 135457023
-179840638 362285495
-57773397 -212080541
-53594108 106925665
-419470844 846987361
-58882329 -216089972
-390410322 788206419
-36920038 73198895
-271427629 -984564247
562960739 110654271
-135768281 -494077188
263408893 52237263
-134106046 269777783
-432810100 873968777
-426140472 860478069
-265116596 534773833
-272262626 549228163
854145215 167439519
-175320189 -637080227
-49271585 -181341570
733655087 143942175
-159355352 320849749
-52968025 -194706340
-303228756 611863593
-479497496 968403733
-67409766 134870703
-156973342 316031639
-15481948 29835905
464225773 91399503
-345628534 697625951
-339435308 685098865
-163861225 -595649440
465899247 91725855
-128745045 -468684125
-76937806 154143143
87694123 17970303
-324190444 654262961
-187463070 377703447
539532103 106085343
-37812621 -139910783
-48830088 97289445
444144085 87483279
-166024980 334340457
-461394220 931786097
-108044981 -393841413
-31203214 61635431
671736549 131867151
-10089321 -39675008
541205577 106411695
613164959 120444831
-164595774 331449591
-108933 -3590129
-8610745 -34329100
-307516374 620536191
-83278833 -304297454
-133180773 -484721849
-490454742 990567039
-12623536 24054173
972961869 190610511
439123663 86504223
534511681 105106287
700185607 137415135
-246291837 -893683811
-139464721 -507441958
-73602992 147397789
-14052742 26945039
-153638528 309286285
-346581338 699553195
967941447 189631455
-242595397 -880319041
-233197662 470211159
775491937 152100975
-292747912 590663909
763777619 149816511
-167927309 -610350687
-161273717 -586294101
-142421873 -518133774
-139346468 280377625
-126527181 -460665263
-154620125 -562237515
-193179894 389266911
-186039865 -675838060
949533233 186041583
318633535 63006879
-222634621 -808149283
-472351466 953949403
-249618633 -905712104
-291795108 588736665
-21548285 -81105795
-362302604 731352721
-295606324 596445641
-175553020 353612897
-77734173 -284250299
-333718484 673535401
-42617993 -157284984
-378500272 764115869
-268100833 -972535954
-105827117 -385822551
352103015 69533919
-388504714 784351931
-230766789 -837551777
-171741804 345903921
-53337669 -196042817
99408441 20254767
-258490089 -937787552
-261447241 -948479368
-226700705 -822850530
567981161 111633327
-245552549 -891010857
-280361460 565609737
-491407546 992494283
499368727 98252895
-157449744 316995261
-382787890 772788467
-250357921 -908385058
-124578006 250505343
-237050737 -860271886
-249988277 -907048581
-137986145 -502096050
909369857 178209135
-8241101 -32992623
-265882969 -964517092
-114698573 -417897999
-10828609 -42347962
265082367 52563615
-380405880 767970357
-471398662 952022159
-102500321 -373794258
-43357281 -159957938
-111741421 -407206183
890961643 174619263
-70710937 -258857236
-410895608 829642165
606471063 119139423
-66933364 133907081
-273691832 552119029
-218938181 -794784513
800594047 156996255
-143900449 -523479682
-40769773 -150602599
-119134301 -433935723
306919217 60722415
-486643526 982858063
-166977784 336267701
39163377 8506095
-138355789 -503432527
-392792332 793024529
-449484170 907695547
52551169 11116911
-455677396 920222633
-50380517 -185351001
-274644636 554046273
-344199328 694735085
998063979 195505791
-243202104 490447221
-459012210 926967987
753736775 147858399
-80691325 -294942115
7367371 2305407
-379929478 767006735
-83131032 166670229
-234463229 -850916547
-139834365 -508778435
310266165 61375119
966267973 189305103
-239867290 483701867
-270357018 545373675
-144586890 290977467
-28571521 -106498858
-352774564 712080281
829043105 162544239
191449511 38204127
630355 -917175
767124567 150469215
750389827 147205695
-273645493 -992583109
-25486390 50071967
705206029 138394191
914390279 179188191
-244443617 -887001426
991370083 194200383
163000453 32656143
762104145 149490159
70959383 14706783
-225098828 453829585
-109333142 219669439
-126896825 -462001740
462552299 91073151
-252945429 -917740397
-30250410 59708187
-453295386 915404523
250021101 49626447
-269949053 -979218339
116143181 23518287
134551395 27108159
-103609253 -377803689
969614921 189957807
772144989 151448271
387245969 76387311
-257011513 -932441644
-208901160 421066437
-102187112 205215109
-1217865 -7599560
517776941 101842767
-68123429 -249501897
-79582393 -290932684
-275121038 555009895
-25984013 -97143519
-330383670 666790047
224918991 44731167
-139822870 281341247
-216523592 436484389
-12676829 -49030347
74306331 15359487
795573625 156017199
239980257 47668335
-98375896 197506133
-161260960 324704237
551246421 108369807
-362779006 732316343
-223669622 450938719
-249871732 503937929
-151256518 304468175
755410249 148184751
-182222648 367103605
-484261516 978039953
-2619094 3818111
-112480709 -409879137
-244813261 -888337903
-222716818 449011475
-73668089 -269549052
-123939673 -451309924
-348486946 703407683
-175076618 352649275
-229386446 462502183
-155359413 -564910469
788879729 154711791
-240820094 485629111
-122195996 245687233
-126483614 254359831
-207479217 -753353726
149612661 30045327
785532781 154059087
-361349800 729425477
-116546793 -424580384
-51688500 103071177
-231136433 -838888254
-398509156 804587993
-417565236 843132873
-22657217 -85115226
81000227 16664895
-23396505 -87788180
-277026646 558864383
-125054408 251468965
-258859733 -939124029
-232244858 468283915
-260352576 525137613
-365637418 738098075
-259599021 -941796983
-158686209 -576938762
-279408656 563682493
109449285 22212879
-380882282 768933979
-234626868 473102025
-423282060 854696337
-197467512 397939509
-259399772 523210369
-473304270 955876647
-33585224 66453541
885941221 173640207
-128005757 -466011171
802267521 157322607
154633083 31024383
-117908378 237014635
-230397145 -836215300
-179755917 -653117951
-62209125 -228118265
-35490832 70308029
-381835086 770861223
-72650188 145470545
-117655725 -428589815
-72559157 -265539621
-136488056 274595893
594756745 116854959
-415183226 838314763
656675283 128929983
-203043489 -737316002
-277503048 559828005
956227129 187346991
-114573564 230269281
728634665 142963119
922757649 180819951
142918765 28739919
-149814753 -544863314
-193656296 390230533
-142791517 -519470251
-113219997 -412552091
-268470477 -973872431
-11567897 -45020916
-309898384 625354301
-42248349 -155948507
561287265 110327919
-183822001 -667819198
-138870066 279414003
-147596889 -536844452
-55925177 -205398156
-408513598 824824055
-111371777 -405869706
-3571898 5745355
-413277618 834460275
-120982521 -440618108
941165863 184409823
-26439194 51999211
-243334685 -882991995
808961417 158628015
-388028312 783388309
-156020538 314104395
-428998884 866259801
216551621 43099407
-76461404 153179521
332021327 65617695
492674831 96947487
342062171 67575807
-179364236 361321873
-242725702 489483599
-127912820 257250697
989696609 193874031
747042879 146552991
-190797884 384448801
-118395013 -431262769
35816429 7853391
298551847 59090655
-368972232 744843429
-256541360 517428637
156306557 31350735
-187939472 378667069
-435192110 878786887
-469016652 947204049
895982065 175598319
847451319 166134111
-202673845 -735979525
-327525258 661008315
-91780645 -335036425
296878373 58764303
691818237 135783375
255041523 50605503
-228433642 460574939
-375641860 758334137
-177935030 358431007
670063075 131540799
-215611385 -782756220
-469969456 949131293
-251300938 506828795
-45944789 -169313277
482633987 94989375
-51859093 -190696909
-73298445 -268212575
-65504158 131016215
193122985 38530479
-110632489 -403196752
-102130677 -372457781
-442814542 894204839
-4914305 -20964330
-107675337 -392504936
-454248190 917331767
34142955 7527039
715246873 140352303
-375165458 757370515
-207848861 -754690203
502715675 98905599
-18960777 -71750456
72632857 15033135
-192227090 387339667
-378023870 763152247
-452342582 913477279
725287717 142310415
-381358684 769897601
417368501 82261647
-55976118 111743775
-214872097 -780083266
-482355908 974185465
-58512685 -214753495
45857273 9811503
410674605 80956239
-214141582 431666279
-465681838 940458695
-449007768 906731925
-25244725 -94470565
-198238117 -719941801
-146492498 294831955
-229657857 -833542346
865859533 169723983
-68862717 -252174851
875900377 171682095
-349916152 706298549
-319902826 645590363
-48162653 -177332139
713573399 140025951
-4544661 -19627853
-319426424 644626741
-368495830 743879807
527817785 103800879
-72928801 -266876098
29122533 6547983
-138725433 -504769004
226592465 45057519
-46684077 -171986231
-444243748 897095705
760430671 149163807
516103467 101516415
-2326797 -11608991
770471515 151121919
-160308156 322776993
-48901941 -180005093
-476639084 962622001
-87418650 175342827
-418994442 846023739
-245107712 494301709
-406607990 820969567
887614695 173966559
-99328700 199433377
-307039972 619572569
-421852854 851805471
-184930933 -671828629
-4524702 7672599
803940995 157648959
-205630997 -746671341
188102563 37551423
365490807 72144735
-129818428 261105185
-71450225 -261530190
-95993886 192688023
-53707313 -197379294
787206255 154385439
-270688341 -981891293
-91411001 -333699948
-234150466 472138403
-281790666 568500603
-262734586 529955723
-133920061 -487394803
-213188778 429739035
988023135 193547679
546225999 107390751
-199849522 402757619
124510551 25150047
-55023314 109816531
-188627373 -685193399
-248140057 -900366196
-281314264 567536981
-147445302 296759199
904349435 177230079
-47877284 95362201
-181746246 366139983
-42987637 -158621461
524470837 103148175
-198977405 -722614755
303572269 60069711
-127266469 -463338217
-333242082 672571779
15734741 3937167
-130593265 -475366510
-208424758 420102815
-391839528 791097285
-197868473 -718605324
840757423 164828703
-428522482 865296179
-46314433 -170649754
-232245365 -842897685
-268927812 542482809
276796685 54848079
765451093 150142863
-427569678 863368935
-77890610 156070387
-354203770 714971147
-32156018 63562675
-342293720 690880597
884267747 173313855
-488549134 986712551
-336100494 678353511
-291318706 587773043
-169836196 342049433
-225591773 -818841099
198143407 39509535
388919443 76713663
768798041 150795567
-163121937 -592976486
-222240416 448047853
-86605629 -316325747
-158316565 -575602285
633246647 124361055
-476162682 961658379
-270833420 546337297
-14529144 27908661
-250824536 505865173
-353727368 714007525
340388697 67249455
-146968900 295795577
-130771232 263032429
-232984653 -845570639
-67753785 -248165420
-271786224 548264541
382225547 75408255
238306783 47341983
-95517484 191724401
-34116181 -126546013
92714545 18949359
757083723 148511103
-446149356 900950193
-221895333 -805476329
-265143681 -961844138
-181269844 365176361
-136877213 -498086619
-493789556 997312393
-190845237 -693212261
-436144914 880714131
-113144358 227378415
-234093585 -849580070
-251097209 -911058012
-406131588 820005945
-235579672 475029269
844104371 165481407
-68838972 137761569
260711 -2253652
54224643 11443263
-304181560 613790837
-17851845 -67741025
-54446601 -200052248
822349209 161238831
65938961 13727727
507736097 99884655
-310374786 626317923
-9765124 18272441
350429541 69207567
-352298162 711116659
-94088278 188833535
-78473461 -286923253
-105457473 -384486074
621532329 122076591
2346949 1326351
-3066085 -14281945
-250348134 504901551
-284649078 574282335
-266991901 -968526523
136224869 27434511
668389601 131214447
663369179 130235391
927778071 181799007
-277979450 560791627
-196759541 -714595893
-425664070 859514447
-153141549 -556891607
-95477085 -348401195
-92889577 -339045856
-160534429 -583621147
974635343 190936863
-16742913 -63731594
-475209878 959731135
-24875081 -93134088
-335147690 676426267
-74079394 148361411
420715449 82914351
-286078284 577173201
-18816762 36581259
-10458965 -41011485
-403749578 815187835
-7383114 13454331
-27868400 54890077
-179386273 -651781474
-238898957 -866954271
325327431 64312287
-236311449 -857598932
-227957240 459611317
-107903936 216778573
-151662973 -551545699
783859307 153732735
-123200385 -448636970
-176982226 356503763
281817107 55827135
-137246857 -499423096
-58834530 117525507
-289889500 584882177
-355156574 716898391
-321332032 648481229
-264034749 -957834707
666716127 130888095
-318950022 643663119
-169359794 341085811
-299893942 605118239
293531425 58111599
-233723941 -848243593
-366590222 740025319
-110262845 -401860275
-347057740 700516817
-100757906 202324243
407327657 80303535
-73126590 146434167
-21178641 -79769318
-201934557 -733306571
-76255597 -278904391
-457583004 924077121
-24057184 47181101
-6430310 11527087
9040845 2631759
-115526368 232196525
-5953908 10563465
-11194330 21163307
-285125480 575245957
506062623 99558303
126184025 25476399
-70268178 140652435
-439956130 888423107
14061267 3610815
-178646985 -649108520
-85989444 172451961
-190105949 -690539307
-41878705 -154612030
660022231 129582687
-114097162 229305659
-246536918 497192575
-467587446 944313183
-1189888 927245
256714997 50931855
773818463 151774623
-478577 -4926606
-30726812 60671809
583042427 114570495
-149827312 301577309
-134582448 270741405
-239268601 -868290748
-143530805 -522143205
258388471 51258207
-257017762 518392259
-45971676 91507713
-412801216 833496653
-288936696 582954933
280143633 55500783
-200802326 404684863
-266545802 537664699
-206000641 -748007818
469246195 92378559
-71080581 -260193713
-162690166 327595103
-420900050 849878227
-118764657 -432599246
-475686280 960694757
494348305 97273839
-443767346 896132083
-106196761 -387159028
-467111044 943349561
832390053 163196943
-197129185 -715932370
-153511193 -558228084
-272739028 550191785
917737227 179840895
-126960016 255323453
-13046473 -50366824
-22287573 -83778749
-28344802 55853699
-140573653 -511451389
-16911154 32726771
-245922193 -892347334
867533007 170050335
-179016629 -650444997
-312280394 630172411
680103919 133498911
-396127146 799769883
183082141 36572367
320307009 63333231
-311803992 629208789
20755163 4916223
363817333 71818383
-237790025 -862944840
268429315 53216319
571328109 112286031
-229288213 -832205869
-45495274 90544091
-50259294 100180311
-164119372 330485969
-329907268 665826425
-102663514 206178731
-414230422 836387519
-156468345 -568919900
-231292054 466356671
-203184336 409502973
457531877 90094095
-405178784 818078701
-66275209 -242819512
531164733 104453583
435776715 85851519
-98852298 198469755
-129484333 -471357079
-328954464 663899181
-407560794 822896811
-93611876 187869913
-206370285 -749344295
-79952037 -292269161
-45575145 -167976800
-419947246 847950983
-105521926 211960463
855818689 167765871
-142052229 -516797297
-173471969 -630397842
228265939 45383871
-225575230 454793207
-41509061 -153275553
-108856740 218705817
330347853 65291343
706879503 138720543
-35014430 69344407
-121352165 -441954585
-428046080 864332557
-7132169 -28983192
-57881726 115598263
-58143041 -213417018
-339911710 686062487
338715223 66923103
-15958350 30799527
-170312598 343013055
-100281504 201360621
-235941805 -856262455
-227004436 457684073
-140943297 -512787866
-45018872 89580469
-181973781 -661136813
-5283949 -22300807
-398985558 805551615
892635117 174945615
-257750801 -935114598
-38921553 -143920214
596430219 117181311
179735193 35919663
-103616318 208105975
-244631310 493338087
-389933920 787242797
-282267068 569464225
-91229866 183051803
-400414764 808442481
731981613 143615823
-126157537 -459328786
-83607434 167633851
-170145173 -618369549
-379453076 766043113
703532555 138067839
419041975 82587999
-181604137 -659800336
-384217096 775679333
-267022204 538628321
-151732920 305431797
-264774037 -960507661
-34538028 68380785
-320855630 647517607
-84387765 -308306885
-146487957 -532835021
-223743553 -812158714
-66456962 132943459
-89932425 -328354040
-75508600 151252277
-221525689 -804139852
957900603 187673343
-98434237 -359093011
-61469837 -225445311
-322284836 650408473
916063753 179514543
-29310809 -109171812
994717031 194853087
94388019 19275711
742022457 145573935
-191274286 385412423
-246661481 -895020288
-489025536 987676173
-60730549 -222772357
-124309317 -452646401
422388923 83240703
-53117706 105962043
-238438084 480811001
-192323813 -698558169
-237084 -999999
-189368678 381557935
-478544692 966476489
586389375 115223199
-437097718 882641375
701859081 137741487
-184191645 -669155675
-450913376 910586413
716920347 140678655
864186059 169397631
745369405 146226639
-47793009 -175995662
-202231532 407575729
964594499 188978751
-107305693 -391168459
-210066725 -762709065
-276550244 557900761
-396603548 800733505
-69232361 -253511328
850798267 166786815
-187148797 -679847491
-348010544 702444061
819002261 160586127
696838659 136762431
-160164785 -582284670
-16373269 -62395117
574675057 112938735
-130223621 -474030033
-296559128 598372885
-163491581 -594312963
519450415 102169119
-200325924 403721241
-258120445 -936451075
-91706268 184015425
472593143 93031263
-56928922 113671019
-241116821 -874973133
-93998509 -343055287
-112667956 226414793
983002713 192568623
608144537 119465775
-303705158 612827215
57571591 12095967
-244154908 492374465
-398032754 803624371
-150554041 -547536268
504389149 99231951
-363731810 734243587
-235103270 474065647
-164600513 -598322394
-60740138 121379995
-224113197 -813495191
-34855469 -129218967
-387075508 781461065
-443290944 895168461
-331336474 668717291
-370401438 747734295
-140775674 283268491
-270318697 -980554816
902675961 176903727
-182343425 -662473290
-247031125 -896356765
-118025369 -429926292
243327205 48321039
942839337 184736175
-197498829 -717268847
-148336177 -539517406
-152771905 -555555130
-145539694 292904711
-44096569 -162630892
-47400882 94398579
-187888085 -682520445
-268840121 -975208908
-283696274 572355091
-183175452 369030849
-159425497 -579611716
-81430613 -297615069
-195085502 393121399
-74407377 -272222006
588062849 115549551
-124678961 -453982878
-103978897 -379140166
-89324258 179197315
-67886168 135834325
-317044414 639808631
-462347024 933713341
-262258184 528992101
-153162126 308322663
532838207 104779935
624879277 122729295
-300846746 607045483
467572721 92052207
-252575785 -916403920
-481403104 972258221
-96955661 -353747103
62592013 13075023
-36443636 72235273
-61692942 123307239
-328478062 662935559
-41139417 -151939076
939492389 184083471
-371354242 749661539
-47423365 -174659185
86020649 17643951
-157577277 -572929331
-490931144 991530661
285164055 56479839
-451389778 911550035
-174950545 -635743750
501042201 98579247
-50735696 101143933
-231875721 -841561208
526144311 103474527
-39302048 78017005
-167930588 338194945
-174123814 350722031
-314662404 634990521
-173647412 349758409
651654861 127950927
-334194886 674499023
147939187 29718975
-229862848 463465805
-159831754 321813371
-183452357 -666482721
514429993 101190063
511083045 100537359
-377071066 761225003
-202304201 -734643048
-212712376 428775413
-399461960 806515237
-74777021 -273558483
-489978340 989603417
805614469 157975311
-147921704 297722821
-42160460 83798737
825696157 161891535
-23104380 45253857
-160904073 -584957624
-364684614 736170831
-134289705 -488731280
-143634086 289050223
-198607761 -721278278
-98064593 -357756534
-290365902 585845799
-112111065 -408542660
-402320372 812296969
-368019428 742916185
-92519933 -337709379
-57403753 -210744064
-145379025 -528825590
-129114689 -470020602
758757197 148837455
-80749022 161852119
275123211 54521727
-357062182 720752879
509409571 100211007
-212654233 -772064404
-82909189 -302960977
-188415874 379630691
-245584114 495265331
748716353 146879343
-141728478 285195735
-196389897 -713259416
-62948413 -230791219
921084175 180493599
251694575 49952799
-228179281 -828196438
710226451 139373247
-288460294 581991311
-1587509 -8936037
-370877840 748697917
201490355 40162239
111122759 22539231
-204152421 -741325433
-208218505 -756026680
17408215 4263519
479287039 94336671
-31159029 -115854197
442470611 87156927
-178887834 360358251
-165709445 -602331825
-6023237 -24973761
-237485280 478883757
-91041357 -332363471
683450867 134151615
-433286502 874932399
-126007212 253396209
475940091 93683967
-203413133 -738652479
-75985002 152215899
-306563570 618608947
-422805658 853732715
-241486465 -876309610
-314186002 634026899
-491883948 993457905
-86942248 174379205
-139095077 -506105481
-13416117 -51703301
879247325 172334799
-54076957 -198715771
291857951 57785247
-21198772 41399369
489327883 96294783
-238914486 481774623
-348963348 704371305
-47053721 -173322708
-97899494 196542511
-254793649 -924422782
-183082713 -665146244
-464729034 938531451
-78103817 -285586776
-115437861 -420570953
-75032198 150288655
-128865624 259177941
-237008878 477920135
-188892276 380594313
308592691 61048767
-74555796 149325033
-439003326 886495863
-240747177 -873636656
-488072732 985748929
849124793 166460463
860839111 168744927
-162382649 -590303532
872553429 171029391
951206707 186367935
474266617 93357615
219898569 43752111
-226528034 456720451
-211545301 -768054973
-115049966 231232903
-244073973 -885664949
-184561289 -670492152
146265713 29392623
97734967 19928415
-196020253 -711922939
578022005 113591439
-243704329 -884328472
678430445 133172559
-16434752 31763149
-287031088 579100445
-212235974 427811791
311939639 61701471
-18221489 -69077502
-464252632 937567829
-20439353 -77096364
-32267961 -119863628
-213665180 430702657
693491711 136109727
695165185 136436079
-252206141 -915067443
-323714042 653299339
470919669 92704911
22428637 5242575
813981839 159607071
171367823 34287903
-255532937 -927095736
931125019 182451711
-27092945 -101152950
599777167 117834015
-372307046 751588783
454184929 89441391
-212284589 -770727927
-276073842 556937139
480960513 94663023
-99912813 -364438919
-193432745 -702567600
-305134364 615718081
-171254105 -622378980
-345152132 696662329
-188257729 -683856922
685124341 134477967
-60263736 120416373
-1957153 -10272514
827369631 162217887
-434239306 876859643
-224482841 -814831668
-216047190 435520767
-11670732 22126929
723614243 141984063
-240377533 -872300179
-344675730 695698707
-184128256 370958093
-317520816 640772253
-194132698 391194155
-192703492 388303289
792226677 155364495
-49782892 99216689
-257970566 520319503
817328787 160259775
-351821760 710153037
-278455852 561755249
-48532297 -178668616
-215094386 433593523
544552525 107064399
-121243192 243759989
286837529 56806191
638267069 125340111
-108380338 217742195
-220047113 -798793944
-210436369 -764045542
-171265402 344940299
127857499 25802751
-110285946 221596683
-122830741 -447300493
-95041082 190760779
-424711266 857587203
-166501382 335304079
589736323 115875903
-238159669 -864281317
665042653 130561743
-364208212 735207209
-271309822 547300919
91041071 18623007
-175689833 -638416704
-469493054 948167671
-8980389 -35665577
644960965 126645519
-115807505 -421907430
-165072176 332413213
-65027756 130052593
-61216540 122343617
-101021745 -368448350
-177538053 -645099089
-274015137 -993919586
859165637 168418575
-115068217 -419234476
-416612432 841205629
375531651 74102847
-122461097 -445964016
184755615 36898719
-141252076 284232113
-354680172 715934769
-34061626 67417163
993043557 194526735
-273275849 -991246632
-33108822 65489919
-84083836 168597473
529491259 104127231
-199716693 -725287709
-99543169 -363102442
-86465846 173415583
937818915 183757119
-135028993 -491404234
-204891709 -743998387
367164281 72471087
-389457518 786279175
-108414625 -395177890
397286813 78345423
-38182265 -141247260
-17112557 -65068071
-131247634 263996051
-52641304 104998421
-155729057 -566246946
378878599 74755551
-416136030 840242007
-155544136 313140773
-210330366 423957303
186429089 37225071
-149445109 -543526837
-102869965 -375130735
-346104936 698589573
857492163 168092223
-204522065 -742661910
-442338140 893241217
-27832233 -103825904
-156496940 315068017
5693897 1979055
-213763165 -776073835
-99805102 200396999
-30419741 -113181243
-253315073 -919076874
-461870622 932749719
27449059 6221631
-408990000 825787677
-492360350 994421527
-18591133 -70413979
-340864514 687989731
-31528673 -117190674
926104597 181472655
-19293164 37544881
-33746537 -125209536
-401367568 810369725
-207948356 419139193
-16003625 -61058640
-377547468 762188625
-217476396 438411633
-310851188 627281545
-153880837 -559564561
-473780672 956840269
-38551909 -142583737
-13099938 25017795
-222264977 -806812806
414021553 81608943
-266622257 -967190046
-329430866 664862803
-107427534 215814951
-92150289 -336372902
-150780116 303504553
-113620760 228342037
730308139 143289471
-433762904 875896021
-188997017 -686529876
-32632420 64526297
-321808434 649444851
623205803 122402943
-170884461 -621042503
-172732681 -627724888
-50010873 -184014524
-137616501 -500759573
-386122704 779533821
-306087168 617645325
-445672954 899986571
447491033 88135983
-40030485 -147929645
-147966533 -538180929
-213393521 -774737358
-93135474 186906291
-162752293 -591640009
-157926146 317958883
-304657962 614754459
-78843105 -288259730
-341817318 689916975
-320379228 646553985
60918539 12748671
961247551 188326047
-247966124 500083441
-88823493 -324344609
-75885953 -277567914
-177458628 357467385
19081689 4589871
393939865 77692719
-98803881 -360429488
845777845 165807759
-76625241 -280240868
-219307825 -796120990
55898117 11769615
-252253742 508756039
214878147 42773055
114469707 23191935
-109523557 -399187321
-266252613 -965853569
-415659628 839278385
-477115486 963585623
-325619650 657153827
-136137925 -495413665
-409466402 826751299
273449737 54195375
245000679 48647391
-374212654 755443271
-128389222 258214319
626552751 123055647
-44542470 88616847
-341340916 688953353
139571817 28087215
-123625202 248578099
-216350673 -785429174
-27391998 53926455
-308469178 622463435
-168406990 339158567
-124101604 249541721
-109893201 -400523798
-178277341 -647772043
-41684058 82835115
790553203 155038143
-61839481 -226781788
521123889 102495471
-22151576 43326613
-65535921 -240146558
-101391389 -369784827
-315615208 636917765
-101761033 -371121304
-350868956 708225793
-136507569 -496750142
-116002770 233160147
-194541677 -706577031
-54546912 108852909
-459965014 928895231
-122091453 -444627539
-29774008 58744565
-96216373 -351074149
609818011 119792127
-487596330 984785307
-81225424 162815741
-479973898 969367355
25775585 5895279
-51212098 102107555
424062397 83567055
-87344917 -318998701
-298941138 603190995
-437574120 883604997
-128375401 -467347648
-248918928 502010685
-87895052 176306449
-206995552 417211949
-28821204 56817321
-313233198 632099655
797247099 156343551
-332289278 670644535
-240007889 -870963702
-68362570 136797947
-170514817 -619706026
-263210988 530919345
-108784269 -396514367
-438050522 884568619
-309421982 624390679
-101234308 203287865
-458059406 925040743
67612435 14054079
954553655 187020639
-173841613 -631734319
-37073333 -137237829
977982291 191589567
44183799 9485151
-284172676 573318713
477613565 94010319
-324666846 655226583
-40254852 79944249
-453771788 916368145
-485214320 979967197
-223373909 -810822237
-230027501 -834878823
649981387 127624575
-104569122 210033219
-129342026 260141563
-93259221 -340382333
30796007 6874335
-450436974 909622791
-6906712 12490709
178061719 35593311
-1666290 1890867
-332765680 671608157
-94737797 -345728241
-209377562 422030059
203163829 40488591
-185557462 373848959
673475 999999
-62645746 125234483
-302275952 609936349
870879955 170703039
-283219872 571391469
-54816245 -201388725
-177907697 -646435566
-82169901 -300288023
-142681282 287122979
-106566405 -388495505
211531199 42120351
-21917929 -82442272
288511003 57132543
-152209322 306395419
-77364529 -282913822
-261816885 -949815845
-76994885 -281577345
151286135 30371679
-119337584 239905501
484307461 95315727
-413754020 835423897
-84018121 -306970408
-166079089 -603668302
-31898317 -118527151
557940317 109675215
-64551354 129088971
380552073 75081903
-251777340 507792417
675083497 132519855
-79319816 158961253
-219382004 442266121
-129853977 -472693556
-15005546 28872283
-41207656 81871493
196469933 39183183
-207109573 -752017249
-123148800 247614477
-180125561 -654454428
-448531366 905768303
270102789 53542671
944512811 185062527
-111715152 224487549
-387551910 782424687
-146016096 293868333
919410701 180167247
-164970157 -599658871
323653957 63985935
