2121
-779641300 -229109686
-8852775 -900584355
-767737954 -225624139
-3020915 -366936295
-8131466 -834580516
167963675 183925254
22738699 25338670
38099033 42112251
-8223548 -843006538
52062973 57360961
605034997 661209877
401161473 438578711
-566703666 -166757123
711160941 777100073
881521009 963134335
-3650142 -424514112
94526 -81855884
-2192177 -291102097
-64117946 -19589583
-837835436 -246150138
-2621893 -330423533
526836933 575817101
-673833780 -198127046
292242741 319638773
-259861858 -76907467
-4217981 -476474581
598053027 653585522
-467509116 -137710898
-183151406 -54445053
-816673932 -239953610
283864377 310489547
-151026 -104325276
477963143 522446616
-4156593 -470857233
-2468423 -316380163
-188441782 -55994185
5981971 7040218
-5921498 -632355988
567332359 620038360
-8438406 -862667256
141432189 154952705
607827785 664259619
-5491782 -593034552
-669865998 -196965197
434674929 475175615
-923804046 -271323533
-3435284 -404853394
-6243785 -661847065
-2760016 -343062566
898277737 981432787
610620573 667309361
-73376104 -22300564
78594459 86333510
-143473586 -42826563
-1455521 -223693921
-2591199 -327614859
489134295 534645584
-3097650 -373957980
-4801167 -529839387
-985965964 -289525834
-1394133 -218076573
-209603286 -62190713
328548985 359285419
-267797422 -79231165
-1332745 -212459225
-5998233 -639377673
135846613 148853221
-824609496 -242277308
773998671 845719268
-9313185 -942714465
648323211 708480878
-3834306 -441366156
-6934400 -725042230
166567281 182400383
984652 -404338
366251623 400456936
-138183210 -41277431
-7164605 -746107285
-7701750 -795259080
612016967 668834232
-2575852 -326210522
79990853 87858381
-806093180 -236855346
-4049164 -461026874
554764813 606314521
-4663044 -517200354
-930417016 -273259948
-107763548 -32369922
137243007 150378092
891295767 973808432
63234125 69559929
427692959 467551260
695800607 760326492
-3343202 -396427372
-243108 -112751298
155396129 170201415
673458303 735928556
338323743 369959516
15756729 17714315
-46924224 -14554904
-119666894 -35855469
-568026260 -167144406
-398734228 -117572182
236386981 258643933
241972557 264743417
-9681513 -976418553
321567015 351661064
-688171 -153477071
-462218740 -136161766
-7625015 -788237395
-7256687 -754533307
-660607840 -194254216
436071323 476700486
-2652587 -333232207
723728487 790823912
306206681 334887483
465395597 508722777
-6642807 -698359827
412332625 450777679
-1240663 -204033203
667872727 729829072
-441057236 -129965238
-602413704 -177213764
-972740024 -285653004
-6121009 -650612369
804719339 879266430
-7041829 -734872589
-210925880 -62577996
-5415047 -586012867
-122312082 -36630035
-6750236 -708190186
-3895694 -446983504
-865609910 -254283081
-665898216 -195803348
-5721987 -614099607
244765345 267793159
-788899458 -231820667
585485481 639861683
-979352994 -287589419
-450315394 -132676219
-292926708 -86589542
-667220810 -196190631
290846347 318113902
-298217084 -88138674
-6305173 -667464413
-626783 -147859723
-8162160 -837389190
-68085728 -20751432
-163312496 -48635808
-105118360 -31595356
628773695 687132684
-402702010 -118734031
-7287381 -757341981
343909319 376059000
-2084748 -281271738
-712189006 -209358253
789359005 862492849
7378365 8565089
-193732158 -57543317
-7394810 -767172340
-9098327 -923053747
-83956856 -25398828
705575365 771000589
-582574794 -171404519
350891289 383683355
799133763 873166946
-610349268 -179537462
-6059621 -644995021
846611159 925012560
-6965094 -727850904
174945645 191549609
-4632350 -514391680
-273087798 -80780297
-306152648 -90462372
158188917 173251157
-997869310 -293011381
-6873012 -719424882
-282345956 -83491278
-1608991 -237737291
-74698698 -22687847
-7246404 -2936414
-5537823 -597247563
-352443438 -104017277
25531487 28388412
-341862686 -100919013
-765092766 -224849573
-5399700 -584608530
376026381 411131033
-9666166 -975014216
223819435 244920094
-593155546 -174502783
796340975 870117204
-447670206 -131901653
264314861 289141353
-161989902 -48248525
498909053 545319681
490530689 536170455
-2422382 -312167152
510080205 557518649
-3174385 -380979665
-495283590 -145843841
-835190248 -245375572
-9144368 -927266758
463999203 507197906
56252155 61935574
315981439 345561580
461206415 504148164
-1271357 -206841877
584089087 638336812
-728060134 -214005649
138639401 151902963
64630519 71084800
107918733 118355801
-165957684 -49410374
746070791 815221848
46477397 51261477
-286313738 -84653127
-2038707 -277058727
-899997354 -264352439
-339217498 -100144447
229405011 251019578
-9067633 -920245073
524242 -42534448
-784931676 -230658818
-888094008 -260866892
-884126226 -259705043
-8407712 -859858582
17791 -88877569
234990587 257119062
871746251 952460238
-6489337 -684316457
539589 -41130111
515665781 563618133
-647381900 -190381386
-6458643 -681507783
-887682 -171733452
88369217 97007607
-3803612 -438557482
-8024037 -824750157
-1562950 -233524280
-8944857 -909010377
-185796594 -55219619
-954223708 -280231042
-205635504 -61028864
-3573407 -417492427
-538929192 -158624180
43684609 48211735
-2130789 -285484749
-4079858 -463835548
-1102540 -191394170
-873545474 -256606779
-333927122 -98595315
248954527 272367772
-3281814 -390810024
-175215842 -52121355
-529671034 -155913199
398368685 435528969
878728221 960084593
275486013 301340321
267107649 292191095
-422540920 -124543276
479359537 523971487
512872993 560568391
-4371451 -490517951
-144796180 -43213846
-36343472 -11456640
-650027088 -191155952
649719605 710005749
-337894904 -99757164
-356411220 -105179126
-5307618 -576182508
-3512019 -411875079
-1915931 -265824031
-484702838 -142745577
-240022948 -71098222
-995111 -181563811
-3235773 -386597013
-9006245 -914627725
-7486892 -775598362
-126279864 -37791884
205666313 225096771
-5445741 -588821541
634359271 693232168
-427831296 -126092408
67423307 74134542
693007819 757276750
-381231 -125390331
-508509530 -149716671
105125945 115306059
-943642956 -277132778
-373604942 -110213805
-368314566 -108664673
-25762720 -8358376
233594193 255594191
-528348440 -155525916
-8453753 -864071593
-224151820 -66450826
-6658154 -699764164
-496606184 -146231124
-4340757 -487709277
-565381072 -166369840
378819169 414180775
-714834194 -210132819
-27085314 -8745659
170756463 186974996
247558133 270842901
-3112997 -375362317
-79989074 -24236979
-62795352 -19202300
659494363 720679846
-216216256 -64127128
-1133234 -194202844
503098235 549894294
352287683 385208226
776791459 848769010
827061643 903664366
-770383142 -226398705
215441071 235770868
-287636332 -85040410
-3865000 -444174830
-659285246 -193866933
-76021292 -23075130
169360069 185450125
-41633848 -13005772
-135538022 -40502865
899674131 982957658
525440539 574292230
-4171940 -472261570
-3941735 -451196515
-1225316 -202628866
755845549 825895945
-541574380 -159398746
-325991558 -96271617
-29730502 -9520225
-480735056 -141583728
260125679 284566740
775395065 847244139
658097969 719154975
820079673 896040011
522647751 571242488
-927771828 -272485382
-776996112 -228335120
953958 -3213012
701386183 766425976
730710457 798448267
-725414946 -213231083
-5706640 -612695270
48485 -86068895
-8361671 -855645571
-6826971 -715211871
750259973 819796461
-780253 -161903093
-2391688 -309358478
406747049 444678195
181927615 199173964
-9528043 -962375183
-735995698 -216329347
-8070078 -828963168
-3987776 -455409526
-7425504 -769981014
-980675588 -287976702
-583897388 -171791802
-493960996 -145456558
-4693738 -520009028
-290281520 -85814976
716746517 783199557
96747581 106156833
-8883469 -903393029
902466919 986007400
554936 -39725774
-7885914 -812111124
-8545835 -872497615
588278269 642911425
380215563 415705646
892570 -8830360
-409314980 -120670446
360666047 394357452
906656101 990582013
-181828812 -54057770
-5936845 -633760325
-8177507 -838793527
-23117532 -7583810
-639446336 -188057688
831250825 908238979
-154054338 -45924827
-442379830 -130352521
908052495 992106884
-7333422 -761554992
271296831 296765708
-821964308 -241502742
-5923810 -2549131
-455605770 -134225351
286657165 313539289
127468249 139703995
556161207 607839392
-505864342 -148942105
-7916608 -814919798
-110408736 -33144488
575710723 629187586
109315127 119880672
-4279369 -482091929
-599768516 -176439198
-377572724 -111375654
-6412602 -677294772
-886771414 -260479609
452828051 494998938
-311443024 -92011504
-503219154 -148167539
-2069401 -279867401
-598445922 -176051915
718142911 784724428
595260239 650535780
564539571 616988618
518458569 566667875
63832 -84664558
672061909 734403685
-6151703 -653421043
36702639 40587380
800488 -17256382
389990321 426379743
-229442196 -67999958
-734212 -157690082
-729382728 -214392932
662365 -29895415
-127602458 -38179167
-3297161 -392214361
-753189420 -221364026
787962611 860967978
-579929606 -170629953
-254571482 -75358335
593863845 649010909
505891023 552944036
-521735470 -153589501
60441337 66510187
288053559 315064160
-1854543 -260206683
663683545 725254459
-7671056 -792450406
854989523 934161786
-626220396 -184184858
-906610324 -266288854
-4755126 -525626376
-890739196 -261641458
-7302728 -758746318
-530993628 -156300482
-643414118 -189219537
877223 -10234697
-319378588 -94335202
114900703 125980156
-4064511 -462431211
-98505390 -29658941
-134215428 -40115582
-45601630 -14167621
-6105662 -649208032
-389476070 -114861201
92558399 101582220
825665249 902139495
-237377760 -70323656
-93215014 -28109809
-52214600 -16104036
-536284004 -157849614
-357733814 -105566409
395575897 432479227
-9742901 -982035901
-2268912 -298123782
603638603 659685006
-132892834 -39728299
177738433 194599351
-316733400 -93560636
683233061 746602653
-1179275 -198415855
155914 -76238536
834043613 911288721
-221506632 -65676260
810304915 885365914
-8729999 -889349659
-684414532 -201225310
-274410392 -81167580
-956868896 -281005608
-304830054 -90075089
133053825 145803479
-951578520 -279456476
-347153062 -102468145
873142645 953985109
-864287316 -253895798
-192409564 -57156034
-396089040 -116797616
100936763 110731446
-466186522 -137323615
-261184452 -77294750
-468831710 -138098181
204269919 223571900
-152731744 -45537544
-32375690 -10294791
396972291 434004098
239179769 261693675
422107383 461451776
-3818959 -439961819
631566483 690182426
355425 -57982155
392783109 429429485
-2882792 -354297262
-721447164 -212069234
-349798250 -103242711
-206958098 -61416147
-962159272 -282554740
-791544646 -232595233
-7824526 -806493776
385801139 421805130
-2944180 -359914610
207062707 226621642
-4555615 -507369995
-7947302 -817728472
420710989 459926905
620395331 677983458
-702930848 -206647272
-979764 -180159474
-1117887 -192798507
-795600 -163307430
-803447992 -236080780
747467185 816746719
-315410806 -93173353
103729551 113781188
870349857 950935367
190305979 208323190
187513191 205273448
-5108107 -557926127
89765611 98532478
-87924638 -26560677
-2453076 -314975826
-852383970 -250410251
124675461 136654253
-3404590 -402044720
-9113674 -924458084
-8300283 -850028223
-348475656 -102855428
-9021592 -916032062
-905287730 -265901571
-2284259 -299528119
-892061790 -262028741
-849738782 -249635685
-7225993 -751724633
-7517586 -778407036
813097703 888415656
744674397 813696977
-212248474 -62965279
-415927950 -122606861
-7118564 -741894274
-7931955 -816324135
-823286902 -241890025
-2161483 -288293423
-378895318 -111762937
-4954637 -543882757
-6903706 -722233556
-7149258 -744702948
-5062066 -553713116
-6596766 -694146816
-517767688 -152427652
99540369 109206575
-739963480 -217491196
-676478968 -198901612
-310120430 -91624221
-605058892 -177988330
-4478880 -500348310
172152857 188499867
-262507046 -77682033
-860319534 -252733949
-1209969 -201224529
-166373 -105729613
-7977996 -820537146
-5553170 -598651900
-6136356 -652016706
621791725 679508329
-5046719 -552308779
-463541334 -136549049
780980641 853343623
-862964722 -253508515
423503777 462976647
831182 -14447708
-54859788 -16878602
-8515141 -869688941
-164635090 -49023091
-8806734 -896371344
653908787 714580362
757241943 827420816
-3128344 -376766654
729314063 796923396
-4202634 -475070244
-9297838 -941310128
-790222052 -232207950
28324275 31438154
-512477312 -150878520
-5583864 -601460574
-8868122 -901988692
-340540092 -100531730
325756197 356235677
-199022534 -59092449
171261 -74834199
-773028330 -227173271
-915868482 -268999835
-9205756 -932884106
-130247646 -38953733
-6228438 -660442728
-509832124 -150103954
779584247 851818752
457017233 499573551
401466 -53769144
-989933746 -290687683
-515122500 -151653086
-6796277 -712403197
845214765 923487689
-7655709 -791046069
842421977 920437947
-845771000 -248473836
889899373 972283561
-2407035 -310762815
-9052286 -918840736
262918467 287616482
-9420614 -952544824
-288958926 -85427693
-9466655 -956757835
852196735 931112044
549179237 600215037
-344507874 -101693579
-417250544 -122994144
-705576036 -207421838
134450219 147328350
246161739 269318030
849403947 928062302
-8499794 -868284604
-200345128 -59479732
517062175 565143004
-7962649 -819132809
-800802804 -235306214
39495427 43637122
-3419937 -403449057
645530423 705431136
-1501562 -227906932
-507186936 -149329388
59044943 64985316
-9819636 -989057586
-581252200 -171017236
-220184038 -65288977
585630 -36917100
-139505804 -41664714
74405277 81758897
-938352580 -275583646
-4356104 -489113614
-3143691 -378170991
-3358549 -397831709
451431657 493474067
912241677 996681497
26927881 29913283
-5952192 -635164662
-3972429 -454005189
609224179 665784490
676251091 738978298
-9891592 -3710980
218233859 238820610
-804770586 -236468063
10171153 11614831
-5675946 -609886596
-4570962 -508774332
-556122914 -163658859
839629189 917388205
740485215 809122364
-4893249 -538265409
-360379002 -106340975
-757157202 -222525875
377422775 412655904
-925126640 -271710816
861876 -11639034
894088555 976858174
-642130 -149264060
-6673501 -701168501
-3066956 -371149306
-2054054 -278463064
767016701 838094913
-9389920 -949736150
-61472758 -18815017
-269120016 -79618448
-222829226 -66063543
-2683281 -336040881
240576163 263218546
631671 -32704089
-970094836 -284878438
-238700354 -70710939
677647485 740503169
-6013580 -640782010
-38988660 -12231206
40891821 45161993
-894706978 -262803307
-3327855 -395023035
-8699305 -886540985
-312765618 -92398787
-2560505 -324806185
-380217912 -112150220
-13859374 -4872829
222423041 243395223
-8284936 -848623886
-82634262 -25011545
-2698628 -337445218
885710191 967708948
-4647697 -515796017
-4785820 -528435050
309384 -62195166
-8791387 -894967007
119089885 130554769
-814028744 -239179044
-2330300 -303741130
-733350510 -215554781
-3880347 -445579167
864764281 944835883
201477131 220522158
-44279036 -13780338
415125413 453827421
-550832538 -162109727
120486279 132079640
-253248888 -74971052
-160667308 -47861242
47873791 52786348
-3926388 -449792178
786566217 859443107
-978030400 -287202136
-532316222 -156687765
727917669 795398525
-3496672 -410470742
785169823 857918236
969305 -1808675
-3742224 -432940134
-70730916 -21525998
-5645252 -607077922
-443702424 -130739804
-778318706 -228722403
-5292271 -574778171
-501896560 -147780256
348098501 380633613
68819701 75659413
32513457 36012767
-8561182 -873901952
3189183 3990476
-596089 -145051049
722332093 789299041
-4969984 -545287094
-124957270 -37404601
113504309 124455285
-28407908 -9132942
-2023360 -275654390
17153123 19239186
-114376518 -34306337
-926449234 -272098099
-58944 -95899254
29720669 32963025
-889416602 -261254175
-156699526 -46699393
660890757 722204717
121882673 133604511
-33698284 -10682074
-350537 -122581657
-7364116 -764363666
-622252614 -183023009
-1869890 -261611020
-2821404 -348679914
-2483770 -317784500
-560090696 -164820708
-5982886 -637973336
-7410157 -768576677
142828583 156477576
-755834608 -222138592
-782286488 -229884252
176342039 193074480
-9221103 -934288443
250350921 273892643
637152059 696281910
200080737 218997287
641341241 700856523
616324 -34108426
408143443 446203066
-6028927 -642186347
454224445 496523809
542197267 592590682
-774350924 -227560554
-619607426 -182248443
-243990730 -72260071
-562735884 -165595274
-4770473 -527030713
-709543818 -208583687
91162005 100057349
-5353659 -580395519
-601091110 -176826481
-291604114 -86202259
-5154148 -562139138
-365884 -123985994
123279067 135129382
14360335 16189444
-4862555 -535456735
528233327 577341972
-482057650 -141971011
-537606598 -158236897
-783609082 -230271535
-5568517 -600056237
335530955 366909774
-549509944 -161722444
-931739610 -273647231
644134029 703906265
-3481325 -409066405
-5184842 -564947812
-12536780 -4485546
785141 -18660719
-430476484 -126866974
450035263 491949196
-571994042 -168306255
381611957 417230517
263343 -66408177
-578607012 -170242670
568728753 621563231
191702373 209848061
-401379416 -118346748
-227761 -111346961
708368153 774050331
-329959340 -97433466
-5276924 -573373834
581296299 635287070
-832545060 -244601006
-939675174 -275970929
-58827570 -18040451
-400056822 -117959465
-880158444 -258543194
-627542990 -184572141
-4739779 -524222039
-963481866 -282942023
-2898139 -355701599
-840480624 -246924704
602242209 658160135
507287417 554468907
-77343886 -23462413
-628865584 -184959424
-159344714 -47473959
-5077413 -555117453
-90569826 -27335243
-585219982 -172179085
482152325 527021229
811701309 886890785
-273802 -115559972
-1639685 -240545965
-1593644 -236332954
814494097 889940527
156792523 171726286
-902642542 -265127005
-964804460 -283329306
-106440954 -31982639
861971493 941786141
-5384353 -583204193
2444 -90281906
-225474414 -66838109
-597123328 -175664632
-8576529 -875306289
-9129021 -925862421
42288215 46686864
-8192854 -840197864
616206149 673408845
800530157 874691817
-17827156 -6034678
329945379 360810290
-3082303 -372553643
-6366561 -673081761
-590510358 -173728217
82783641 90908123
-644736712 -189606820
-464863928 -136936332
383008351 418755388
374629987 409606162
-94537608 -28497092
-40311254 -12618489
-302184866 -89300523
-158022120 -47086676
-99827984 -30046224
838232795 915863334
369044411 403506678
-754512014 -221751309
-419895732 -123768710
-710866412 -208970970
-2207524 -292506434
-43597 -94494917
-7272034 -755937644
-5522476 -595843226
-439734642 -129577955
-15181968 -5260112
-5016025 -549500105
-1946625 -268632705
-9359226 -946927476
430485747 470601002
511476599 559043520
243368951 266268288
-937029986 -275196363
-2867445 -352892925
-5246230 -570565160
-1194622 -199820192
-5322965 -577586845
386119 -55173481
394179503 430954356
-9190409 -931479769
-489993214 -144294709
771205883 842669526
-974062618 -286040287
-780963894 -229496969
253143709 276942385
-322023776 -95109768
706971759 772525460
-437089454 -128803389
318774227 348611322
-169925466 -50572223
806115733 880791301
-232087384 -68774524
-479412462 -141196445
-1302051 -209650551
677712 -28491078
761431125 831995429
-1317398 -211054888
-4033817 -459622537
-28250 -93090580
-414605356 -122219578
268504043 293715966
-657962652 -193479650
-718801976 -211294668
713953729 780149815
-1885237 -263015357
-2713975 -338849555
553368419 604789650
-815351338 -239566327
-504541748 -148554822
480755931 525496358
-940997768 -276358212
353684077 386733097
230801405 252544449
144224977 158002447
-868255098 -255057647
884313797 966184077
-5261577 -571969497
-2806057 -347275577
-9451308 -955353498
-624897802 -183797575
623188119 681033200
-4601656 -511583006
493548 -45343122
-2514464 -320593174
-278378174 -82329429
258729285 283041869
279675195 305914934
726521275 793873654
-7379463 -765768003
-738640886 -217103913
532422509 581916585
443053293 484324841
693059 -27086741
-204312910 -60641581
-2790710 -345871240
-548187350 -161335161
-8653264 -882327974
698593395 763376234
468188385 511772519
606431391 662734748
-966127054 -283716589
-3726877 -431535797
-573316636 -168693538
-7563627 -782620047
-9604778 -969396868
-743931262 -218653045
-50892006 -15716753
-5691293 -611290933
462854 -48151796
-2744669 -341658229
-8637917 -880923637
-1486215 -226502595
-4095205 -465239885
-964417 -178755137
550575631 601739908
53459367 58885832
-113053924 -33919054
-8607223 -878114963
431882141 472125873
-289149 -116964309
66026913 72609671
-958191490 -281392891
-136860616 -40890148
-1839196 -258802346
-5031372 -550904442
413729019 452302550
-8238895 -844410875
-913223294 -268225269
-6443296 -680103446
-351120844 -103629994
-651349682 -191543235
836836401 914338463
-6335867 -670273087
-5338312 -578991182
-7578974 -784024384
-7717097 -796663417
-1363439 -215267899
-433121672 -127641540
-8975551 -911819051
-5829416 -623929966
140035795 153427834
-7609668 -786833058
-7072523 -737681263
895484949 978383045
458413627 501098422
-392121258 -115635767
-587865170 -172953651
880124615 961609464
-2360994 -306549804
-633434 -999999
-353766032 -104404560
-9650819 -973609879
-486025432 -143132860
-173893248 -51734072
-6259132 -663251402
-8085425 -830367505
-6627460 -696955490
-488660 -135220690
-95860202 -28884375
-758479796 -222913158
-201667722 -59867015
-796835022 -234144365
600977 -35512763
-1163928 -197011518
-255894076 -75745618
-7686403 -793854743
-681769344 -200450744
-324668964 -95884334
-841641 -167520441
690215031 754227008
-534961410 -157462331
320170621 350136193
254540103 278467256
797737369 871642075
-9896371 -996079271
-197699940 -58705166
824268855 900614624
-8100772 -831771842
163774493 179350641
-6044274 -643590684
-361701596 -106728258
-8568998 -3323697
-376250130 -110988371
-5369006 -581799856
-7241340 -753128970
828458037 905189237
-847093594 -248861119
-369637160 -109051956
-49569412 -15329470
-7133911 -743298611
-701608254 -206259989
539404479 589540940
-910578106 -267450703
-7011135 -732063915
-251926294 -74583769
-8622570 -879519300
-8484447 -866880267
647018 -31299752
251747315 275417514
209855495 229671384
-9574084 -966588194
-827254684 -243051874
-2345647 -305145467
-747899044 -219814894
-677801562 -199288895
-2176830 -289697760
313188651 342511838
-1071846 -188585496
-7103217 -740489937
-6090315 -647803695
-7440851 -771385351
-5476435 -591630215
-345830468 -102080862
-716156788 -210520102
670665515 732878814
225215829 246444965
-101150578 -30433507
642737635 702381394
-2836751 -350084251
754447 -21469393
504494629 551419165
-104985 -100112265
-8591876 -876710626
-66763134 -20364149
-855029158 -251184817
-5860110 -626738640
217302 -70621188
-3312508 -393618698
-270442610 -80005731
-56182382 -17265885
-483380244 -142358294
-109086142 -32757205
109873 -80451547
-2437729 -313571489
-5783375 -619716955
-6566072 -691338142
688818637 752702137
-335190 -121177320
-992578934 -291462249
274089619 299815450
493323477 539220197
-4448186 -497539636
821476067 897564882
-89247232 -26947960
-478089868 -140809162
-960836678 -282167457
-8990898 -913223388
764223913 835045171
84180035 92432994
531026115 580391714
535215297 584966327
-1516909 -229311269
470981173 514822261
-19149750 -6421961
632962877 691707297
-336572310 -99369881
-4187287 -473665907
-763770172 -224462290
-4923943 -541074083
-9881024 -994674934
-366991972 -108277390
-968772242 -284491155
-1961972 -270037042
-683091938 -200838027
743278003 812172106
-3772918 -435748808
-5752681 -616908281
-762447578 -224075007
-2222871 -293910771
-872222880 -256219496
-706898630 -207809121
-3205079 -383788339
508683811 555993778
149810553 164101931
-836512842 -245762855
-394766446 -116410333
-1701073 -246163313
-234732572 -69549090
-365669378 -107890107
-307475242 -90849655
732106851 799973138
655305181 716105233
-1056499 -187181159
-168602872 -50184940
226612223 247969836
-1685726 -244758976
24135093 26863541
-460896146 -135774483
-2545158 -323401848
355080471 388257968
302017499 330312870
-97182796 -29271658
-8960204 -910414714
-720124570 -211681951
-426508702 -125705125
-319843 -119772983
-6197744 -657634054
-552155132 -162497010
-6857665 -718020545
-611436 -146455386
-844448406 -248086553
322963409 353185935
-919836264 -270161684
-146118774 -43601129
-631510772 -185733990
-147441368 -43988412
202873525 222047029
-995224122 -292236815
33138 -87473232
35306245 39062509
792151793 865542591
-5614558 -604269248
307603075 336412354
-410637574 -121057729
-2115442 -284080412
-564058478 -165982557
-991256340 -291074966
-374927536 -110601088
-594478140 -174890066
582692693 636811941
829854431 906714108
807512127 882316172
214044677 234245997
-6397255 -675890435
-504007 -136625027
765620307 836570042
-527025846 -155138633
888502979 970758690
-696317878 -204710857
75801671 83283768
-382863100 -112924786
278278801 304390063
-72053510 -21913281
790755399 864017720
-7809179 -805089439
-717479382 -210907385
289449953 316589031
-878835850 -258155911
126071855 138179124
-914545888 -268612552
-6274479 -664655739
-4294716 -483496266
762827519 833520300
508895 -43938785
494719871 540745068
570283 -38321437
-524380658 -154364067
491927083 537695326
-236055166 -69936373
-984643370 -289138551
768413095 839619784
896881343 979907916
-7793832 -803685102
21342305 23813799
447507 -49556133
691611425 755751879
-718865 -156285745
180531221 197649093
-703518 -154881408
399765079 437053840
396395 940734
371837199 406556420
-687059720 -201999876
-9267144 -938501454
-7839873 -807898113
-6765583 -709594523
-8315630 -851432560
-3588754 -418896764
-470154304 -138485464
208459101 228146513
-413282762 -121832295
547782843 598690166
-8914163 -906201703
571521541 624612973
-708221224 -208196404
-843125812 -247699270
-866932504 -254670364
-691027502 -203161725
-1808502 -255993672
364855229 398932065
437467717 478225357
-9159715 -928671095
125220 -79047210
651115999 711530620
600845815 656635264
-5430394 -587417204
720935699 787774170
-81311668 -24624262
-848416188 -249248402
-69408322 -21138715
-1716420 -247567650
-6381908 -674486098
-672511186 -197739763
-947610738 -278294627
-103795766 -31208073
-853706564 -250797534
-454283176 -133838068
-656640058 -193092367
-1025805 -184372485
152603341 167151673
-176538436 -52508638
-241345542 -71485505
586881875 641386554
-12903 -91686243
-1041152 -185776822
79179 -83260221
850800341 929587173
-663253028 -195028782
151206947 165626802
-8146813 -835984853
195891555 214422674
-2253565 -296719445
-318055994 -93947919
370772 -56577818
-3757571 -434344471
-228119602 -67612675
533818903 583441456
769809489 841144655
-1762461 -251780661
572917935 626137844
-9834983 -990461923
557557601 609364263
-456928364 -134612634
-794189834 -233369799
-798157616 -234531648
-638123742 -187670405
-817996526 -240340893
-557445508 -164046142
-550048 -140838038
324359803 354710806
-8330977 -852836897
-1777808 -253184998
-6704195 -703977175
-881481038 -258930477
-8760693 -892158333
694404213 758801621
-151409150 -45150261
-3957082 -452600852
-9435961 -953949161
-751866826 -220976743
-2729322 -340253892
419314595 458402034
-4325410 -486304940
-692350096 -203549008
-869577692 -255444930
-11214186 -4098263
54855761 60410703
232649 -69216851
-196377346 -58317883
662287151 723729588
-304496 -118368646
-5169495 -563543475
-870900286 -255832213
33909851 37537638
-91892420 -27722526
165170887 180875512
578503511 632237328
-909255512 -267063420
754449155 824371074
-694995284 -204323574
-2606546 -329019196
-9865677 -993270597
856385917 935686657
-4463533 -498943973
219630253 240345481
-589187764 -173340934
-713511600 -209745536
-177861030 -52895921
-6427949 -678699109
473773961 517872003
-944965550 -277520061
-655317464 -192705084
-3159038 -379575328
-819319120 -240728176
-1470868 -225098258
-258455 -114155635
-611671862 -179924745
-858996940 -252346666
-8822081 -897775681
521251357 569717617
-540251786 -159011463
-519354 -138029364
57648549 63460445
-6213091 -659038391
-903965136 -265514288
-4617003 -512987343
-876190662 -257381345
-750544232 -220589460
-580742 -143646712
-2959527 -361318947
-3788265 -437153145
-135679 -102920939
617602543 674933716
-1286704 -208246214
462602809 505673035
-492638402 -145069275
-3373896 -399236046
-950255926 -279069193
112107915 122930414
638548453 697806781
110711521 121405543
-7870567 -810706787
342512925 374534129
416521807 455352292
-9236450 -935692780
-3278622 -1774565
311792257 340986967
-343185280 -101306296
-140828398 -42051997
-4233328 -477878918
-799480210 -234918931
-704253442 -207034555
-20472344 -6809244
-1977319 -271441379
614809755 671883974
-7502239 -777002699
-294249302 -86976825
-839158030 -246537421
-730705322 -214780215
-1547603 -232119943
-4417492 -494730962
-7348769 -762959329
-4402145 -493326625
-646059306 -189994103
-642091524 -188832254
-9512696 -960970846
11567547 13139702
-4248675 -479283255
-396578 -126794668
877331827 958559722
131657431 144278608
868953463 949410496
-1348092 -213863562
846529 -13043371
211251889 231196255
-499251372 -147005690
-3604101 -420301101
440260505 481275099
-4432839 -496135299
-833867654 -244988289
-65440540 -19976866
910845283 995156626
699989789 764901105
-271765204 -80393014
-693672690 -203936291
-898674760 -263965156
646926817 706956007
-1532256 -230715606
237783375 260168804
128864643 141228866
98143975 107681704
-2499117 -319188837
216837465 237295739
-434444266 -128028823
-9036939 -917436399
-7456198 -772789688
-569348854 -167531689
-6182397 -656229717
-320701182 -94722485
524044145 572767359
882917403 964659206
-8008690 -823345820
501701841 548369423
4585577 5515347
-102473172 -30820790
702782577 767950847
472377567 516347132
-5798722 -621121292
639944847 699331652
-9482002 -958162172
-2928833 -358510273
679043879 742028040
310395863 339462096
665079939 726779330
-74291 -97303591
173549251 190024738
-9620125 -970801205
558953995 610889134
913638071 998206368
-197067 -108538287
-668543404 -196577914
-6504684 -685720794
901070525 984482529
-21794938 -7196527
148414159 162577060
684629455 748127524
18549517 20764057
-7640362 -789641732
-6780930 -710998860
817286885 892990269
574314329 627662715
-4125899 -468048559
-3220426 -385192676
-388153476 -114473918
-653994870 -192317801
-534701 -139433701
-5890804 -629547314
-9251797 -937097117
-689704908 -202774442
-570671448 -167918972
247996 -67812514
-6289826 -666060076
184720403 202223706
-586542576 -172566368
-802125398 -235693497
734899639 803022880
-57504976 -17653168
-4509574 -503156984
-2008013 -274250053
-8745346 -890753996
-7318075 -760150655
-7732444 -798067754
71612489 78709155
903863313 987532271
-42956442 -13393055
-553477726 -162884293
570125147 623088102
327152591 357760548
-9773595 -984844575
-314088212 -92786070
102333157 112256317
73008883 80234026
228008617 249494707
-9374573 -948331813
-948933332 -278681910
803322945 877741559
753052761 822846203
-212414 -109942624
-6351214 -671677424
-1900584 -264419694
818683279 894515140
188909585 206798319
-554800320 -163271576
-24440126 -7971093
-6074968 -646399358
-9558737 -965183857
314585045 344036709
-4939290 -542478420
538008085 588016069
-5737334 -615503944
815890491 891465398
-181720 -107133950
-634155960 -186508556
-123634676 -37017318
-3266467 -389405687
-328636746 -97046183
-60150164 -18427734
-1440174 -222289584
426296565 466026389
-8469100 -865475930
-4586309 -510178669
197287949 215947545
-545542162 -160560595
-671188592 -197352480
265711255 290666224
859178705 938736399
295035529 322688515
-155376932 -46312110
-9804289 -987653249
-406669792 -119895880
-533638816 -157075048
-472799492 -139260030
-6581419 -692742479
-971417430 -285265721
-955546302 -280618325
923264 -6021686
49270185 54311219
-983320776 -288751268
-1731767 -248971987
-487348026 -143520143
-2146136 -286889086
303413893 331837741
863367887 943311012
-807415774 -237242629
-742608668 -218265762
-117021706 -35080903
-230764790 -68387241
-811383556 -238404478
70216095 77184284
-7747791 -799472091
-4908596 -539669746
-1793155 -254589335
-120989488 -36242752
536611691 586491198
-8039384 -826154494
433278535 473650744
-6320520 -668868750
-829899872 -243826440
-2667934 -334636544
782377035 854868494
186116797 203748577
704178971 769475718
-308797836 -91236938
-258539264 -76520184
565935965 618513489
832647219 909763850
-1087193 -189989833
-5507129 -594438889
-9543390 -963779520
-635478554 -186895839
-6719542 -705381512
-5200189 -566352149
-4816514 -531243724
-4524921 -504561321
-257216670 -76132901
-8837428 -899180018
708406 -25682404
-698963066 -205485423
-2314953 -302336793
-5123454 -559330464
-250603700 -74196486
-9175062 -930075432
-9727554 -980631564
739088821 807597493
-874868068 -256994062
-3680836 -427322786
-9911718 -997483608
-7901261 -813515461
-591832952 -174115500
-411925 -128199005
-364346784 -107502824
-9343879 -945523139
331341773 362335161
-7210646 -750320296
-544219568 -160173312
758638337 828945687
907917 -7426023
-9696860 -977822890
469584779 513297390
-648704494 -190768669
739100 -22873730
874539039 955509980
-6734889 -706785849
183324009 200698835
-903029 -173137789
-724092352 -212843800
-1148581 -195607181
-3558060 -416088090
-901319948 -264739722
-907932918 -266676137
627377301 685607813
-5768028 -618312618
-279700768 -82716712
-335249716 -98982598
563143177 615463747
-2974874 -362723284
-575961824 -169468104
-5660599 -608482259
-3849653 -442770493
-2913486 -357105936
-385508288 -113699352
486341507 531595842
-7087870 -739085600
-111731330 -33531771
596656633 652060651
-3251120 -388001350
736296033 804547751
-700285660 -205872706
560350389 612414005
741881609 810647235
-630188178 -185346707
-856988 -168924778
-851061376 -250022968
-7195299 -748915959
624584513 682558071
-303507460 -89687806
159585311 174776028
-981998182 -288363985
-48246818 -14942187
-8668611 -883732311
618998937 676458587
-195054752 -57930600
-7179952 -747511622
-574639230 -169080821
514269387 562093262
-620930020 -182635726
-8254242 -845815212
-7778485 -802280765
-355088626 -104791843
-381540506 -112537503
867557069 947885625
296431923 324213386
-918376 -174542126
-407992386 -120283163
666476333 728304201
-988611152 -290300400
-5629905 -605673585
848007553 926537431
760034731 830470558
-2852098 -351488588
-218861444 -64901694
-749559 -159094419
-7471545 -774194025
-427272 -129603342
712557335 778624944
561746783 613938876
-661930434 -194641499
-672824 -152072734
257332891 281516998
-523058064 -153976784
-446347612 -131514370
-6888359 -720829219
438864111 479750228
-284991144 -84265844
466791991 510247648
-9497349 -959566509
686025849 749652395
-4847208 -534052398
-697640472 -205098140
-1823849 -257398009
8774759 10089960
308999469 337937225
193098767 211372932
-1747114 -250376324
140567 -77642873
887106585 969233819
719539305 786249299
-917191076 -269387118
-5138801 -560734801
340078 -59386492
-764906 -160498756
-749221638 -220202177
50666579 55836090
-6842318 -716616208
285260771 312014418
-390798664 -115248484
478201 -46747459
281071589 307439805
551972025 603264779
-7594321 -785428721
447242475 488899454
-9850330 -991866260
-3542713 -414683753
-4018470 -458218200
-242668136 -71872788
-4003123 -456813863
336927349 368434645
-5875457 -628142977
-31053096 -9907508
294037 -63599503
-5599211 -602864911
-191086970 -56768751
-120332 -101516602
-404024604 -119121314
-685737126 -201612593
-475444680 -140034596
-4310063 -484900603
-5967539 -636568999
-1992666 -272845716
402557867 440103582
-952901114 -279843759
680440273 743552911
-275732986 -81554863
-525703252 -154751350
-491315808 -144681992
-893384384 -262416024
783773429 856393365
-612994456 -180312028
-861642128 -253121232
822872461 899089753
-4985331 -546691431
153999735 168676544
-429153890 -126479691
-448992800 -132288936
-520412876 -153202218
-459573552 -135387200
-1256010 -205437540
-935707392 -274809080
-131570240 -39341016
630170089 688657555
-632833366 -186121273
-2100095 -282676075
748863579 818271590
-877513256 -257768628
577107117 630712457
-8377018 -857049908
-233409978 -69161807
769794 -20065056
487737901 533120713
-180506218 -53670487
-675156374 -198514329
-825932090 -242664591
198684343 217472416
-6520031 -687125131
276882407 302865192
-732027916 -215167498
-640768930 -188444971
938611 -4617349
-3189732 -382384002
-363024190 -107115541
543593661 594115553
-421218326 -124155993
85576429 93957865
384404745 420280259
909448889 993631755
346702107 379108742
-652672276 -191930518
-897352166 -263577873
-16504562 -5647395
-187119188 -55606902
725124881 792348783
-746576450 -219427611
-300862272 -88913240
304810287 333362612
-2529811 -321997511
496116265 542269939
201955 -72025525
-808738368 -237629912
-1010458 -182968148
145621371 159527318
-4724432 -522817702
793548187 867067462
-6995788 -730659578
-8530488 -871093278
529629721 578866843
-457966 -132412016
356476865 389782839
-3005568 -365531958
860575099 940261270
194495161 212897803
-561413290 -165207991
866160675 946360754
-1378786 -216672236
-9635472 -972205542
-726737540 -213618366
-4141246 -469452896
857782311 937211528
357873259 391307710
-213571068 -63352562
334134561 365384903
-618284832 -181861160
-6167050 -654825380
-9282491 -939905791
-7532933 -779811373
-795512428 -233757082
444449687 485849712
-993901528 -291849532
500305447 546844552
-6811624 -713807534
-370959754 -109439239
86972823 95482736
-769060548 -226011422
-266474828 -78843882
853593129 932636915
599449421 655110393
-946288144 -277907344
-277055580 -81942146
-987288558 -289913117
733503245 801498009
77198065 84808639
-6949747 -726446567
-3389243 -400640383
875935433 957034851
-9589431 -967992531
-1424827 -220885247
-680446750 -200063461
221026647 241870352
160981705 176300899
-246635918 -73034637
-5092760 -556521790
-171248060 -50959506
297828317 325738257
-411960168 -121445012
359269653 392832581
-500573966 -147392973
-6688848 -702572838
-607704080 -178762896
815835 -15852045
179134827 196124222
-179183624 -53283204
497512659 543794810
-451637988 -133063502
370440805 405031549
1792789 2465605
-3450631 -406257731
-4877902 -536861072
-8776040 -893562670
-296894490 -87751391
-249281106 -73809203
-775673518 -227947837
403954261 441628453
-35020878 -11069357
130261037 142753737
-476767274 -140421879
772602277 844194397
-5461088 -590225878
-78666480 -23849696
476566749 520921745
332738167 363860032
162378099 177825770
-8683958 -885136648
-857674346 -251959383
-949070 -177350800
-4540268 -505965658
362062441 395882323
410936231 449252808
293639135 321163644
-831222466 -244213723
-565395 -142242375
737692427 806072622
892692161 975333303
-9758248 -983440238
-2775363 -344466903
-3465978 -407662068
-4494227 -501752647
-8714652 -887945322
-828577278 -243439157
-473313 -133816353
-2990221 -364127621
778187853 850293881
-1624338 -239141628
-7855220 -809302450
-2238218 -295315108
669269121 731353943
278690 -65003840
-7548280 -781215710
-737318292 -216716630
751656367 821321332
-786254270 -231046101
475170355 519396874
-5230883 -569160823
905259707 989057142
-148763962 -44375695
519854963 568192746
-826294 -166116104
-787576864 -231433384
544990055 595640424
841025583 918913076
-1670379 -243354639
349494895 382158484
459810021 502623293
-1931278 -267228368
-4110552 -466644222
-8929510 -907606040
-226797008 -67225392
-332604528 -98208032
835440007 912813592
-247958512 -73421920
-922481452 -270936250
-189764376 -56381468
445846081 487374583
546386449 597165295
652512393 713055491
391386715 427904614
-85279450 -25786111
-37666066 -11843923
-128925052 -38566450
-975385212 -286427570
-265152234 -78456599
93954793 103107091
387197533 423330001
-393443852 -116023050
-519090282 -152814935
-208280692 -61803430
697197001 761851363
709764547 775575202
-295571896 -87364108
-299539678 -88525957
-516445094 -152040369
-9082980 -921649410
367648017 401981807
-9328532 -944118802
300621105 328787999
-214893662 -63739845
-331281934 -97820749
-933723 -175946463
-511154718 -150491237
-8346324 -854241234
117693491 129029898
-323346370 -95497051
-911900700 -267837986
-6550725 -689933805
-933062204 -274034514
-6919053 -723637893
715350123 781674686
589674663 644436296
441656899 482799970
-435766860 -128416106
448638869 490424325
-2637240 -331827870
-606381486 -178375613
-471476898 -138872747
-115699112 -34693620
-384185694 -113312069
-856351752 -251572100
-1409480 -219480910
-423863514 -124930559
-4678391 -518604691
-89638 -98707928
-921158858 -270548967
-882803632 -259317760
-759802390 -223300441
674854697 737453427
-4264022 -480687592
95351187 104631962
-4601216 -2161848
-405347198 -119508597
405350655 443153324
-872335 -170329115
-7057176 -736276926
81387247 89383252
-53537194 -16491319
-8054731 -827558831
-657477 -150668397
-245313324 -72647354
-5814069 -622525629
272693225 298290579
-8208201 -841602201
-967449648 -284103872
-9405267 -951140487
-118344300 -35468186
-458250958 -134999917
-810947 -164711767
-150086556 -44762978
843818371 921962818
-741286074 -217878479
808908521 883841043
-722769758 -212456517
373233593 408081291
-734673104 -215942064
-3634795 -423109775
-6980441 -729255241
-766415360 -225236856
540800873 591065811
-442619 -131007679
455620839 498048680
-3696183 -428727123
-1956028 -1387282
-3051609 -369744969
687422243 751177266
-959514084 -281780174
116297097 127505027
-3711530 -430131460
-996546716 -292624098
-263829640 -78069316
625980907 684082942
-636801148 -187283122
-810060962 -238017195
61837731 68035058
363458835 397407194
-418573138 -123381427
-6612113 -695551153
-86602044 -26173394
341116531 373009258
-6473990 -682912120
-4709085 -521413365
-3527366 -413279416
12963941 14664573
-929094422 -272872665
-202990316 -60254298
317377833 347086451
484945113 530070971
-283668550 -83878561
282467983 308964676
324731 -60790829
-497928778 -146618407
-761124984 -223687724
45081003 49736606
-2376341 -307954141
255936497 279992127
-217538850 -64514411
801926551 876216688
-745253856 -219040328
-3665489 -425918449
19945911 22288928
-918513670 -269774401
-558768102 -164433425
-281023362 -83103995
-5215536 -567756486
-688382314 -202387159
-614317050 -180699311
-679124156 -199676178
-8423059 -861262919
-474122086 -139647313
432160 -50960470
345305713 377583871
424900171 464501518
-603736298 -177601047
-976707806 -286814853
-488670620 -143907426
388593927 424854872
-445025018 -131127087
579899905 633762199
-942320362 -276745495
-142150992 -42439280
-5906151 -630951651
-8898816 -904797366
-792867240 -232982516
-616962238 -181473877
-397411634 -117184899
-771705736 -226785988
-609026674 -179150179
-5844763 -625334303
-4386798 -491922288
31117063 34487896
-431799078 -127254257
-9712207 -979227227
261522073 286091611
-386830882 -114086635
299224711 327263128
592467451 647486038
-438412048 -129190672
-1655032 -241950302
-577284418 -169855387
429089353 469076131
-3036262 -368340632
417918201 456877163
794944581 868592333
-6535378 -688529468
-9788942 -986248912
-7763138 -800876428
591071057 645961167
212648283 232721126
-546864756 -160947878
-4831861 -532648061
-5000678 -548095768
-885448820 -260092326
147017765 161052189
-896029572 -263190590
-934384798 -274421797
-595800734 -175277349
106522339 116830930
-542896974 -159786029
-615639644 -181086594
-167280278 -49797657
-184474000 -54832336
-3619448 -421705438
-327314152 -96658900
656701575 717630104
-2299606 -300932456
186608 -73429862
483548719 528546100
-452960582 -133450785
-513799906 -151265803
-8116119 -833176179
613413361 670359103
-812706150 -238791761
-7993343 -821941483
-172570654 -51346789
635755665 694757039
-3911041 -448387841
-8392365 -858454245
269900437 295240837
409539837 447727937
-359056408 -105953692
-664575622 -195416065
-372282348 -109826522
339720137 371484387
-8269589 -847219549
416813 -52364807
723753 -24278067
681836667 745077782
-1578297 -234928617
-425186108 -125317842
-7026482 -733468252
232197799 254069320
-841803218 -247311987
-623575208 -183410292
-820641714 -241115459
