3939
730024785 630891306
-702193973 274971201
-166685470 -604073714
-422465775 164974401
-642015058 251307201
358710609 310310442
-54336826 20216001
-111998264 -406759640
-268482739 -971363165
-145601246 -528000818
-881485637 345473601
-264200006 -955910858
-712984675 279214401
548719035 474357681
-204241744 -739578560
97630329 84902022
-634544572 248369601
-134400252 -487587092
-990637738 388395201
-80483527 30497601
-612133114 239556801
-585571386 229112001
-688913109 269748801
428332017 370419354
-265585569 103284801
-182165142 70481601
854763141 738586440
-121881494 -442418810
-324934430 126622401
-199300129 -721748975
-581006089 227316801
-93349364 35556801
-728755701 285416001
499403871 431780535
-160168711 61832001
954843915 824993001
-43961151 16136001
-932533958 365547201
724223001 625882230
-922573310 361630401
-194029073 -702730751
-617113438 241515201
-557764577 218177601
-990222711 388232001
-760712780 297982401
-384283291 149960001
-13824846 -52545218
-217089943 -785935481
-793084886 310712001
-661521327 258977601
-146472820 56446401
-99479506 -361591358
-452762746 176888001
-20304612 6833601
-175939737 68033601
-382208156 149144001
-795160021 311528001
-92890686 -337818578
-225325968 -815651456
631394457 545737014
-52261691 19400001
-45451182 -166654562
-448612476 175256001
-837077748 328011201
-59732177 22337601
-668576786 261752001
-61923232 -226086512
-511696580 200062401
-996448116 390680001
-38565800 14014401
130990587 113704209
-95424499 36372801
-927553634 363588801
-731245863 286395201
331152135 286517331
490701195 424266921
-127152550 -461437034
-590551710 231070401
-507546310 198430401
-50722238 -185672786
-921743256 361304001
-510451499 199572801
-209141897 81089601
-105409444 -382986860
-853263801 334376001
-252010689 -911931215
-185134166 -670637498
-255209894 99204801
-528297660 206590401
190458873 165047238
159999507 138749589
61369179 53595297
403674435 349130781
-463968475 181294401
-317878971 123848001
-69692825 26254401
611088213 528205248
-318293998 124011201
-622508789 243636801
940339455 812470311
722772555 624629961
960645699 830002077
248476713 215137998
-559009658 218667201
-858244125 336334401
-10343964 2916801
17855799 16027227
-366437130 142942401
-549879064 215076801
-552369226 216056001
-43546124 15972801
-605492682 236945601
-312898647 121889601
-461063286 180152001
-947059903 371259201
-244004165 94798401
505205655 436789611
141143709 122470092
-780634076 305816001
-797650183 312507201
-246080751 -890535713
-231138328 89739201
268782957 232669764
625592673 540727938
-96254553 36699201
-859904233 336987201
-450687611 176072001
959195253 828749808
-240809695 -871517489
-37544598 -138127226
-142965718 -518491706
-520827174 203652801
-77406959 -281952545
-61264350 -223709234
-576025765 225358401
-602587493 235803201
-22060871 -82261193
-241098976 93656001
-188390547 72929601
-267660704 104100801
-44791205 16462401
-240268922 93329601
-223667842 86801601
-870279908 341067201
-758222618 297003201
-195676278 -708673946
-862809422 338129601
-5588821 -22829243
-411260046 160568001
-811761101 318056001
-685177866 268280001
745979691 644666265
-77163311 29192001
-2623852 -12131492
-95855655 -348516329
569025279 491889447
-620848681 242984001
-751167159 294228801
-255963981 -926194883
619790889 535718862
-759882726 297656001
-711324567 278561601
-226988058 88107201
-257281745 -930949439
-11848200 -45413384
-497170635 194350401
-956605524 375012801
-551124145 215566401
698114973 603341388
-555274415 217198401
96179883 83649753
-901406933 353307201
-884805853 346779201
-338630321 132008001
-243589138 94635201
-463553448 181131201
-924648445 362446401
609637767 526952979
-17119256 -64431608
-987732549 387252801
-596362088 233355201
168702183 146263203
-56981617 -208256927
-274716163 106875201
-28649691 -106033973
454440045 392960196
-967396226 379256001
413827557 357896664
307944999 266481027
-500490851 195656001
-705514189 276276801
-573535603 224379201
-626659059 245268801
175954413 152524548
100531221 87406560
-333234970 129886401
255728943 221399343
473295843 409239693
-33585476 12056001
-628734194 246084801
-732490944 286884801
-116939879 -424589225
-37215157 -136938587
-110021618 -399627806
-896011582 351185601
-432426423 168891201
772087719 667207107
396422205 342869436
-217442437 84353601
-459818205 179662401
-524147390 204958401
-810516020 317566401
-5259380 -21640604
-441557017 172481601
513908331 444303225
-895596555 351022401
415278003 359148933
-553614307 216545601
-51431637 19073601
509556993 440546418
306494553 265228758
580628847 501907599
-983582279 385620801
-8683856 2264001
222368685 192597156
-144812712 55793601
-232383409 90228801
51216057 44829414
99080775 86154291
-612548141 239720001
-103762239 -377043665
-474344150 185374401
-736641214 288516801
983852835 850038381
200611995 173813121
-264529447 -957099497
-159753684 61668801
-249045720 -901233464
-533277984 208548801
-831267370 325726401
-66535406 -242727458
-43803977 -160711367
-147302874 56772801
-164049942 -594564602
-84633797 32129601
-717549972 281009601
757583259 654684417
-451517665 176398401
-270150866 105080001
149846385 129983706
-869034827 340577601
-109033295 -396061889
112134789 97424712
-157263522 60689601
-254794867 99041601
-44792300 -164277284
537115467 464339529
-81030810 -295027574
-108703854 -394873250
-87954013 33435201
-997693197 391169601
-72794785 -265311599
-190880709 73908801
590781969 510673482
-987317522 387089601
589331523 509421213
80224977 69874794
-757392564 296676801
-209183359 -757408145
-168054224 64932801
-78408392 29681601
857664033 741090978
-985242387 386273601
690862743 597080043
732925677 633395844
-70107852 26417601
-753242294 295044801
-108374413 -393684611
-25355281 -94147583
-49771529 18420801
-193040750 -699164834
-974036658 381867201
-272641028 106059201
-963245956 377624001
941789901 813722580
-397149128 155019201
-498000689 194676801
-47098387 -172597757
-119911092 46001601
-199596276 77336001
-213707194 82884801
-140659631 -510171233
-114963233 -417457391
-207481789 80436801
-375567724 146532801
386269083 334103553
-169979880 -615960104
-200426330 77662401
-254379840 98878401
-175250936 -634978328
975150159 842524767
-66787636 25112001
-775238725 303694401
-110351059 -400816445
-528712687 206753601
-270788826 -979683638
-630394302 246737601
-460648259 179988801
-274742118 -993947306
-4118559 468801
-741206511 290312001
-542408578 212139201
196260657 170056314
-668161759 261588801
-761127807 298145601
-729170728 285579201
-942494606 369464001
-83995779 -305725325
935988117 808713504
538565913 465591798
-795575048 311691201
-149225097 -541075847
-269320812 104753601
-10758991 3080001
-502150959 196308801
-666501651 260936001
-164379383 -595753241
-660276246 258488001
860564925 743595516
-664011489 259956801
-427031072 166769601
-99150065 -360402719
-437821774 171012801
-239853895 93166401
-434086531 169544001
-141647954 -513737150
-250644597 97409601
233972253 202615308
-492605338 192555201
-138024103 -500662121
-173603731 -629035133
-251474651 97736001
135341925 117461016
-771918509 302388801
-59617145 -217766039
-610888033 239067201
-922988337 361793601
793844409 685991142
493602087 426771459
-771088455 302062401
-355231401 138536001
-24454882 8465601
-727925647 285089601
-62252673 -227275151
228170469 197606232
-847453423 332091201
-251059624 97572801
-303768053 118299201
-222422761 86312001
-279281460 108670401
-709664459 277908801
-793499913 310875201
557421711 481871295
-949135038 372075201
-283846757 110465601
-194358514 -703919390
-931288877 365057601
-974866712 382193601
-759052672 297329601
-11518759 -44224745
231071361 200110770
-132753047 -481643897
-231553355 89902401
-801800453 314139201
830105559 717297867
19306245 17279496
-868204773 340251201
-131116821 50408001
-127811432 -463814312
-809685966 317240001
-390508696 152408001
-40225908 14667201
-165038265 -598130519
-238608814 92676801
986753727 852542919
-948304984 371748801
718421217 620873154
-991882819 388884801
-676462299 264852801
-421635721 164648001
-683932785 267790401
-287166973 111771201
-905972230 355102401
303593661 262724220
-343610645 133966401
162900399 141254127
344206149 297787752
-213466092 -772860452
-247398515 -895290269
-208311843 80763201
-509621445 199246401
-675632245 264526401
-166394116 64280001
-225655409 -816840095
4801785 4756806
-369757346 144248001
920033211 794938545
-726680566 284600001
-615038303 240699201
-198641247 -719371697
-770258401 301736001
338404365 292778676
877970277 758622744
-513771715 200878401
-30626337 -113165807
-851603693 333723201
-28979132 -107222612
-54016648 -197559176
441386031 381689775
-248984489 96756801
-233213463 90555201
-971961523 381051201
-21072548 -78695276
-91274229 34740801
786592179 679729797
-40640935 14830401
-839152883 328827201
-73124226 -266500238
-154773360 59710401
-17448697 -65620247
-844133207 330785601
-161413792 62321601
770637273 665954838
-514601769 201204801
-151860625 -550584959
-136047457 -493530287
152747277 132488244
-80042487 -291461657
-843718180 330622401
-954530389 374196801
998357295 862561071
-864884557 338945601
-890201204 348900801
-272226001 105896001
-473099069 184884801
-146057793 56283201
-294222432 114545601
-5778667 1121601
-419975613 163995201
-166026588 -601696436
-17399423 5691201
-593041872 232049601
-178429899 69012801
-942909633 369627201
-253328453 -916685771
-97173419 -353270885
-798480237 312833601
-676877326 265016001
-532032903 208059201
-141318513 -512548511
-246079300 95614401
254278497 220147074
-193699632 -701542112
-812591155 318382401
206413779 178822197
-226573031 87944001
71522301 62361180
-299617783 116667201
888123399 767388627
-464798529 181620801
322449459 279003717
-200288452 -725314892
88927653 77388408
-59317150 22174401
-434501558 169707201
-24366958 -90581666
-246909354 95940801
-230926465 -835858319
-213292167 82721601
-561499820 219646401
938889009 811218042
-885220880 346942401
-90255158 -328309466
-570215387 223073601
-97499634 37188801
-163488927 63137601
-820061641 321320001
-22390312 -83449832
-202594539 -733635365
-184240277 71297601
-603002520 235966401
-558594631 218504001
-748676997 293249601
-82143635 31150401
-752827267 294881601
-866129638 339435201
-684347812 267953601
32360259 28549917
-123858140 -449550644
-803875588 314955201
-290487189 113076801
-190050655 73582401
989654619 855047457
-946644876 371096001
329701689 285265062
-670236894 262404801
-886050934 347268801
-505056148 197451201
-304183080 118462401
-170968203 -619526021
-374737670 146206401
-579345981 226664001
-118250984 45348801
365962839 316571787
-417070424 162852801
-87290189 -317611715
-91572922 -333064022
-148895656 -539887208
474746289 410491962
-347345888 135435201
-23049194 -85827110
-563574955 220462401
-854508882 334865601
235422699 203867577
-810100993 317403201
-37320719 13524801
848961357 733577364
-193785898 75051201
-906802284 355428801
412377111 356644395
-4271057 -18074687
760484151 657188955
-577270846 225848001
-889786177 348737601
-213136651 -771671813
-649900571 254408001
-19754784 -73940720
-88937394 -323554910
-160583738 61995201
-792669859 310548801
-459403178 179499201
869267601 751109130
-468118745 182926401
-106215201 40616001
-129456713 49755201
-126493668 -459059756
-48745592 -178540952
-615868357 241025601
-7565467 -29961077
-194200925 75214401
-901821960 353470401
-967811253 379419201
-177227582 -642110162
-58902123 22011201
-868619800 340414401
-471853988 184395201
640097133 553250628
-32273542 -119109002
-402544479 157140801
-921328229 361140801
-878580448 344331201
284737863 246444723
-156802240 -568414544
-926308553 363099201
-746186835 292270401
-84218770 31966401
-786029427 307937601
-581836143 227643201
-74673149 28212801
-564820036 220952001
-936684228 367179201
-120563730 -437664254
354359271 306553635
-779804022 305489601
-819231587 320993601
-846208342 331601601
-974451685 382030401
-337385240 131518401
-243174111 94472001
634295349 548241552
-536183173 209691201
-425370964 166116801
-245664273 95451201
-145227739 55956801
-541163497 211649601
-136927199 52692801
-727095593 284763201
-881070610 345310401
673457391 582052815
-214122221 83048001
-80068500 30334401
780790395 674720721
-106727208 -387741416
-314973782 122705601
-832927478 326379201
-166356029 -602885075
-212807210 -770483174
146945493 127479168
-407524803 159099201
-446537341 174440001
479097627 414248769
-784369319 307284801
-57242015 21358401
-848698504 332580801
-650730625 254734401
-725435485 284110401
-895181528 350859201
-615453330 240862401
-783954292 307121601
-859074179 336660801
-24696399 -91770305
-120741146 46328001
-190405222 -689655722
-518752039 202836801
-64712501 24296001
-130446960 -473323424
310845891 268985565
-634129545 248206401
727123893 628386768
-976526820 382846401
-196276060 76030401
-959095686 375992001
357260163 309058173
-747431916 292760001
-588061548 230091201
104882559 91163367
-136512172 52529601
-167673793 -607639631
-906387257 355265601
-271777149 -983249555
-998108224 391332801
-199181249 77172801
-510866526 199736001
-80371928 -292650296
-57311058 -209445566
-522902309 204468801
-838322829 328500801
-908047365 355918401
-61593791 -224897873
-674802191 264200001
-398809236 155672001
-174592054 -632601050
-696383595 272686401
-638279815 249838401
-778973968 305163201
-429521234 167748801
-564405009 220788801
-426616045 166606401
-314143728 122379201
-33170449 11892801
-498415716 194840001
-58628822 -214200122
432683355 374176161
-598022196 234008001
-110365471 42248001
-224912923 87291201
470394951 406735155
-295882540 115198401
-192540817 74561601
-104750562 -380609582
-60276027 -220143317
-652390733 255387201
-24039855 8302401
-571460468 223563201
457340937 395464734
-585156359 228948801
-3288505 142401
-434916585 169870401
956294361 826245270
-144612923 -524434901
-751997213 294555201
-976941847 383009601
-458158097 179009601
519710115 449312301
-107045255 40942401
-25284936 8792001
161449953 140001858
-159338657 61505601
-734151052 287537601
-517921985 202510401
-131435283 -476889341
-961585848 376971201
-196664601 -712239863
-277621352 108017601
-449857557 175745601
870718047 752361399
-2294411 -10942853
-431596369 168564801
-360626752 140657601
985303281 851290650
-58958263 -215388761
-232573670 -841801514
-722530296 282968001
-23209801 7976001
-703439054 275460801
-718795053 281499201
-119575407 -434098337
-638694842 250001601
110684343 96172443
927285441 801199890
995456403 860056533
-256952304 -929760800
825754221 713541060
-267245677 103937601
-819646614 321156801
-211160005 -764539979
-137694662 -499473482
949042131 819983925
-244762987 -885781157
-11589045 3406401
-480569555 187822401
-826702073 323931201
216566901 187588080
843159573 728568288
-68512052 -249859292
-197106114 76356801
-186781371 -676580693
-2458451 -183999
-631224356 247064001
-251681248 -910742576
-767768239 300756801
-6906585 -27583799
-699288784 273828801
483448965 418005576
-202086438 78315201
-965736118 378603201
-31095314 11076801
-125721470 48286401
323899905 280255986
-665256570 260446401
-446122314 174276801
-662766408 259467201
-14813169 -56111135
-504226094 197124801
-883560772 346289601
-588891602 230417601
545818143 471853143
805447977 696009294
-851188666 333560001
-407109776 158936001
-214783856 -777615008
-125505345 -455493839
-700948892 274481601
-250229570 97246401
-165564062 63953601
-563989982 220625601
438485139 379185237
-195017396 -706296668
-720040134 281988801
-94594445 36046401
-95009472 36209601
-156848495 60526401
-641185004 250980801
-624998951 244616001
-640769977 250817601
-824211911 322952001
666205161 575791470
-508376364 198756801
947591685 818731656
-195861033 75867201
886672953 766136358
615439551 531962055
-534108038 208875201
-849113531 332744001
-248386838 -898856186
-948720011 371912001
-362701887 141473601
-215782329 83700801
-129458637 -469757507
-99989796 38168001
-14079207 4385601
-621678735 243310401
-245421869 -888158435
402223989 347878512
-406694749 158772801
-494265446 193208001
-544898740 213118401
-932948985 365710401
-852848774 334212801
363061947 314067249
-831682397 325889601
-271810974 105732801
-46439505 -170220479
-898501744 352164801
-105385147 40289601
-227961496 -825160568
-275961244 107364801
-72135903 -262934321
-633299491 247880001
-86708932 32945601
-360211725 140494401
-15472051 -58488413
-839982937 329153601
-130776401 -474512063
-951210173 372891201
-609642952 238577601
373215069 322833132
-107460282 41105601
84576315 73631601
-833342505 326542401
-725850512 284273601
-68447744 25764801
425431125 367914816
-253134759 98388801
-52040002 -190427342
-923403364 361956801
-493850419 193044801
-510036472 199409601
-620018627 242657601
-283016703 110139201
351458379 304049097
-27002486 -100090778
-836247694 327684801
-826287046 323768001
-930458823 364731201
-256454975 99694401
-40509567 -148824977
-742036565 290638401
-45121741 -165465923
692313189 598332312
-461478313 180315201
492151641 425519190
286188309 247696992
-799310291 313160001
-803045534 314628801
-918423040 359998401
828655113 716045598
-134852064 51876801
41062935 36063531
-632054410 247390401
-322859295 125806401
232521807 201363039
-710909540 278398401
-813006182 318545601
-285091838 110955201
-183816402 -665882942
-919253094 360324801
-247739408 96267201
-879410502 344657601
36711597 32306724
-63467420 23806401
-837492775 328174401
-842473099 330132801
-751582186 294392001
-148962982 57425601
-278451406 108344001
-179204228 -649241996
-661106300 258814401
-87619630 -318800354
-234458544 91044801
-182498638 -661128386
-978601955 383662401
-162243846 62648001
-207206713 -750276311
-186122489 -674203415
-187145466 72440001
-23378635 -87015749
-911367581 357224001
-357721563 139515201
521160561 450564570
-268812180 -972551804
-926723580 363262401
-335310105 130702401
-336970213 131355201
821402883 709784253
-958680659 375828801
-155603414 60036801
-2953293 -13320131
-540333443 211323201
-776068779 304020801
-992712873 389211201
-845793315 331438401
-100138388 -363968636
891024291 769893165
856213587 739838709
-186730439 72276801
-494680473 193371201
-651145652 254897601
-659446192 258161601
906979197 783668124
450088707 389203389
-601342412 235313601
814150653 703522908
-993127900 389374401
863465817 746100054
716970771 619620885
-658616138 257835201
-238503608 -863197016
-402959506 157304001
-224497896 87128001
-240683949 93492801
-221043235 -800199149
-44376178 16299201
-148132928 57099201
174503967 151272279
245575821 212633460
-710079486 278072001
-627904140 245758401
-204900626 -741955838
-237185844 -858442460
-22794774 7812801
394971759 341617167
-659861219 258324801
244125375 211381191
377566407 326589939
-286336919 111444801
-992297846 389048001
-715889864 280356801
-584326305 228622401
-80898554 30660801
-204991627 79457601
181756197 157533624
-138587307 53345601
-446952368 174603201
-205559508 -744333116
-982752225 385294401
13504461 12270420
-55663853 -203502371
-867374719 339924801
-952040227 373217601
167251737 145010934
-891031258 349227201
621241335 536971131
-11174018 3243201
183206643 158785893
239774037 207624384
-758637645 297166401
-261893919 -947590385
-207066762 80273601
676358283 584557353
-755317429 295860801
964997037 833758884
-220054912 -796633232
-346515834 135108801
-245249246 95288001
-32932424 -121486280
-591796791 231560001
-663596462 259793601
-383316 -999999
-140989072 -511359872
-78065841 -284329823
803997531 694757025
931636779 804956697
-214124974 -775237730
-590966737 231233601
-484719825 189454401
657502485 568277856
-807195804 316260801
-244433546 -884592518
622691781 538223400
-100819850 38494401
-715474837 280193601
-116610438 -423400586
-896841636 351512001
-346930861 135272001
-778558941 305000001
-42815654 -157145450
-407939830 159262401
-735811160 288190401
-254646217 -921440327
512457885 443050956
551619927 476862219
-409184911 159752001
-36490665 13198401
-400884371 156488001
-778143914 304836801
-699703811 273992001
-187440253 -678957971
-145642766 56120001
725673447 627134499
-163391060 -592187324
-241468577 -873894767
-653635814 255876801
-988977630 387742401
859114479 742343247
-139671308 -506605316
-629979275 246574401
-376812805 147022401
-334065024 130212801
-579761008 226827201
-152283198 58731201
-969056334 379908801
-354401347 138209601
-76418636 -278386628
-127481991 -462625673
-9098883 2427201
-433671504 169380801
950492577 821236194
-185463607 -671826137
-40180126 -147636338
-196335160 -711051224
-98329688 37515201
-114633792 -416268752
-752412240 294718401
-10530436 -40658828
-250034043 -904799381
-832512451 326216001
-12419099 3732801
-29308573 -108411251
-198311806 -718183058
-275131190 107038401
90378099 78640677
-77077518 -280763906
-184475284 -668260220
-352326212 137393601
735826569 635900382
-128470314 -466191590
-257700056 100184001
-636619707 249185601
-125834786 -456682478
751781475 649675341
-453177773 177051201
819952437 708531984
-62911555 -229652429
-642845112 251633601
-618358519 242004801
-140330190 -508982594
341117 -1433741
-781049103 305979201
-161828819 62484801
-878165421 344168001
-293392378 114219201
-678122407 265505601
-739131376 289496001
-643675166 251960001
-521242201 203816001
-48111421 17768001
-824626938 323115201
-750337105 293902401
-756562510 296350401
-701363919 274644801
-266830650 103774401
-27360071 9608001
-667331705 261262401
811249761 701018370
-392168804 153060801
-109120390 41758401
-21731430 -81072554
-153837271 -557716793
-885635907 347105601
-27990809 -103656695
-512111607 200225601
422530233 365410278
29459367 26045379
-722115269 282804801
-121986227 46817601
-539088362 210833601
-114304351 -415080113
-938759363 367995201
252828051 218894805
-408354857 159425601
-261235037 -945213107
-605907709 237108801
-427446099 166932801
392070867 339112629
-981922171 384968001
-123528699 -448362005
-222007734 86148801
-880655583 345147201
-41055962 14993601
-97914661 37352001
-245751310 -889347074
-368512265 143758401
-273424354 -989192750
763385043 659693493
-224667086 -813274178
151296831 131235975
164350845 142506396
-264340488 102795201
-910122500 356734401
-535768146 209528001
-487625014 190596801
-387188480 151102401
-209556924 81252801
-104091680 -378232304
-241929030 93982401
-913027689 357876801
54116949 47333952
-465628583 181947201
-371417454 144900801
-943739687 369953601
962096145 831254346
-986072441 386600001
-776898833 304347201
-222837788 86475201
-960755794 376644801
-110780498 42411201
-129129196 -468568868
-893521420 350206401
-319539079 124500801
-320369133 124827201
508106547 439294149
-453592800 177214401
-763617969 299124801
-925893526 362936001
399323097 345373974
558872157 483123564
-733320998 287211201
-115292674 -418646030
-532447930 208222401
-232798436 90392001
-361456806 140984001
-378887940 147838401
-174262613 -631412411
-941664552 369137601
-144283482 -523246262
-184145843 -667071581
-134022010 51550401
-555689442 217361601
650250255 562016511
-227403085 88270401
-62582114 -228463790
-628319167 245921601
496502979 429275997
-86293905 32782401
-490530203 191739201
-84654661 -308102603
-317463944 123684801
-76089195 -277197989
-339460375 132334401
-625829005 244942401
-70937906 26744001
-102444475 -372289109
-747846943 292923201
-173449575 67054401
-431181342 168401601
516809223 446807763
-823796884 322788801
-537428254 210180801
-829192235 324910401
-815496344 319524801
-189416899 -686089805
-15324288 4875201
-203331519 78804801
-310823512 121073601
-254975658 -922628966
-962830929 377460801
-846623369 331764801
-63570437 -232029707
909880089 786172662
-145930687 -529189457
-891861312 349553601
-103103357 -374666387
761934597 658441224
-7236026 -28772438
703916757 608350464
215116455 186335811
-666916678 261099201
-126823109 -460248395
-541993551 211976001
374665515 324085401
-198351195 76846401
-692648352 271217601
7702677 7261344
115035681 99929250
759033705 655936686
-56322735 -205879649
-19889585 6670401
-428276153 167259201
577727955 499403061
-59946586 -218954678
801096639 692252487
-874015151 342536001
-953700335 373870401
-844548234 330948801
-659031165 257998401
-966151145 378766401
-802215480 314302401
-957435578 375339201
-981092117 384641601
-999353305 391822401
-597192142 233681601
-415410316 162200001
46864719 41072607
-454007827 177377601
-36556275 -134561309
-296712594 115524801
-465213556 181784001
-258270068 -934515356
-725020458 283947201
-856584017 335681601
189008427 163794969
-8268829 2100801
-95839526 36536001
-704684135 275950401
-917177959 359508801
-497585662 194513601
-155484476 -563659988
-390093669 152244801
-325764484 126948801
-166809143 64443201
-309993458 120747201
-599267277 234497601
-208726870 80926401
-210802005 81742401
-507961337 198593601
-951625200 373054401
-728340674 285252801
-112025579 42900801
-72598014 27396801
-425785991 166280001
-729585755 285742401
506656101 438041880
-732075917 286721601
387719529 335355822
186107535 161290431
-154825594 -561282710
389169975 336608091
-983167252 385457601
-140662442 54161601
624142227 539475669
-101649904 38820801
-813421209 318708801
-864054503 338619201
-20719639 6996801
-220384353 -797821871
-233628490 90718401
-937099255 367342401
-155155035 -562471349
-543653659 212628801
-205888949 -745521755
-993542927 389537601
-121222612 -440041532
-730000782 285905601
-495095500 193534401
-293807405 114382401
-256039948 99531201
-560669766 219320001
-783124238 306795201
-9513910 2590401
-97084607 37025601
-835002613 327195201
-66205965 -241538819
873618939 754865937
-252719732 98225601
-295052486 114872001
-45621259 16788801
-972376550 381214401
-197936168 76683201
-139341867 -505416677
-53921799 20052801
-323274322 125969601
489250749 423014652
-770673428 301899201
-177184818 68523201
-234043517 90881601
-488040041 190760001
-416240370 162526401
-472269015 184558401
-713814729 279540801
-598437223 234171201
515358777 445555494
-156018441 60200001
-287582000 111934401
-130117519 -472134785
-334895078 130539201
-788104562 308753601
-67853170 -247482014
419629341 362905740
-222031558 -803765066
-973206604 381540801
-984412333 385947201
-283431730 110302401
-35897393 -132184031
-820891695 321646401
-686007920 268606401
-442387071 172808001
-89614121 34088001
-276791298 107691201
645898917 558259704
-236948706 92024001
-117005903 44859201
270233403 233922033
-76748284 29028801
-261020272 101489601
-696798622 272849601
-257285029 100020801
65720517 57352104
-91689256 34904001
-277206325 107854401
-830437316 325400001
-148547955 57262401
-747016889 292596801
-583496251 228296001
-378057886 147512001
-789349643 309243201
-108044972 -392495972
-706344243 276603201
-698873757 273665601
-192955844 74724801
-228620378 -827537846
-253549786 98552001
313746783 271490103
-59287704 -216577400
-522072255 204142401
-249814543 97083201
-744941754 291780801
627043119 541980207
885222507 764884089
-215772179 -781180925
-321614214 125316801
-468533772 183089601
851862249 736081902
-132776929 51060801
320999013 277751448
-367682211 143432001
-167224170 64606401
-151201743 -548207681
-242456900 -877460684
-297957675 116014401
400773543 346626243
-388433561 151592001
937438563 809965773
-937514282 367505601
-934609093 366363201
-487209987 190433601
608187321 525700710
-107715531 -391307333
-37874039 -139315865
-749922078 293739201
294890985 255210606
-545728794 213444801
925834995 799947621
-620433654 242820801
431232909 372923892
-969886388 380235201
-109362736 -397250528
-341535510 133150401
-243115782 -879837962
-58072069 21684801
-6193694 1284801
-78724723 -286707101
-135682118 52203201
-884390826 346616001
-388848588 151755201
-205406654 79620801
-226158004 87780801
-444047179 173460801
-168662116 -611205548
-129041686 49592001
-127796605 49102401
-580176035 226990401
-260190218 101163201
-897671690 351838401
203512887 176317659
-196005719 -709862585
-301277891 117320001
-614623276 240536001
-7438775 1774401
-65876524 -240350180
-949965092 372401601
-766523158 300267201
-153943306 59384001
-150208063 57915201
-822551803 322299201
-451932692 176561601
-916347905 359182401
-356891509 139188801
-871524989 341556801
-369342319 144084801
-262680380 102142401
-532862957 208385601
835907343 722306943
-273056055 106222401
-224996527 -814462817
-157461122 -570791822
-195346837 -707485307
-404204587 157793601
-489700149 191412801
-149883979 -543453125
-212477769 -769294535
435584247 376680699
-527467606 206264001
236873145 205119846
-34415530 12382401
-458988151 179336001
-79653473 30171201
-646165328 252939201
-714229756 279704001
-816326398 319851201
-119904848 -435286976
788042625 680982066
364512393 315319518
-285921892 111281601
-67202663 25275201
-272436031 -985626833
267332511 231417495
-75918230 28702401
-347760915 135598401
-644505220 252286401
-167639197 64769601
-719625107 281825601
-149378009 57588801
-200841357 77825601
-358136590 139678401
-991052765 388558401
-235288598 91371201
-749507051 293576001
-305428161 118952001
-320784160 124990401
-944154714 370116801
-173864602 67217601
-16460374 -62054330
-874430178 342699201
325350351 281508255
-134729693 -488775731
-662351381 259304001
-214537248 83211201
-139002334 53508801
-207865595 -752653589
-236533679 91860801
-215113297 -778803647
-419560586 163832001
-170309321 -617148743
-274412677 -992758667
-132094165 -479266619
-187769694 -680146610
579178401 500655330
-515016796 201368001
429782463 371671623
674907837 583305084
-238193787 92513601
-852433747 334049601
-156433468 60363201
-112327705 -407948279
-121571200 46654401
-30680287 10913601
-512526634 200388801
-386358426 150776001
683610513 590818698
-584741332 228785601
-937929309 367668801
-74771431 -272443433
101981667 88658829
-115760822 44369601
-177557023 -643298801
-950795146 372728001
-77578338 29355201
-689743163 270075201
-26673045 -98902139
-200011303 77499201
-297542648 115851201
864916263 747352323
439935585 380437506
-888541096 348248001
-12834126 3896001
-970716442 380561601
-247324381 96104001
-490945230 191902401
-553199280 216382401
-224008204 -810896900
-143295159 -519680345
-176354764 68196801
544367697 470600874
-70159257 -255802487
-8883231 -34715633
-133082488 -482832536
-131531848 50571201
-772333536 302552001
-989807684 388068801
-69829816 -254613848
-634959599 248532801
-39850685 -146447699
-850773639 333396801
-75088176 28376001
-259258391 -938081273
-24037517 -89393027
-85048824 32292801
-464383502 181457601
-229893247 89249601
-914687797 358529601
-900161852 352817601
-19059531 6344001
-585986413 229275201
-292147297 113729601
-994788008 390027201
-581421116 227480001
-485134852 189617601
-744111700 291454401
-471023934 184068801
-60934909 -222520595
-764863050 299614401
-330744808 128907201
-100404823 38331201
367431776 -752998077
-317765 -3811019
-99159742 37841601
-371002427 144737601
-218407707 -790690037
-165697147 -600507797
641547579 554502897
291990093 252706068
-14494234 4548801
-499245770 195166401
-530372795 207406401
-46036286 16952001
-558179604 218340801
-793914940 311038401
11676 -2622380
-912612662 357713601
598034199 516934827
824303775 712288791
-709249432 277745601
-302937999 117972801
-380133021 148328001
-18766461 -70374803
853312695 737334171
-517091931 202184001
-749092024 293412801
-262552801 -949967663
-158449445 -574357739
-145271805 -526812179
-261564478 -946401746
-608397871 238088001
-175524710 67870401
-556104469 217524801
-489285122 191249601
677808729 585809622
738727461 638404920
-210830564 -763351340
-329499727 128417601
-64229319 -234406985
335503473 290274138
-957850605 375502401
500854317 433032804
-60147204 22500801
-837907802 328337601
566124387 489384909
-649070517 254081601
-213795533 -774049091
-397979182 155345601
-754487375 295534401
-160426091 -581489573
-875675259 343188801
-211632059 82068801
796745301 688495680
-125306443 48123201
-654880895 256366401
287638755 248949261
-988147576 387416001
-207536154 -751464950
-200947334 -727692170
-152698225 58894401
-322029241 125480001
-578515927 226337601
-57969940 -211822844
-258530110 100510401
-412920154 161220801
-85313543 -310479881
-789764670 309406401
447187815 386698851
-916762932 359345601
-252340130 -913119854
-71806462 -261745682
-123646335 47470401
-92231804 -335441300
-122869817 -445984727
-136706339 -495907565
-88784067 33761601
-172285967 -624280577
-101785593 -369911831
-148236774 -537509930
-817156452 320177601
502304763 434285073
-668991813 261915201
-94208450 -342573134
-179863110 -651619274
-483059717 188801601
-225327950 87454401
-524977444 205284801
-410429992 160241601
-239162490 -865574294
-567725225 222094401
-648655490 253918401
-307503296 119768001
-281356595 109486401
-598852250 234334401
-624583924 244452801
-187975520 72766401
-859489206 336824001
-569385333 222747201
-225742977 87617601
-872355043 341883201
-5363640 958401
-167344352 -606450992
-531202849 207732801
-107386090 -390118694
-112986587 -410325557
586430631 506916675
-257611186 -932138078
-606322736 237272001
-66864847 -243916097
-786444454 308100801
123738357 107442864
-527882633 206427201
-314558755 122542401
-679782515 266158401
-179533669 -650430635
-124476389 47796801
-181510315 -657562469
218017347 188840349
-902652014 353796801
-968226280 379582401
-312483620 121726401
-65217642 -237972902
-163720501 -593375963
-233891434 -846556070
-19474558 6507201
-73843095 27886401
648799809 560764242
-519997120 203326401
769186827 664702569
-9871554 -38281550
682160067 589566429
-252669571 -914308493
-61807312 23153601
-415825343 162363201
-239438868 93003201
-740791484 290148801
-671897002 263057601
-368097238 143595201
-571875495 223726401
660403377 570782394
-488455068 190923201
-466043610 182110401
-940419471 368648001
-258115083 100347201
-877335367 343841601
-440311936 171992001
-174279629 67380801
109233897 94920174
199161549 172560852
-605077655 236782401
-602172466 235640001
-865299584 339108801
-807610831 316424001
-171297644 -620714660
-456913016 178520001
-863224449 338292801
-781879157 306305601
-855753963 335355201
316647675 273994641
-88369040 33598401
345656595 299040021
-975281739 382356801
290539647 251453799
-79238446 30008001
444286923 384194313
-502981013 196635201
-6247703 -25206521
-518337012 202673601
-117269320 -425777864
-116590876 44696001
86026761 74883870
-191064104 -692033000
-377227832 147185601
-98820624 -359214080
-866959692 339761601
-505471175 197614401
-12004072 3569601
-152519507 -552962237
-947474930 371422401
651700701 563268780
-522487282 204305601
-200617893 -726503531
-563159928 220299201
-506716256 198104001
-538673335 210670401
-310408485 120910401
-70488698 -256991126
-529542741 207080001
967897929 836263422
918582765 793686276
-474759177 185537601
-48526448 17931201
-38862362 -142881782
-887711042 347921601
-292562324 113892801
-414580262 161873601
187557981 162542700
-253964813 98715201
-863639476 338456001
-129871740 49918401
840258681 726063750
535665021 463087260
-841228018 329643201
-209971951 81416001
-50392797 -184484147
-978186928 383499201
368863731 319076325
-189635628 73419201
-1635529 -8565575
-117598761 -426966503
-493020365 192718401
-443632152 173297601
-469363826 183416001
-98161742 -356836802
-255634540 -925006244
-216197356 83864001
-130286767 50081601
-523317336 204632001
-501735932 196145601
-361871833 141147201
-502565986 196472001
-944984768 370443201
-190465682 73745601
-276376271 107528001
-208195036 -753842228
-88607953 -322366271
-460233232 179825601
-454837881 177704001
-36885716 -135749948
-604662628 236619201
-281771622 109649601
-657786084 257508801
-578930954 226500801
-681027596 266648001
-595947061 233192001
844610019 729820557
-834172559 326868801
-114515741 43880001
-405034641 158120001
-687253001 269096001
-179674980 69502401
-106630228 40779201
-639524896 250328001
-275546217 107201601
-383453237 149633601
-216431061 -783558203
-529957768 207243201
972249267 840020229
-612963168 239883201
644448471 557007435
-63882447 23969601
-121552053 -441230171
-135059134 -489964370
-209842241 -759785423
-880240556 344984001
898276521 776154510
-110680500 -402005084
980951943 847533843
103432113 89911098
-183410223 70971201
-925478499 362772801
-800970399 313812801
484899411 419257845
-646580355 253102401
-239821372 -867951572
158549061 137497320
-629564248 246411201
-85972425 -312857159
-939589417 368321601
-956190497 374849601
-225984850 -818028734
-860319260 337150401
-113270660 43390401
-461893340 180478401
-995203035 390190401
-47757269 -174975035
766285935 662198031
-892691366 349880001
-137342226 52856001
-883145745 346126401
-248057397 -897667547
-653220787 255713601
-87949071 -319988993
274584741 237678840
-175580377 -636166967
20756691 18531765
-655710949 256692801
-979847036 384152001
-44462859 -163088645
553070373 478114488
-521657228 203979201
-717964999 281172801
876519831 757370475
969348375 837515691
30909813 27297648
-304598107 118625601
-218737148 -791878676
-748261970 293086401
-140247415 53998401
-646995382 253265601
-954945416 374360001
-217027410 84190401
982402389 848786112
-221177680 85822401
-774823698 303531201
-252999012 -915497132
-229279260 -829915124
837357789 723559212
393521313 340364898
384818637 332851284
-529127714 206916801
867817155 749856861
-324104376 126296001
-300032810 116830401
-163073900 62974401
-782294184 306468801
-150623090 58078401
-265517770 -960665414
-124187581 -450739283
-547388902 214097601
45414273 39820338
-266835534 -965419970
-391338750 152734401
-185070331 71624001
-756147483 296187201
-82019133 -298593491
-102773916 -373477748
296341431 256462875
-935024120 366526401
-18229477 6017601
-319124052 124337601
-447782422 174929601
-914272770 358366401
-180505034 69828801
-318709025 124174401
-89199094 33924801
-178215905 -645676079
-203253421 -736012643
-180090007 69665601
-734566079 287700801
-3703532 305601
-101456152 -368723192
157098615 136245051
-718380026 281336001
-315388809 122868801
-468948799 183252801
-266415623 103611201
-216612383 84027201
-481399609 188148801
-298372702 116177601
-854093855 334702401
979501497 846281574
-648240463 253755201
-802630507 314465601
-338215294 131844801
-409599938 159915201
-109950444 42084801
-467288691 182600001
555971265 480619026
445737369 385446582
-995618062 390353601
-2043424 -347199
-451102638 176235201
-445292260 173950401
-721285215 282478401
-808025858 316587201
361611501 312814980
-120893171 -438852893
-158778886 -575546378
144044601 124974630
315197229 272742372
-163061619 -590998685
-637034734 249348801
957744807 827497539
-647825436 253592001
-54675530 -199936454
-188758017 -683712527
-587646521 229928001
-761957861 298472001
-234873571 91208001
-116175849 44532801
540016359 466844067
896826075 774902241
-151531184 -549396320
-64297474 24132801
-822966830 322462401
-180521992 -653996552
-278866433 108507201
-417900478 163179201
-349836050 136414401
719871663 622125423
-372247508 145227201
117936573 102433788
-631639383 247227201
-91902363 -334252661
-137035780 -497096204
-111009941 -403193723
944690793 816227118
782240841 675972990
318098121 275246910
-688083055 269422401
-259587832 -939269912
-340290429 132660801
-184655304 71460801
-211489446 -765728618
-273753795 -990381389
-53506772 19889601
-430766315 168238401
564673941 488132640
-560254739 219156801
-270980920 105406401
257179389 222651612
-46768946 -171409118
-637449761 249512001
487800303 421762383
-94537891 -343761773
-38203480 -140504504
776439057 670963914
326800797 282760524
-51016610 18910401
-117928202 -428155142
-765278077 299777601
-740376457 289985601
-657371057 257345601
-567310198 221931201
-575610738 225195201
-781464130 306142401
-404619614 157956801
-385113345 150286401
-867789746 340088001
809799315 699766101
-712154621 278888001
-159108327 -576735017
850411803 734829633
-375152697 146369601
-228949819 -828726485
-599682304 234660801
-223678763 -809708261
-957020551 375176001
-240480254 -870328850
-387603507 151265601
-57640499 -210634205
-181750115 70318401
148395939 128731437
-768183266 300920001
-927138607 363425601
-768598293 301083201
-920083148 360651201
-420805667 164321601
-814666290 319198401
-172619521 66728001
302143215 261471951
822853329 711036522
-309163404 120420801
-161743855 -586244129
280386525 242687916
-306258215 119278401
-583911278 228459201
-42486213 -155956811
-336555186 131192001
-534523065 209038401
-160755532 -582678212
966447483 835011153
-261435299 101652801
-514186742 201041601
426881571 369167085
-879825529 344820801
-16154342 5201601
-77736400 -283141184
-265188329 -959476775
-46451313 17115201
-656541003 257019201
-282186649 109812801
914231427 789929469
695214081 600836850
-996033089 390516801
213666009 185083542
-482229663 188475201
-122210935 -443607449
-54751853 20379201
-191722986 -694410278
-499660797 195329601
-325349457 126785601
460241829 397969272
-26530017 9281601
-429106207 167585601
-52698884 -192804620
145495047 126226899
747430137 645918534
-794329967 311201601
734376123 634648113
-75100872 -273632072
-311238539 121236801
-237844726 -860819738
-302522972 117809601
-943324660 369790401
-269141621 -973740443
91828545 79892946
-399224263 155835201
-47281367 17441601
-214952275 83374401
-228233139 88596801
-87538986 33272001
872168493 753613668
-4533586 632001
379016853 327842208
-571045441 223400001
-191295736 74072001
-21134666 7160001
-124846463 -453116561
-392583831 153224001
-114930768 44043201
-808855912 316913601
-123199258 -447173366
-328254646 127928001
-129788078 -470946146
-146260128 -530378096
-582251170 227806401
-253657894 -917874410
-847868450 332254401
-436991720 170686401
-760297753 297819201
229620915 198858501
-961170821 376808001
-206877272 -749087672
-82973689 31476801
-562744901 220136001
-132361902 50897601
-362286860 141310401
817051545 706027446
-640354950 250654401
-266000596 103448001
-156472799 -567225905
-379717994 148164801
-69277798 26091201
-706759270 276766401
-991467792 388721601
-447367395 174766401
-697213649 273012801
-833757532 326705601
-158093576 61016001
-180920061 69992001
-138172280 53182401
-53091745 19726401
-794744994 311364801
-458573124 179172801
-775653752 303857601
-79054164 -287895740
-371832481 145064001
-93220127 -339007217
-133741370 -485209814
261530727 226408419
-954115362 374033601
-344440699 134292801
-411675073 160731201
-214454415 -776426369
-330329781 128744001
-881900664 345636801
-686422947 268769601
-141977395 -514925789
616889997 533214324
680709621 588314160
-472684042 184721601
-416655397 162689601
-38980827 14177601
-319954106 124664001
-525392471 205448001
-835832667 327521601
262981173 227660688
178855305 155029086
-351081131 136904001
-92934337 35393601
637196241 550746090
-243445223 -881026601
-904727149 354612801
-685592893 268443201
-930873850 364894401
-271447708 -982060916
-796820129 312180801
-395073993 154203201
-235209198 -851310626
-104555093 39963201
-857414071 336008001
750331029 648423072
-791839805 310222401
-910537527 356897601
628493565 543232476
-976647 -6188297
-106068326 -385364138
-119496065 45838401
-649485544 254244801
-437406747 170849601
10603569 9765882
-756977537 296513601
618340443 534466593
-525807498 205611201
-82678015 -300970769
-345270753 134619201
72972747 63613449
802547085 693504756
437034693 377932968
-196994042 -713428502
-688498082 269585601
-156143358 -566037266
-202501465 78478401
847510911 732325095
-673972137 263873601
-754902402 295697601
-144942364 -525623540
-313313674 122052801
-962000875 377134401
-43474536 -159522728
-527052579 206100801
-511281553 199899201
599484645 518187096
-255624921 99368001
-195446006 75704001
-170638762 -618337382
-907217311 355592001
-220347626 85496001
-588476575 230254401
-265170542 103121601
-664841543 260283201
-556934523 217851201
-242344057 94145601
-39395854 14340801
679259175 587061891
-420390640 164158401
889573845 768640896
-892276339 349716801
-931703904 365220801
-864469530 338782401
-305013134 118788801
-366852157 143105601
-786859481 308264001
-55334412 -202313732
-96669580 36862401
-478909447 187169601
-705929216 276440001
-635374626 248696001
-112657146 -409136918
312296337 270237834
-568970306 222584001
-29850233 10587201
-979432009 383988801
-37735746 13688001
-531617876 207896001
299242323 258967413
-738301322 289169601
-227818112 88433601
-234879757 -850121987
994005957 858804264
-882315691 345800001
-915102824 358692801
-162402737 -588621407
-339875402 132497601
-74258122 28049601
-81728608 30987201
305044107 263976489
-790179697 309569601
-406279722 158609601
-922158283 361467201
-871940016 341720001
-219725471 -795444593
-836662721 327848001
-31285219 -115543085
-666086624 260772801
-28190125 9934401
-613378195 240046401
-250692925 -907176659
-201671411 78152001
-126164227 -457871117
-41827331 -153579533
-870694935 341230401
-363531941 141800001
-239491931 -866762933
-178844926 69176001
481998519 416753307
-260576155 -942835829
-686837974 268932801
-84984102 -309291242
-627489113 245595201
-526637552 205937601
-177886464 -644487440
-882730718 345963201
-100797270 -366345914
-270565893 105243201
-695553541 272360001
-143624600 -520868984
708268095 612107271
-691403271 270728001
-1213370 -673599
-161084973 -583866851
-48416151 -177352313
-737886295 289006401
-172615408 -625469216
-963660983 377787201
-546143821 213608001
-9928937 2753601
-726265539 284436801
-261850326 101816001
-183825250 71134401
-773578617 303041601
-917592986 359672001
574827063 496898523
409476219 354139857
-857829098 336171201
22207137 19784034
-690158190 270238401
-964491037 378113601
-790594724 309732801
-734981106 287864001
-220713794 -799010510
-22379747 7649601
-673142083 263547201
-221372676 -801387788
-869864881 340904001
-596777115 233518401
-216760502 -784746842
293440539 253958337
-500075824 195492801
-623338843 243963201
567574833 490637178
-249375161 -902422103
-29967455 -110788529
-149793036 57752001
-86960748 -316423076
-182995196 70808001
693763635 599584581
-12507082 -47790662
-808440885 316750401
-678537434 265668801
-331989889 129396801
-444462206 173624001
542917251 469348605
-163903954 63300801
451539153 390455658
-193370871 74888001
-230723301 89576001
-42716070 15646401
-767353212 300593601
-374322643 146043201
-6608721 1448001
-716719918 280683201
-849528558 332907201
834456897 721054674
-556519496 217688001
-147248451 -533944013
-77993365 29518401
-398394209 155508801
-679367488 265995201
-470608907 183905601
-998938278 391659201
-473514096 185048001
-601757439 235476801
-57657042 21521601
-106397767 -386552777
-15739315 5038401
642998025 555755166
-745356781 291944001
-355646428 138699201
812700207 702270639
-212047086 82232001
-904312122 354449601
-3282734 -14508770
-651975706 255224001
-242786341 -878649323
-192052427 -695598917
-32340395 11566401
-350251077 136577601
-382623183 149307201
-710494513 278235201
-627074086 245432001
-42301043 15483201
635745795 549493821
670558 -245102
996906849 861308802
-237515285 -859631099
-852018720 333886401
943240347 814974849
-547803929 214260801
-153113252 59057601
-55166880 20542401
-644920247 252449601
371764623 321580863
-263870565 -954722219
-805120669 315444801
-298787729 116340801
-26945044 9444801
-724605431 283784001
-955360443 374523201
-39810881 14504001
-456082962 178193601
-82558662 31313601
-675217218 264363201
-727510620 284926401
-168991557 -612394187
-327839619 127764801
463142721 400473810
-597607169 233844801
-577685873 226011201
-331159835 129070401
915681873 791181738
-379302967 148001601
-316218863 123195201
-389678642 152081601
-16789815 -63242969
-548633983 214587201
-418315505 163342401
-178874787 -648053357
-30296896 -111977168
-75503203 28539201
-53357766 -195181898
818501991 707279715
-155188387 59873601
764835489 660945762
922934103 797443083
-219396030 -794255954
260080281 225156150
-559424685 218830401
-284261784 110628801
-118916525 -431721059
319548567 276499179
-3941616 -16886048
-171956526 -623091938
-378472913 147675201
-191393545 -693221639
210765117 182579004
-307918323 119931201
-223252815 86638401
-541578524 211812801
-280111514 108996801
-109535417 41921601
-351496158 137067201
-444877233 173787201
-955775470 374686401
-236118652 91697601
-212462113 82395201
-172204494 66564801
-410014965 160078401
798195747 689747949
126639249 109947402
-357306536 139352001
-893106393 350043201
-788934616 309080001
-149554538 -542264486
-34830557 12545601
418178895 361653471
360161055 311562711
-276059882 -998701862
-136097145 52366401
-384698318 150123201
-273471082 106385601
-256622863 -928572161
-373907616 145880001
-34909070 -128618114
-755732456 296024001
-27661368 -102468056
-891446285 349390401
-677707380 265342401
-619603600 242494401
-159767209 -579112295
911330535 787424931
-215442738 -779992286
587881077 508168944
-268490758 104427201
-202923980 -734824004
951943023 822488463
-255305099 -923817605
-614208249 240372801
-817571479 320340801
-206218390 -746710394
-181335088 70155201
-737056241 288680001
-60562231 22664001
113585235 98676981
-721700242 282641601
-524562417 205121601
-485964906 189944001
300692769 260219682
-805535696 315608001
139693263 121217823
-898086717 352001601
-399639290 155998401
-629149221 246248001
434133801 375428430
-804290615 315118401
-26114990 9118401
-795990075 311854401
-738716349 289332801
785141733 678477528
-274301136 106712001
-46866340 17278401
-479739501 187496001
-126136497 48449601
-773993644 303204801
721322109 623377692
-218078266 -789501398
-258599509 -935703995
-49356502 18257601
-251022366 -908365298
-715059810 280030401
-13165964 -50167940
-583081224 228132801
-90029148 34251201
744529245 643413996
207864225 180074466
-45780623 -167843201
-692233325 271054401
-280526541 109160001
-552784253 216219201
-133191956 51224001
-228648166 88760001
-169650439 -614771465
946141239 817479387
-229063193 88923201
-83007456 -302159408
-350666104 136740801
-840812991 329480001
-296297567 115361601
177404859 153776817
-491360257 192065601
518259669 448060032
-5918262 -24017882
-25684722 -95336222
-246494327 95777601
-174694656 67544001
-739961430 289822401
-101234877 38657601
875069385 756118206
-331574862 129233601
-312068593 121563201
-229938142 -832292402
-667746732 261425601
-771503482 302225601
-60977258 22827201
-942079579 369300801
-165367706 -599319158
-236856403 -857253821
-204161573 79131201
-187560493 72603201
397872651 344121705
-830852343 325563201
416728449 360401202
-694308460 271870401
-419145559 163668801
452989599 391707927
-791009751 309896001
-887296015 347758401
-878995475 344494401
-257940627 -933326717
-82348574 -299782130
-104421121 -379420943
-55996934 20868801
-523732363 204795201
-284676811 110792001
-339045348 132171201
653151147 564521049
120837465 104938326
-10200995 -39470189
-143982658 55467201
883772061 763631820
-908462392 356081601
136792371 118713285
-769428347 301409601
133891479 116208747
670556499 579548277
-898916771 352328001
-142306836 -516114428
632844903 546989283
-107875309 41268801
-177599845 68686401
-899331798 352491201
-164708824 -596941880
-520412147 203489601
-828777208 324747201
-103432798 -375855026
-112440606 43064001
-785199373 307611201
-41886016 15320001
-180192551 -652807913
-676047272 264689601
-268153298 -970174526
9153123 8513613
-544483713 212955201
-114100714 43716801
171603075 148767741
-762372888 298635201
-113316028 -411514196
-65542555 24622401
-130701794 50244801
132441033 114956478
-14909261 4712001
-483889771 189128001
-300447837 116993601
-165149035 63790401
-940004444 368484801
-508791391 198920001
-90584599 -329498105
-73783108 -268877516
-741621538 290475201
-475589231 185864001
258629835 223903881
226720023 196353963
-232903111 -842990153
-911782608 357387201
-83336897 -303348047
-217748825 -788312759
-996863143 390843201
-539503389 210996801
-70522879 26580801
-902236987 353633601
-116280997 -422211947
570475725 493141716
-51846664 19236801
-201256384 77988801
-732905971 287048001
-907632338 355755201
-71352933 26907201
-21401989 -79883915
-482644690 188638401
-349421023 136251201
-150542861 -545830403
-262223360 -948779024
-7853802 1937601
77324085 67370256
-119245966 -432909698
-669406840 262078401
976600605 843777036
-101126711 -367534553
81675423 71127063
-55004971 -201125093
-228290937 -826349207
-412090100 160894401
-353986320 138046401
-67194288 -245104736
-843303153 330459201
-962415902 377297601
-142737577 54977601
-766938185 300430401
-157678549 60852801
-645335274 252612801
-217419384 -787124120
-856999044 335844801
52666503 46081683
879420723 759875013
777889503 672216183
406575327 351635319
-920913202 360977601
-535353119 209364801
-918008013 359835201
-875260232 343025601
-519582093 203163201
265882065 230165226
-772748563 302715201
-117835957 45185601
-689328136 269912001
-827947154 324420801
-242759084 94308801
737277015 637152651
-32755422 11729601
-36905692 13361601
-158120004 -573169100
-238174167 -862008377
-6577144 -26395160
-658201111 257672001
-782709211 306632001
448638261 387951120
-746601862 292433601
-385528372 150449601
-159437768 -577923656
-118666011 45512001
-176568700 -639732884
-247069074 -894101630
808348869 698513832
-173034548 66891201
-289242108 112587201
-10859877 -41847467
-170959413 66075201
-232244229 -840612875
-390923723 152571201
334053027 289021869
-263510434 102468801
-903897095 354286401
-20084225 -75129359
-744526727 291617601
-924233418 362283201
-336140159 131028801
-488870095 191086401
-181839756 -658751108
155648169 134992782
970798821 838767960
-308748377 120257601
-235538639 -852499265
-105800174 40452801
-698458730 273502401
442836477 382942044
-74112549 -270066155
582079293 503159868
-210386978 81579201
-414165235 161710401
-175109683 67707201
596583753 515682558
-840397964 329316801
-505886202 197777601
-41168449 -151202255
-359381671 140168001
-432841450 169054401
-854923909 335028801
-146919010 -532755374
-250363484 -905988020
-368927292 143921601
-367267184 143268801
-50063356 -183295508
390620421 337860360
-701778946 274808001
223819131 193849425
-380963075 148654401
191909319 166299507
94729437 82397484
-801385426 313976001
3351339 3504537
-238833049 -864385655
-787689535 308590401
-750752132 294065601
-539918416 211160001
-551954199 215892801
-580591062 227153601
-820476668 321483201
-477249339 186516801
-364777022 142289601
-139012426 -504228038
-111339382 -404382362
-673557110 263710401
-236197521 -854876543
-405449668 158283201
-263211683 -952344941
-323689349 126132801
309395445 267733296
-343195618 133803201
-405864695 158446401
-600512358 234987201
-714644783 279867201
249927159 216390267
-600927385 235150401
-697628676 273176001
-467703718 182763201
-566065117 221441601
-241798018 -875083406
-282601676 109976001
-93879009 -341384495
-383868264 149796801
-538258308 210507201
-814251263 319035201
-90914040 -330686744
904078305 781163586
-71477021 -260557043
-140000749 -507793955
-41497890 -152390894
-118257643 -429343781
-305843188 119115201
560322603 484375833
408025773 352887588
347107041 300292290
-889371150 348574401
28008921 24793110
-977356874 383172801
-182580169 70644801
-64888201 -236784263
-118587084 -430532420
-274083236 -991570028
-736226187 288353601
-561084793 219483201
-809270939 317076801
-353156266 137720001
-380548048 148491201
-126966551 48776001
-479324474 187332801
-212877140 82558401
953393469 823740732
-102064931 38984001
-313728701 122216001
339854811 294030945
-35238511 -129806753
-63240996 -230841068
-229608701 -831103763
-294637459 114708801
-46110064 -169031840
973699713 841272498
341305257 295283214
-17778138 -66808886
-152848948 -554150876
-204576600 79294401
-652805760 255550401
42513381 37315800
-695138514 272196801
-435746639 170196801
-822136776 322136001
-168884278 65259201
806898423 697261563
-8553790 -33526994
219467793 190092618
-821721749 321972801
-964076010 377950401
-73013041 27560001
-965321091 378440001
-856168990 335518401
-590136683 230907201
593682861 513178020
-913857743 358203201
-557349550 218014401
-574780684 224868801
-94179418 35883201
-207896816 80600001
-224082869 86964801
-160998765 62158401
779339949 673468452
-495925554 193860801
-663181435 259630401
-745771808 292107201
-988562603 387579201
-138682985 -503039399
-966981199 379092801
-519167066 203000001
-51381120 -188050064
-626244032 245105601
352908825 305301366
-540748470 211486401
-241139136 -872706128
-165979089 64116801
-436576693 170523201
35261151 31054455
-87123959 33108801
-137365221 -498284843
68621409 59856642
-52676718 19563201
-883975799 346452801
-204571185 -740767199
-661936354 259140801
612538659 529457517
-241514003 93819201
-642430085 251470401
-516676904 202020801
-372662535 145390401
-823381857 322625601
-269471062 -974929082
-178014872 68849601
-188805574 73092801
-549464037 214913601
-168003234 -608828270
-731660890 286558401
-554444361 216872001
-443217125 173134401
-152190066 -551773598
-397564155 155182401
-358551617 139841601
-860734287 337313601
-980262063 384315201
-982337198 385131201
-104140066 39800001
-607982844 237924801
-105738885 -384175499
-231585347 -838235597
-227632055 -823971929
-445707287 174113601
138242817 119965554
367413285 317824056
-191710763 74235201
-185485358 71787201
-315803836 123032001
-959510713 376155201
-60605468 -221331956
-137757253 53019201
-16130933 -60865691
-273094913 -988004111
833006451 719802405
-153178389 -555339515
-344025672 134129601
571926171 494393985
-835417640 327358401
-63052393 23643201
-189220601 73256001
-682687704 267300801
-691818298 270891201
-205821681 79784001
-625413978 244779201
-79713046 -290273018
-327009565 127438401
-329084700 128254401
-655295922 256529601
563223495 486880371
289089201 250201530
-818816560 320830401
892474737 771145434
-933779039 366036801
-712569648 279051201
87477207 76136139
528412791 456825915
912780981 788677200
-93764391 35720001
-194687955 -705108029
-603832574 236292801
-480154528 187659201
-861564341 337640001
-874845205 342862401
-503396040 196798401
-730830836 286232001
154197723 133740513
-370172373 144411201
-660691273 258651201
-441141990 172318401
-113685687 43553601
-13249153 4059201
902627859 779911317
-221702117 -802576427
-53028325 -193993259
-886465961 347432001
39612489 34811262
-169714332 65585601
-672312029 263220801
-226643732 -820406012
-270129944 -977306360
-594701980 232702401
-486794960 190270401
-309578431 120584001
-302107945 117646401
78774531 68622525
-128140873 -465002951
-669821867 262241601
-47427828 -173786396
773538165 668459376
-21549693 7323201
-348175942 135761601
790943517 683486604
-206547831 -747899033
-150872302 -547019042
547268589 473105412
-258945137 100673601
743078799 642161727
468944505 405482886
-386773453 150939201
-671481975 262894401
-345685780 134782401
-476004258 186027201
-439896909 171828801
-643260139 251796801
-656956030 257182401
-785614400 307774401
-893936447 350369601
-161414414 -585055490
-968641307 379745601
-249399516 96920001
-197982365 -716994419
129540141 112451940
-65957582 24785601
706817649 610855002
75873639 66117987
-442802098 172971201
-847038396 331928001
-49733915 -182106869
-171374440 66238401
-586401440 229438401
-422880802 165137601
-684762839 268116801
-945399795 370606401
74423193 64865718
278936079 241435647
-18437020 -69186164
-636204680 249022401
-723775377 283457601
-244419192 94961601
-466873664 182436801
-610057979 238740801
792393963 684738873
-291732270 113566401
576277509 498150792
-512941661 200552001
38162043 33558993
-469778853 183579201
-15142610 -57299774
-85463851 32456001
-871109962 341393601
-869449854 340740801
-797235156 312344001
202062441 175065390
-219102545 85006401
-246410192 -891724352
-903067041 353960001
486349857 420510114
-202265098 -732446726
-858659152 336497601
-806365750 315934401
-717134945 280846401
-424540910 165790401
663304269 573286932
754682367 652179879
-647206 -4999658
-622923816 243800001
49765611 43577145
748880583 647170803
534214575 461834991
-326594538 127275201
-117420930 45022401
-796405102 312017601
-233232552 -844178792
-248154435 96430401
-127381578 48939201
-765693104 299940801
380467299 329094477
-76748077 -279575267
-44133418 -161900006
-976111793 382683201
-438236801 171176001
-894766501 350696001
-812176128 318219201
-619188573 242331201
669106053 578296008
661853823 572034663
-29020179 10260801
-51051679 -186861425
-981507144 384804801
-674387164 264036801
-157131681 -569603183
-762787915 298798401
-147577892 -535132652
-185900385 71950401
-69170934 -252236570
281836971 243940185
332602581 287769600
-427861126 167096001
-27775098 9771201
-326179511 127112001
-170129359 65748801
142594155 123722361
838808235 724811481
-203912303 -738389921
-708834405 277582401
-582666197 227969601
978051051 845029305
-457743070 178846401
-578100900 226174401
128089695 111199671
-247727956 -896478908
-941249525 368974401
-703854081 275624001
-258928950 -936892634
-237363733 92187201
-231255906 -837046958
-270459385 -978494999
-189087458 -684901166
-897256663 351675201
-271118267 -980872277
-515846850 201694401
-595532034 233028801
-42156772 -154768172
-40839008 -150013616
-429936261 167912001
-900576879 352980801
-651560679 255060801
-586816467 229601601
-486379933 190107201
638646687 551998359
-707174297 276929601
-266506093 -964231331
-938344336 367832001
-513356688 200715201
-286751946 111608001
-68862771 25928001
-909292446 356408001
-788519589 308916801
-713399702 279377601
654601593 565773318
-122540376 -444796088
173053521 150020010
-645750301 252776001
795294855 687243411
-550294091 215240001
-169299305 65422401
-821306722 321809601
-275730441 -997513223
595133307 514430289
-79383605 -289084379
-806780777 316097601
-589721656 230744001
-485549879 189780801
464593167 401726079
122287911 106190595
-272106590 -984438194
584980185 505664406
-683517758 267627201
-68841493 -251047931
242674929 210128922
-915932878 359019201
-349005996 136088001
-91243481 -331875383
-491775284 192228801
-248716279 -900044825
-34579629 -127429475
-151868171 58568001
-440726963 172155201
-722945323 283131201
917132319 792434007
-423710856 165464001
709718541 613359540
753231921 650927610
-92519310 35230401
-506301229 197940801
184657089 160038162
-229478220 89086401
-141077469 54324801
-418730532 163505601
-56652176 -207068288
370314177 320328594
-568140252 222257601
-841643045 329806401
70071855 61108911
-994372981 389864001
-219066589 -793067315
-723360350 283294401
-424955937 165953601
-45206232 16625601
503755209 435537342
-682272677 267137601
-301692918 117483201
-4948613 795201
-693893433 271707201
25108029 22288572
561773049 485628102
524061453 453069108
-799725318 313323201
-92104283 35067201
-872770070 342046401
-742866619 290964801
-735396133 288027201
-171789467 66401601
-373077562 145553601
711168987 614611809
-979016982 383825601
-237778760 92350401
-311653566 121400001
-630809329 246900801
-855338936 335192001
-530787822 207569601
-30955778 -114354446
-322444268 125643201
-138353544 -501850760
-366022103 142779201
348557487 301544559
-86301866 -314045798
-516261877 201857601
-949550065 372238401
-75759754 -276009350
-960340767 376481601
-608812898 238251201
-720455161 282152001
-830022289 325236801
-215367302 83537601
991105065 856299726
-623753870 244126401
-381793129 148980801
251377605 217642536
247026267 213885729
-925063472 362609601
647349363 559511973
-219517572 85169601
-478494420 187006401
-43131097 15809601
-639939923 250491201
-589306629 230580801
-575195711 225032001
-125175904 -454305200
522611007 451816839
-1628397 -510399
550169481 475609950
756132813 653432148
-953285308 373707201
-162658873 62811201
-39191803 -144070421
-131764724 -478077980
-381378102 148817601
238323591 206372115
-70818139 -258179765
-164318981 63464001
-254316776 -920251688
107783451 93667905
-100467829 -365157275
-720870188 282315201
728574339 629639037
-102894985 39310401
410926665 355392126
-503811067 196961601
613989105 530709786
-356061455 138862401
-973621631 381704001
-85878878 32619201
-172944849 -626657855
-120326119 46164801
-561914847 219809601
605286429 523196172
-705099162 276113601
-50601583 18747201
-12836523 -48979301
-335725132 130865601
455890491 394212465
-11189318 -43036106
-67617690 25438401
-603417547 236129601
-595117007 232865601
-275071559 -995135945
-50186556 18584001
-952870281 373544001
-97832301 -355648163
381917745 330346746
197711103 171308583
-769843374 301572801
-361041779 140820801
-607567817 237761601
-211217032 81905601
602385537 520691634
-49075033 -179729591
-153507830 -556528154
-18644504 6180801
-834587586 327032001
-850358612 333233601
-198970688 -720560336
-334480051 130376001
532764129 460582722
-340705456 132824001
-197652924 -715805780
-853678828 334539201
-253987335 -919063049
-235868080 -853687904
686511405 593323236
988204173 853795188
-290902216 113240001
-910952554 357060801
-115951556 -421023308
921483657 796190814
-81689692 -297404852
-876920340 343678401
-594286953 232539201
-900991906 353144001
-708004351 277256001
-290072162 112913601
-19095902 -71563442
-94867332 -344950412
-818401533 320667201
-243774664 -882215240
-825872019 323604801
715520325 618368616
-268075731 104264001
-815911371 319688001
-400469344 156324801
-58299381 -213011483
480548073 415501038
14954907 13522689
672006945 580800546
-929213742 364241601
-654050841 256040001
-861979368 337803201
-394658966 154040001
-289657135 112750401
-154166712 -558905432
-98491183 -358025441
12054015 11018151
336953919 291526407
-240150813 -869140211
-633714518 248043201
355809717 307805904
-3612175 -15697409
264431619 228912957
-562329874 219972801
831556005 718550136
-466458637 182273601
-933364012 365873601
-73453667 -267688877
-759467699 297492801
-136376898 -494718926
-33261865 -122674919
-139832388 53835201
-439066855 171502401
-573120576 224216001
789493071 682234335
-346100807 134945601
-972791577 381377601
-932118931 365384001
-93549568 -340195856
-825041965 323278401
-96843978 -352082246
-695968568 272523201
-176898141 -640921523
342755703 296535483
-693063379 271380801
-26343604 -97713500
-332404916 129560001
-58487096 21848001
714069879 617116347
-181180874 -656373830
-624168897 244289601
-980677090 384478401
-348590969 135924801
-226973173 -821594651
-554859388 217035201
-190075781 -688467083
-395489020 154366401
67170963 58604373
-263095407 102305601
-993957954 389700801
-798343 -836799
476196735 411744231
-143152604 55140801
-828362181 324584001
-173933172 -630223772
-67523729 -246293375
-568555279 222420801
-798065210 312670401
-55993294 -204691010
-680197542 266321601
-231914788 -839424236
-966566172 378929601
-426201018 166443201
-84325220 -306913964
-85642984 -311668520
-134437037 51713601
-913442716 358040001
-65127528 24459201
477647181 412996500
-873600124 342372801
-49404474 -180918230
93278991 81145215
-148566215 -538698569
-119081038 45675201
-940834498 368811201
-375982751 146696001
-844963261 331112001
841709127 727316019
-702609000 275134401
26558475 23540841
687961851 594575505
-170544386 65912001
-88278512 -321177632
-703024027 275297601
-115622115 -419834669
-574365657 224705601
241224483 208876653
-28320250 -104845334
529863237 458078184
-35245584 12708801
-132423606 -480455258
-616283384 241188801
277485633 240183378
-123231308 47307201
-344855726 134456001
-48086710 -176163674
-171627085 -621903299
-757807591 296840001
-365607076 142616001
-267494416 -967797248
-180851433 -655185191
-351911185 137230401
-551539172 215729601
-989392657 387905601
450447 999999
-393413885 153550401
-550709118 215403201
-894351474 350532801
-160096650 -580300934
-260905596 -944024468
-332819943 129723201
-635789653 248859201
497953425 430528266
-292977351 114056001
-939174390 368158401
-912197635 357550401
-779388995 305326401
-205230067 -743144477
-401714425 156814401
-135388575 -491153009
-959925740 376318401
-31510341 11240001
-354816374 138372801
-462723394 180804801
-985657414 386436801
421079787 364158009
-231968382 90065601
-147717901 56936001
-267164975 -966608609
-126551524 48612801
-26014163 -96524861
-515431823 201531201
-377642859 147348801
-363946968 141963201
-176769791 68360001
-27331927 -101279417
774988611 669711645
-650315598 254571201
-544068686 212792001
-104970120 40126401
-235703625 91534401
554520819 479366757
-141492496 54488001
-168469251 65096001
-90859202 34577601
924384549 798695352
-97502860 -354459524
-51710561 -189238703
16405353 14774958
-183486961 -664694303
-848283477 332417601
62819625 54847566
-542823605 212302401
-946229849 370932801
-573950630 224542401
-798895264 312996801
-31614660 -116731724
-4600498 -19263326
526962345 455573646
-617943492 241841601
55567395 48586221
-220762653 85659201
-476419285 186190401
-783539265 306958401
-733736025 287374401
-876090286 343352001
-143954041 -522057623
-20743107 -77506637
-776483806 304184001
-816741425 320014401
-201606216 -730069448
-295467513 115035201
-792254832 310385601
-72465344 -264122960
-607152790 237598401
-36226834 -133372670
-825456992 323441601
-909707473 356571201
-410845019 160404801
-905557203 354939201
-179259953 69339201
689412297 595827774
-952455254 373380801
-256870002 99857601
-183157520 -663505664
-678952461 265832001
-263925461 102632001
-587231494 229764801
-32602983 -120297641
-28605152 10097601
-35567952 -130995392
699565419 604593657
-120234289 -436475615
-7023748 1611201
-236526962 -856065182
573376617 495646254
600935091 519439365
-805950723 315771201
-950380119 372564801
-644090193 252123201
57017841 49838490
-206651735 80110401
-20413666 -76317998
-876505313 343515201
-526222525 205774401
-62637366 23480001
-78395282 -285518462
-681442623 266811201
-576440792 225521601
-234220875 -847744709
741628353 640909458
-730415809 286068801
-115345795 44206401
-600097331 234824001
-222360999 -804953705
193359765 167551776
-245092428 -886969796
-251351807 -909553937
-971546496 380888001
-224337645 -812085539
-470193880 183742401
-810931047 317729601
-324519403 126459201
-606737763 237435201
-483474744 188964801
-769013320 301246401
273134295 236426571
905528751 782415855
-203582862 -737201282
895375629 773649972
-139417361 53672001
-743281646 291128001
-66372609 24948801
276035187 238931109
-95196773 -346139051
-267823857 -968985887
-272765472 -986815472
-105080003 -381798221
-151453144 58404801
-484304798 189291201
-1306088 -7376936
-99808947 -362779997
-566480144 221604801
194810211 168804045
-74441990 -271254794
-307088269 119604801
-827532127 324257601
-787274508 308427201
862015371 744847785
-593456899 232212801
783691287 677225259
-475174204 185700801
-150213420 -544641764
-401299398 156651201
48315165 42324876
-155813917 -564848627
-268905785 104590401
-439481882 171665601
-56411961 21032001
-306673242 119441601
-693478406 271544001
-178545346 -646864718
-256293422 -927383522
-151038117 58241601
-977771901 383336001
-647410409 253428801
-565235063 221115201
-708419378 277419201
-208524477 -755030867
583529739 504412137
-192711309 -697976195
-839567910 328990401
-496340581 194024001
-209512800 -758596784
-175909818 -637355606
-164734008 63627201
-190734663 -690844361
-122816281 47144001
-264755515 102958401
-342780591 133640001
705367203 609602733
685060959 592070967
-471438961 184232001
-35660611 12872001
-766108131 300104001
-63899878 -233218346
-680612569 266484801
-670651921 262568001
-559839712 218993601
-219932599 85332801
-873185097 342209601
-566895171 221768001
-753657321 295208001
-262265353 101979201
-394243939 153876801
-536598200 209854401
-299202756 116504001
-39521244 -145259060
933087225 806208966
-4929939 -20451965
116486127 101181519
-393828912 153713601
-934194066 366200001
880871169 761127282
-55581907 20705601
-266176652 -963042692
-842888126 330296001
458791383 396717003
-413750208 161547201
-230597024 -834669680
815601099 704775177
899726967 777406779
-971131469 380724801
-36075638 13035201
-413335181 161384001
-244834219 95124801
-761542834 298308801
-975696766 382520001
-888126069 348084801
-389263615 151918401
-780219049 305652801
58468287 51090759
-534938092 209201601
-303353026 118136001
-637864788 249675201
-448197449 175092801
767736381 663450300
225269577 195101694
-737471268 288843201
-78823419 29844801
-617528465 241678401
-373492589 145716801
-664426516 260120001
-604247601 236456001
1900893 2252268
-385943399 150612801
-441972044 172644801
6252231 6009075
-845378288 331275201
-153528279 59220801
-89596276 -325932188
-329914754 128580801
-95526214 -347327690
-422050748 164811201
-269735839 104916801
-244104105 -883403879
-111610552 42737601
-969471361 380072001
-23708076 -88204388
-230308274 89412801
-353571293 137883201
-403374533 157467201
466043613 402978348
-478079393 186843201
-400054317 156161601
33810705 29802186
-17814450 5854401
-739546403 289659201
-111668823 -405571001
-811346074 317892801
-73428068 27723201
-616698411 241352001
-707589324 277092801
-832097424 326052801
-690988244 270564801
-34250188 -126240836
-791424778 310059201
-52369443 -191615981
-543238632 212465601
-403789560 157630401
125188803 108695133
-223019881 -807330983
893925183 772397703
-546558848 213771201
-621263708 243147201
901177413 778659048
-103310012 39473601
603835983 521943903
-195030979 75540801
-316633890 123358401
-273886109 106548801
-208853918 -756219506
-328669673 128091201
-754072348 295371201
-16569369 5364801
-388018534 151428801
376115961 325337670
-297127621 115688001
-392998858 153387201
-888956123 348411201
-611303060 239230401
-259775191 101000001
-13495405 -51356579
-196691087 76193601
-970301415 380398401
-477664366 186680001
-199959011 -724126253
220918239 191344887
-280941568 109323201
-102115034 -371100470
-935439147 366689601
-162732178 -589810046
-279696487 108833601
-9542113 -37092911
59918733 52343028
-517506958 202347201
-903482068 354123201
328251243 284012793
-618773546 242168001
-899746825 352654401
405124881 350383050
-259360164 100836801
-143567631 55304001
-167014911 -605262353
696664527 602089119
-480984582 187985601
-862394395 337966401
-356476482 139025601
882321615 762379551
-54346089 -198747815
-223349322 -808519622
-18107579 -67997525
-455252908 177867201
-263541124 -953533580
-929628769 364404801
-112855633 43227201
-919668121 360488001
-211818887 -766917257
-300862864 117156801
-947889957 371585601
-33591306 -123863558
-41470989 15156801
702466311 607098195
-342365564 133476801
-842058072 329969601
-197521141 76520001
-121156173 46491201
-421220694 164484801
-233561993 -845367431
-131946875 50734401
-62222339 23316801
-221592707 85985601
-698043703 273339201
-641600031 251144001
-800140345 313486401
-222690440 -806142344
-498830743 195003201
-162073296 -587432768
-671066948 262731201
-352741239 137556801
-81360251 -296216213
-773163590 302878401
-69500375 -253425209
-285506865 111118401
-81313581 30824001
-358966644 140004801
467494059 404230617
-493435392 192881601
-383038210 149470401
-719210080 281662401
283287417 245192454
-47696394 17604801
-252304705 98062401
461692275 399221541
-141907523 54651201
-817986506 320504001
-918838067 360161601
-549049010 214750401
-234550316 -848933348
-124061362 47633601
-613793222 240209601
-201935657 -731258087
-83666338 -304536686
-905142176 354776001
-188099135 -681335249
-997278170 391006401
-639109869 250164801
-25025840 -92958944
-396734101 154856001
-38532921 -141693143
-800555372 313649601
-438651828 171339201
-83803743 31803201
-16984396 5528001
-147907333 -536321291
-743696673 291291201
-96514537 -350893607
170152629 147515472
-144397685 55630401
-23624828 8139201
-168332675 -610016909
-930043796 364568001
-509206418 199083201
-548218956 214424001
43963827 38568069
-31925368 11403201
-565650090 221278401
-333649997 130049601
656052039 567025587
-194615952 75377601
-592626845 231886401
934537671 807461235
-198766222 77009601
-890616231 349064001
-83388716 31640001
-569800360 222910401
-533693011 208712001
383368191 331599015
-242127459 -876272045
-43145095 -158334089
-829607262 325073601
-672727056 263384001
-157790563 -571980461
-716304891 280520001
-90444175 34414401
-210171682 -760974062
-29435206 10424001
-9212672 -35904272
-866544665 339598401
-24869909 8628801
-572705549 224052801
-186315412 72113601
-964906064 378276801
-226314291 -819217373
-317048917 123521601
-76333257 28865601
-414995289 162036801
-128211632 49265601
963546591 832506615
701015865 605845926
592232415 511925751
-777313860 304510401
-71147580 -259368404
-363116914 141636801
-496755608 194187201
-89925717 -327120827
-920498175 360814401
-815081317 319361601
-14154287 -53733857
-248569462 96593601
-694723487 272033601
-337800267 131681601
-572290522 223889601
-591381764 231396801
-216101620 -782369564
-500905878 195819201
-189746340 -687278444
-886880988 347595201
-450272584 175908801
-202916492 78641601
-593871926 232376001
667655607 577043739
-861149314 337476801
-495510527 193697601
-68182611 -248670653
-927968661 363752001
-68032717 25601601
930186333 803704428
-108705363 41595201
-193370191 -700353473
-1964970 -9754214
-108290336 41432001
-260605245 101326401
908429643 784920393
-71767960 27070401
-376397778 146859201
-412505127 161057601
-742451592 290801601
525511899 454321377
-687668028 269259201
-677292353 265179201
-218272491 84680001
350007933 302796828
-199629570 -722937614
423980679 366662547
-700533865 274318401
-75430313 -274820711
-908877419 356244801
-53687207 -196370537
-849943585 333070401
180305751 156281355
-182828079 -662317025
-203746546 78968001
-107056649 -388930055
-109692177 -398439167
-21964720 7486401
-428691180 167422401
-764448023 299451201
-462308367 180641601
-142636277 -517303067
-877750394 344004801
-260246714 -941647190
-711739594 278724801
-134070811 -486398453
-89266835 -324743549
-48941475 18094401
-201276775 -728880809
-230267583 -833481041
-192125790 74398401
-65547083 -239161541
-341950537 133313601
629944011 544484745
-784784346 307448001
-724190404 283620801
-936269201 367016001
-896426609 351348801
-803460561 314792001
-7894908 -31149716
-813836236 318872001
992555511 857551995
-774408671 303368001
-432011396 168728001
-481814636 188312001
-246739633 -892912991
-928798715 364078401
731475231 632143575
-507131283 198267201
212215563 183831273
-391753777 152897601
-537013227 210017601
-704269108 275787201
-158508603 61179201
-154358333 59547201
-64558760 -235595624
-19425343 -72752081
-275401000 -996324584
-473929123 185211201
-632469437 247553601
204963333 177569928
-133411929 -484021175
-264858888 -958288136
-395904047 154529601
-12177641 -46602023
-700118838 274155201
-92561245 -336629939
-463138421 180968001
-185793048 -673014776
-72182987 27233601
-186451930 -675392054
-251889678 97899201
-501320905 195982401
-154496153 -560094071
-576855819 225684801
-537843281 210344001
-122401254 46980801
-417485451 163016001
-113974910 -413891474
-944569741 370280001
-217857464 84516801
-554029334 216708801
-396319074 154692801
511007439 441798687
-291317243 113403201
-239023841 92840001
-454422854 177540801
-259917273 -940458551
-80701369 -293838935
-492190311 192392001
-113645469 -412702835
-158923630 61342401
-457328043 178683201
-452347719 176724801
-173274290 -627846494
-227302614 -822783290
106333005 92415636
531313683 459330453
209314671 181326735
-8224349 -32338355
-128799755 -467380229
-269800503 -976117721
-308333350 120094401
-327424592 127601601
-945814822 370769601
495052533 428023728
-271395947 105569601
-341120483 132987201
-135718016 -492341648
-197323483 -714617141
-504641121 197288001
165801291 143758665
-131105842 -475700702
-915517851 358856001
-56826988 21195201
119387019 103686057
-690573217 270401601
-103725039 39636801
-408769884 159588801
83125869 72379332
-288827081 112424001
-142322550 54814401
-935854174 366852801
-359796698 140331201
606736875 524448441
-33920747 -125052197
-25699963 8955201
-249704602 -903610742
-632884464 247716801
-38150773 13851201
-984827360 386110401
-998523251 391496001
-777728887 304673601
-31944101 -117920363
-364361995 142126401
-838737856 328664001
-622093762 243473601
-321199187 125153601
-681857650 266974401
-435331612 170033601
-184804725 -669448859
-182169197 -659939747
-111195525 42574401
471845397 407987424
-287997027 112097601
-449442530 175582401
846060465 731072826
-30265260 10750401
712619433 615864078
-86631307 -315234437
-865714611 339272001
-265847211 -961854053
-804705642 315281601
-210501123 -762162701
-278036379 108180801
827204667 714793329
-102479958 39147201
-98744715 37678401
-192381868 -696787556
-133606983 51387201
-656125976 256856001
-262882242 -951156302
-169320998 -613582826
-546973875 213934401
-609227925 238414401
-570630414 223236801
-14483728 -54922496
-206236708 79947201
-456497989 178356801
799646193 691000218
-34000503 12219201
297791877 257715144
-433256477 169217601
-423295829 165300801
-764032996 299288001
-654465868 256203201
-187110812 -677769332
-29638014 -109599890
740177907 639657189
-827117100 324094401
271683849 235174302
23657583 21036303
-402129452 156977601
-61392285 22990401
-611718087 239393601
-188428576 -682523888
-124891416 47960001
-592211818 231723201
-288412054 112260801
-455667935 178030401
-2873478 -20799
-449027503 175419201
-15801492 -59677052
-683102731 267464001
-986487468 386763201
-430351288 168075201
-146589569 -531566735
541466805 468096336
64270071 56099835
-545313767 213281601
-13664180 4222401
-96185096 -349704968
928735887 802452159
866366709 748604592
-218687518 84843201
-135267091 52040001
-476834312 186353601
-146887847 56609601
-212148328 -768105896
-610473006 238904001
-983997306 385784001
-436161666 170360001
-490115176 191576001
658952931 569530125
-174921495 -633789689
-22719753 -84638471
-923818391 362120001
-928383688 363915201
-176239259 -638544245
-128626659 49428801
-370587400 144574401
-365192049 142452801
-99574769 38004801
-424125883 165627201
-986902495 386926401
-124517022 -451927922
-958265632 375665601
-665671597 260609601
-763202942 298961601
664754715 574539201
