2922
7393749 -59251146
-21367036 -7592072
102916374 -941753211
653141602 418272636
663636463 424980259
-464649606 -151066602
822673972 526626546
847700179 542621647
-831256272 -269723916
-626387841 -203415417
-280148212 -91350176
106624749 -976013666
314884159 202080787
734678599 470385707
885643138 566872284
-364012482 -118494006
32712999 -293167356
79898874 -729102111
992206342 634980456
642646741 411565013
126783958 81859544
817022893 523014749
932466364 596798602
432749521 277412553
135664225 87535225
445666273 285668089
-735411392 -238702396
955877977 611761761
57904374 -525902171
595823515 381638695
699157531 447682983
89648296 58124878
520744894 333653392
553844071 354808203
73888749 -673576546
375431434 240778612
41536374 -374683611
54934525 35938125
-329268713 -107248705
275326606 176798208
-203472308 -66532960
610354861 390926173
-76477842 -25429446
65321124 -594423081
691891858 443039244
219623113 141196209
-860009736 -279030372
-851623309 -276315989
29004624 -258906901
-101637123 -33572595
-239414138 -78166030
-221443223 -72349495
490874905 314562465
-638368451 -207293107
-931893396 -302296512
82456374 -752730011
-349635750 -113840778
76701999 -699567236
459390322 294439596
875955574 560680632
882413950 564808400
-546117754 -177434894
-917516664 -297643284
-225037406 -73512802
131627740 84955370
77597124 -707837001
14426874 -124227871
651527008 417240694
47546499 -430209176
13531749 -115958106
480380044 307854842
241420132 155127426
-456263179 -148352219
20564874 -180934831
364129276 233555018
-480224399 -156107599
48825249 -442023126
739522381 473481533
966372838 618469384
812986408 520434894
-231027711 -75451647
543349210 348100580
57776499 -524720776
93325749 -853148586
821059378 525594604
97161999 -888590436
775850746 496700228
72609999 -661762596
705615907 451810751
-750986185 -243743393
-282544334 -92125714
-139975075 -45981203
-661131610 -214660718
-842038821 -273213837
409337908 262449394
78875874 -719650951
-820473723 -266233995
-476630216 -154944292
-445480630 -144862298
-848029126 -275152682
-457461240 -148739988
22099374 -195111571
-651547122 -211558566
426291145 273284785
-905536054 -293765594
13915374 -119502291
330222802 211884236
47674374 -431390571
32840874 -294348751
-325674530 -106085398
-885169017 -287173521
-284940456 -92901252
-999999 -999999
26063499 -231734816
-518562351 -168516207
768585073 492056489
657985384 421368462
-911526359 -295704439
-647952939 -210395259
804913438 515275184
835590724 534882082
937310146 599894428
91791249 -838971846
917935018 587511124
82382623 53481139
-659933549 -214272949
53812374 -488097531
946997710 606086080
379467919 243358467
41408499 -373502216
25551999 -227009236
-693479257 -225130481
611969455 391958115
-127994465 -42103513
946190413 605570109
48441624 -438478941
474728965 304243045
46779249 -423120806
373009543 239230699
611162158 391442144
758090212 485348866
871111792 557584806
851736664 545201502
366551167 235102931
95755374 -875595091
304389298 195373164
-893555444 -289887904
-108825489 -35899209
234961756 150999658
19413457 13235401
8918596 6527778
38339499 -345148736
737907787 472449591
680589700 435815650
538505428 345004754
81433374 -743278851
696735640 446135070
-868396163 -281744755
13659624 -117139501
257566072 165446846
66599874 -606237031
-477828277 -155332061
-959448799 -311215199
502177063 321786059
634573771 406405303
507828142 325397856
-727024965 -235988013
829132348 530754314
-594040194 -192945654
10206999 -85241836
94348749 -862599746
-772551283 -250723235
86676249 -791716046
-564088669 -183251429
-112419672 -37062516
482801935 309402755
-512572046 -166577362
905018266 579255588
-274157907 -89411331
73632999 -671213756
194596906 125201108
6114999 -47437196
-643160695 -208844183
-223839345 -73125033
-534137144 -173557204
88338624 -807074181
15376972 10655546
796033171 509599503
-113617733 -37450285
766970479 491024547
549807586 352228348
-475432155 -154556523
706423204 452326722
694313749 444587157
-825265967 -267785071
183294748 117977514
452124649 289795857
-268167602 -87472486
31306374 -280172011
998664718 639108224
-117211916 -38613592
579677575 371319275
346368742 222203656
-576069279 -187129119
-816879540 -265070688
287436061 184537773
676553215 433235795
90640374 -828339291
920356909 589059037
26679130 17879140
502984360 322302030
843663694 540041792
117903691 76183863
-119608038 -39389130
90000999 -822432316
87187749 -796441626
934080958 597830544
136471522 88051196
-748590063 -242967855
811371814 519402952
815408299 521982807
397228453 254709829
-107627428 -35511440
512671924 328493682
458583025 293923625
94220874 -861418351
-390369824 -127024924
61612749 -560162626
533661646 341908928
-692281196 -224742712
-743797819 -241416779
-265771480 -86696948
-602426621 -195660037
971216620 621565210
9695499 -80516256
854965852 547265386
284206873 182473889
-899545749 -291826749
-733015270 -237926858
33991749 -304981306
85611811 55545023
71586999 -652311436
310847674 199500932
-601228560 -195272268
66088374 -601511451
514286518 329525624
-610813048 -198374420
177643669 114365717
80538249 -735009086
-862405858 -279805910
93837249 -857874166
999999 -181396
584521357 374415101
82839999 -756274196
94492078 61220704
24528999 -217558076
-895951566 -290663442
923586097 591122921
-736609453 -239090165
-855217492 -277479296
25168374 -223465051
40129749 -361688266
465848698 298567364
106496874 -974832271
292279843 187633599
623271613 399181709
645068632 413112926
-640764573 -208068645
192982312 124169166
-3396121 -1775537
-542523571 -176271587
100486749 -919306706
2150874 -10813951
102404874 -937027631
-195085881 -63818577
35526249 -319158046
-277752090 -90574638
14554749 -125409266
-746193941 -242192317
121940176 78763718
253529587 162866991
710459689 454906577
583714060 373899130
270482824 173702382
603896485 386798405
322957129 207240497
-667121915 -216599563
103172124 -944116001
-565286730 -183639198
491682202 315078436
-673112220 -218538408
-344843506 -112289702
823481269 527142517
17751624 -154944141
18646749 -163213906
280977685 180410005
-537731327 -174720511
545771101 349648493
163919620 105594210
830746942 531786256
42559374 -384134771
-446678691 -145250067
-487412765 -158434213
37060749 -333334786
727412926 465741968
16089249 -139586006
59566749 -541260306
559495150 358420000
614391346 393506028
11485749 -97055786
40257624 -362869661
13762378 9623604
582099466 372867188
-159144051 -52185507
63275124 -575520761
262409854 168542672
28365249 -252999926
188945827 121589311
757282915 484832895
-431103898 -140209070
604703782 387314376
-803700869 -260805229
40896999 -368776636
50231874 -455018471
15194124 -131316241
31817874 -284897591
499755172 320238146
678167809 434267737
615198643 394021999
577255684 369771362
77538841 50385313
495718687 317658291
-886367078 -287561290
-40536012 -13796376
61229124 -556618441
134049631 86503283
772621558 494636344
88466499 -808255576
121132879 78247747
356863603 228911279
414181690 265545220
-59704988 -20000680
30411249 -271902246
49848249 -451474286
276133903 177314179
-814483418 -264295150
98952249 -905129966
222852301 143260093
967180135 618985355
84804514 55029052
58799499 -534171936
18263124 -159669721
-854019431 -277091527
-535335205 -173944973
92558499 -846060216
-253790870 -82819258
-311297798 -101432170
-237018016 -77390492
-876782590 -284459138
-397558190 -129351538
4580499 -33260456
64809624 -589697501
103555749 -947660186
420640066 269672988
435978709 279476437
949419601 607633993
-262177297 -85533641
60333999 -548348676
-402350434 -130902614
296316328 190213454
60973374 -554255651
-343645445 -111901933
-517364290 -168128438
-71685598 -23878370
81049749 -739734666
-777343527 -252274311
-652745183 -211946335
20309124 -178572041
-797710564 -258866384
662021869 423948317
909054751 581835443
128398552 82891486
-928299213 -301133205
915513127 585963211
-883970956 -286785752
619235128 396601854
99335874 -908674151
-416727166 -135555842
104179642 67412356
43454499 -392404536
620849722 397633796
85141749 -777539306
394806562 253161916
68262249 -621595166
29516124 -263632481
687855373 440459389
-553306120 -179761508
618427831 396085883
-770155161 -249947697
673324027 431171911
-941477884 -305398664
255951478 164414904
206706361 132940673
61996374 -563706811
-78873964 -26204984
894523405 572547965
-414331044 -134780304
208320955 133972615
832361536 532818198
207513658 133456644
92430624 -844878821
697542937 446651041
30027624 -268358061
101126124 -925213681
10462749 -87604626
-361616360 -117718468
130013146 83923428
889679623 569452139
597438109 382670637
90455593 58640849
42815124 -386497561
386733592 248002206
297123625 190729425
-129192526 -42491282
-762966795 -247621083
45244749 -408944066
723376441 463162113
-247800565 -80880413
102660624 -939390421
9567624 -79334861
419832769 269157017
-548513876 -178210432
65193249 -593241686
994628233 636528369
-160342112 -52573276
-104033245 -34348133
481187341 308370813
-691083135 -224354943
108798624 -996097381
-310099737 -101044401
64622089 42129777
33137506 22006908
632959177 405373361
52512634 34390212
159075838 102498384
581292169 372351217
745173460 477093330
14682624 -126590661
-482620521 -156883137
70819749 -645223066
431942224 276896582
45756249 -413669646
41210476 27166618
557880556 357388058
32201499 -288441776
-538929388 -175108280
31689999 -283716196
27853749 -248274346
-755778429 -245294469
46651374 -421939411
268868230 172670440
44605374 -403037091
-332862896 -108412012
658792681 421884433
528817864 338813102
95627499 -874413696
87954999 -803529996
681396997 436331621
82712124 -755092801
120325582 77731776
104986939 67928327
42687249 -385316166
-897149627 -291051211
484416529 310434697
513479221 329009653
-93250696 -30858212
355249009 227879337
3045999 -19083716
98057124 -896860201
-529344900 -172006128
106368999 -973650876
61484874 -558981231
74272374 -677120731
-266969541 -87084717
103372345 66896385
-368804726 -120045082
771006964 493604402
83479374 -762181171
148580977 95790761
82072749 -749185826
98568624 -901585781
17879499 -156125536
209935549 135004557
733064005 469353765
-843236882 -273601606
-358022177 -116555161
498947875 319722175
69413124 -632227721
22866624 -202199941
916320424 586479182
-547315815 -177822663
662829166 424464288
532854349 341392957
523974082 335717276
2460220 2400010
449702758 288247944
-703063745 -228232633
-450272874 -146413374
100742499 -921669496
259987963 166994759
114674503 74119979
11340487 8075691
477958153 306306929
81177624 -740916061
60461874 -549530071
58543749 -531809146
19925499 -175027856
793611280 508051590
4068999 -28534876
-196283942 -64206346
272097418 174734324
215586628 138616354
-154351807 -50634431
4836249 -35623246
510250033 326945769
637802959 408469187
879184762 562744516
16856499 -146674376
-125598343 -41327975
117096394 75667892
47290749 -427846386
58163713 38002009
171992590 110753920
780694528 499796054
67043980 43677690
850929367 544685531
79003749 -720832346
30283374 -270720851
245456617 157707281
767777776 491540518
-483818582 -157270906
70563999 -642860276
71331249 -649948646
558687853 357904029
807335329 516823097
621657019 398149767
-913922481 -296479977
37981288 25102734
-595238255 -193333423
80026749 -730283506
-612011109 -198762189
34752100 23038850
23449942 15815256
-14178670 -5265458
469885183 301147219
78492249 -716106766
39106749 -352237106
-410736861 -133616997
-508977863 -165414055
393999265 252645945
69924624 -636953301
402072235 257805655
-22565097 -7979841
35559397 23554821
467463292 299599306
643454038 412080984
422254660 270704930
45372624 -410125461
572411902 366675536
226081489 145323977
434364115 278444495
62252124 -566069601
68517999 -623957956
561109744 359451942
547385695 350680435
105794236 68444298
246263914 158223252
-765362917 -248396621
353634415 226847395
991399045 634464485
365743870 234586960
461004916 295471538
130820443 84439399
909862048 582351414
-615605292 -199925496
884835841 566356313
254336884 163382962
-220245162 -71961726
347176039 222719627
97289874 -889771831
92174874 -842516031
563531635 360999855
779079934 498764112
782309122 500827996
68390124 -622776561
3301749 -21446506
81689124 -745641641
151810165 97854645
20436999 -179753436
-694677318 -225518250
105473874 -965381111
17495874 -152581351
926815285 593186805
83997217 54513081
78747999 -718469556
68006499 -619232376
-34545707 -11857531
51705337 33874241
66727749 -607418426
-501789497 -163087441
96906249 -886227646
334259287 214464091
98528563 63800559
-216650979 -70798419
868689901 556036893
55346874 -502274271
-933091457 -302684281
530432458 339845044
-276554029 -90186869
-287336578 -93676790
153424759 98886587
96522624 -882683461
-252592809 -82431489
-863603919 -280193679
-449074813 -146025605
3813249 -26172086
636995662 407953216
-183105271 -59940887
-191491698 -62655270
-215452918 -70410650
-554504181 -180149277
-413132983 -134392535
756475618 484316924
12252999 -104144156
8416749 -68702306
86419108 56060994
240612835 154611455
248685805 159771165
884028544 565840342
566760823 363063739
41152749 -371139426
329415505 211368265
93197874 -851967191
-29753463 -10306455
-909130237 -294928901
-655141305 -212721873
60717624 -551892861
938117443 600410399
-679102525 -220477253
29908318 19943024
-496997253 -161536365
78108624 -712562581
34886874 -313251071
191367718 123137224
67851277 44193661
-658735488 -213885180
-251394748 -82043720
1511499 -4906976
15577749 -134860426
48953124 -443204521
-961844921 -311990737
59438874 -540078911
943768522 604022196
63530874 -577883551
62507874 -568432391
63914499 -581427736
653948899 418788607
446473570 286184060
-806096991 -261580767
-922308908 -299194360
-759372612 -246457776
682204294 436847592
20820624 -183297621
103044249 -942934606
-28555402 -9918686
93581499 -855511376
-322080347 -104922091
-657537427 -213497411
390770077 250582061
38978874 -351055711
-489808887 -159209751
648297820 415176810
217201222 139648296
826710457 529206401
666058354 426528172
289857952 186085686
-502987558 -163475210
-670716098 -217762870
19158249 -167939486
127591255 82375515
907440157 580803501
877570168 561712574
957492571 612793703
-561692547 -182475891
102565048 66380414
-495799192 -161148596
42017773 27682589
-567682852 -184414736
50615499 -458562656
44861124 -405399881
13787499 -118320896
-36941829 -12633069
-707855989 -229783709
516708409 331073537
64553874 -587334711
692699155 443555215
-177114966 -58002042
32073624 -287260381
-384379519 -125086079
-98042940 -32409288
424676551 272252843
77980749 -711381186
213164737 137068441
16472874 -143130191
464234104 297535422
-64497232 -21551756
-419123288 -136331380
-374795031 -121983927
-11782548 -4489920
8160999 -66339516
-719836599 -233661399
-778541588 -252662080
75423249 -687753286
730642114 467805852
14043249 -120683686
29771874 -265995271
94604499 -864962536
31945749 -286078986
-798908625 -259254153
45884124 -414851041
67494999 -614506796
326186317 209304381
226888786 145839948
-467045728 -151842140
33352374 -299074331
-591644072 -192170116
96394749 -881502066
-912724420 -296092208
1127874 -1362791
-62101110 -20776218
947805007 606602051
51510624 -466832421
961529056 615373558
-695875379 -225906019
975253105 624145065
-192689759 -63043039
738715084 472965562
86931999 -794078836
85653249 -782264886
580484872 371835246
708845095 453874635
859002337 549845241
-742599758 -241029010
874340980 559648690
-354427994 -115391854
724991035 464194055
200247985 128812905
-940279823 -305010895
-148361502 -48695586
89745249 -820069526
92877484 60188762
399650344 256257742
-513770107 -166965131
33944803 22522879
55858374 -506999851
899367187 575643791
-669518037 -217375101
72098499 -657037016
-399954312 -130127076
156653947 100950471
-1576265 -179845
-549711937 -178598201
93453624 -854329981
-426311654 -138657994
-774947405 -251498773
67750749 -616869586
525588676 336749218
-906734115 -294153363
-486214704 -158046444
857387743 548813299
605511079 387830347
-292128822 -95227866
104067249 -952385766
-240612199 -78553799
46907124 -424302201
591787030 379058840
6882249 -54525566
-700667623 -227457095
358478197 229943221
616005940 394537970
50487624 -457381261
561917041 359967913
-967835226 -313929582
989784451 633432543
73502356 47805458
950226898 608149964
326993614 209820352
-328070652 -106860936
24401124 -216376681
-5792243 -2551075
752439133 481737069
92302749 -843697426
111445315 72056095
-889961261 -288724597
173607184 111785862
629729989 403309477
234154459 150483687
78620124 -717288161
717725362 459550316
-244206382 -79717106
26191374 -232916211
-4594182 -2163306
721761847 462130171
155039353 99918529
-773749344 -251111004
64425999 -586153316
-294524944 -96003404
83189920 53997110
172799887 111269891
201055282 129328876
-970231348 -314705120
-828860150 -268948378
40001874 -360506871
733871302 469869736
-281346273 -91737945
888065029 568420197
318113347 204144671
104195124 -953567161
-20168975 -7204303
7010124 -55706961
927622582 593702776
-718638538 -233273630
-44130195 -14959683
-205868430 -67308498
713688877 456970461
27086499 -241185976
-559296425 -181700353
142122601 91662993
24145374 -214013891
8672499 -71065096
837205318 535914024
71459124 -651130041
-118409977 -39001361
182487451 117461543
997050124 638076282
-437094203 -142147915
-94448757 -31245981
8288874 -67520911
319727941 205176613
401264938 257289684
12955081 9107633
-780937710 -253437618
921164206 589575008
333451990 213948120
122747473 79279689
96778374 -885046251
948612304 607118022
50898040 33358270
-834850455 -270887223
440015194 282056292
-871990346 -282908062
66236683 43161719
-688687013 -223579405
529625161 339329073
-471837972 -153393216
216393925 139132325
266446339 171122527
-367606665 -119657313
30539124 -273083641
96650499 -883864856
38329 852097
-887565139 -287949059
-721034660 -234049168
918742315 588027095
979289590 626724920
7649499 -61613936
544156507 348616551
50871249 -460925446
93684781 60704733
726605629 465225997
197826094 127264992
-443084508 -144086760
825903160 528690430
-391567885 -127412693
-12980609 -4877689
2662374 -15539531
548192992 351196406
9725893 7043749
6242874 -48618591
63786624 -580246341
944575819 604538167
57648624 -523539381
281784982 180925976
574833793 368223449
-730619148 -237151320
-366408604 -119269544
955070680 611245790
-326872591 -106473167
414988987 266061191
-238216077 -77778261
-473036033 -153780985
-689885074 -223967174
936502849 599378457
312462268 200532874
395613859 253677887
82328499 -751548616
100950454 65348472
431134927 276380611
-572475096 -185965812
88850124 -811799761
31562124 -282534801
382697107 245422351
724183738 463678084
65429386 42645748
52149999 -472739396
603089188 386282434
35270499 -316795256
293894437 188665541
107775624 -986646221
229310677 147387861
789574795 505471735
-272959846 -89023562
138893413 89599109
213972034 137584412
338295772 217043946
359285494 230459192
22482999 -198655756
-645556817 -209619721
70436124 -641678881
644261335 412596955
479572747 307338871
238190944 153063542
942961225 603506225
96266874 -880320671
-350833811 -114228547
430327630 275864640
2918124 -17902321
716110768 458518374
97929249 -895678806
902596375 577707675
-295723005 -96391173
-639566512 -207680876
-988202263 -320521655
23633874 -209288311
54835374 -497548691
323764426 207756468
448088164 287216002
85525374 -781083491
-257385053 -83982565
171185293 110237949
36677124 -329790601
389962780 250066090
38595249 -347511526
878377465 562228545
103939374 -951204371
36804999 -330971996
289050655 185569715
93965124 -859055561
44439664 29230502
188138530 121073340
-383181458 -124698310
845626 1368068
306811189 196921077
-377191153 -122759465
-201076186 -65757422
638610256 408985158
23761749 -210469706
62379999 -567250996
101893374 -932302051
-978617775 -317419503
593401624 380090782
3941124 -27353481
586943248 375963014
-138777014 -45593434
-705459867 -229008171
20181249 -177390646
62763624 -570795181
813793705 520950865
8928249 -73427886
81575326 52965168
14810499 -127772056
515901112 330557566
444051679 284636147
112252612 72572066
363321979 233039047
75806874 -691297471
336681178 216012004
-849227187 -275540451
19669749 -172665066
69465871 45225603
976060402 624661036
65832624 -599148661
-248998626 -81268182
-378389214 -123147234
945383116 605054138
3173874 -20265111
34631124 -310888281
21587874 -190385991
972023917 622081181
30715615 20458995
314076862 201564816
-795314442 -258090846
49464624 -447930101
410952502 263481336
635381068 406921274
251914993 161835049
57264999 -519995196
37572249 -338060366
67878624 -618050981
478765450 306822900
42431499 -382953376
984133372 629820746
175221778 112817804
43838124 -395948721
-629982024 -204578724
68901624 -627502141
5603499 -42711616
398843047 255741771
675745918 432719824
50090743 32842299
89873124 -821250921
7777374 -62795331
-600030499 -194884499
88210749 -805892786
858195040 549329270
87699249 -801167206
-943874006 -306174202
-819275662 -265846226
-724628843 -235212475
599860000 384218550
64937499 -590878896
-507779802 -165026286
-568880913 -184802505
-969033287 -314317351
5475624 -41530221
685433482 438911476
709652392 454390606
590979733 378542869
-754580368 -244906700
-973825531 -315868427
-821671784 -266621764
540927319 346552667
65065374 -592060291
30922749 -276627826
2790249 -16720926
-433500020 -140984608
960721759 614857587
-827662089 -268560609
97721266 63284588
741944272 475029446
485223826 310950668
-45328256 -15347452
40769124 -367595241
341524960 219107830
761319400 487412750
351212524 225299482
322149832 206724526
476343559 305274987
180065560 115913630
-578465401 -187904657
968794729 620017297
16984374 -147855771
83990874 -766906751
408530611 261933423
427098442 273800756
243842023 156675339
-824067906 -267397302
-522156534 -169679514
89489499 -817706736
5219874 -39167431
8033124 -65158121
519937597 333137421
9311874 -76972071
864653416 553457038
-952260433 -308888585
-675508342 -219313946
-637170390 -206905338
586135951 375447043
301160110 193309280
63814792 41613806
-81270086 -26980522
967987432 619501326
765355885 489992605
-197482003 -64594115
98696499 -902767176
2022999 -9632556
403686829 258837597
138086116 89083138
698350234 447167012
564338932 361515826
-492205009 -159985289
73760874 -672395151
86804124 -792897441
47418624 -429027781
75924247 49353371
781501825 500312025
977674996 625692978
77469249 -706655606
-470639911 -153005447
55091124 -499911481
-290930761 -94840097
62124249 -564888206
193789609 124685137
72482124 -660581201
607932970 389378260
-432301959 -140596839
-488610826 -158821982
263217151 169058643
-934289518 -303072050
755668321 483800953
-646754878 -210007490
86036874 -785809071
-983410019 -318970579
107136249 -980739246
-530542961 -172393897
-715044355 -232110323
35781999 -321520836
76062624 -693660261
225274192 144808006
585328654 374931072
-305307493 -99493325
-616803353 -200313265
-965439104 -313154044
37173991 24586763
17623749 -153762746
-881574834 -286010214
97673499 -893316016
249493102 160287136
-632378146 -205354262
196211500 126233050
308425783 197953019
370587652 237682786
542541913 347584609
-845633004 -274377144
461812213 295987509
494911390 317142320
-776145466 -251886542
-337655140 -109963088
51126999 -463288236
964758244 617437442
392384671 251614003
-60903049 -20388449
906632860 580287530
66216249 -602692846
-243008321 -79329337
-960646860 -311602968
-577267340 -187516888
740329678 473997504
71203374 -648767251
-161540173 -52961045
18135249 -158488326
60845499 -553074256
267253636 171638498
655563493 419820549
310040377 198984961
80282499 -732646296
783923716 501859938
-141173136 -46368972
827517754 529722372
-898347688 -291438980
402879532 258321626
58287999 -529446356
52789374 -478646371
58160124 -528264961
589365139 377510927
98824374 -903948571
57392874 -521176591
471499777 302179161
86548374 -790534651
-880376773 -285622445
-38139890 -13020838
-741401697 -240641241
307618486 197437048
-598832438 -194496730
64681749 -588516106
16344999 -141948796
294701734 189181512
99975249 -914581126
100870374 -922850891
704001313 450778809
13275999 -113595316
96138999 -879139276
659599978 422400404
83095749 -758636986
178450966 114881688
44093874 -398311511
331030099 212400207
-588049889 -191006809
56753499 -515269616
66344124 -603874241
492489499 315594407
731449411 468321823
867882604 555520922
695928343 445619099
-722232721 -234436937
-656339366 -213109642
942153928 602990254
833976130 533850140
235769053 151515629
26447124 -235279001
477150856 305790958
356056306 228395308
155846650 100434500
109830721 71024153
913091236 584415298
247071211 158739223
74783874 -681846311
-145965380 -47920048
-143569258 -47144510
53045124 -481009161
239805538 154095484
43198749 -390041746
164726917 106110181
61356999 -557799836
22355124 -197474361
-500591436 -162699672
725798332 464710026
34247499 -307344096
-603624682 -196047806
930044473 595250689
-362814421 -118106237
-631180085 -204966493
54579624 -495185901
808949923 517855039
-958250738 -310827430
-791720259 -256927539
-324476469 -105697629
-582059584 -189067964
189753124 122105282
88033702 57092936
438400600 281024350
-199878125 -65369653
-157945990 -51797738
94988124 -868506721
-711450172 -230947016
10974249 -92330206
-942675945 -305786433
-393964007 -128188231
276941200 177830150
910669345 582867385
841241803 538493879
664443760 425496230
291472546 187117628
871919089 558100777
872726386 558616748
108031374 -989009011
9056124 -74609281
94092999 -860236956
816215596 522498778
-784531893 -254600925
109054374 -998460171
56369874 -511725431
679782403 435299679
-836048516 -271274992
16600749 -144311586
75295374 -686571891
57137124 -518813801
760512103 486896779
92814249 -848423006
609547564 390410202
76957749 -701930026
102788499 -940571816
791996686 507019648
101637624 -929939261
70052499 -638134696
-663527732 -215436256
933273661 597314573
-123202221 -40552437
-813285357 -263907381
-858811675 -278642603
-697073440 -226293788
-58506927 -19612911
-48922439 -16510759
20053374 -176209251
-150757624 -49471124
-995390629 -322848269
537698131 344488783
17367999 -151399956
473114371 303211103
108542874 -993734591
21715749 -191567386
60585604 39549922
-985806141 -319746117
911476642 583383356
803298844 514243242
-395162068 -128576000
-422717471 -137494687
-589247950 -191394578
15449874 -133679031
912283939 583899327
72993624 -665306781
55218999 -501092876
976867699 625177007
-211858735 -69247343
560302447 358935971
-758174551 -246070007
-541325510 -175883818
15321999 -132497636
-298119127 -97166711
852543961 545717473
63658749 -579064946
15705624 -136041821
-114815794 -37838054
59822499 -543623096
988977154 632916572
489260311 313530523
35398374 -317976651
-131588648 -43266820
672516730 430655940
-70487537 -23490601
7521624 -60432541
89617374 -818888131
749209945 479673185
76731544 49869342
404494126 259353568
848507476 543137618
9439749 -78153466
125976661 81343573
228503380 146871890
-832454333 -270111685
273712012 175766266
38467374 -346330131
24257239 16331227
-275355968 -89799100
56114124 -509362641
744366163 476577359
876762871 561196603
335066584 214980062
410145205 262965365
-892357383 -289500135
-915120542 -296867746
-126796404 -41715744
84246624 -769269541
87571374 -799985811
81944874 -748004431
-404746556 -131678152
-792918320 -257315308
82967874 -757455591
-342447384 -111514164
-566484791 -184026967
759704806 486380808
-815681479 -264682919
860616931 550877183
26702874 -237641791
224466895 144292035
-946270128 -306949740
-571277035 -185578043
-293326883 -95615635
33224499 -297892936
892101514 571000052
544963804 349132522
360900088 231491134
-556900303 -180924815
255144181 163898933
134856928 87019254
49080999 -444385916
953456086 610213848
65960499 -600330056
17112249 -149037166
-627585902 -203803186
72865749 -664125386
688662670 440975360
412567096 264513278
417410878 267609104
88840999 57608907
16728624 -145492981
99591624 -911036941
535276240 342940870
930851770 595766660
84630249 -772813726
-307703615 -100268863
-728223026 -236375782
-747392002 -242580086
-987004202 -320133886
20948499 -184479016
-32149585 -11081993
302774704 194341222
-462253484 -150291064
68773749 -626320746
48313749 -437297546
562724338 360483884
24912624 -221102261
195404203 125717079
-373596970 -121596158
-840840760 -272826068
636188365 407437245
867075307 555004951
97034124 -887409041
-461055423 -149903295
468270589 300115277
-84864269 -28143829
683011591 437363563
86164749 -786990466
421447363 270188959
352827118 226331424
-149559563 -49083355
-864801980 -280581448
39873999 -359325476
-839642699 -272438299
-532939083 -173169435
970409323 621049239
-46526317 -15735221
-458659301 -149127757
-560494486 -182088122
487645717 312498581
732256708 468837794
264024448 169574614
498140578 319206204
802491547 513727271
-756976490 -245682238
-804898930 -261192998
-186699454 -61104194
-929497274 -301520974
-88458452 -29307136
-526948778 -171230590
27214374 -242367371
369780355 237166815
74400249 -678302126
12125124 -102962761
87315624 -797623021
-16574792 -6040996
51894249 -470376606
795225874 509083532
33096624 -296711541
59310999 -538897516
856580446 548297328
-463451545 -150678833
92046999 -841334636
11229999 -94692996
1639374 -6088371
91407624 -835427661
-288534639 -94064559
552229477 353776261
861424228 551393154
750824539 480705127
22610874 -199837151
505406251 323849943
674131324 431687882
29260374 -261269691
101381874 -927576471
-168728539 -55287659
-465847667 -151454371
-452668996 -147188912
99335860 64316530
-994192568 -322460500
202669876 130360818
600667297 384734521
-204670369 -66920729
68645874 -625139351
-644358756 -209231952
18902499 -165576696
13148124 -112413921
107647749 -985464826
588557842 376994956
14938374 -128953451
481994638 308886784
887257732 567904226
900174484 576159762
-687488952 -223191636
-51318561 -17286297
69540999 -633409116
166341511 107142123
5689408 4463894
19413999 -170302276
-665923854 -216211794
703194016 450262838
712881580 456454490
-429905837 -139821301
45246961 29746473
-837246577 -271662761
-371200848 -120820620
-72883659 -24266139
22227249 -196292966
13403874 -114776711
-846831065 -274764913
-435896142 -141760146
50359749 -456199866
840434506 537977908
45116874 -407762671
-499393375 -162311903
804106141 514759213
624886207 400213651
-41734073 -14184145
754053727 482769011
81305499 -742097456
85908999 -784627676
488453014 313014552
17240124 -150218561
388348186 249034148
280170388 179894034
-782135771 -253825387
429520333 275348669
301967407 193825251
-991796446 -321684962
818637487 524046691
-2383562 -695816
100103124 -915762521
6370749 -49799986
8111299 6011807
277748497 178346121
-120806099 -39776899
79131624 -722013741
10846374 -91148811
921971503 590090979
-263375358 -85921410
-981013897 -318195041
106241124 -972469481
-596436316 -193721192
796840468 510115474
360092791 230975163
536083537 343456841
-809691174 -262744074
230117974 147903832
-39337951 -13408607
-180709149 -59165349
-380785336 -123922772
407723314 261417452
754861024 483284982
77213499 -704292816
60078249 -545985886
9951249 -82879046
670902136 429623998
18007374 -157306931
-592842133 -192557885
-372398909 -121208389
32329374 -289623171
508635439 325913827
-171124661 -56063197
-86062330 -28531598
54963249 -498730086
859809634 550361212
924393394 591638892
92942124 -849604401
79960732 51933226
105345999 -964199716
92686374 -847241611
185716639 119525427
52405749 -475102186
700772125 448714925
-335259018 -109187550
838819912 536945966
-874386468 -283683600
-979815836 -317807272
-56110805 -18837373
-392765946 -127800462
-360418299 -117330699
526395973 337265189
-677904464 -220089484
290665249 186601657
-217849040 -71186188
892908811 571516023
10718499 -89967416
842856397 539525821
26958624 -240004581
712074283 455938519
151002868 97338674
14569675 10139575
788767498 504955764
-474234094 -154168754
311654971 200016903
63402999 -576702156
66983499 -609781216
-597634377 -194108961
-623991719 -202639879
439207897 281540321
770199667 493088431
641032147 410533071
-386775641 -125861617
396421156 254193858
8544624 -69883701
74911749 -683027706
570797308 365643594
602281891 385766463
555458665 355840145
65576874 -596785871
68134374 -620413771
11741499 -99418576
344754148 221171714
-153153746 -50246662
-520958473 -169291745
951034195 608665935
895330702 573063936
59950374 -544804491
87827124 -802348601
-202274247 -66145191
569182714 364611652
80666124 -736190481
511057330 327461740
91023999 -831883476
21835348 14783314
-485016643 -157658675
71887762 46773516
93709374 -856692771
-181907210 -59553118
83351499 -760999776
917127721 586995153
31522912 20974966
769392370 492572460
48057999 -434934756
192175015 123653195
-586851828 -190619040
5731374 -43893011
571604605 366159565
53319931 34906183
26574999 -236460396
-75279781 -25041677
55741822 36454096
631344583 404341419
327800911 210336323
4964124 -36804641
52917249 -479827766
-110023550 -36286978
106113249 -971288086
536890834 343972812
385926295 247486235
-208264552 -68084036
750017242 480189156
83862999 -765725356
48697374 -440841731
87443499 -798804416
93069999 -850785796
181680154 116945572
14171124 -121865081
462619510 296503480
556265962 356356116
227696083 146355919
69796749 -635771906
517515706 331589508
105090249 -961836926
-555702242 -180537046
985747966 630852688
-768968 336126
32585124 -291985961
361707385 232007105
84502374 -771632331
747595351 478641243
-870792285 -282520293
79643124 -726739321
590172436 378026898
165534214 106626152
-676706403 -219701715
75116950 48837400
521552191 334169363
670094839 429108027
981711481 628272833
150195571 96822703
855773149 547781357
-924705030 -299969898
-951062372 -308500816
41664249 -375865006
-619199475 -201088803
55730499 -505818456
105985374 -970106691
63147249 -574339366
38850999 -349874316
347983336 223235598
339103069 217559917
-992994507 -322072731
969602026 620533268
-173520783 -56838735
-438292264 -142535684
716918065 459034345
65704749 -597967266
-286138517 -93289021
27342249 -243548766
416603581 267093133
-235819955 -77002723
51382749 -465651026
814601002 521466836
-635972329 -206517569
-945072067 -306561971
55602624 -504637061
415796284 266577162
507020845 324881885
49720374 -450292891
27981624 -249455741
598245406 383186608
451317352 289279886
607125673 388862289
61868499 -562525416
9823374 -81697651
278555794 178862092
18518874 -162032511
-907932176 -294541132
650719711 416724723
269675527 173186411
472307074 302695132
849314773 543653589
728220223 466257939
689469967 441491331
71714874 -653492831
551422180 353260290
12380874 -105325551
25296249 -224646446
-340051262 -110738626
870304495 557068835
50999124 -462106841
-935487579 -303459819
125169364 80827602
-330466774 -107636474
104450874 -955929951
657178087 420852491
268060933 172154469
5091999 -37986036
-916318603 -297255515
43582374 -393585931
220430410 141712180
15961374 -138404611
-966637165 -313541813
62891499 -571976576
-706657928 -229395940
-607218865 -197211113
-894753505 -290275673
104578749 -957111346
110638018 71540124
-709054050 -230171478
413374393 265029249
748402648 479157214
457775728 293407654
83735124 -764543961
437593303 280508379
199440688 128296934
506213548 324365914
293087140 188149570
-761768734 -247233314
-136380892 -44817896
49592499 -449111496
54323874 -492823111
32330209 21490937
-420321349 -136719149
43965999 -397130116
-954656555 -309664123
568375417 364095681
167148808 107658094
-57308866 -19225142
-861207797 -279418141
913898533 584931269
20692749 -182116226
282592279 181441947
21204249 -186841806
-163936295 -53736583
-30951524 -10694224
86292624 -788171861
285014170 182989860
7265874 -58069751
576448387 369255391
22994499 -203381336
142929898 92178964
285821467 183505831
47802249 -432571966
-504185619 -163862979
140508007 90631051
357670900 229427250
384311701 246454293
154232056 99402558
-172322722 -56450966
-771353222 -250335466
990591748 633948514
-528146839 -171618359
-441886447 -143698991
-972627470 -315480658
-698271501 -226681557
51254874 -464469631
-417925227 -135943611
862231525 551909125
515093815 330041595
55474749 -503455666
-233423833 -76227185
141315304 91147022
549000289 351712377
-800106686 -259641922
-102835184 -33960364
799262359 511663387
-219047101 -71573957
774236152 495668286
36037749 -323883626
-544919693 -177047125
46054258 30262444
98312874 -899222991
-352031872 -114616316
49283446 32326328
4882111 3947923
771814261 494120373
158268541 101982413
863038822 552425096
741136975 474513475
362514682 232523076
-808493113 -262356305
107408830 69476240
649912414 416208752
-481422460 -156495368
-254988931 -83207027
846085585 541589705
76446249 -697204446
419025472 268641046
574026496 367707478
806528032 516307126
980096887 627240891
381889810 244906380
-866000041 -280969217
901789078 577191704
82584249 -753911406
819444784 524562662
954263383 610729819
686240779 439427447
483609232 309918726
-558098364 -181312584
69029499 -628683536
337488475 216527975
886450435 567388255
-411934922 -134004766
-116013855 -38225823
836398021 535398053
-622793658 -202252110
30155499 -269539456
-585653767 -190231271
66855624 -608599821
853351258 546233444
-801304747 -260029691
649105117 415692781
-428707776 -139433532
80154624 -731464901
-124400282 -40940206
99080124 -906311361
214779331 138100383
-621595597 -201864341
44477499 -401855696
677360512 433751766
891294217 570484081
762126697 487928721
70947624 -646404461
27597999 -245911556
84758124 -773995121
-812087296 -263519612
-491006948 -159597520
-299317188 -97554480
-18970914 -6816534
-614407231 -199537727
5347749 -40348826
46139874 -417213831
64042374 -582609131
106752624 -977195061
82200624 -750367221
39234624 -353418501
729834817 467289881
104706624 -958292741
79515249 -725557926
435171412 278960466
-346041567 -112677471
-963042982 -312378506
-35743768 -12245300
460197619 294955567
869497198 556552864
23250249 -205744126
243034726 156159368
-606020804 -196823344
55986249 -508181246
881606653 564292429
963143650 616405500
996242827 637560311
616813237 395053941
669287542 428592056
59055249 -536534726
74528124 -679483521
67622874 -615688191
38788585 25618705
39618249 -356962686
405301423 259869539
596630812 382154666
962336353 615889529
57520749 -522357986
103811499 -950022976
719339956 460582258
103427874 -946478791
119518285 77215805
-179511088 -58777580
900981781 576675733
33608124 -301437121
106880499 -978376456
42825070 28198560
-779739649 -253049849
742751569 475545417
315691456 202596758
557073259 356872087
-92052635 -30470443
300352813 192793309
-852821370 -276703758
729027520 466773910
935695552 598862486
-313693920 -102207708
-444282569 -144474529
690277264 442007302
627308098 401761564
7137999 -56888356
746788054 478125272
28748874 -256544111
35142624 -315613861
-379587275 -123535003
11997249 -101781366
-355626055 -115779623
792803983 507535619
-89656513 -29694905
299545516 192277338
406108720 260385510
139700710 90115080
69668874 -634590511
-174718844 -57226504
565146229 362031797
19797624 -173846461
828325051 530238343
908247454 581319472
925200691 592154863
-169926600 -55675428
42303624 -381771981
24656874 -218739471
854158555 546749415
-132786709 -43654589
-320882286 -104534322
76190499 -694841656
453739243 290827799
-17772853 -6428765
776658043 497216199
62635749 -569613786
986555263 631368659
-409538800 -133229228
43070874 -388860351
-270563724 -88248024
-810889235 -263131843
-137578953 -45205665
-300515249 -97942249
777465340 497732170
-209462613 -68471805
550614883 352744319
147773680 95274790
-68091415 -22715063
35654124 -320339441
59183124 -537716121
325379020 208788410
77724999 -709018396
331837396 212916178
11357874 -95874391
519130300 332621450
37444374 -336878971
33480249 -300255726
21971499 -193930176
-590446011 -191782347
-289732700 -94452328
244649320 157191310
-24961219 -8755379
798455062 511147416
186523936 120041398
773428855 495152315
41280624 -372320821
145351789 93726877
-469441850 -152617678
-964241043 -312766275
-447876752 -145637836
-359220238 -116942930
26319249 -234097606
-519760412 -168903976
984940669 630336717
-903139932 -292990056
40641249 -366413846
-434698081 -141372377
-790522198 -256539770
-716242416 -232498092
80921874 -738553271
63007495 41097835
-649151000 -210783028
-516166229 -167740669
21076374 -185660411
352019821 225815453
-26159280 -9143148
88594374 -809436971
-370002787 -120432851
65448999 -595604476
101757751 65864443
522359488 334685334
-753382307 -244518931
865460713 553973009
-278950151 -90962407
144544492 93210906
931659067 596282631
-877980651 -284846907
-9386426 -3714382
-850425248 -275928220
6626499 -52162776
39362499 -354599896
44988999 -406581276
929237176 594734718
919549612 588543066
-904337993 -293377825
44221749 -399492906
-156747929 -51409969
47668852 31294386
875148277 560164661
279363091 179378063
797647765 510631445
787960201 504439793
19030374 -166758091
4074814 3431952
-83666208 -27756060
24273249 -215195286
218815816 140680238
-316090042 -102983246
-80072025 -26592753
52661499 -477464976
162305026 104562268
99463749 -909855546
2278749 -11995346
-768957100 -249559928
-187897515 -61491963
272904715 175250295
594208921 380606753
349597930 224267540
406916017 260901481
77085624 -703111421
-95646818 -31633750
46523499 -420758016
317306050 203628700
-729421087 -236763551
-976221653 -316643965
456968431 292891683
-891159322 -289112366
-633576207 -205742031
102276999 -935846236
418218175 268125075
809757220 518371010
59778307 39033951
-510175924 -165801824
30794874 -275446431
98440749 -900404386
81816999 -746823036
-802502808 -260417460
-228631589 -74676109
3267517 2915981
264831745 170090585
29899749 -267176666
465041401 298051393
-185501393 -60716425
40513374 -365232451
12892374 -110051131
16217124 -140767401
-511373985 -166189593
-573673157 -186353581
-246602504 -80492644
316498753 203112729
96011124 -877957881
32968749 -295530146
753246430 482253040
691084561 442523273
524781379 336233247
100143157 64832501
-147163441 -48307817
201862579 129844847
95371749 -872050906
48569499 -439660336
157461244 101466442
606318376 388346318
-256186992 -83594796
715303471 458002403
21843624 -192748781
368973058 236650844
23889624 -211651101
-166332417 -54512121
342332257 219623801
-348437689 -113453009
70691874 -644041671
72226374 -658218411
168763402 108690036
22642645 15299285
-620397536 -201476572
-625189780 -203027648
88722249 -810618366
368165761 236134873
959914462 614341616
70308249 -640497486
100998249 -924032286
922778800 590606950
11102124 -93511601
766163182 490508576
-407142678 -132453690
-634774268 -206129800
99719499 -912218336
784731013 502375909
-662329671 -215048487
67111374 -610962611
38083749 -342785946
259180666 166478788
674938621 432203853
-178313027 -58389811
-222641284 -72737264
28620999 -255362716
-925903091 -300357667
271290121 174218353
41024874 -369958031
237383647 152547571
378660622 242842496
54127228 35422154
-710252111 -230559247
-226235467 -73900571
21028051 14267343
60206124 -547167281
-403548495 -131290383
539312725 345520725
107264124 -981920641
-540127449 -175496049
-207066491 -67696267
6498624 -50981381
-100439062 -33184826
103299999 -945297396
496525984 318174262
42175749 -380590586
95299375 61736675
345561445 221687685
143737195 92694935
633766474 405889332
702386719 449746867
174414481 112301833
-319684225 -104146553
-674310281 -218926177
-888763200 -288336828
54195999 -491641716
693506452 444071186
84118749 -768088146
-901941871 -292602287
58927374 -535353331
371394949 238198757
12764499 -108869736
43326624 -391223141
714496174 457486432
51766374 -469195211
81561249 -744460246
-175916905 -57614273
743558866 476061388
12636624 -107688341
251107696 161319078
42047874 -379409191
10590624 -88786021
313269565 201048845
92070187 59672791
10079124 -84060441
25679874 -228190631
671709433 430139969
332644693 213432149
149388274 96306732
785538310 502891880
-356824116 -116167392
89105874 -814162551
554651368 355324174
546578398 350164464
152617462 98370616
987362560 631884630
89361624 -816525341
844470991 540557763
18606160 12719430
-451470935 -146801143
184102045 118493485
-919912786 -298418822
-162738234 -53348814
233347162 149967716
660407275 422916375
84374499 -770450936
45628374 -412488251
38211624 -343967341
-685092830 -222416098
704808610 451294780
197018797 126749021
102532749 -938209026
448895461 287731973
-584455706 -189843502
48476149 31810357
13020249 -111232526
624078910 399697680
73249374 -667669571
-308901676 -100656632
383504404 245938322
26830749 -238823186
94732374 -866143931
-739005575 -239865703
-165134356 -54124352
76574124 -698385841
79259499 -723195136
758897509 485864837
90896124 -830702081
486838420 311982610
-975023592 -316256196
387540889 248518177
-135182831 -44430127
463426807 297019451
23378124 -206925521
41919999 -378227796
-2198060 -1387768
39490374 -355781291
41792124 -377046401
-996588690 -323236038
880799356 563776458
-785729954 -254988694
-680300586 -220865022
-264573419 -86309179
72354249 -659399806
283399576 181957918
839627209 537461937
203477173 130876789
35014749 -314432466
36421374 -327427811
104962374 -960655531
33735999 -302618516
223659598 143776064
-52516622 -17674066
77852874 -710199791
718532659 460066287
540120022 346036696
9183999 -75790676
52277874 -473920791
104834499 -959474136
85269624 -778720701
-494601131 -160760827
373816840 239746670
982518778 628788804
-479026338 -155719830
-421519410 -137106918
-686290891 -222803867
645875929 413628897
25871833 17363169
-953458494 -309276354
-869594224 -282132524
72695059 47289487
106601533 68960269
91151874 -833064871
497333281 318690233
-105231306 -34735902
161497729 104046297
640224850 410017100
100230999 -916943916
-227433528 -74288340
132435037 85471341
187331233 120557369
-990598385 -321297193
39595882 26134676
456161134 292375712
791189389 506503677
18390999 -160851116
-783333832 -254213156
573219199 367191507
625693504 400729622
628115395 402277535
423061957 271220901
205091767 131908731
211550143 136036499
-794116381 -257703077
101509749 -928757866
78364374 -714925371
100614624 -920488101
-699469562 -227069326
-82468147 -27368291
-717440477 -232885861
1255749 -2544186
-271761785 -88635793
43710249 -394767326
105729624 -967743901
28293724 18911082
49976124 -452655681
-23763158 -8367610
-338853201 -110350857
37827999 -340423156
646683226 414144868
78346138 50901284
170377996 109721978
218008519 140164267
808142626 517339068
12147784 8591662
578062981 370287333
99847374 -913399731
973638511 623113123
444858976 285152118
6754374 -53344171
617620534 395569912
250300399 160803107
73505124 -670032361
374624137 240262641
16991566 11687488
4708374 -34441851
324571723 208272439
1767249 -7269766
-764164856 -248008852
-151955685 -49858893
51638499 -468013816
-744995880 -241804548
116289097 75151921
805720735 515791155
3685374 -24990691
295509031 189697483
466655995 299083335
297930922 191245396
567568120 363579710
-8188365 -3326613
647490523 414660839
817830190 523530720
-604822743 -196435575
34375374 -308525491
101253999 -926395076
565953526 362547768
-767759039 -249172159
-184303332 -60328656
146159086 94242848
-918714725 -298031053
599052703 383702579
-760570673 -246845545
85013874 -776357911
64298124 -584971921
504598954 323333972
53684499 -486916136
-269365663 -87860255
667672948 427560114
509442736 326429798
108926499 -997278776
-75694284 -842750451
90256749 -824795106
50103999 -453837076
-921110847 -298806591
622464316 398665738
97801374 -894497411
447280867 286700031
751631836 481221098
16184269 11171517
95883249 -876776486
656370790 420336520
825095863 528174459
80793999 -737371876
54707499 -496367296
398035750 255225800
-167530478 -54899890
102149124 -934664841
102021249 -933483446
-398756251 -129739307
28876749 -257725506
46395624 -419576621
67239249 -612144006
940539334 601958312
778272637 498248141
309233080 198468990
80768029 52449197
33863874 -303799911
76829874 -700748631
109023424 70508182
-971429409 -315092889
137278819 88567167
665251057 426012201
-241810260 -78941568
37955874 -341604551
-796512503 -258478615
90384624 -825976501
-306505554 -99881094
-543721632 -176659356
863846119 552941067
608740267 389894231
50743374 -459744051
354441712 227363366
6496705 4979865
88977999 -812981156
385118998 246970264
305196595 195889135
914705830 585447240
687048076 439943418
303582001 194857193
-725826904 -235600244
236576350 152031600
454546540 291343770
423869254 271736872
-536533266 -174332742
27486427 18395111
107008374 -979557851
829939645 531270285
-731817209 -237539089
91663374 -837790451
-65695293 -21939525
221237707 142228151
-879178712 -285234676
380275216 243874438
-574871218 -186741350
56881374 -516451011
212357440 136552470
56549119 36970067
34503249 -309706886
800876953 512695329
160690432 103530326
321342535 206208555
-523354595 -170067283
775043449 496184257
701579422 449230896
494104093 316626349
-190293637 -62267501
-396360129 -128963769
511864627 327977711
-514968168 -167352900
78236499 -713743976
952648789 609697877
569990011 365127623
64170249 -583790526
846892882 542105676
-439490325 -142923453
391577374 251098032
393191968 252129974
821866675 526110575
38723124 -348692921
27725874 -247092951
628922692 402793506
-531741022 -172781666
-468243789 -152229909
800069656 512179358
801684250 513211300
993013639 635496427
124362067 80311631
54068124 -490460321
-786928015 -255376463
938924740 600926370
-193887820 -63430808
711266986 455422548
-613209170 -199149958
97545624 -892134621
58415874 -530627751
89233749 -815343946
190560421 122621253
-106429367 -35123671
58971010 38517980
-375993092 -122371696
450510055 288763915
528010567 338297131
-570078974 -185190274
159883135 103014355
343139554 220139772
-365210543 -118881775
-737807514 -239477934
123554770 79795660
73377249 -668850966
-50120500 -16898528
74016624 -674757941
-317288103 -103371015
-283742395 -92513483
-77675903 -25817215
101765499 -931120656
-15376731 -5653227
720954550 461614200
-562890608 -182863660
898559890 575127820
10334874 -86423231
343946851 220655743
-334060957 -108799781
-63299171 -21163987
575641090 368739420
-401152373 -130514845
31178499 -278990616
-856415553 -277867065
-947468189 -307337509
66471999 -605055636
105857499 -968925296
265639042 170606556
1383624 -3725581
96106672 62252646
31434249 -281353406
-525750717 -170842821
531239755 340361015
2406624 -13176741
-977419714 -317031734
-701865684 -227844864
-910328298 -295316670
866268010 554488980
820252081 525078633
-857613614 -278254834
-405944617 -132065921
256758775 164930875
-681498647 -221252791
163112323 105078239
-524552656 -170455052
-498195314 -161924134
32457249 -290804566
842049100 539009850
-423915532 -137882456
40385499 -364051056
-122004160 -40164668
45500499 -411306856
-42932134 -14571914
49208874 -445567311
958299868 613309674
75934749 -692478866
348790633 223751569
18774624 -164395301
951841492 609181906
61392901 40065893
107903499 -987827616
56497749 -512906826
612776752 392474086
503791657 322818001
-936685640 -303847588
95499624 -873232301
-704261806 -228620402
29388249 -262451086
-96844879 -32021519
113059909 73088037
-939081762 -304623126
42942999 -387678956
-425113593 -138270225
73121499 -666488176
-210660674 -68859574
490067608 314046494
541734616 347068638
46267749 -418395226
232539865 149451745
-234621894 -76614954
683818888 437879534
184909342 119009456
68658574 44709632
75167499 -685390496
1652923 1884039
812179111 519918923
238998241 153579513
-923506969 -299582129
23505999 -208106916
532047052 340876986
286628764 184021802
389155483 249550119
-838444638 -272050530
455353837 291859741
54451749 -494004506
90512499 -827157896
-387973702 -126249386
-683894769 -222028329
25807749 -229372026
11613624 -98237181
-301713310 -98330018
306003892 196405106
242227429 155643397
764548588 489476634
641839444 411049042
115481800 74635950
-111221611 -36674747
71970624 -655855621
720147253 461098229
587750545 376478985
639417553 409501129
60589749 -550711466
896945296 574095878
108216127 69992211
-955854616 -310051892
3557499 -23809296
11869374 -100599971
75678999 -690116076
845278288 541073734
-948666250 -307725278
7905249 -63976726
56241999 -510544036
652334305 417756665
-930695335 -301908743
-712648233 -231334785
-27357341 -9530917
983326075 629304775
84885999 -775176516
486031123 311466639
105601749 -966562506
428713036 274832698
988169857 632400601
63019374 -573157971
24017499 -212832496
896137999 573579907
-54912744 -18449604
736293193 471417649
-949864311 -308113047
25064536 16847198
411759799 263997307
620042425 397117825
372202246 238714728
15833499 -137223216
-982211958 -318582810
75039624 -684209101
-455065118 -147964450
963950947 616921471
61740624 -561344021
52022124 -471558001
74309653 48321429
-144767319 -47532279
7304002 5495836
91262890 59156820
-844434943 -273989375
298738219 191761367
684626185 438395505
53428749 -484553346
834783427 534366111
-389171763 -126637155
108287124 -991371801
831554239 532302227
-347239628 -113065240
928429879 594218747
107391999 -983102036
959107165 613825645
-653943244 -212334104
260795260 167510730
4452624 -32079061
-723430782 -234824706
905825563 579771559
91919124 -840153241
-752184246 -244131162
993820936 636012398
613584049 392990057
941346631 602474283
95115999 -869688116
79387374 -724376531
897752593 574611849
91535499 -836609056
23122374 -204562731
381082513 244390409
61101249 -555437046
176836372 113849746
30666999 -274265036
678975106 434783708
-608416926 -197598882
-232225772 -75839416
-583257645 -189455733
49336749 -446748706
850122070 544169560
70180374 -639316091
169570699 109206007
76318374 -696023051
247878508 159255194
98184999 -898041596
364936573 234070989
-552108059 -179373739
-900743810 -292214518
783116419 501343967
-927101152 -300745436
-189095576 -61879732
79153435 51417255
-331664835 -108024243
69285249 -631046326
666865651 427044143
25935624 -230553421
-353229933 -115004085
53300874 -483371951
-296921066 -96778942
440822491 282572263
-133984770 -44042358
-997786751 -323623807
3429624 -22627901
167956105 108174065
-90854574 -30082674
44349624 -400674301
-641962634 -208456414
786345607 503407851
523166785 335201305
601474594 385250492
501369766 321270088
452931946 290311828
74144499 -675939336
377853325 242326525
436786006 279992408
288243358 185053744
231732568 148935774
335873881 215496033
179258263 115397659
77341374 -705474211
-668319976 -216987332
493296796 316110378
90128874 -823613711
71842749 -654674226
15066249 -130134846
80410374 -733827691
36549249 -328609206
108159249 -990190406
74655999 -680664916
707230501 452842693
105218124 -963018321
-142371197 -46756741
43632367 28714531
20220754 13751372
-550909998 -178985970
24784749 -219920866
-314891981 -102595477
318920644 204660642
997857421 638592253
133242334 85987312
695121046 445103128
29643999 -264813876
810564517 518886981
-873188407 -283295831
582906763 373383159
19541874 -171483671
578870278 370803304
400457641 256773713
29132499 -260088296
-3190859 -1211787
661214572 423432346
735485896 470901678
443244382 284120176
926007988 592670834
-381983397 -124310541
-99241001 -32797057
107519874 -984283431
8800374 -72246491
762933994 488444692
469077886 300631248
204284470 131392760
21332124 -188023201
108414999 -992553196
57009249 -517632406
-867198102 -281356986
31050624 -277809221
95243874 -870869511
258373369 165962817
40403179 26650647
-766560978 -248784390
-628783963 -204190955
518323003 332105479
34119624 -306162701
99207999 -907492756
787152904 503923822
-385577580 -125473848
630537286 403825448
52533624 -476283581
22738749 -201018546
75551124 -688934681
972831214 622597152
56625624 -514088221
-198680064 -64981884
100358874 -918125311
-258583114 -84370334
87226405 56576965
-415529105 -135168073
-341249323 -111126395
-74081720 -24653908
209128252 134488586
-807295052 -261968536
87059874 -795260231
39746124 -358144081
94860249 -867325326
70273168 45741574
-427509715 -139045763
1895124 -8451161
-822869845 -267009533
441629788 283088234
-69289476 -23102832
-6990304 -2938844
103683624 -948841581
210742846 135520528
592594327 379574811
12508749 -106506946
-618001414 -200701034
-66893354 -22327294
79770999 -727920716
53556624 -485734741
425483848 272768814
21459999 -189204596
-250196687 -81655951
118710988 76699834
-749788124 -243355624
527203270 337781160
108670749 -994915986
-833652394 -270499454
-453867057 -147576681
36293499 -326246416
180872857 116429601
57356416 37486038
86420499 -789353256
-318486164 -103758784
-740203636 -240253472
978482293 626208949
340717663 218591859
88082874 -804711391
553036774 354292232
96913969 62768617
-459857362 -149515526
252722290 162351020
53172999 -482190556
-493403070 -160373058
129205849 83407457
873533683 559132719
833168833 533334169
595016218 381122724
-229829650 -75063878
376238731 241294583
85781124 -783446281
10533190 7559720
97417749 -890953226
85397499 -779902096
67367124 -613325401
113867206 73604008
473921668 303727074
-87260391 -28919367
-323278408 -105309860
-789324137 -256152001
44733249 -404218486
470692480 301663190
72737874 -662943991
-302911371 -98717787
-579663462 -188292426
893716108 572031994
883221247 565324371
790382092 505987706
37700124 -339241761
890486920 569968110
90768249 -829520686
699964828 448198954
17798863 12203459
-957052677 -310439661
28237374 -251818531
-826464028 -268172840
934888255 598346515
838012615 536429995
94476624 -863781141
-734213331 -238314627
46861555 30778415
-682696708 -221640560
965565541 617953413
48185874 -436116151
722569144 462646142
198633391 127780963
879992059 563260487
-580861523 -188680195
-984608080 -319358348
-664725793 -215824025
903403672 578223646
230925271 148419803
69157374 -629864931
35909874 -322702231
205899064 132424702
888872326 568936168
-408340739 -132841459
904210969 578739617
824288566 527658488
-130390587 -42879051
-260979236 -85145872
794418577 508567561
-650349061 -211170797
-818077601 -265458457
-33347646 -11469762
28109499 -250637136
500562469 320754117
442437085 283604205
-989400324 -320909424
36366694 24070792
261602557 168026701
-53714683 -18061835
47034999 -425483596
-505383680 -164250748
58671624 -532990541
534468943 342424899
-213056796 -69635112
27470124 -244730161
14298999 -123046476
745980757 477609301
-882772895 -286397983
25040499 -222283656
2534499 -14358136
-609614987 -197986651
-506581741 -164638517
654756196 419304578
763741291 488960663
83223624 -759818381
274519309 176282237
980904184 627756862
71075499 -647585856
-875584529 -284071369
-713846294 -231722554
71080465 46257545
59694624 -542441701
53940249 -489278926
19286124 -169120881
37188624 -334516181
222045004 142744122
-10584487 -4102151
91279749 -834246266
36932874 -332153391
-214254857 -70022881
-245404443 -80104875
939732037 601442341
339910366 218075888
367358464 235618902
-312495859 -101819939
62200198 40581864
25424124 -225827841
4324749 -30897666
29101021 19427053
475536262 304759016
34758999 -312069676
-304109432 -99105556
-830058211 -269336147
-440688386 -143311222
427905739 274316727
-937883701 -304235357
47930124 -433753361
176029075 113333775
146966383 94758819
737100490 471933620
-788126076 -255764232
-336457079 -109575319
5859249 -45074406
632151880 404857390
377046028 241810554
626500801 401245593
-155549868 -51022200
46011999 -416032436
350405227 224783511
708037798 453358664
58032249 -527083566
47162874 -426664991
-671914159 -218150639
37316499 -335697576
668480245 428076085
328608208 210852294
83607249 -763362566
-47724378 -16122990
433556818 277928524
956685274 612277732
974445808 623629094
36165624 -325065021
4196874 -29716271
28493124 -254181321
779887231 499280083
995435530 637044340
-259781175 -84758103
5987124 -46255801
320535238 205692584
104322999 -954748556
