2530
349040703 621088673
98224137 176189309
391762206 696868235
222254307 396194489
174939094 312266587
103736589 185967317
-19618988 -337518819
122570800 219375511
375684221 668349045
-566976050 363763589
473070873 841093853
-842319010 540702291
247060341 440195525
-171432610 109582611
434483709 772647797
-508273490 326040617
234657324 418195007
450102323 800352153
-6506370 3599023
-26457446 -449691759
-18375632 -317123739
-39098232 -657041739
-43657204 -731823699
-483115250 309873629
-392266050 251492839
157023625 280488061
-276258610 176945061
-336358850 215566199
-880056370 564952773
-678790450 435616869
-928975170 596388583
-871670290 559563777
48612069 88187237
36668423 67001553
-62413570 39525663
-83378770 52998153
-9257688 -167559819
-810172370 520044473
-279053970 178741393
39884020 72705391
-182614050 116767939
407840191 725387425
277838198 494789403
-251100370 160778073
130839478 234042523
-164444210 105091781
49990182 90631739
-759855890 487710497
355471897 632496349
323775298 576272803
-52153470 -871190079
91792943 164781633
255788390 455677371
-22312926 -381708159
438158677 779166469
22427922 41741699
-390868370 250594673
518548602 921762419
-28869250 17969679
9106163 18111513
-12469691 -220247109
-313995970 201195543
-256691090 164370737
-55054634 -918778599
351796929 625977677
-383879970 246103843
-7703493 -142065969
-518057250 332327779
-912203010 585610591
491445713 873687213
-975098610 626028061
317344104 564865127
-40652427 -682535589
550704572 978800799
-239918930 153592745
-6045685 -114872529
-258088770 165268903
469395905 834575181
-26664672 -453090939
-583748210 374541581
-24676210 15275181
-52257083 -872889669
71580619 128928937
-76390370 48507323
30696600 56408711
557135766 990208475
554838911 986134305
519007973 922577253
360524978 641459523
-38062102 -640045839
-52878761 -883087209
524520425 932355261
494201939 878576217
28859116 53149375
-448173250 287419479
-130899890 83535797
67905651 122410265
362362462 644718859
279216311 497233905
-186807090 119462437
60096344 108558087
323315927 575457969
-906612290 582017927
268650778 478492723
-934565890 599981247
-13609434 -238942599
3593711 8333505
-230135170 147305583
52746408 95520743
109708412 196560159
-649439170 416755383
-406242850 260474499
-752867490 483219667
-416026610 266761661
-976496290 626926227
265435181 472788885
-717925490 460765517
72958732 131373439
116598977 208782669
-771037330 494895825
143701866 256857875
-21898474 -374909799
428511886 762054955
-852102770 546989453
261300842 465455379
334340831 595013985
72499361 130558605
-19204536 -330720459
-655029890 420348047
147836205 264191381
-25421316 -432695859
-24281573 -414000369
485933261 863909205
56880747 102854249
-656427570 421246213
294834925 524938261
-14438338 -252539319
484095777 860649869
-6667363 -125070069
-53293213 -889885569
482717664 858205367
-778025730 499386655
123030171 220190345
-933168210 599083081
22887293 42556533
557595137 991023309
-32467000 -548267979
-16717824 -289930299
240169776 427973015
-295826130 189519385
-115525410 73655971
-43346365 -726724929
-47180046 -789609759
-3040908 -65584419
-601918050 386217739
-122513810 78146801
-19411762 -334119639
420702579 748202777
-14645564 -255938499
211688774 377453307
504767472 897317399
199285757 355452789
265894552 473603719
-22416539 -383407749
-32881452 -555066339
241547889 430417517
-37440424 -629848299
408299562 726202259
272785117 485826229
-249702690 159879907
417486982 742498939
396815287 705831409
301266119 536345937
24724777 45815869
-15060016 -262736859
-491501330 315262625
524061054 931540427
-9568527 -172658589
360065607 640644689
-754265170 484117833
-51232130 32340335
527736022 938059099
395896545 704201741
511198666 908725075
-987677730 634111555
478123954 850057027
-55779925 -930675729
-631269330 405079225
199745128 356267623
-200783890 128444097
-23867121 -407202009
29777858 54779043
519467344 923392087
-632667010 405977391
508442440 903836071
178614062 318785259
-32985065 -556765929
-58784702 -979963839
445508613 792203813
551623314 980430467
307237942 546938779
-16290130 9886185
308156684 548568447
424836918 755536283
84443007 151744289
-443980210 284724981
-343347250 220057029
-597725010 383523241
-344744930 220955195
-40237975 -675737229
-968110210 621537231
-41792170 -701231079
448264839 797092817
287944360 512715751
366037430 651237531
-611701810 392504901
543354636 965763455
-90367170 57488983
10024905 19741181
-135092930 86230295
37587165 68631221
-54018504 -901782699
378321 -9497949
-650836850 417653549
-133695250 85332129
152889286 273154555
-825546850 529924299
-38683780 -650243379
472152131 839464185
-37544037 -631547889
525898538 934799763
-91764850 58387149
78930555 141966281
-52049857 -869490489
398193400 708275911
-63811250 40423829
308616055 549383281
-23038217 -393605289
136351930 243820531
-6563750 -123370479
-695562610 446394861
28399745 52334541
-61015890 38627497
68824393 124039933
413352643 735165433
433105596 770203295
-26146607 -444592989
-913600690 586508757
424377547 754721449
513036150 911984411
-49355919 -825301149
-420219650 269456159
490986342 872872379
316425362 563235459
-277656290 177843227
298969264 532271767
70202506 126484435
453777291 806870825
500173762 889169059
289781844 515975087
330665863 588495313
287484989 511900917
442293016 786499975
128083252 229153519
506145585 899761901
-389470690 249696507
196529531 350563785
-926179810 594592251
467558421 831315845
395437174 703386907
92252314 165596467
-20033440 -344317179
110627154 198189827
-58370250 -973165479
462045969 821537837
-485910610 311669961
-1175874 -34991799
385331012 685460559
-747276770 479627003
350418816 623533175
278297569 495604237
-11848013 -210049569
-22623765 -386806929
400490255 712350081
-46351142 -776013039
545651491 969837625
-56822850 35932999
120273945 215301341
94549169 169670637
313669136 558346455
-881454050 565850939
-37854876 -636646659
-831137570 533516963
427593144 760425287
468936534 833760347
-828342210 531720631
331584605 590124981
-10811883 -193053669
146917463 262561713
-29151384 -493881099
434024338 771832963
-608906450 390708569
448724210 797907651
-140683650 89822959
-51842631 -866091309
468017792 832130679
-274860930 176046895
-55676312 -928976139
171723497 306562749
3134340 7518671
153348657 273969389
290700586 517604755
-492899010 316160791
-53811278 -898383519
-23278530 14377015
-13298595 -233843829
-938758930 602675745
-43864430 -735222879
181370288 323674263
120733316 216116175
-340551890 218260697
-21380409 -366411849
349500074 621903507
6809308 14037343
-311200610 199399211
225010533 401083493
512576779 911169577
-33062290 20664177
-160251170 102397283
235576066 419824675
-38653010 24256841
67446280 121595431
-864681890 555072947
326072153 580346973
-966712530 620639065
-11640787 -206650389
-235725890 150898247
-319586690 204788207
-18168406 -313724559
-55261860 -922177779
29318487 53964209
-9361301 -169259409
-54951021 -917079009
-44693334 -748819599
-243357 -19695489
223632420 398638991
349959445 622718341
195151418 348119283
-375493890 240714847
-25732155 -437794629
-29462223 -498979869
-469138450 300891969
-585145890 375439747
-801786290 514655477
-3662586 -75781959
-358721730 229936855
423458805 753091781
476745841 847612525
-31664610 19766011
-42828300 -718226979
478583325 850871861
-878658690 564054607
-2419230 -55386879
-15785307 -274633989
143242495 256043041
369712398 657756203
-109934690 70063307
320559701 570568965
-3351747 -70683189
-455161650 291910309
-374096210 239816681
-225942130 144611085
-857693490 550582117
145539350 260117211
236494808 421454343
81227410 146040451
-457957010 293706641
-22830991 -390206109
344446993 612940333
-44796947 -750519189
-853500450 547887619
-980689330 629620725
-687176530 441005865
-308405250 197602879
345365735 614570001
-723516210 464358181
-977893970 627824393
-790604850 507470149
-52671535 -879688029
-33399517 -563564289
-376891570 241613013
-708141730 454478355
-779423410 500284821
389924722 693608899
-859091170 551480283
117517719 210412337
364659317 648793029
367415543 653682033
-27493576 -466687659
-211965330 135629425
324694040 577902471
66527538 119965763
-596327330 382625075
124408284 222634847
-26768285 -454790529
271866375 484196561
83064894 149299787
-266474850 170657899
291619328 519234423
343068880 610495831
-431401090 276641487
-627076290 402384727
-2730069 -60485649
201582612 359526959
-262281810 167963401
-477524530 306280965
-26871898 -456490119
456074146 810944995
132676962 237301859
-50599275 -845696229
177695320 317155591
-53396826 -891585159
-441184850 282928649
347203219 617829337
-502682770 322447953
152429915 272339721
360984349 642274357
585547 -6098769
126705139 226709017
-57852185 -964667529
-355926370 228140523
-10086592 -181156539
-544613170 349392933
280135053 498863573
-628473970 403282893
296672409 528197597
79849297 143595949
126245768 225894183
-16199759 -281432349
471233389 837834517
-895430850 574832599
-54329343 -906881469
-5527620 -106374579
516251747 917688249
-7081815 -131868429
302184861 537975605
459749114 817463667
-209169970 133833093
275541343 490715233
-36093455 -607753629
315047249 560790957
506604956 900576735
432186854 768573627
-181216370 115869773
-26353833 -447992169
227307388 405157663
362821833 645533693
517170489 919317917
517629860 920132751
55502634 100409747
-833932930 535313295
159779851 285377065
358228123 637385353
106492815 190856321
356390639 634126017
-463547730 297299305
326531524 581161807
-27700802 -470086839
430349370 765314291
13240502 25445019
54124521 97965245
-56505216 -942572859
-901021570 578425263
399112142 709905579
-843716690 541600457
-495694370 317957123
285647505 508641581
198367015 353823121
404165223 718868753
366496801 652052365
-789207170 506571983
129920736 232412855
88117975 158262961
-4180651 -84279909
99602250 178633811
-59406380 -990161379
213985629 381527477
-452366290 290113977
64690054 116706427
-712334770 457172853
185963998 331822603
374306108 665904543
59636973 107743253
303562974 540420107
89955459 161522297
5431195 11592841
474908357 844353189
-395061410 253289171
97305395 174559641
-621485570 398792063
23346664 43371367
377062334 670793547
-898226210 576628931
57340118 103669083
-764048930 490404995
214445000 382342311
-281849330 180537725
-513864210 329633281
-30912805 -522774129
197448273 352193453
321478443 572198633
179532804 320414927
-202181570 129342263
-873067970 560461943
373387366 664274875
-986280050 633213389
-347540290 222751527
244763486 436121355
62393199 112632257
-51531792 -860992539
-27389963 -464988069
-826944530 530822465
191935821 342415445
-30498353 -515975769
-367107810 235325851
-58681089 -978264249
-43449978 -728424519
-31120031 -526173309
531870361 945392605
403246481 717239085
-47594498 -796408119
-300019170 192213883
72039990 129743771
-365710130 234427685
-50392049 -842297049
398652771 709090745
-18479245 -318823329
-546010850 350291099
431268112 766943959
92711685 166411301
167589158 299229243
-59302767 -988461789
401868368 714794583
-874465650 561360109
-81257 1814833
207095064 369304967
425755660 757165951
331125234 589310147
172182868 307377583
-20344279 -349415949
-10190205 -182856129
-216158370 138323923
-40548814 -680835999
233279211 415750505
180910917 322859429
-58220530 36831165
-23452669 -400403649
2215598 5889003
-1590326 -41790159
-57748572 -962967939
-193795490 123953267
528654764 939688767
-958326450 615250069
-919191410 590101421
-33917582 -572062239
440914903 784055473
-481717570 308975463
230063614 410046667
491905084 874502047
46315214 84113067
-38269328 -643445019
-47698111 -798107709
-102946290 65572477
-797593250 511960979
60555715 109372921
-19100923 -329020869
-434196450 278437819
-21173183 -363012669
284269392 506197079
-17961180 -310325379
-438389490 281132317
363281204 646348527
154726770 276413891
-896828530 575730765
229144872 408416999
-307007570 196704713
324234669 577087637
-53189600 -888185979
190557708 339970943
-993268450 637704219
553001427 982874969
-59618210 37729331
281053795 500493241
46774585 84927901
-43553591 -730124109
433564967 771018129
-27908028 -473486019
-15681694 -272934399
-19515375 -335819229
-7185428 -133568019
510279924 907095407
364199946 647978195
416108869 740054437
287025618 511086083
-9154075 -165860229
134055075 239746361
-293030770 187723053
183207772 326933599
-989075410 635009721
169426642 302488579
547029604 972282127
504308101 896502565
372927995 663460041
-682983490 438311367
450561694 801166987
215363742 383971979
-9050462 -164160639
-435594130 279335985
-37647650 -633247479
34830939 63742217
-42621074 -714827799
-6252911 -118271709
47693327 86557569
-488705970 313466293
-413231250 264965329
509820553 906280573
284728763 507011913
-882851730 566749105
-400652130 256881835
-118320770 75452303
-536227090 344003937
466639679 829686177
-49563145 -828700329
312291023 555901953
262678955 467899881
-990473090 635907887
-54225730 -905181879
-572566770 367356253
541057781 961689285
-45522238 -762416319
-325177410 208380871
61015086 110187755
151970544 271524887
-332165810 212871701
-80583410 51201821
-818558450 525433469
177235949 316340757
-962519490 617944567
-18790084 -323922099
352256300 626792511
-49977597 -835498689
-775230370 497590323
-32570613 -549967569
-397856770 255085503
507064327 901391569
-371300850 238020349
-659222930 423042545
-459354690 294604807
-701153330 449987525
129001994 230783187
-14541951 -254238909
-348937970 223649693
436780564 776721967
221335565 394564821
-606111090 388912237
160239222 286191899
181829659 324489097
163914190 292710571
-432798770 277539653
-369903170 237122183
-450968610 289215811
-554396930 355680095
230982356 411676335
-51739018 -864391719
440455532 783240639
310912910 553457451
-7904050 4497189
33912197 62112549
-462150050 296401139
214904371 383157145
465261566 827241675
-107139330 68266975
-245509650 157185409
321937814 573013467
-2937295 -63884829
326990895 581976641
257625874 458936707
-466343090 299095637
-21794861 -373210209
-203579250 130240429
184585885 329378101
7268679 14852177
356850010 634940851
226388646 403527995
-112730050 71859639
262219584 467085047
276460085 492344901
-48527015 -811704429
-15267242 -266136039
186423369 332637437
-224544450 143712919
-46247529 -774313449
-694164930 445496695
372009253 661830373
-449570930 288317645
-35782616 -602654859
155186141 277228725
213066887 379897809
12781131 24630185
547948346 973911795
399571513 710720413
-941554290 604472077
217660597 388046149
225929275 402713161
-49834450 31442169
-931770530 598184915
-309802930 198501045
-346142610 221853361
470314647 836204849
542435894 964133787
292997441 521678925
332503347 591754649
-551601570 353883763
-35057325 -590757729
481798922 856575699
298050522 530642099
327450266 582791475
266813294 475233387
-16096146 -279732759
445049242 791388979
236954179 422269177
114761493 205523333
-812967730 521840805
-125309170 79943133
-10293818 -184555719
366956172 652867199
311372281 554272285
220876194 393749987
235116695 419009841
-741686050 476034339
-20137053 -346016769
-27286350 -463288479
-824149170 529026133
191017079 340785777
-541817810 347596601
-399254450 255983669
-744481410 477830671
-22105700 -378308979
-6356524 -119971299
411515159 731906097
999999 699591
-692767250 444598529
8187421 16481845
-382482290 245205677
-55987151 -934074909
195610789 348934117
-539022450 345800269
-238521250 152694579
125786397 225079349
299428635 533086601
322856556 574643135
27940374 51519707
-26975511 -458189709
-36507907 -614551989
227766759 405972497
-24903251 -424197909
-768241970 493099493
534167216 949466775
-40030749 -672338049
209391919 373379137
-372698530 238918515
-34850099 -587358549
-157455810 100600951
522223570 928281091
-937361250 601777579
-232930530 149101915
-34459970 21562343
459289743 816648833
-592134290 379930577
-786411810 504775651
-2522843 -57086469
501092504 890798727
-46454755 -777712629
350878187 624348009
-69401970 44016493
242926002 432862019
-231532850 148203749
-137888290 88026627
376602963 669978713
-40134362 -674037639
170345384 304118247
293916183 523308593
93630427 168040969
-917793730 589203255
-42310235 -709729029
521764199 927466257
-484512930 310771795
-26561059 -451391349
340312654 605606827
276919456 493159735
-55158247 -920478189
101899105 182707981
135433188 242190863
480880180 854946031
530951619 943762937
-32777839 -553366749
510739295 907910241
-44486108 -745420419
-30291127 -512576589
-39201845 -658741329
-439787170 282030483
10943647 21370849
313209765 557531621
260382100 463825711
561270105 997541981
-555794610 356578261
537382813 955170613
-14852790 -259337679
-947145010 608064741
-51946244 -867790899
496958165 883465221
10484276 20556015
-10501044 -187954899
382574786 680571555
253950906 452418035
-104343970 66470643
-323779730 207482705
426674402 758795619
-108537010 69165141
-163046530 104193615
197907644 353008287
837485 3444501
291159957 518419589
-614497170 394301233
-838125970 538007793
-51428179 -859292949
-357324050 229038689
175398465 313081421
-50702888 -847395819
84902378 152559123
-386675330 247900175
-808774690 519146307
-622883250 399690229
-970905570 623333563
257166503 458121873
-81981090 52099987
-179818690 114971607
382115415 679756721
-30083901 -509177409
458830372 815833999
-11951626 -211749159
417946353 743313773
-7910719 -145465149
-70799650 44914659
547488975 973096961
-604713410 388014071
-206374610 132036761
-47283659 -791309349
-666211330 427533375
534626587 950281609
-214760690 137425757
-905214610 581119761
520845457 925836589
189179595 337526441
174020352 310636919
422080692 750647279
-220351410 141018421
293456812 522493759
328828379 585235977
-11122722 -198152439
-476126850 305382799
-41170492 -691033539
481934 -7798359
460667856 819093335
-57334120 -956169579
475367728 845168023
485473890 863094371
-645246130 414060885
415190127 738424769
-57437733 -957869169
-7392654 -136967199
-45004173 -753918369
-34021195 -573761829
394059061 700942405
414271385 736795101
-56712442 -945972039
-385277650 247002009
551163943 979615633
458371001 815019165
-168637250 107786279
-263679490 168861567
-6149298 -116572119
-748674450 480525169
-26073890 16173347
-178421010 114073441
-996063810 639500551
224551162 400268659
-41274105 -692733129
-121116130 77248635
-42931913 -719926569
554379540 985319471
-31741709 -536370849
263138326 468714715
-8325171 -152263509
-20483170 12580683
-430003410 275743321
559432621 994282645
-27804415 -471786429
-16303372 -283131939
-330768130 211973535
401408997 713979749
539220297 958429949
99142879 177818977
135892559 243005697
11862389 23000517
209851290 374193971
-221749090 141916587
35749681 65371885
327909637 583606309
390384093 694423733
-24592412 -419099139
-5424007 -104674989
379818560 675682551
-316791330 202991875
271407004 483381727
387168496 688719895
-512466530 328735115
57799489 104483917
-5108690 2700857
144620608 258487543
58718231 106113585
-32052548 -541469619
-46040303 -770914269
136811301 244635365
311831652 555087119
-1383100 -38390979
-21880850 13478849
-402049810 257780001
-280451650 179639559
-119718450 76350469
-501285090 321549787
387627867 689534729
238332292 424713679
451480436 802796655
463424082 823982339
98683508 177004143
383952899 683016057
-23556282 -402103239
-984882370 632315223
-12780530 -225345879
481339551 855760865
-9879366 -177757359
-569771410 365559921
384871641 684645725
16456099 31148857
-7496267 -138666789
-290235410 185926721
-2313330 904525
-829739890 532618797
48152698 87372403
-915650 6359
-670404370 430227873
-969507890 622435397
-442582530 283826815
-4491490 -89378679
-12987756 -228745059
86739862 155818459
439077419 780796137
259922729 463010877
-353131010 226344191
507983069 903021237
-49666758 -830399919
421621321 749832445
-45418625 -760716729
-4595103 -91078269
418865095 744943441
479502067 852501529
-6460137 -121670889
-56816055 -947671629
250275938 445899363
290241215 516789921
-174227970 111378943
183667143 327748433
12321760 23815351
555757653 987763973
-57541346 -959568759
355931268 633311183
-527841010 338614941
-743083730 476932505
-191000130 122156935
280594424 499678407
492823826 876131715
-114127730 72757805
-894033170 573934433
61474457 111002589
-246907330 158083575
-139744 -17995899
-188204770 120360603
208473177 371749469
314128507 559161289
370631140 659385871
-28736932 -487082739
141405011 252783705
-456559330 292808475
65608796 118336095
232360469 414120837
-866079570 555971113
-45211399 -757317549
82605523 148484953
-237123570 151796413
246141599 438565857
283810021 505382245
-29980288 -507477819
-954133410 612555571
523601683 930725593
15537357 29519189
-86174130 54794485
168507900 300858911
561729476 998356815
-368505490 236224017
106952186 191671155
-210567650 134731259
273703859 487455897
220416823 392935153
240629147 428787849
-691369570 443700363
-59717219 -995260149
-156058130 99702785
115680235 207153001
-35264551 -594156909
239710405 427158181
-207772290 132934927
133136333 238116693
-28529706 -483683559
21509180 40112031
-40341588 -677436819
-793400210 509266481
45396472 82483399
-5631233 -108074169
-52360696 -874589259
-470536130 301790135
-924782130 593694085
471692760 838649351
173101610 309007251
116139606 207967835
255329019 454862537
-15370855 -267835629
-58991928 -983363019
397274658 706646243
164832932 294340239
412893272 734350599
-192397810 123055101
-745879090 478728837
541976523 963318953
343987622 612125499
272325746 485011395
263597697 469529549
78011813 140336613
162536077 290266069
15077986 28704355
-28944158 -490481919
-705346370 452682023
-393663730 252391005
530492248 942948103
134514446 240561195
196070160 349748951
418405724 744128607
-195193170 124851433
-13402208 -235543419
279675682 498048739
444130500 789759311
-417424290 267659827
-5942072 -113172939
-44900560 -752218779
17834212 33593359
212607516 379082975
-94560210 60183481
32534084 59668047
-1279487 -36691389
-14956403 -261037269
-38994619 -655342149
259463358 462196043
472611502 840279019
104655331 187596985
-914998370 587406923
-37958489 -638346249
112005267 200634329
357309381 635755685
2674969 6703837
281972537 502122909
540598410 960874451
-291633090 186824887
-494296690 317058957
171095 -12897129
-34124808 -575461419
792773 -2699589
41721504 75964727
107870928 193300823
21968551 40926865
-17546728 -303527019
329747121 586865645
-57644959 -961268349
394977803 702572073
-44278882 -742021239
373846737 665089709
-3455360 -72382779
411055788 731091263
-25628542 -436095039
-286042370 183232223
-150467410 96110121
377521705 671608381
95927282 172115139
-613099490 393403067
325612782 579532139
535545329 951911277
-44382495 -743720829
153808028 274784223
-34953712 -589058139
256707132 457307039
332043976 590939815
-48630628 -813404019
-28115254 -476885199
-642450770 412264553
-762651250 489506829
-17857567 -308625789
9565534 18926347
518089231 920947585
451021065 801981821
383034157 681386389
180451546 322044595
-379686930 243409345
-51013727 -852494589
497417536 884280055
406002707 722128089
-34642873 -583959369
34371568 62927383
-8014332 -147164739
-955531090 613453737
13699873 26259853
-49459532 -827000739
-54847408 -915379419
-25524929 -434395449
-24074347 -410601189
304022345 541234941
-582350530 373643415
51827666 93891075
473989615 842723521
-12097090 7191687
529573506 941318435
-260884130 167065235
417027611 741684105
1103612 2399181
-43760817 -733523289
155645512 278043559
-952735730 611657405
115220864 206338167
-21276796 -364712259
138648785 247894701
-773832690 496692157
-624280930 400588395
-14749177 -257638089
-28322480 -480284379
558973250 993467811
511658037 909539909
159320480 284562231
-304212210 194908381
-28840545 -488782329
166670416 297599575
215823113 384786813
437239935 777536801
-684381170 439209533
-149069730 95211955
-55469086 -925576959
121192687 216931009
-35160938 -592457319
-29047771 -492181509
-618690210 396995731
502470617 893243229
-56090764 -935774499
422999434 752276947
556217024 988578807
-815763090 523637137
158861109 283747397
146458092 261746879
-20965957 -359613489
391302835 696053401
-39719910 -667239279
-983484690 631417057
-360119410 230835021
512117408 910354743
550245201 977985965
269569520 480122391
-589338930 378134245
-587941250 377236079
-42724687 -716527389
466180308 828871343
127623881 228338685
36209052 66186719
-288837730 185028555
359146865 639015021
-388073010 248798341
-39512684 -663840099
426215031 757980785
475827099 845982857
-35471777 -597556089
-499887410 320651621
-805979330 517349975
145079979 259302377
191476450 341600611
-504080450 323346119
233738582 416565339
-378289250 242511179
-100150930 63776145
-10915496 -194753259
-1901165 -46888929
519926715 924206921
-31638096 -534671259
52287037 94705909
54583892 98780079
6349937 13222509
-750072130 481423335
342609509 609680997
-273463250 175148729
189638966 338341275
-18893697 -325621689
-45107786 -755617959
-849307410 545193121
276000714 491530067
-776628050 498488489
-50910114 -850794999
-5113168 -99576219
-792002530 508368315
530032877 942133269
211229403 376638473
161617335 288636401
-27079124 -459889299
-24177960 -412300779
73418103 132188273
26562261 49075205
-2004778 -48588519
-20758731 -356214309
-48112563 -804906069
439996161 782425805
151511173 270710053
-50288436 -840597459
-34746486 -585658959
296213038 527382763
221794936 395379655
-29565836 -500679459
-48436770 30544003
-14023886 -245740959
-751469810 482321501
476286470 846797691
-59820832 -996959739
462964711 823167505
344906364 613755167
539679668 959244783
-45641410 28747671
439536790 781610971
71121248 128114103
61933828 111817423
-172830290 110480777
78471184 141151447
494661310 879391051
389465351 692794065
-39927136 -670638459
-32674226 -551667159
246600970 439380691
463883453 824797173
-625678610 401486561
309075426 550198115
-552999250 354781929
185504627 331007769
370171769 658571037
508901811 904650905
140486269 251154037
53665150 97150411
443671129 788944477
-38580167 -648543789
493742568 877761383
-653632210 419449881
-126706850 80841299
332962718 592569483
-13194982 -232144239
560810734 996727147
-341949570 219158863
315506620 561605791
-57230507 -954469989
-12573304 -221946699
-46143916 -772613859
-185409410 118564271
-269270210 172454231
-153262770 97906453
-571169090 366458087
77093071 138706945
-15578081 -271234809
-17235889 -298428249
266353923 474418553
-902419250 579323429
-534829410 343105771
-45729464 -765815499
357768752 636570519
100980363 181078313
-11329948 -201551619
-20655118 -354514719
49530811 89816905
-45315012 -759017139
27021632 49890039
-480319890 308077297
140026898 250339203
-889840130 571239935
204338838 364415963
148754947 265821049
537842184 955985447
498795649 886724557
380277931 676497385
447346097 795463149
141864382 253598539
165751674 295969907
-783616450 502979319
-13920273 -244041369
527276651 937244265
-28218867 -478584789
201123241 358712125
130380107 233227689
-713732450 458071019
261760213 466270213
-436991810 280234151
-740288370 475136173
172642239 308192417
-994666130 638602385
53205779 96335577
-2315617 -53687289
318262846 566494795
558513879 992652977
175857836 313896255
348581332 620273839
179992175 321229761
422540063 751462113
515792376 916873415
-38372941 -645144609
-36131 -16296309
416568240 740869271
243844744 434491687
497876907 885094889
-785014130 503877485
-48008950 -803206479
-27182737 -461588889
-38165715 -641745429
309994168 551827783
-509671170 326938783
-15474468 -269535219
542895265 964948621
-45833077 -767515089
-35679003 -600955269
168048529 300044077
-13505821 -237243009
16915470 31963691
157482996 281302895
44477730 80853731
-8946849 -162461049
-265077170 169759733
75255587 135447609
-320984370 205686373
-354528690 227242357
-48941467 -818502789
-868874930 557767445
502929988 894058063
380737302 677312219
212148145 378268141
113383380 203078831
51368295 93076241
-719323170 461663683
-2212004 -51987699
-46765594 -782811399
-733299970 470645343
-334961170 214668033
520386086 925021755
-803183970 515553643
32074713 58853213
-197988530 126647765
253032164 450788367
403705852 718053919
-79185730 50303655
226848017 404342829
-540628 999999
384412270 683830891
493283197 876946549
-46661981 -781111809
14159244 27074687
202041983 360341793
31155971 57223545
-30187514 -510876999
245222857 436936189
105574073 189226653
297131780 529012431
-30266930 18867845
198826386 354637955
525439167 933984929
335259573 596643653
-55365473 -923877369
122111429 218560677
532789103 947022273
410137046 729461595
434943080 773462631
-450583 -23094669
474448986 843538355
-302814530 194010215
430808741 766129125
85821120 154188791
341690767 608051329
386709125 687905061
-11433561 -203251209
-835330610 536211461
248438454 442640027
228685501 407602165
353175042 628422179
-21691248 -371510619
-351733330 225446025
-364312450 233529519
281513166 501308075
-43968043 -736922469
-578157490 370948917
40802762 74335059
4053082 9148339
-804581650 516451809
-56194377 -937474089
393140319 699312737
-36611520 -616251579
-52629810 33238501
429889999 764499457
-685778850 440107699
415649498 739239603
118436461 212042005
304481716 542049775
-55425170 35034833
-425810370 273048823
-899623890 577527097
-18582858 -320522919
96846024 173744807
264516439 471159217
-490103650 314364459
335718944 597458487
337556428 600717823
44937101 81668565
-43139139 -723325749
222713678 397009323
538301555 956800281
-111332370 70961473
-734697650 471543509
505226843 898132233
58258860 105298751
543814007 966578289
-58888315 -981663429
170804755 304933081
381196673 678127053
-807377010 518248141
-73595010 46710991
-4698716 -92777859
-47387272 -793008939
338015799 601532657
490067600 871242711
-294428450 188621219
-48216176 -806605659
-312598290 200297377
-396459090 254187337
-731902290 469747177
124867655 223449681
4971824 10778007
460208485 818278501
167129787 298414409
38505907 70260889
355012526 631681515
210770032 375823639
457911630 814204331
-47905337 -801506889
-147672050 94313789
7728050 15667011
-418821970 268557993
-2626456 -58786059
-515261890 330531447
-885647090 568545437
-54536569 -910280649
-903816930 580221595
348121961 619459005
131758220 235672191
316884733 564050293
367874914 654496867
-20447892 -351115539
-37129585 -624749529
536923442 954355779
341231396 607236495
205716951 366860465
-161648850 103295449
75714958 136262443
132217591 236487025
406462078 722942923
346284477 616199669
-769639650 493997659
282891279 503752577
451939807 803611489
-909407650 583814259
441374274 784870307
-24488799 -417399549
446427355 793833481
386249754 687090227
446886726 794648315
396355916 705016575
-31016418 -524473719
-10708270 -191354079
443211758 788129643
552082685 981245301
-562783010 361069091
-6978202 -130168839
488230116 867983375
64230683 115891593
533248474 947837107
-30601966 -517675359
419783837 746573109
-196590850 125749599
156104883 278858393
432646225 769388461
-529238690 339513107
65149425 117521261
102358476 183522815
-23245443 -397004469
-39616297 -665539689
-37336811 -628148709
302644232 538790439
374765479 666719377
-128104530 81739465
196988902 351378619
487311374 866353707
83983636 150929455
-34228421 -577161009
117977090 211227171
-18686471 -322222509
-1797552 -45189339
-846512050 543396789
245682228 437751023
185045256 330192935
-940156610 603573911
40343391 73520225
188720224 336711607
-31223644 -527872899
252572793 449973533
-45936690 -769214679
-47039090 29645837
-17687810 10784351
-530636370 340411273
154267399 275599057
238791663 425528513
-554196 -24794259
457452259 813389497
-688574210 441904031
-48319789 -808305249
-710937090 456274687
-861886530 553276615
307697313 547753613
-7807106 -143765559
-51117340 -854194179
147376834 263376547
389005980 691979231
-43035526 -721626159
408758933 727017093
325153411 578717305
-638257730 409570055
304941087 542864609
26102890 48260371
473530244 841908687
428052515 761240121
-217556050 139222089
-27471570 17071513
483636406 859835035
187342111 334267105
165292303 295155073
163454819 291895737
-19085490 11682517
-65208930 41321995
-706744050 453580189
-31845322 -538070439
-916396050 588305089
-635462370 407773723
-25835768 -439494219
-105741650 67368809
462505340 822352671
-689971890 442802197
-49045080 -820202379
-8117945 -148864329
-620087890 397893897
41262133 75149893
-25939381 -441193809
-537624770 344902103
-10397431 -186255309
-875863330 562258275
-696960290 447293027
-54432956 -908581059
-836728290 537109627
405083965 720498421
-12055239 -213448749
-8532397 -155662689
-287440050 184130389
-101548610 64674311
270947633 482566893
-36922359 -621350349
277378827 493974569
270028891 480937225
428971257 762869789
25643519 47445537
254410277 453232869
-213363010 136527591
-59199154 -986762199
264975810 471974051
-139285970 88924793
-505478130 324244285
513495521 912799245
-863284210 554174781
-23763508 -405502419
112464638 201449163
-234328210 150000081
329287750 586050811
-949940370 609861073
390843464 695238567
303103603 539605273
204798209 365230797
-58473863 -974865069
237872921 423898845
-921986770 591897753
306778571 546123945
-47076433 -787910169
295294296 525753095
-798990930 512859145
-565578370 362865423
-11744400 -208349979
-25110477 -427597089
-761253570 488608663
-6770976 -126769659
503389359 894872897
-722118530 463460015
-284644690 182334057
-403447490 258678167
-615894850 395199399
-673199730 432024205
89496088 160707463
192395192 343230279
-603315730 387115905
-586543570 376337913
-445377890 285623147
234197953 417380173
545192120 969022791
-498489730 319753455
-170034930 108684445
274622601 489085565
-22002087 -376609389
85361749 153373957
-888442450 570341769
334800202 595828819
412433901 733535765
275081972 489900399
-737493010 473339841
454696033 808500493
-9301730 5395355
151051802 269895219
-729106930 467950845
-526443330 337716775
-726311570 466154513
274163230 488270731
-53914891 -900083109
-59095541 -985062609
-453763970 291012143
-227339810 145509251
351337558 625162843
-4077038 -82580319
-25317703 -430996269
-738890690 474238007
-446775570 286521313
-40756040 -684235179
-58266637 -971465889
119814574 214486507
-158853490 101499117
-884249410 567647271
-56608829 -944272449
-540420130 346698435
-410435890 263168997
129461365 231598021
253491535 451603201
-318189010 203890041
-381084610 244307511
521304828 926651423
-47490885 -794708529
-87571810 55692651
-18272019 -315424149
409677675 728646761
-19722601 -339218409
142783124 255228207
-37255330 23358675
-52567922 -877988439
81686781 146855285
-53085987 -886486389
359606236 639829855
239251034 426343347
-593531970 380828743
529114135 940503601
-23659895 -403802829
420243208 747387943
-241316610 154490911
540139039 960059617
292538070 520864091
-467740770 299993803
158401738 282932563
-37233198 -626449119
-471933810 302688301
-129502210 82637631
436321193 775907133
-17339502 -300127839
358687494 638200187
533707845 948651941
232819840 414935671
-26250220 -446292579
346743848 617014503
55043263 99594913
179073433 319600093
-189602450 121258769
-657809 -26493849
-56401603 -940873269
-32259774 -544868799
-50806501 -849095409
138189414 247079867
-21069570 -361313079
250735309 446714197
-14892450 8988019
-44589721 -747120009
-28426093 -481983969
-58059411 -968066709
295753667 526567929
538760926 957615115
-923384450 592795919
363740575 647163361
216741855 386416481
282431908 502937743
402327739 715609417
-20551505 -352815129
-23349056 -398704059
113842751 203893665
-20862344 -357913899
-34539260 -582259779
111086525 199004661
-736095330 472441675
76174329 137077277
-520852610 334124111
-2833682 -62185239
548867088 975541463
288403731 513530585
449642952 799537319
231441727 412491169
-17132276 -296728659
269110149 479307557
-5009555 -97876629
-590736610 379032411
-16406985 -284831529
74336845 133817941
405543336 721313255
-817160770 524535303
336637686 599088155
-11226335 -199852029
502011246 892428395
-14231112 -249140139
247519712 441010359
-796195570 511062813
-22727378 -388506519
112924009 202263997
378440447 673238049
-428605730 274845155
-35368164 -595856499
-867477250 556869279
489148858 869613043
455614775 810130161
-98753250 62877979
76633700 137892111
392221577 697683069
378899818 674052883
544273378 967393123
421161950 749017611
63771312 115076759
-942951970 605370243
383493528 682201223
-948542690 608962907
-765446610 491303161
482258293 857390533
-15992533 -278033169
-702551010 450885691
259003987 461381209
-600520370 385319573
14618615 27889521
514873634 915243747
229604243 409231833
-4284264 -85979499
427133773 759610453
-46972820 -786210579
162995448 291080903
273244488 486641063
278756940 496419071
140945640 251968871
468477163 832945513
-972303250 624231729
-6874589 -128469249
-167239570 106888113
-77788050 49405489
-142081330 90721125
315965991 562420625
-18997310 -327321279
-58163024 -969766299
392680948 698497903
292078699 520049257
105114702 188411819
-629871650 404181059
-59613606 -993560559
-997461490 640398717
-12262465 -216847929
-662018290 424838877
104195960 186782151
23806035 44186201
264057068 470344383
-39823523 -668938869
178154691 317970425
-819956130 526331635
-487308290 312568127
103277218 185152483
-877261010 563156441
-13713047 -240642189
483177035 859020201
-84776450 53896319
336178315 598273321
354553155 630866681
516711118 918503083
555298282 986949139
-506875810 325142451
400030884 711535247
55962005 101224581
-44243730 27849505
-15888920 -276333579
-50184823 -838897869
225469904 401898327
254869648 454047703
-832535250 534415129
173560981 309822085
-33192291 -560165109
267732036 476863055
-50495662 -843996639
-927577490 595490417
-414628930 265863495
-49252306 -823601559
-910805330 584712425
-703948690 451783857
339393912 603977159
515333005 916058581
-607508770 389810403
-870272610 558665611
-33813969 -570362649
43099617 78409229
-45625851 -764115909
435402451 774277465
66068167 119150929
-423015010 271252491
42640246 77594395
150592431 269080385
409218304 727831927
-36300681 -611152809
182289030 325303931
-36197068 -609453219
-74992690 47609157
-29773062 -504078639
353634413 629237013
441833645 785685141
461586598 820723003
449183581 798722485
-13494770 8089853
-49148693 -821901969
228226130 406787331
-270667890 173352397
-409038210 262270831
-37751263 -634947069
375224850 667534211
218119968 388860983
133595704 238931527
486392632 864724039
456992888 812574663
-49873984 -833799099
368793656 656126535
-3558973 -74082369
485014519 862279537
-350335650 224547859
248897825 443454861
-559987650 359272759
447805468 796277983
83524265 150114621
90414830 162337131
285188134 507826747
301725490 537160771
249816567 445084529
352715671 627607345
93171056 167226135
-724913890 465256347
-35886229 -604354449
317803475 565679961
-865035 -29893029
-95957890 61081647
62852570 113447091
-46869207 -784510989
74796216 134632775
-959724130 616148235
137270672 245450199
-30705579 -519374949
-42517461 -713128209
111545896 199819495
-652234530 418551715
252113422 449158699
-839523650 538905959
-427208050 273946989
-681585810 437413201
-57955798 -966367119
-794797890 510164647
-41895783 -702930669
-991870770 636806053
203420096 362786295
44018359 80038897
410596417 730276429
-31948935 -539770029
-22209313 -380008569
-41066879 -689333949
500633133 889983893
549785830 977171131
-29358610 -497280279
-54027490 34136667
-16821437 -291629889
-33710356 -568663059
168967271 301673745
495120681 880205885
-33606743 -566963469
186882740 333452271
82146152 147670119
-411833570 264067163
-38787393 -651942969
-123911490 79044967
453317920 806055991
142323753 254413373
-511068850 327836949
95467911 171300305
-891237810 572138101
-34332034 -578860599
407380820 724572591
498336278 885909723
-48423402 -810004839
208013806 370934635
419324466 745758275
-29876675 -505778229
-31430870 -531272079
188260853 335896773
-822751490 528127967
219957452 392120319
-31327257 -529572489
-727709250 467052679
558054508 991838143
-814365410 522738971
15996728 30334023
202960725 361971461
-298621490 191315717
371090511 660200705
59177602 106928419
300806748 535531103
224091791 399453825
87199233 156633293
305859829 544494277
-636860050 408671889
206635693 368490133
-4802329 -94477449
73877474 133003107
513954892 913614079
-1072261 -33292209
-255293410 163472571
-50081210 -837198279
35290310 64557051
413812014 735980267
77552442 139521779
-199386210 127545931
-8428784 -153963099
162076706 289451235
-580952850 372745249
524979796 933170095
25184148 46630703
314587878 559976123
484555148 861464703
-8739623 -159061869
-845114370 542498623
379359189 674867717
-52464309 -876288849
123948913 221820013
90874201 163151965
-36818746 -619650759
496498794 882650387
-12676917 -223646289
361443720 643089191
-36404294 -612852399
-272065570 174250563
-965314850 619740899
-519454930 333225945
-10699410 6293521
-41584944 -697831899
546110862 970652459
-579555170 371847083
218579339 389675817
-248305010 158981741
208932548 372564303
553920169 984504637
102817847 184337649
-4387877 -87679089
-175625650 112277109
-24385186 -415699959
-821353810 527229801
-35857650 22460509
-9982979 -179456949
-136490610 87128461
-305609890 195806547
340772025 606421661
-33503130 -565263879
-252498050 161676239
69283764 124854767
-57126894 -952770399
-48837854 -816803199
-143479010 91619291
528195393 938873933
-19826214 -340917999
-646643810 414959051
-48734241 -815103609
-53604052 -894984339
258085245 459751541
94089798 168855803
89036717 159892629
488689487 868798209
69743135 125669601
-55572699 -927276549
-497092050 318855289
318722217 567309629
230522985 410861501
31615342 58038379
127164510 227523851
-17753954 -306926199
-730504610 468849011
347662590 618644171
20131067 37667529
526817280 936429431
339853283 604791993
-30809192 -521074539
-850705090 546091287
-39409071 -662140509
128542623 229968353
-576759810 370050751
-42413848 -711428619
452858549 805241157
-474729170 304484633
-663415970 425737043
-13091369 -230444649
544732749 968207957
319181588 568124463
-854898130 548785785
-297223810 190417551
-523647970 335920443
496039423 881835553
80768039 145225617
123489542 221005179
-301416850 193112049
514414263 914428913
-46558368 -779412219
-17443115 -301827429
187801482 335081939
117058348 209597503
535085958 951096443
-3869812 -79181139
-5320394 -102975399
-634064690 406875557
523142312 929910759
-56919668 -949371219
-920589090 590999587
-35575390 -599255679
-10604657 -189654489
91333572 163966799
68365022 123225099
39424649 71890557
-362914770 232631353
-35989842 -606054039
487770745 867168541
-550203890 352985597
501551875 891613561
505686214 898947067
-951338050 610759239
330206492 587680479
896386 -999999
-407640530 261372665
465720937 828056509
-460752370 295502973
134973817 241376029
38965278 71075723
-8843236 -160761459
377981076 672423215
306319200 545309111
205257580 366045631
-322382050 206584539
-660620610 423940711
194692047 347304449
-253895730 162574405
452399178 804426323
394518432 701757239
-421617330 270354325
236035437 420639509
-42206622 -708029439
-9775753 -176057769
17374841 32778525
-3711010 1802691
-20240666 -347716359
549326459 976356297
97764766 175374475
-7599880 -140366379
161157964 287821567
119355203 213671673
-267872530 171556065
-599122690 384421407
-543215490 348494767
509361182 905465739
461127227 819908169
469855276 835390015
-573964450 368254419
-979291650 628722559
193313934 344859947
-24696025 -420798729
-57023281 -951070809
-54640182 -911980239
321019072 571383799
243385373 433676853
-525045650 336818609
-533431730 342207605
-41688557 -699531489
-47801724 -799807299
95008540 170485471
-72197330 45812825
-935963570 600879413
526357909 935614597
-326575090 209279037
423918176 753906615
18293583 34408193
361903091 643904025
489608229 870427877
114302122 204708499
-27597189 -468387249
166211045 296784741
139567527 249524369
-780821090 501182987
312750394 556716787
-59509993 -991860969
288863102 514345419
328369008 584421143
-146274370 93415623
553460798 983689803
-36715133 -617951169
49071440 89002071
149673689 267450717
-716527810 459867351
-12884143 -227045469
108789670 194930491
-5838459 -111473349
-715130130 458969185
109249041 195745325
-34435647 -580560189
297591151 529827265
18752954 35223027
219038710 390490651
-68004290 43118327
-18064793 -312024969
-9672140 -174358179
-532034050 341309439
376143592 669163879
559891992 995097479
-664813650 426635209
139108156 248709535
479961438 853316363
67482 -14596719
-25006864 -425897499
-892635490 573036267
-15163629 -264436449
8646792 17296679
-29669449 -502379049
-424412690 272150657
19212325 36037861
365578059 650422697
-617292530 396097565
-42846050 26951339
-53500439 -893284749
-28633319 -485383149
-680188130 436515035
27481003 50704873
309534797 551012949
689160 -4399179
-361517090 231733187
-40050690 25155007
-259486450 166167069
393599690 700127571
202501354 361156627
50908924 92261407
-5216781 -101275809
-37025972 -623049939
-667609010 428431541
464342824 825612007
-956928770 614351903
-5734846 -109773759
-16510598 -286531119
286106876 509456415
219498081 391305485
-41481331 -696132309
-766844290 492201327
552542056 982060135
-522250290 335022277
-51635405 -862692129
-33295904 -561864699
184126514 328563267
145998721 260932045
-3766199 -77481549
477205212 848427359
101439734 181893147
345825106 615384835
-97355570 61979813
210310661 375008805
149214318 266635883
70661877 127299269
-3248134 -68983599
429430628 763684623
381656044 678941887
456533517 811759829
-973700930 625129895
79389926 142781115
-151865090 97008287
-228737490 146407417
546570233 971467293
-677392770 434718703
-847909730 544294955
63311941 114261925
-11537174 -204950799
-17650341 -305226609
-32363387 -546568389
548407717 974726629
343528251 611310665
-40445201 -679136409
541517152 962504119
-12366078 -218547519
-329370450 211075369
193773305 345674781
-31534483 -532971669
-856295810 549683951
-755662850 485015999
108330299 194115657
-860488850 552378449
342150138 608866163
251194680 447529031
-761422 -28193439
237413550 423084011
207554435 370119801
-641053090 411366387
425296289 756351117
-473331490 303586467
-8636010 -157362279
-38891006 -653642559
560351363 995912313
-16925050 -293329479
200663870 357897291
-93162530 59285315
-58577476 -976564659
-14334725 -250839729
-283247010 181435891
164373561 293525405
-800388610 513757311
-1486713 -40090569
-41999396 -704630259
88577346 159077795
121652058 217745843
182748401 326118765
45855843 83298233
-787809490 505673817
-648041490 415857217
192854563 344045113
-55883538 -932375319
-516659570 331429613
-223146770 142814753
435861822 775092299
320100330 569754131
536004700 952726111
-699755650 449089359
-561385330 360170925
406921449 723757757
-2108391 -50288109
-32156161 -543169209
242466631 432047185
-337756530 216464365
-22520152 -385107339
171264126 305747915
50449553 91446573
4512453 9963173
400949626 713164915
11403018 22185683
438618048 779981303
-464945410 298197471
411974530 732720931
-44071656 -738622059
-144876690 92517457
-333563490 213769867
-66606610 42220161
-669006690 429329707
-54122117 -903482289
251654051 448343865
-478922210 307179131
-40963266 -687634359
322397185 573828301
397734029 707461077
503848730 895687731
-945747330 607166575
-24799638 -422498319
-564180690 361967257
442752387 787314809
-3144521 -67284009
-315393650 202093709
-21587635 -369811029
-12158852 -215148339
-163353008 -531473256
372468624 662645207
107411557 192485989
368334285 655311701
21049809 39297197
-961121810 617046401
562188847 999171649
338475170 602347491
-643848450 413162719
118895832 212856839
267272665 476048221
-782218770 502081153
388546609 691164397
-4905942 -96177039
531410990 944577771
-339154210 217362531
1296856 4259335
-8221558 -150563919
-1693939 -43489749
333881460 594199151
414730756 737609935
260841471 464640545
176317207 314711089
464802195 826426841
144161237 257672709
-51220953 -855893769
-29254997 -495580689
294375554 524123427
-757060530 485914165
241088518 429602683
-639655410 410468221
-42103009 -706329849
-43242752 -725025339
256247761 456492205
223173049 397824157
-9464914 -170958999
299888006 533901435
-53707665 -896683929
-968648 -31592619
437699306 778351635
244304115 435306521
156564254 279673227
298509893 531456933
371549882 661015539
-575362130 369152585
-16614211 -288230709
477664583 849242193
200204499 357082457
56421376 102039415
338934541 603162325
42180875 76779561
-26042994 -442893399
258544616 460566375
203879467 363601129
-11019109 -196452849
337097057 599902989
444589871 790574145
-547408530 351189265
454236662 807685659
19671696 36852695
38046536 69446055
480420809 854131197
137730043 246265033
33452826 61297715
455155404 809315327
-944349650 606268409
5890566 12407675
-709539410 455376521
206176322 367675299
-772435010 495793991
249357196 444269695
96386653 172929973
217201226 387231315
-23141830 -395304879
-38476554 -646844199
-19308149 -332420049
106033444 190041487
-30394740 -514276179
-404845170 259576333
150133060 268265551
80308668 144410783
-982087010 630518891
536464071 953540945
-184011730 117666105
556676395 989393641
-568373730 364661755
-671802050 431126039
-33088678 -558465519
490526971 872057545
37127794 67816387
-558589970 358374593
-811570050 520942639
-116923090 74554137
268191407 477677889
479042696 851686695
242007260 431232351
247979083 441825193
160698593 287006733
274708 -11197539
157942367 282117729
495580052 881020719
-19929827 -342617589
-675995090 433820537
-930372850 597286749
-908009970 582916093
-25214090 -429296679
-242714290 155389077
86280491 155003625
283350650 504567411
-49770371 -832099509
499714391 888354225
-327972770 210177203
-56297990 -939173679
-887044770 569443603
174479723 311451753
-657825250 422144379
-204976930 131138595
-41377718 -694432719
30237229 55593877
100520992 180263479
110167783 197374993
-346970 -21395079
131298849 234857357
-21484022 -368111439
-17028663 -295029069
-13816660 -242341779
470774018 837019683
-54743795 -913679829
148295576 265006215
-720720850 462561849
385790383 686275393
-610304130 391606735
-88969490 56590817
-594929650 381726909
467099050 830501011
-40859653 -685934769
532329732 946207439
310453539 552642617
43558988 79224063
378114 2629667
-28011641 -475185609
169886013 303303413
216282484 385601647
445967984 793018647
66986909 120780597
522682941 929095925
-244111970 156287243
-22934604 -391905699
47233956 85742735
402787110 716424251
289322473 515160253
354093784 630051847
1756227 5074169
-14127499 -247440549
-154660450 98804619
-3973425 -80880729
100061621 179448645
-963917170 618842733
492364455 875316881
319640959 568939297
-840921330 539804125
507523698 902206403
-548806210 352087431
-218953730 140120255
-557192290 357476427
20590438 38482363
-132297570 84433963
486852003 865538873
270488262 481752059
-52775148 -881387619
286566247 510271249
388087238 690349563
-674597410 432922371
-39305458 -660440919
300347377 534716269
-698357970 448191193
-23970734 -408901599
32993455 60482881
-7289041 -135267609
-44175269 -740321649
213526258 380712643
369253027 656941369
-165841890 105989947
365118688 649607863
499255020 887539391
-758458210 486812331
125327026 224264515
24265406 45001035
-52982374 -884786799
-51324566 -857593359
333422089 593384317
-177023330 113175275
231901098 413306003
404624594 719683587
176776578 315525923
431727483 767758793
194232676 346489615
87658604 157448127
190098337 339156109
305400458 543679443
-41448370 26053173
