2962
-322790634 -263911077
49685808 -337544913
20704056 -136380545
144318297 -994395639
57284682 -390289229
235943181 250120587
69036429 -471858927
39789600 -268854641
91479615 -627638651
95102334 -652784197
137216856 145673937
5683026 -32118525
61702632 -420954529
113657724 -781578457
-211611110 -173160045
144760092 -997462169
925711105 979854515
-680854101 -556182783
54457194 -370663437
144583374 -996235557
58698426 -400102125
430763129 456228643
-200166159 -163818027
669022660 708293225
940190966 995173357
35548368 -239415953
-435605151 -355996683
59758734 -407461797
78844278 -539935893
-84081656 -69063273
44119191 -298906635
72482430 -495777861
9924258 -61557213
-625264339 -510807267
322822347 342033639
134863884 -928771897
60907401 -415434775
595307004 630306393
97753104 -671183377
85824639 -588387067
120991521 -832482855
83262228 -570601193
109328133 -751526463
128855472 -887067089
-412715249 -337312647
17169696 -111848305
120107931 -826349795
937558264 992388113
124084086 -853948565
124879317 -859468319
6898107 7804359
94572180 -649104361
-965342883 -788398659
-205071138 -167821749
116220135 -799364331
128060241 -881547335
15667593 -101422103
28568007 -190964779
83246465 88576435
32544162 -218563549
35106573 -236349423
471570010 499399925
114983109 -790778047
871740714 922757013
72570789 -496391167
424181374 449265533
138309885 -952690831
108532902 -746006709
49597449 -336931607
117103725 -805497391
487366222 516111389
-509179836 -416052513
-662869178 -541502469
766432634 811347253
137956449 -950237607
-546784675 -446747715
7361847 -43771339
77981061 83005947
392588950 415842605
7715283 -46224563
647961044 686011273
-311345683 -254569059
133008345 -915892471
130887729 -901173127
28656366 -191578085
-142941404 -117107937
79197714 -542389117
137161218 -944717853
99962079 -686516027
-921198072 -752365161
133891935 -922025531
39806882 42619909
65767146 -449166605
-893403191 -729677403
56577810 -385382781
95455770 -655237421
-474844983 -388026459
213565214 226446013
7892001 -47451175
26182314 -174405517
895435032 947824209
82378638 -564468133
533438507 564853159
88033614 -603719717
143434707 -988262579
80788176 -553428625
-303170718 -247896189
52071501 -354104175
72394071 -495164555
-824733485 -673625295
437344884 463191753
111625467 -767472419
350465718 371278701
78049047 -534416139
67976121 -464499255
133538499 -919572307
-465035025 -380019015
9570822 -59103989
130534293 -898719903
25210365 -167659151
861209906 911616037
139988706 -964343645
59316939 -404395267
26800827 -178698659
36873753 -248615543
66120582 -451619829
121610034 -836775997
41645139 -281734067
52970392 56546129
837515588 886548841
80169663 -549135483
894118681 946431587
105617055 -725767611
247790340 262654185
106058850 -728834141
56047656 -381702945
109239774 -750913157
114364596 -786484905
-862338324 -704320497
17258055 -112461611
61879350 -422181141
91567974 -628251957
-576214549 -470770047
121433316 -835549385
484733520 513326145
23354826 -154779725
501846083 531430231
27419340 -182991801
59493657 -405621879
77518893 -530736303
362312877 383812299
-631804311 -516145563
-267200872 -218535561
40584831 -274374395
-559864619 -457424307
95897565 -658303951
97222950 -667503541
-785493653 -641595519
135305679 -931838427
-414350242 -338647221
74868123 -512337123
115159827 -792004659
786177899 832236583
-911388114 -744357717
24238416 -160912785
115601622 -795071189
609786865 645625235
-579484535 -473439195
870424363 921364391
875689767 926934879
114187878 -785258293
72305712 -494551249
571612686 605239197
38464215 -259655051
559765527 592705599
-899943163 -735015699
51894783 -352877563
21764364 -143740217
888853277 940861099
-872148282 -712327941
-783858660 -640260945
-455225067 -372011571
-952262939 -777722067
106940783 113643631
686135223 726397311
299128029 316966443
-988232785 -807082695
37934061 -255975215
17081337 -111234999
5329590 -29665301
26447391 -176245435
26093955 -173792211
-626899332 -512141841
-290090774 -237219597
75840072 -519083489
20969133 -138220463
516325944 546749073
96074283 -659530563
-72636705 -59721255
59582016 -406235185
121521675 -836162691
1883589 -5746367
-891768198 -728342829
670339011 709685847
479468116 507755657
42439584 45405153
106677363 -733127283
561081878 594098221
82732074 -566921357
107030799 -735580507
228045075 241764855
375476387 397738519
820403025 868444755
31395495 -210590571
92363205 -633771711
139193475 -958823891
19908825 -130860791
33251034 -223469997
-306440704 -250565337
1441794 -2679837
116573571 -801817555
60730683 -414208163
82555356 -565694745
158278472 167955889
99255207 -681609579
58963503 -401942043
93070077 -638678159
354414771 375456567
100668951 -691422475
42705447 -289093739
21587646 -142513605
-139671418 -114438789
29805033 -199551063
-342410550 -279925965
-110241544 -90416457
54015399 -367596907
56224374 -382929557
67004172 -457752889
118517469 -815310287
78137406 -535029445
-13776957 -11676591
144848451 -998075475
17788209 -116141447
113569365 -780965151
575561739 609417063
221463320 234801745
18936876 -124114425
40761549 -275601007
79374432 -543615729
90065871 -617825755
141579168 -975383153
-774048702 -632253501
-209976117 -171825471
79109355 -541775811
540020262 571816269
100845669 -692649087
-430700172 -351992961
-896673177 -732346551
23443185 -155393031
114099519 -784644987
45267858 -306879613
-710283975 -580205115
38552574 -260268357
124702599 -858241707
65325351 -446100075
127176651 -875414275
38287497 -258428439
38022420 -256588521
-754428786 -616238613
89358999 -612919307
67887762 -463885949
25740519 -171338987
916496648 970106161
-95526607 -78405291
-149481376 -122446233
-190356201 -155810583
21057492 -138833769
917812999 971498783
103849875 -713501491
61349196 -418501305
103408080 -710434961
1795230 -5133061
-121686495 -99758475
87061665 -596973351
3827487 -19239099
8687232 -52970929
63028017 -430154119
7450206 -44384645
57991554 -395195677
92009769 -631318487
45532935 -308719531
101022387 -693875699
135570756 -933678345
120284649 -827576407
-630169318 -514810989
20173902 -132700709
-888498212 -725673681
94660539 -649717667
-607279416 -496126953
26977545 -179925271
107384235 -738033731
522907699 553712183
112420698 -772992173
108179466 -743553485
48537141 -329571935
123023778 -846588893
134510448 -926318673
-752793793 -614904039
-492829906 -402706773
53661963 -365143683
-935913009 -764376327
554500123 587135111
49950885 -339384831
99166848 -680996273
-447050102 -365338701
133185063 -917119083
13458618 -86089453
-832908450 -680298165
105263619 -723314387
-102066579 -83743587
37492266 -252908685
81583407 -558948379
657175501 695759627
3032256 -13719345
10631130 -66463661
68152839 -465725867
64817551 69079727
21145851 -139447075
34841496 -234509505
239892234 254298453
10454412 -65237049
123288855 -848428811
87768537 -601879799
-522259780 -426729105
88917204 -609852777
486049871 514718767
-981692813 -801744399
-870513289 -710993367
52424937 -356557399
35018214 -235736117
76812021 -525829855
48006987 -325892099
118164033 -812857063
-736443863 -601558299
-731538884 -597554577
10542771 -65850355
-386555361 -315959463
-914658100 -747026865
97576386 -669956765
50304321 -341838055
-991502771 -809751843
67450253 71864971
50481039 -343064667
109769928 -754592993
65678787 -448553299
13546977 -86702759
80081304 -548522177
75486636 -516630265
113481006 -780351845
22694319 24515823
-169101292 -138461121
2060307 -6972979
-156021348 -127784529
27861135 -186058331
122405265 -842295751
740105614 783494813
-612184395 -500130675
85117767 -583480619
47918628 -325278793
399170705 422805715
30865341 -206910735
-769143723 -628249779
488682573 517504011
-849258380 -693643905
34311342 -230829669
67269249 -459592807
134422089 -925705367
65236992 -445486769
99785361 -685289415
31837290 -213657101
729574806 772353837
-219786075 -179832915
135482397 -933065039
129032190 -888293701
-115146523 -94420179
136189269 -937971487
97311309 -668116847
439977586 465976997
90330948 -619665673
103319721 -709821655
68682993 -469405703
22294518 -147420053
-106971558 -87747309
-448685095 -366673275
92186487 -632545099
57638118 -392742453
9530809 10589603
-986597792 -805748121
38375856 -259041745
114894750 -790164741
25652160 -170725681
112774134 -775445397
21676005 -143126911
-103701572 -85078161
-288455781 -235885023
-746253821 -609565743
21941082 -144966829
-263930886 -215866413
736156561 779316947
15402516 -99582185
-499369878 -408045069
88563768 -607399553
88652127 -608012859
143798611 152637047
14518926 -93449125
88387050 -606172941
436028533 461799131
139105116 -958210585
52778373 -359010623
76900380 -526443161
106765722 -733740589
12928464 -82409617
11956515 -75663251
119224341 -820216735
96427719 -661983787
80964894 -554655237
116838648 -803657473
55075707 -374956579
230677777 244550099
106323927 -730674059
96516078 -662597093
60200529 -410528327
791443303 837807071
16112564 17552713
-545149682 -445413141
85206126 -584093925
82466997 -565081439
905965840 958965185
38817651 -262108275
-532069738 -434736549
89800794 -615985837
41123233 44012531
108709620 -747233321
101905977 -700008759
-881958240 -720335385
35901804 -241869177
345200314 365708213
61172478 -417274693
125674548 -864988073
-638344283 -521483859
225412373 238979611
-944087974 -771049197
25387083 -168885763
55782579 -379863027
353098420 374063945
23973339 -159072867
70008378 -478605293
97046232 -666276929
199085353 211127171
332036804 351781993
34929855 -235122811
125369697 133140339
309658837 328107419
52513296 -357170705
829617482 878193109
46946679 -318532427
118870905 -817763511
31218777 -209363959
-293360760 -239888745
-257390914 -210528117
63646530 -434447261
-304805711 -249230763
-533704731 -436071123
102991730 109465765
14430567 -92835819
99697002 -684676109
136365987 -939198099
-409445263 -334643499
274117360 290506625
69566583 -475538763
929660158 984032381
83615664 -573054417
112243980 -771765561
586092547 620558039
-314615669 -257238207
33957906 -228376445
4887795 -26598771
-903213149 -737684847
300444380 318359065
-332600592 -271918521
-355490494 -290602557
77253816 -528896385
144229938 -993782333
-592564479 -484115787
16197747 -105101939
114838889 121999363
-590929486 -482781213
-188721208 -154476009
112950852 -776672009
-713553961 -582874263
83880741 -574894335
104114952 -715341409
50215962 -341224749
4265405 5019115
90419307 -620278979
-790398632 -645599241
127265010 -876027581
382058142 404701629
138751680 -955757361
3297333 -15559263
482100818 510540901
139546911 -961277115
212248863 225053391
1632703 2233871
30776982 -206297429
-445415109 -364004127
70891968 -484738353
101110746 -694489005
421548672 446480289
96692796 -663823705
41026626 -277440925
25122006 -167045845
49067295 -333251771
-175641264 -143799417
-795303611 -649602963
142462758 -981516213
51541347 -350424339
58168272 -396422289
66827454 -456526277
-684124087 -558851931
705880488 747286641
88121973 -604333023
119401059 -821443347
25828878 -171952293
103938234 -714114797
788810601 835021827
-772413709 -630918927
3562410 -17399181
73100943 -500071003
-721728926 -589547133
37403907 -252295379
87150024 -597586657
18318363 -119821283
262270201 277973027
118340751 -814083675
-715188954 -584208837
22117800 -146193441
30246828 -202617593
397854354 421413093
307026135 325322175
84322536 -577960865
3650769 -18012487
56136015 -382316251
-404540284 -330639777
297811678 315573821
46239807 -313625979
621634024 658158833
511060540 541178585
129297267 -890133619
86619870 -593906821
-906483135 -740353995
23266467 -154166419
-108606551 -89081883
-742983835 -606896595
13812054 -88542677
107295876 -737420425
60642324 -413594857
66739095 -455912971
80346381 -550362095
2148666 -7586285
-618724367 -505468971
85029408 -582867313
107119158 -736193813
132831627 -914665859
-653059220 -533495025
14960721 -96515655
24503493 -162752703
-471574997 -385357311
125144394 -861308237
866475310 917186525
45002781 -305039695
432079480 457621265
451824745 478510595
118429110 -814696981
92451564 -634385017
79020996 -541162505
52336578 -355944093
38906010 -262721581
17428915 18945335
909914893 963143051
62939658 -429540813
-12141964 -10342017
-595834465 -486784935
110653518 -760726053
132036396 -909146105
-38301852 -31695201
37050471 -249842155
45444576 -308106225
732207508 775139081
63558171 -433833955
67357608 -460206113
142374399 -980902907
131329524 -904239657
-808383555 -660279555
10012617 -62170519
188554545 199986195
21377968 23123201
138221526 -952077525
39347805 -265788111
-666139164 -544171617
117633879 -809177227
-628534325 -513476415
132213114 -910372717
109151415 -750299851
11691438 -73823333
285964519 303040223
77342175 -529509691
119047623 -818990123
-7236985 -6338295
104026593 -714728103
127088292 -874800969
146431313 155422291
41114985 -278054231
74956482 -512950429
-39936845 -33029775
-787128646 -642930093
-296630746 -242557893
48625500 -330185241
94925616 -651557585
110889836 117821497
-196896173 -161148879
114276237 -785871599
168809280 179096865
794076005 840592315
-989867778 -808417269
35990163 -242482483
497897030 527252365
-831273457 -678963591
418915970 443695045
68506275 -468179091
143876502 -991329109
447875692 474332729
-458495053 -374680719
11514720 -72596721
56919445 60723995
110123364 -757046217
579510792 613594929
156962121 166563267
787494250 833629205
111006954 -763179277
-963707890 -787064085
69478224 -474925457
124349163 -855788483
180656439 191630463
116927007 -804270779
52601655 -357784011
220146969 233409123
153013068 162385401
136277628 -938584793
140695578 -969250093
-916293093 -748361439
137337936 -945944465
75133200 -514177041
36962112 -249228849
-620359360 -506803545
634797534 672085053
66208941 -452233135
54545553 -371276743
120726444 -830642937
84562816 89969057
44826063 -303813083
-589294493 -481446639
19732107 -129634179
42440370 -287253821
-837813429 -684301887
143788143 -990715803
-345680536 -282595113
30600264 -205070817
130799370 -900559821
-633439304 -517480137
637430236 674870297
650593746 688796517
142816194 -983969437
709829541 751464507
110918595 -762565971
81406689 -557721767
78402483 -536869363
-281915809 -230546727
-635074297 -518814711
36697035 -247388931
-59556761 -49044663
-371840424 -303948297
928343807 982639759
453141096 479903217
15137439 -97742267
84499254 -579187477
31908776 34264177
854628151 904652927
-478114969 -390695607
-564769598 -461428029
129915780 -894426761
584776196 619165417
53838681 -366370295
111802185 -768699031
69124788 -472472233
-443780116 -362669553
387323546 410272117
18495081 -121047895
-540244703 -441409419
333353155 353174615
3739128 -18625793
-983327806 -803078973
144936810 -998688781
59140221 -403168655
105970491 -728220835
-368570438 -301279149
-973517848 -795071529
90154230 -618439061
-141306411 -115773363
121344957 -834936079
99431925 -682836191
-88986635 -73066995
640062938 677655541
-277010830 -226543005
102082695 -701235371
77960688 -533802833
68417916 -467565785
492631626 521681877
101729259 -698782147
15755952 -102035409
913863946 967320917
109504851 -752753075
78490842 -537482669
121963470 -839229221
43323960 -293386881
324138698 343426261
28037853 -187284943
140165424 -965570257
29716674 -198937757
108091107 -742940179
136454346 -939811405
-326060620 -266580225
189870896 201378817
72128994 -493324637
-586024507 -478777491
50834475 -345517891
853311800 903260305
40673190 -274987701
135394038 -932451733
288597221 305825467
118959264 -818376817
139370193 -960050503
869108012 919971769
628215779 665121943
5948103 -33958443
-777318688 -634922649
47211756 -320372345
107649312 -739873649
31042059 -208137347
-648154241 -529491303
-340775557 -278591391
86443152 -592680209
683502521 723612067
193819949 205556683
671655362 711078469
374160036 396345897
181972790 193023085
463671904 491044193
2502102 -10039509
15932670 -103262021
91391256 -627025345
55252425 -376183191
6301539 -36411667
196452651 208341927
54987348 -374343273
136631064 -941038017
140430501 -967410175
117471591 124784607
25917237 -172565599
142727835 -983356131
-775683695 -633588075
12044874 -76276557
-335870578 -274587669
34046265 -228989751
472886361 500792547
108002748 -742326873
823035727 871229999
267535605 283543515
18760158 -122887813
9482463 -58490683
499213381 528644987
892802330 945038965
82820433 -567534663
126116343 -868054603
776963442 822488229
-69366719 -57052107
-994772757 -812420991
23884980 -158459561
-49746803 -41037219
16021029 -103875327
902016787 954787319
11868156 -75049945
11426361 -71983415
108257134 115036253
39082728 -263948193
726942104 769568593
103584798 -711661573
842780992 892119329
81053253 -555268543
-5601992 -5003721
941507317 996565979
795392356 841984937
86266434 -591453597
476835414 504970413
47565192 -322825569
72217353 -493937943
61437555 -419114611
891485979 943646343
-845988394 -690974757
12221592 -77503169
75348359 80220703
48183705 -327118711
113922801 -783418375
257004797 272402539
-411080256 -335978073
37580625 -253521991
91744692 -629478569
34753137 -233896199
116308494 -799977637
70082955 74650215
29186520 -195257921
767748985 812739875
733523859 776531703
55429143 -377409803
23001390 -152326501
42970524 -290933657
122140188 -840455833
855944502 906045549
143523066 -988875885
-868878296 -709658793
35857829 38442043
-100431586 -82409013
-453590074 -370676997
132566550 -912825941
-41571838 -34364349
34576419 -232669587
63911607 -436287179
848046396 897689817
10896207 -68303579
57373041 -390902535
-2316350 -1943995
44472627 -301359859
-724998912 -592216281
44737704 -303199777
64088325 -437513791
-337505571 -275922243
41733498 -282347373
-875418268 -714997089
60995760 -416048081
-931008030 -760372605
142286040 -980289601
59670375 -406848491
77430534 -530122997
149064015 158207535
108974697 -749073239
127618446 -878480805
890169628 942253721
-615454381 -502799823
-971882855 -793736955
426814076 452050777
47741910 -324052181
100492233 -690195863
41821857 -282960679
-726633905 -593550855
761167230 805776765
135040602 -929998509
-929373037 -759038031
388639897 411664739
-64461740 -53048385
646644693 684618651
97726326 103895277
87326742 -598813269
-890133205 -727008255
592674302 627521149
56842887 -387222699
63204735 -431380731
-291725767 -238554171
-716823947 -585543411
396538003 420020471
91037820 -624572121
-195261180 -159814305
85294485 -584707231
12163511 13374847
403119758 426983581
920445701 974284027
115955058 -797524413
-705378996 -576201393
25475442 -169499069
11338002 -71370109
93511872 -641744689
-35031866 -29026053
87415101 -599426575
141490809 -974769847
-262295893 -214531839
206983459 219482903
-863973317 -705655071
129208908 -889520313
-165831306 -135791973
838831939 887941463
14695644 -94675737
505795136 535608097
31572213 -211817183
109858287 -755206299
-146211390 -119777085
467620957 495222059
21499287 -141900299
93335154 -640518077
58235796 62116617
61790991 -421567835
119931213 -825123183
663757256 702722737
2413743 -9426203
101994336 -700622065
15579234 -100808797
500529732 530037609
784861548 830843961
-558229626 -456089733
143169630 -986422661
-813288534 -664283277
904649489 957572563
754585475 798813655
106854081 -734353895
86089716 -590226985
470253659 498007303
9659181 -59717295
-621994353 -508138119
-661234185 -540167895
112862493 -776058703
56754528 -386609393
85647921 -587160455
92716641 -636224935
93688590 -642971301
357047473 378241811
-481384955 -393364755
22206159 -146806747
131771319 -907306187
930976509 985425003
-829638464 -677629017
537387560 569031025
54898989 -373729967
-419255221 -342650943
54368835 -370050131
69654942 -476152069
84410895 -578574171
54286743 57938751
-767508730 -626915205
70715250 -483511741
88511869 94146923
513693242 543963829
131951452 140103449
30688623 -205684123
91656333 -628865263
210932512 223660769
117368802 -807337309
-67731726 -55717533
19555389 -128407567
-177276257 -145133991
70980327 -485351659
339934910 360137725
93246795 -639904771
137072859 -944104547
39171087 -264561499
52690014 -358397317
1265076 -1453225
662440905 701330115
117987315 -811630451
-479749962 -392030181
-375110410 -306617445
125586189 -864374767
17876568 -116754753
41998575 -284187291
104821824 -720247857
137691372 -948397689
14784003 -95289043
59847093 -408075103
545285666 577386757
-975152841 -796406103
-756063779 -617573187
-671044143 -548175339
41910216 -283573985
553183772 585742489
77872329 -533189527
37668984 -254135297
89624076 -614759225
40143036 -271307865
16816260 -109395081
22736313 -150486583
130269216 -896879985
-224691054 -183836637
691400627 731967799
23619903 -156619643
-237770998 -194513229
101552541 -697555535
-124956481 -102427623
41291703 -279280843
720360349 762605483
-782223667 -638926371
138928398 -956983973
912547595 965928295
45709653 -309946143
117898956 -811017145
722993051 765390727
-198531166 -162483453
24591852 -163366009
201718055 213912415
-644884255 -526822155
128325318 -883387253
10719489 -67076967
97399668 -668730153
-301535725 -246561615
-535339724 -437405697
807239515 854518535
-128226467 -105096771
-610549402 -498796101
287280870 304432845
-803478576 -656275833
34541478 37049421
76105149 -520923407
-955532925 -780391215
135924192 -936131569
844097343 893511951
607154163 642839991
127353369 -876640887
-801843583 -654941259
137514654 -947171077
-208341124 -170490897
126734856 -872347745
115513263 -794457883
214881565 227838635
255688446 271009917
-957167918 -781725789
16462824 -106941857
50039244 -339998137
16109388 -104488633
106500645 -731900671
738789263 782102191
-134766439 -110435067
114541314 -787711517
358363824 379634433
111713826 -768085725
51718065 -351650951
-384920368 -314624889
88475409 -606786247
23089749 -152939807
-216516089 -177163767
82113561 -562628215
308342486 326714797
33339393 -224083303
334669506 354567237
125056035 -860694931
116485212 -801204249
56666169 -385996087
304393433 322536931
136984500 -943491241
106235568 -730060753
129650703 -892586843
367578281 389382787
425497725 450658155
-223056061 -182502063
127706805 -879094111
75221559 -514790347
1176717 -839919
121698393 -837389303
700615084 741716153
53131809 -361463847
450508394 477117973
883587873 935290611
20880774 -137607157
102347772 -703075289
291229923 308610711
317556943 336463151
79904586 -547295565
113127570 -777898621
237259532 251513209
310975188 329500041
143964861 -991942415
70273455 -480445211
54192117 -368823519
5771385 -32731831
64971915 -443646851
75398277 -516016959
919129350 972891405
71422122 -488418189
-697204031 -569528523
142992912 -985196049
102877926 -706755125
-442145123 -361334979
9394104 -57877377
36255240 -244322401
98901771 -679156355
125409471 -863148155
64353402 -439353709
57107964 -389062617
-669409150 -546840765
-136401432 -111769641
351782069 372671323
96162642 -660143869
33516111 -225309915
126293061 -869281215
122228547 -841069139
15225798 -98355573
-378380396 -309286593
649277395 687403895
765116283 809954631
22647954 -149873277
81848484 -560788297
-193626187 -158479731
41556780 -281120761
8245437 -49904399
462355553 489651571
138840039 -956370667
119754495 -823896571
536071209 567638403
234626830 248727965
44030832 -298293329
28302930 -189124861
33162675 -222856691
124614240 -857628401
136807782 -942264629
-380015389 -310621167
89447358 -613532613
-255755921 -209193543
123553932 -850268729
613735918 649803101
123819009 -852108647
96251001 -660757175
9217386 -56650765
1088358 -226613
-268835865 -219870135
-469940004 -384022737
-273740844 -223873857
108621261 -746620015
43942473 -297680023
449192043 475725351
51806424 -352264257
86973306 -596360045
120903162 -831869549
-917928086 -749696013
135217320 -931225121
12309951 -78116475
378109089 400523763
129827421 -893813455
-939182995 -767045475
279382764 296077113
-839448422 -685636461
48095346 -326505405
85559562 -586547149
97664745 -670570071
-667774157 -545506191
64618479 -441193627
779596144 825273473
549234719 581564623
26624109 -177472047
565030931 598276087
483417169 511933523
-723363919 -590881707
270168307 286328759
521591348 552319561
140077065 -964956951
133980294 -922638837
65060274 -444260157
106147209 -729447447
-185451222 -151806861
478151765 506363035
-18681936 -15680313
-818193513 -668286999
51452988 -349811033
-577849542 -472104621
36343599 -244935707
725625753 768175971
-80811670 -66394125
66474018 -454073053
45621294 -309332837
135835833 -935518263
10984566 -68916885
25327021 27301067
-151116369 -123780807
828301131 876800487
11779797 -74436639
-695569038 -568193949
-111876537 -91751031
41380062 -279894149
58521708 -398875513
578194441 612202307
45886371 -311172755
27949494 -186671637
30592425 32871555
-20316929 -17014887
-299900732 -245227041
874373416 925542257
938874615 993780735
36785394 -248002237
80258022 -549748789
-451955081 -369342423
16374465 -106328551
-31761880 -26356905
139281834 -959437197
166176578 176311621
773014389 818310363
-556594633 -454755159
68594634 -468792397
-749523807 -612234891
-272105851 -222539283
14607285 -94062431
73631097 -503750839
109593210 -753366381
316240592 335070529
-239405991 -195847803
71687199 -490258107
654542799 692974383
64706838 -441806933
774330740 819702985
89182281 -611692695
73454379 -502524227
-996407750 -813755565
59935452 -408688409
-760968758 -621576909
14872362 -95902349
22029441 -145580135
-659599192 -538833321
33869547 -227763139
528173103 559282671
75309918 -515403653
63469812 -433220649
99520284 -683449497
16904619 -110008387
170125631 180489487
811188568 858696401
608470514 644232613
675604415 715256335
36431958 -245549013
60553965 -412981551
-976787834 -797740677
67622685 -462046031
75928431 -519696795
93953667 -644811219
13988772 -89769289
105351978 -723927693
8952309 -54810847
71952276 -492098025
845413694 894904573
97929822 -672409989
109946646 -755819605
-852528366 -696313053
428130427 453443399
695349680 736145665
84852690 -581640701
112597416 -774218785
134687166 -927545285
19201953 -125954343
538703911 570423647
17611491 -114914835
570296335 603846575
67180890 -458979501
882271522 933897989
-599104451 -489454083
271484658 287721381
126911574 -873574357
137868090 -949624301
857260853 907438171
83085510 -569374581
51654041 55153507
6743334 -39478197
72040635 -492711331
131241165 -903626351
409701513 433946691
617684971 653980967
34488060 -232056281
493947977 523074499
96781155 -664437011
-234501012 -191844081
466304606 493829437
35371650 -238189341
372843685 394953275
-312980676 -255903633
58256631 -397035595
13105182 -83636229
-275375837 -225208431
60868498 64901861
801974111 848948047
625583077 662336699
-810018548 -661614129
39259446 -265174805
205667108 218090281
824352078 872622621
47300115 -320985651
91833051 -630091875
364945579 386597543
154329419 163778023
88210332 -604946329
122847060 -845362281
-360395473 -294606279
-966977876 -789733233
-613819388 -501465249
122736995 130355095
9747540 -60330601
38490531 41227287
-401270298 -327970629
341251261 361530347
-120051502 -98423901
-677584115 -553513635
329404102 348996749
45072286 48190397
832250184 880978353
3474051 -16785875
771698038 816917741
690084276 730575177
35813445 -241255871
126381420 -869894521
-656329206 -536164173
-496099892 -405375921
-836178436 -682967313
111537108 -766859113
-520624787 -425394531
88740486 -608626165
678237117 718041579
104910183 -720861163
43412319 -294000187
128767113 -886453783
85471203 -585933843
46328166 -314239285
808555866 855911157
508427838 538393341
35725086 -240642565
282015466 298862357
6478257 -37638279
32455803 -217950243
-518989794 -424059957
62497863 -426474283
-424160200 -346654665
-358760480 -293271705
2325384 -8812897
-154386355 -126449955
78932637 -540549199
14253849 -91609207
-162561320 -133122825
243841287 258476319
-365300452 -298610001
76664710 81613325
69301506 -473698845
-147846383 -121111659
742738316 786280057
96604437 -663210399
143699784 -990102497
216197916 229231257
92098128 -631931793
489998924 518896633
-548419668 -448082289
94218744 -646651137
-157656341 -129119103
-672679136 -549509913
99873720 -685902721
22913031 -151713195
117545520 -808563921
-283550802 -231881301
37174180 39834665
775647091 821095607
132124755 -909759411
151696717 160992779
630848481 667907187
301760731 319751687
51187911 -347971115
56931246 -387836005
942823668 997958601
-898308170 -733681125
103231362 -709208349
879638820 931112745
112332339 -772378867
-924468058 -755034309
37757343 -254748603
6654975 -38864891
259637499 275187783
46858320 -317919121
117015366 -804884085
85736280 -587773761
138574962 -954530749
-757698772 -618907761
83438946 -571827805
138486603 -953917443
32014008 -214883713
770381687 815525119
719043998 761212861
13281900 -84862841
349149367 369886079
-74271698 -61055829
131682960 -906692881
133267803 141496071
178023737 188845219
111272031 -765019195
99608643 -684062803
120461367 -828803019
405752460 429768825
715094945 757034995
102171054 -701848677
-860703331 -702985923
89712435 -615372531
133450140 -918959001
-525529766 -429398253
588725249 623343283
753269124 797421033
296495327 314181199
24010670 25908445
246473989 261261563
20792415 -136993851
47388474 -321598957
19290312 -126567649
641379289 679048163
-857433345 -700316775
780912495 826666095
28479648 -190351473
98990130 -679769661
113746083 -782191763
131064447 -902399739
-226326047 -185171211
132389832 -911599329
65590428 -447939993
73807815 -504977451
54810630 -373116661
590041600 624735905
412334215 436731935
-167466299 -137126547
701931435 743108775
26712468 -178085353
841464641 890726707
5581756 6411737
74072892 -506817369
-118416509 -97089327
141667527 -975996459
-116781516 -95754753
61260837 -417887999
26643372 28693689
574245388 608024441
29539956 -197711145
75044841 -513563735
10100976 -62783825
63293094 -431994037
33781188 -227149833
10847160 11982225
12663387 -80569699
-450320088 -368007849
80613763 85791191
140872296 -970476705
42352011 -286640515
-793668618 -648268389
129120549 -888907007
43058883 -291546963
55517502 -378023109
26889186 -179311965
110300082 -758272829
32720880 -219790161
67799403 -463272643
934925562 989602869
63381453 -432607343
62409504 -425860977
-984962799 -804413547
15844311 -102648715
11249643 -70756803
-399635305 -326636055
-780588674 -637591797
-574579556 -469435473
60819042 -414821469
140342142 -966796869
27330981 -182378495
459722851 486866327
21234210 -140060381
899384085 952002075
4092564 -21079017
46063089 -312399367
314924241 333677907
76016790 -520310101
-247580956 -202520673
-82446663 -67728699
84941049 -582254007
95013975 -652170891
4446000 -23532241
64265043 -438740403
-422525207 -345320091
171441982 181882109
73012584 -499457697
46388637 49583019
83792382 -574281029
81930114 87183813
78755919 -539322587
-56286775 -46375515
464988255 492436815
-734808870 -600223725
-693934045 -566859375
36608676 -246775625
115071468 -791391353
128502036 -884613865
94042026 -645424525
422865023 447872911
-260660900 -213197265
-541879696 -442743993
114452955 -787098211
155645770 165170645
217514267 230623879
599256057 634484259
26359032 -175632129
264902903 280758271
76370226 -522763325
18141645 -118594671
-466670018 -381353589
620317673 656766211
8598873 -52357623
-927738044 -757703457
35283291 -237576035
-805113569 -657610407
-236136005 -193178655
-855798352 -698982201
346516665 367100835
50657757 -344291279
94307103 -647264443
295178976 312788577
38110779 -257201827
8068719 -48677787
91144571 96932167
44560986 -301973165
-651424227 -532160451
-270470858 -221204709
458406500 485473705
-527164759 -430732827
-463400032 -378684441
51629706 -351037645
-286820788 -234550449
130180857 -896266679
-97161600 -79739865
-206706131 -169156323
260953850 276580405
58786785 -400715431
68329557 -466952479
226728724 240372233
-468305011 -382688163
38729292 -261494969
10807848 -67690273
769065336 814132497
-15411950 -13011165
76458585 -523376631
266219254 282150893
597939706 633091637
-357125487 -291937131
815137621 862874267
534754858 566245781
86354793 -592066903
-738078856 -602892873
74032008 78828081
108444543 -745393403
-842718408 -688305609
102259413 -702461983
102966285 -707368431
126027984 -867441297
71068686 -485964965
36078522 -243095789
82997151 -568761275
11603079 -73210027
-437240144 -357331257
748003720 791850545
-2332006 -2334573
596623355 631699015
366261930 387990165
109416492 -752139769
139723629 -962503727
96409975 102502655
100050438 -687129333
-25221908 -21018609
-744618828 -608231169
162227525 172133755
4711077 -25372159
28391289 -189738167
89828220 95539545
-854163359 -697647627
933609211 988210247
123907368 -852721953
25298724 -168272457
75751713 -518470183
737472912 780709569
-353855501 -289267983
-348950522 -285264261
-878688254 -717666237
-187086215 -153141435
105440337 -724540999
653226448 691581761
433395831 459013887
-942452981 -769714623
24150057 -160299479
-363665459 -297275427
90242589 -619052367
74161251 -507430675
135659115 -934291651
330720453 350389371
-880323247 -719000811
434712182 460406509
-347315529 -283929687
74691405 -511110511
834882886 883763597
46593243 -316079203
78667560 -538709281
-133131446 -109100493
54633912 -371890049
407068811 431161447
13479862 14767469
2943897 -13106039
-733173877 -598889151
-61191754 -50379237
16286106 -105715245
49244013 -334478383
175391035 186059975
159594823 169348511
111095313 -763792583
48802218 -331411853
147747664 156814913
355731122 376849189
94130385 -646037831
593990653 628913771
88828845 -609239471
24768570 -164592621
-608914409 -497461527
91126179 -625185427
821719376 869837377
92628282 -635611629
133626858 -920185613
18583440 -121661201
-352220508 -287933409
-641614269 -524153007
19643748 -129020873
67711044 -462659337
87503460 -600039881
122581983 -843522363
80699817 -552815319
468937308 496614681
77077098 -527669773
119312700 -820830041
111183672 -764405889
62144427 -424021059
150380366 159600157
92893359 -637451547
-566404591 -462762603
293862625 311395955
-597469458 -488119509
121168239 -833709467
95190693 -653397503
809872217 857303779
4180923 -21692323
71157045 -486578271
52159860 -354717481
93423513 -641131383
245157638 259868941
124790958 -858855013
127883523 -880320723
-708648982 -578870541
123642291 -850882035
36166881 -243709095
76988739 -527056467
711145892 752857129
41468421 -280507455
404436109 428376203
3385692 -16172569
100138797 -687742639
283331817 300254979
8422155 -51131011
21322569 -140673687
138133167 -951464219
30511905 -204457511
45798012 -310559449
105882132 -727607529
251739393 266832051
144053220 -992555721
109681569 -753979687
82290279 -563854827
-587659500 -480112065
-517354801 -422725383
125321112 -862534849
87945255 -603106411
391272599 414449983
38994369 -263334887
22559595 -149259971
115866699 -796911107
47123397 -319759039
-679219108 -554848209
62232786 -424634365
82201920 -563241521
118787942 126177229
911231244 964535673
43755935 46797775
35460009 -238802647
5152872 -28438689
142482260 151244425
71245404 -487191577
30423546 -203844205
-317885655 -259907355
36520317 -246162319
67534326 -461432725
109063056 -749686545
661124554 699937493
-700474017 -572197671
507111487 537000719
-792033625 -646933815
39877959 -269467947
163543876 173526377
249106691 264046807
-806748562 -658944981
921762052 975676649
95720847 -657077339
-427430186 -349323813
587408898 621950661
40319754 -272534477
24945288 -165819233
125497830 -863761461
76281867 -522150019
48360423 -328345323
778279793 823880851
-487924927 -398703051
-778953681 -636257223
-183816229 -150472287
-309710690 -253234485
42175293 -285413903
32985957 -221630079
-675949122 -552179061
64795197 -442420239
197769002 209734549
42086934 -284800597
-948992953 -775052919
495264328 524467121
445242990 471547485
132743268 -914052553
130976088 -901786433
5064513 -27825383
78225765 -535642751
25563801 -170112375
115689981 -795684495
51276270 -348584421
50127603 -340611443
59228580 -403781961
-152751362 -125115381
49509090 -336318301
2949054 3626493
25033647 -166432539
-433970158 -354662109
53043450 -360850541
27684417 -184831719
15314157 -98968879
-164196313 -134457399
128678754 -885840477
-98796593 -81074439
703247786 744501397
58610067 -399488819
107207517 -736807119
91921410 -630705181
117192084 -806110697
13016823 -83022923
79551150 -544842341
71863917 -491484719
101287464 -695715617
134598807 -926931979
7626924 -45611257
8775591 -53584235
-639979276 -522818433
591357951 626128527
92539923 -634998323
-250850942 -205189821
23531544 -156006337
33692829 -226536527
44295909 -300133247
70361814 -481058517
-550054661 -449416863
20350620 -133927321
140960655 -971090011
101817618 -699395453
6566616 -38251585
4004205 -20465711
7008411 -41318115
75663354 -517856877
26270673 -175018823
-460130046 -376015293
164860227 174918999
126999933 -874187663
-483019948 -394699329
-214881096 -175829193
55603094 59331373
557132825 589920355
-828003471 -676294443
131948037 -908532799
10366053 -64623743
29893392 -200164369
90507666 -620892285
750636422 794635789
54722271 -372503355
3915846 -19852405
576878090 610809685
18406722 -120434589
116396853 -800590943
118782546 -817150205
79297412 84398569
-847623387 -692309331
363629228 385204921
96957873 -665663623
209616161 222268147
-718458940 -586877985
-819828506 -669621573
58875144 -401328737
18671799 -122274507
-741348842 -605562021
408385162 432554069
-113511530 -93085605
57019605 -388449311
420232321 445087667
110388441 -758886135
58079913 -395808983
125762907 -865601379
-174006271 -142464843
134245371 -924478755
555816474 588527733
136896141 -942877935
-707013989 -577535967
-764238744 -624246057
14796213 16160091
140518860 -968023481
124525881 -857015095
-568039584 -464097177
692716978 733360421
87856896 -602493105
4534359 -24145547
113039211 -777285315
359680175 381027055
96869514 -665050317
144406656 -995008945
39966318 -270081253
-728268898 -594885429
52248219 -355330787
22824672 -151099889
116131776 -798751025
52866732 -359623929
632164832 669299809
708513190 750071885
45179499 -306266307
-664504171 -542837043
805923164 853125913
-584389514 -477442917
263586552 279365649
48890577 -332025159
51983142 -353490869
-201801152 -165152601
-978422827 -799075251
567663633 601061331
603205110 638662125
39436164 -266401417
-636709290 -520149285
117810597 -810403839
-321155641 -262576503
130092498 -895653373
-440510130 -360000405
-702109010 -573532245
566347282 599668709
79639509 -545455647
129739062 -893200149
446559341 472940107
276750062 293291869
-484654941 -396033903
84145818 -576734253
619001322 655373589
-159291334 -130453677
51011193 -346744503
29009802 -194031309
106412286 -731287365
103143003 -708595043
34222983 -230216363
-553324647 -452086011
326771400 346211505
53308527 -362690459
74514687 -509883899
-993137764 -811086417
62056068 -423407753
411017864 435339313
-245945963 -201186099
241208585 255691075
-940817988 -768380049
-821463499 -670956147
-8871978 -7672869
512376891 542571207
694033329 734753043
85912998 -589000373
-252485935 -206524395
109573485 116428875
651910097 690189139
138044808 -950850913
133096704 -916505777
582143494 616380173
20262261 -133314015
518958646 549534317
63116376 -430767425
123995727 -853335259
67092531 -458366195
66297300 -452846441
-425795193 -347989239
840148290 889334085
24326775 -161526091
-711918968 -581539689
43147242 -292160269
7273488 -43158033
547918368 580172001
141049014 -971703317
63734889 -435060567
137779731 -949010995
49021339 52368263
39612882 -267628029
101199105 -695102311
92460922 98324789
865158959 915793903
187238194 198593573
400487056 424198337
898067734 950609453
129562344 -891973537
2767179 -11879427
62586222 -427087589
72747507 -497617779
37138830 -250455461
81318330 -557108461
7538565 -44997951
429446778 454836021
204350757 216697659
-751158800 -613569465
81495048 -558335073
-867243303 -708324219
31483854 -211203877
95279052 -654010809
136719423 -941651323
86884947 -595746739
96339360 -661370481
34399701 -231442975
515009593 545356451
37315548 -251682073
34134624 -229603057
72715657 77435459
-402905291 -329305203
33604470 -225923221
116043417 -798137719
127795164 -879707417
8510514 -51744317
120814803 -831256243
-950627946 -776387493
-922833065 -753699735
23708262 -157232949
-285185795 -233215875
102436131 -703688595
105624432 112251009
-17046943 -14345739
58344990 -397648901
44384268 -300746553
316352 841249
71333763 -487804883
84234177 -577347559
73277661 -501297615
915180297 968713539
97134591 -666890235
707196839 748679263
47653551 -323438875
17699850 -115528141
509744189 539785963
254372095 269617295
126204702 -868667909
95093624 101110033
320189645 339248395
65413710 -446713381
115778340 -796297801
99078489 -680382967
114806391 -789551435
2678820 -11266121
-800208590 -653606685
141225732 -972929929
763799932 808562009
755901826 800206277
615052269 651195723
746687369 790457923
80523099 -551588707
550551070 582957245
-178911250 -146468565
55164066 -375569885
884904224 936683233
-497734885 -406710495
-926103051 -756368883
-229596033 -187840359
272801009 289114003
11072925 -69530191
102789567 -706141819
142020963 -978449683
79816227 -546682259
119489418 -822056653
796708707 843377559
74603046 -510497205
2237025 -8199591
40054677 -270694559
98018181 -673023295
580827143 614987551
233310479 247335343
97488027 -669343459
137603013 -947784383
438661235 464584375
368894632 390775409
-844353401 -689640183
-788763639 -644264667
29274879 -195871227
18053286 -117981365
125851266 -866214685
64530120 -440580321
2590461 -10652815
13900413 -89155983
65943864 -450393217
98636694 -677316437
141314091 -973543235
12486669 -79343087
76193508 -521536713
142904553 -984582743
121256598 -834322773
102701208 -705528513
-242675977 -198516951
-945722967 -772383771
-327695613 -267914799
23796621 -157846255
101675379 108073143
321505996 340641017
-554959640 -453420585
-23586915 -19684035
-932643023 -761707179
22382877 -148033359
19025235 -124727731
127971882 -880934029
-244310970 -199851525
8157078 -49291093
-605644423 -494792379
253055744 268224673
-79176677 -65059551
98106540 -673636601
115424904 -793844577
880955171 932505367
133803576 -921412225
47830269 -324665487
62851299 -428927507
-330965599 -270583947
43677396 -295840105
42528729 -287867127
128236959 -882773947
250423042 265439429
132301473 -910986023
858577204 908830793
3120615 -14332651
40231395 -271921171
134952243 -929385203
126646497 -871734439
128413677 -884000559
749320071 793243167
136100910 -937358181
88298691 -605559635
144495015 -995622251
728258455 770961215
89535717 -614145919
89977512 -617212449
84587613 -579800783
-510814829 -417387087
130711011 -899946515
60023811 -409301715
83527305 -572441111
672971713 712471091
-865608310 -706989645
-960437904 -784394937
20438979 -134540627
29981751 -200777675
143346348 -987649273
44914422 -304426389
70626891 -482898435
95809206 -657690645
55870938 -380476333
93865308 -644197913
888024730 346697951
53396886 -363303765
19113594 -125341037
867791661 918579147
633481183 670692431
5506308 -30891913
84764331 -581027395
-504274857 -412048791
16727901 -108781775
-324425627 -265245651
517642295 548141695
-46476817 -38368071
103496439 -711048267
268851956 284936137
110565159 -760112747
118075674 -812243757
292546274 310003333
120019572 -825736489
782228846 828058717
84675972 -580414089
6389898 -37024973
107472594 -738647037
800657760 847555425
-908118128 -741688569
64176684 -438127097
135128961 -930611815
68241198 -466339173
-182181236 -149137713
679553468 719434201
-21951922 -18349461
-904848142 -739019421
15049080 -97128961
27154263 -181151883
-241040984 -197182377
850679098 900475061
32190726 -216110325
58433349 -398262207
57814836 -393969065
817770323 865659511
68771352 -470019009
26005596 -173178905
442610288 468762241
43765755 -296453411
76546944 -523989937
-643249262 -525487581
-514084815 -420056235
128943831 -887680395
104998542 -721474469
59051862 -402555349
73719456 -504364145
-502639864 -410714217
6920052 -40704809
680869819 720826823
107560953 -739260343
98725053 -677929743
121786752 -838002609
104308081 110858387
131152806 -903013045
-417620228 -341316369
143081271 -985809355
136012551 -936744875
9305745 -57264071
759850879 804384143
86796588 -595133433
21852723 -144353523
48978936 -332638465
142197681 -979676295
4799436 -25985465
90949461 -623958815
-366935445 -299944575
280699115 297469735
-600739444 -490788657
103673157 -712274879
139900347 -963730339
130622652 -899333209
63501200 67687105
-92256621 -75736143
-494464899 -404041347
-62826747 -51713811
-218151082 -178498341
-280280816 -229212153
-646519248 -528156729
28744725 -192191391
457090149 484081083
-919563079 -751030587
89889153 -616599143
417599619 442302423
49420731 -335704995
-536974717 -438740271
93600231 -642357995
83704023 -573667723
83969100 -575507641
325455049 344818883
-53016789 -43706367
17523132 -114301529
-886863219 -724339107
32809239 -220403467
92981718 -638064853
6831693 -40091503
-962072897 -785729511
-901578156 -736350273
-203436145 -166487175
160911174 170741133
62762940 -428314201
126823215 -872961051
91214538 -625798733
224096022 237586989
111890544 -769312337
128590395 -885227171
-798573597 -652272111
11161284 -70143497
87591819 -600653187
-308075697 -251899911
873057065 924149635
-834543443 -681632739
139016757 -957597279
999999 386693
-970247862 -792402381
70538532 -482285129
622950375 659551455
104468388 -717794633
816453972 864266889
-953897932 -779056641
-739713849 -604227447
29098161 -194644615
145025169 -999302087
33427752 -224696609
907282191 960357807
-692299052 -565524801
73366020 -501910921
108356184 -744780097
104203311 -715954715
100315515 -688969251
-604009430 -493457805
57196323 -389675923
63823248 -435673873
65855505 -449779911
137426295 -946557771
-473209990 -386691885
783545197 829451339
9040668 -55424153
131506242 -905466269
80611458 -552202013
-396365319 -323966907
-26856901 -22353183
878322469 929720123
94395462 -647877749
130445934 -898106597
70096737 -479218599
29363238 -196484533
126686048 134532961
5859744 -33345137
65148633 -444873463
122935419 -845975587
134584154 142888693
39701241 -268241335
45974730 -311786061
108267825 -744166791
605837812 641447369
60112170 -409915021
-36666859 -30360627
66133902 70472349
826984780 875407865
141165909 149851803
27507699 -183605107
-770778716 -629584353
583459845 617772795
100359028 106680521
-968612869 -791067807
655859150 694367005
20615697 -135767239
572929037 606631819
697982382 738930909
179340088 190237841
33074316 -222243385
115248186 -792617965
82025202 -562014909
343883963 364315591
141137373 -972316623
117457161 -807950615
44207550 -299519941
6213180 -35798361
122493624 -842909057
401803407 425590959
-221421068 -181167489
144671733 -996848863
77165457 -528283079
812504919 860089023
66650736 -455299665
100227156 -688355945
66385659 -453459747
142551117 -982129519
-278645823 -227877579
83350587 -571214499
-71001712 -58386681
-883593233 -721669959
46681602 -316692509
66032223 -451006523
-689029066 -562855653
79286073 -543002423
525540401 556497427
28126212 -187898249
98459976 -676089825
130004139 -895040067
101464182 -696942229
129473985 -891360231
66562377 -454686359
195136300 206949305
137249577 -945331159
114718032 -788938129
-747888814 -610900317
37845702 -255361909
6036462 -34571749
143611425 -989489191
-674314129 -550844487
123730650 -851495341
644011991 681833407
27242622 -181765189
799341409 846162803
682186170 722219445
312291539 330892663
142109322 -979062989
475519063 503577791
443926639 470154863
61967709 -422794447
741421965 784887435
185921843 197200951
71598840 -489644801
713778594 755642373
99343566 -682222885
-489559920 -400037625
139849558 148459181
7980360 -48064481
60288888 -411141633
658491852 697152249
863842608 914401281
81936843 -561401603
85382844 -585320537
757218177 801598899
530805805 562067915
72835866 -498231085
98283258 -674863213
529489454 560675293
20527338 -135153933
107826030 -741100261
95544129 -655850727
141844245 -977223071
57726477 -393355759
-538609710 -440074845
-873783275 -713662515
896751383 949216831
106589004 -732513977
792759654 839199693
4976154 -27212077
-370205431 -302613723
908598542 961750429
862526257 913008659
104380029 -717181327
305709784 323929553
56312733 -383542863
5594667 -31505219
22471236 -148646665
69920019 -477991987
546602017 578779379
35636727 -240029259
20061617 21730579
347833016 368493457
115336545 -793231271
503162434 532822853
762483581 807169387
19820466 -130247485
642695640 680440785
7096770 -41931421
38640933 -260881663
-87351642 -71732421
110476800 -759499441
721676700 763998105
31660572 -212430489
116661930 -802430861
395221652 418627849
139635270 -961890421
141755886 -976609765
-841083415 -686971035
-826368478 -674959869
104291670 -716568021
24680211 -163979315
93158436 -639291465
123377214 -849042117
32279085 -216723631
-654694213 -534829599
50337690 53760885
-350585515 -286598835
-998042743 -815090139
-10506971 -9007443
-530434745 -433401975
370210983 392168031
-811653541 -662948703
-131496453 -107765919
74337969 -508657287
-816558520 -666952425
803290462 850340669
4269282 -22305629
825668429 874015243
118694187 -816536899
-823098492 -672290721
-160926327 -131788251
118605828 -815923593
176707386 187452597
28833084 -192804697
102524490 -704301901
27065904 -180538577
-934278016 -763041753
95985924 -658917257
92274846 -633158405
61084119 -416661387
6124821 -35185055
-572944563 -468100899
-232866019 -190509507
55694220 -379249721
69743301 -476765375
184605492 195808329
40496472 -273761089
89270640 -612306001
122758701 -844748975
5241231 -29051995
520274997 550926939
-75906691 -62390403
143257989 -987035967
105793773 -726994223
120638085 -830029631
94837257 -650944279
121420644 128962473
1353435 -2066531
758534528 802991521
-388190354 -317294037
712462243 754249751
923078403 977069271
86001357 -589613679
504478785 534215475
16639542 -108168469
134333730 -925092061
474202712 502185169
18745266 20337957
558449176 591312977
132919986 -915279165
110035005 -756432911
-563134605 -460093455
46769961 -317305815
665073607 704115359
48448782 -328958629
688767925 729182555
47704988 50975641
139458552 -960663809
191187247 202771439
69831660 -477378681
145114962 154029669
386007195 408879495
77695611 -531962915
31748931 -213043795
-523894773 -428063679
927027456 981247137
105528696 -725154305
140607219 -968636787
110211723 -757659523
61614273 -420341223
49774167 -338158219
100580592 -690809169
624266726 660944077
7803642 -46837869
-512449822 -418721661
37227189 -251068767
218830618 232016501
55340784 -376796497
132478191 -912212635
-77541684 -63724977
131859678 -907919493
10189335 -63397131
4357641 -22918935
119577777 -822669959
-602374437 -492123231
57549759 -392129147
-697013 -999999
-329330606 -269249373
600572408 635876881
-362030466 -295940853
87195518 92754301
-515719808 -421390809
932292860 986817625
89093922 -611079389
-505909850 -413383365
78579201 -538095975
112685775 -774832091
43854114 -297066717
384690844 407486873
106942440 -734967201
46151448 -313012673
342567612 362922969
1618512 -3906449
745371018 789065301
74779764 -511723817
74249610 -508043981
85879167 91361679
-687394073 -561521079
43500678 -294613493
-947357960 -773718345
380741791 403309007
28214571 -188511555
9129027 -56037459
34664778 -233282893
-501004871 -409379643
192503598 204164061
38199138 -257815133
568979984 602453953
684818872 725004689
32632521 -219176855
73896174 -505590757
-373475417 -305282871
140783937 -969863399
125232753 -861921543
877006118 928327501
53927040 -366983601
716411296 758427617
66915813 -457139583
-33396873 -27691479
19378671 -127180955
74426328 -509270593
15490875 -100195491
122670342 -844135669
16992978 -110621693
611103216 647017857
-249215949 -203855247
104645106 -719021245
71399306 76042837
318873294 337855773
102612849 -704915207
-913023107 -745692291
303077082 321144309
121875111 -838615915
804606813 851733291
393905301 417235227
-259025907 -211862691
120373008 -828189713
131594601 -906079575
-105336565 -86412735
-461765039 -377349867
81141612 -555881849
91302897 -626412039
130635101 138710827
94748898 -650330973
68948070 -471245621
416283268 440909801
42793806 -289707045
142639476 -982742825
551867421 584349867
-850893373 -694978479
-254120928 -207858969
86531511 -593293515
129385626 -890746925
35194932 -236962729
128148600 -882160641
-231231026 -189174933
63999966 -436900485
238575883 252905831
70185096 -479831905
2855538 -12492733
129318750 137318205
98813412 -678543049
71775558 -490871413
371527334 393560653
90684384 -622118897
17964927 -117368059
114629673 -788324823
30158469 -202004287
744054667 787672679
-561499612 -458758881
64441761 -439967015
64883556 -443033545
-685759080 -560186505
139811988 -963117033
542652964 574601513
480784467 509148279
55959297 -381089639
101640900 -698168841
819086674 867052133
3208974 -14945957
122051829 -839842527
98371617 -675476519
8214458 9196981
68064480 -465112561
-85716649 -70397847
120196290 -826963101
49155654 -333865077
659808203 698544871
29451597 -197097839
900700436 953394697
104733465 -719634551
12133233 -76889863
-507544843 -414717939
335985857 355959859
51099552 -347357809
69389865 -474312151
-334235585 -273253095
68859711 -470632315
563714580 596883465
42617088 -288480433
70450173 -481671823
144141579 -993169027
-796938604 -650937537
-582754521 -476108343
138398244 -953304137
833566535 882370975
82908792 -568147969
56401092 -384156169
120549726 -829416325
-407810270 -333308925
65502069 -447326687
94483821 -648491055
53485245 -363917071
55605861 -378636415
100934028 -693262393
-569674577 -465431751
92805000 -636838241
-649789234 -530825877
53220168 -362077153
57461400 -391515841
562398229 595490843
28921443 -193418003
76635303 -524603243
-432335165 -353327535
9835899 -60943907
111360390 -765632501
90861102 -623345509
103761516 -712888185
313607890 332285285
-389825347 -318628611
48713859 -330798547
73542738 -503137533
79727868 -546068953
604521461 640054747
52955091 -360237235
134157012 -923865449
616368620 652588345
73984533 -506204063
-227961040 -186505785
-703744003 -574866819
543969315 575994135
208299810 220875525
222779671 236194367
30953700 -207524041
383374493 406094251
123200496 -847815505
100757310 -692035781
-298265739 -243892467
132654909 -913439247
183289141 194415707
526856752 557890049
100403874 -689582557
751952773 796028411
724309402 766783349
859893555 910223415
830933833 879585731
140253783 -966183563
62184849 66294483
-90621628 -74401569
111978903 -769925643
1530153 -3293143
13635336 -87316065
31925649 -214270407
110741877 -761339359
936241913 990995491
-383285375 -313290315
87680178 -601266493
84057459 -576120947
229361426 243157477
30335187 -203230899
601888759 637269503
95367411 -654624115
71510481 -489031495
337302208 357352481
44649345 -302586471
638746587 676262919
108797979 -747846627
81760125 -560174991
454457447 481295839
17434773 -113688223
138663321 -955144055
278066413 294684491
83173869 -569987887
813821270 861481645
59552147 63509239
8863950 -54197541
676920766 716648957
-30126887 -25022331
56489451 -384769475
-123321488 -101093049
846730045 896297195
40408113 -273147783
113215929 -778511927
-814923527 -665617851
80434740 -550975401
60465606 -412368245
441293937 467369619
-415985235 -339981795
18230004 -119207977
1706871 -4519755
120104293 127569851
18848517 -123501119
-93891614 -77070717
104556747 -718407939
12398310 -78729781
-617089374 -504134397
75574995 -517243571
48272064 -327732017
24061698 -159686173
-937548002 -765710901
112206187 119214119
135747474 -934904957
123465573 -849655423
790126952 836414449
200401704 212519793
734840210 777924325
27596058 -184218413
258321148 273795161
113522538 120606741
69213147 -473085539
133715217 -920798919
29276074 31478933
50746116 -344904585
26535750 -176858741
360996526 382419677
12840105 -81796311
-543514689 -444078567
-877053261 -716331663
57903195 -394582371
107737671 -740486955
79462791 -544229035
40849908 -276214313
-895038184 -731011977
16551183 -107555163
93777273 99717411
541336613 573208891
86708229 -594520127
59405298 -405008573
-138036425 -113104215
45091140 -305653001
113392647 -779738539
105705414 -726380917
-180546243 -147803139
-581119528 -474773769
135900505 144281315
1971948 -6359673
413650566 438124557
116155240 123391985
-456860060 -373346145
133273422 -917732389
126558138 -871121133
5417949 -30278607
704564137 745894019
73189302 -500684309
97841463 -671796683
8333796 -50517705
78314124 -536256057
53750322 -365756989
117722238 -809790533
696666031 737538287
-170736285 -139795695
687451574 727789933
275433711 291899247
138533207 147066559
105175260 -722701081
32367444 -217336937
524224050 555104805
43589037 -295226799
-528799752 -432067401
33225127 35656799
-885228226 -723004533
77607252 -531349609
851995449 901867683
54280476 -369436825
67445967 -460819419
119842854 -824509877
50569398 -343677973
98548335 -676703131
10277694 -64010437
47476833 -322212263
-57921768 -47710089
-623629346 -509472693
-393095333 -321297759
-213246103 -174494619
90772743 -622732203
-294995753 -241223319
81671766 -559561685
172758333 183274731
12575028 -79956393
-762603751 -622911483
626899428 663729321
849362747 899082439
105086901 -722087775
46416525 -314852591
-44841824 -37033497
50922834 -346131197
107914389 -741713567
-319520648 -261241929
-859068338 -701651349
887536926 939468477
126469779 -870507827
-720093933 -588212559
112155621 -771152255
-129861460 -106431345
43235601 -292773575
134775525 -928158591
113304288 -779125233
89005563 -610466083
50392680 -342451361
886220575 938075855
636113885 673477675
-491194913 -401372199
14077131 -90382595
124437522 -856401789
111448749 -766245807
-429065179 -350658387
-339140564 -277256817
110830236 -761952665
-999999 -551373
117280443 -806724003
81229971 -556495155
284648168 301647601
-3966999 -3669147
86178075 -590840291
-144576397 -118442511
19997184 -131474097
-398000312 -325301481
31130418 -208750653
87238383 -598199963
24415134 -162139397
242524936 257083697
32897598 -221016773
49332372 -335091689
41203344 -278667537
72659148 -497004473
-28491894 -23687757
123112137 -847202199
532122156 563460537
7185129 -42544727
134068653 -923252143
666389958 705507981
-48111810 -39702645
42882165 -290320351
122316906 -841682445
141932604 -977836377
-486289934 -397368477
124967676 -860081625
-980057820 -800409825
20085543 -132087403
-376745403 -307952019
112067262 -770538949
49862526 -338771525
17346414 -113074917
376792738 399131141
174074684 184667353
40938267 -276827619
491315275 520289255
82643715 -566308051
-765873737 -625580631
730891157 773746459
19467030 -127794261
80876535 -554041931
798025058 844770181
203034406 215305037
-958802911 -783060363
27959723 30086311
62674581 -427700895
24856929 -165205927
124172445 -854561871
31307136 -209977265
903333138 956179941
717727647 759820239
-551689654 -450751437
699298733 740323531
328087751 347604127
455773798 482688461
121079880 -833096161
47035038 -319145733
-690664059 -564190227
-391460340 -319963185
119666136 -823283265
338618559 358745103
-126591474 -103762197
108886338 -748459933
-909753121 -743023143
289913572 307218089
14342208 -92222513
118252392 -813470369
379425440 401916385
-682489094 -557517357
629532130 666514565
-265565879 -217200987
29628315 -198324451
114011160 -784031681
612419567 648410479
90596025 -621505591
131417883 -904852963
674288064 713863713
124053346 131747717
128002399 135925583
-571309570 -466766325
836199237 885156219
-759333765 -620242335
136542705 -940424711
414966917 439517179
23178108 -153553113
103054644 -707981737
-344045543 -281260539
-406175277 -331974351
496580679 525859743
60377247 -411754939
30070110 -201390981
61525914 -419727917
113834442 -782805069
93776949 -643584607
-420890214 -343985517
77783970 -532576221
76723662 -525216549
-51381796 -42371793
116750289 -803044167
51364629 -349197727
39524523 -267014723
-54651782 -45040941
72924225 -498844391
130357575 -897493291
-594199472 -485450361
45356217 -307492919
79992945 -547908871
13370259 -85476147
98194899 -674249907
112509057 -773605479
13723695 -87929371
-191991194 -157145157
-43206831 -35698923
13193541 -84249535
231994128 245942721
-381650382 -311955741
127530087 -877867499
54103758 -368210213
924394754 978461893
32102367 -215497019
21410928 -141286993
-698839024 -570863097
-394730326 -322632333
133361781 -918345695
127441728 -877254193
119135982 -819603429
4622718 -24758853
12751746 -81183005
99042677 105287899
645328342 683226029
124260804 -855175177
42263652 -286027209
389956248 413057361
141402450 -974156541
461039202 488258949
14165490 -90995901
-438875137 -358665831
46504884 -315465897
-66096733 -54382959
167492929 177704243
-316250662 -258572781
125939625 -866827991
27772776 -185445025
-729903891 -596220003
70803609 -484125047
53573604 -364530377
68766604 73257593
667706309 706900603
101375823 -696328923
-657964199 -537498747
95632488 -656464033
-476479976 -389361033
62321145 -425247671
-172371278 -141130269
