4641
298622520 -261349939
825427890 -725019769
171257307 58343054
-770313093 435636087
495547377 166775939
932815923 312985442
926286354 -813790745
162643698 -141667641
152287695 -132552764
239638329 -209434770
-417077156 235487181
264402684 -231231215
965909322 -848665057
334643400 -293053859
984370023 -864913316
-348873099 196841715
206824605 70235693
748702851 251423546
957804624 -841531675
305826696 -267690723
-177853971 99939651
369313497 -323568882
354004623 -310094716
144058785 49248683
831281283 -730171656
-288812810 162810633
890972043 298994102
568779120 -499129339
625061745 -548666714
512496495 -449591964
95554809 -82619090
750795045 252123113
945369087 317182844
-403843533 227988807
166245786 -144838033
432781557 145788929
394424667 132963534
866563113 290832487
72591498 -62407841
917473167 307855284
-77074842 42836649
356255928 -312076211
-684803529 387185055
902130411 302725126
678192543 -595429996
106399293 36656477
412988814 -362009885
-544323531 307586931
-718396572 406219389
-286776868 161657037
-593186139 335273235
692150634 -607715265
519258909 174704365
991397355 332573318
616894629 207350825
448559433 -393317506
621776415 208983148
758789262 -666367517
638513967 214579684
134295213 45984037
455098293 153250977
871444899 292464810
614705742 -539551837
32518269 -27137230
723596523 243028742
442545129 149053575
77094108 -66370831
368412975 -322776284
463467069 156049245
918181656 -806657363
-533125850 301242153
847040418 -744042121
28988115 10772498
946763883 317649222
855145116 -751175503
665015091 223440866
180203877 -157123302
305855121 103348531
995581743 333972452
386873676 -339024543
512982327 172605664
369318339 124568730
421543773 -369539566
752189841 252589491
960956451 -844305768
-22104408 11689557
501690231 -440080788
-7852814 3614385
287365995 -251442464
156611949 53446085
578684862 -507847917
264852945 -231627514
187858314 -163860385
-409951359 231449595
533904267 179601334
-200249333 112629207
101858463 -88167276
913986177 306689339
-899595410 508889433
194271441 66038291
240997107 81661954
748883520 -657648939
473928039 159547080
371114541 -325154078
61068423 21499192
665712489 223674055
244140939 -213397760
993489549 333272885
628213572 -551440807
401398647 135295424
236036241 -206264378
-170728174 95902065
741031473 248858467
764642655 -671519404
711043359 238831340
-475101503 268364667
-861930483 487547907
921657555 309254418
-772349035 436789683
376292319 126900620
312131703 105447232
854244594 -750382905
483229530 -423832529
-239950202 135124329
833982849 -732549450
144633258 -125815681
331658847 111976524
-710252804 401605005
716014467 -628719112
821929641 275908391
543114243 -476540296
839364591 281738116
343198359 -300583540
563892381 189628461
678642804 -595826295
924447147 310187174
548067114 -480899585
-402825562 227412009
625962267 -549459312
771846831 -677860188
-166656290 93594873
182455182 -159104797
576883818 -506262721
995626548 -874820791
-181925855 102246843
455313348 -399261991
56382102 -48141077
364436553 122936407
508797939 171206530
91502460 -79052399
-961691641 544074111
968610888 -851042851
371410533 125268297
-944386134 534268545
-751989615 425253723
603449217 -529644362
531812073 178901767
121742049 41786635
478112427 160946214
874056078 -767820061
-93362378 52065417
606150783 -532022156
-479173387 270671859
-205339188 115513197
-626779182 354307569
393029871 132497156
803815362 -705997417
-84200639 46874235
496244775 167009128
264708639 89590380
85477353 29660807
2326896 -2153595
451611303 152085032
818673975 -719075284
889815213 -781690526
612454437 -537570342
578537739 194525430
874506339 -768216360
27115137 -22381642
84082557 29194429
394978374 -346157925
-947440047 535998939
107261595 -92922864
293669649 -256990650
825878151 -725416068
-466957735 263750283
119418642 -103622937
-489353097 276439839
346800447 -303753932
537260850 -471388409
951500970 -835983489
856495899 -752364400
-76056871 42259851
596695302 -523699877
739428039 -649326660
831731544 -730567955
53230275 -45366984
291868605 -255405454
266800833 90289947
178231287 60674944
686634429 230669725
153124959 52280140
597145563 -524096176
211008993 71634827
130808223 44818092
632237385 212480983
939092505 315084143
906474870 -796353589
349791195 118039438
15858612 -12474167
-312226143 176076987
607951827 -533607352
28015659 -23174240
847733367 284536384
648025056 -568877963
-433364692 244715949
734754891 246759766
585511719 196857320
899270694 -790012805
761040567 -668349012
136528560 -118682299
277261803 93787782
978066369 -859365130
429991965 144856173
114015510 -98867349
701606115 -616037544
996977331 -876009688
343514613 115940737
765440403 257020082
731965299 245827010
595344519 -522510980
-378394258 213568857
729522297 -640608082
252852873 85626167
710345961 238598151
329566653 111276957
73942281 -63596738
77805975 27095728
652077405 -572444654
921333483 -809431456
395878896 -346950523
992094753 332806507
611315445 205485313
533206869 179368145
846590157 -743645822
11553165 4942773
913288779 306456150
652461927 219243464
6403131 -4151888
26214615 -21589044
684496197 -600978182
375166890 -328720769
618986823 208050392
-434382663 245292747
590391648 -518151691
103659507 -89752472
365831349 123402785
922234005 -810224054
-3780930 1307193
174800745 -152367714
743930649 -653289650
490665591 165143616
97333119 33625020
-300010491 169155411
-975943235 552149283
114070671 39221556
630145191 211781416
622810440 -546685219
858296943 -753949596
848430765 284769573
110413422 -95696957
474674571 -416302848
990673677 -870461502
490433706 -430173313
559010595 187996138
-250129912 140892309
224956953 76298607
259900074 -227268225
630842589 212014605
-487317155 275286243
-45517741 24955911
573281730 -503092329
-382466142 215876049
38054289 13803955
916830873 -805468466
70831995 24763838
-540251647 305279739
320685309 -280768590
32068008 -26740931
145984041 -127004578
224329455 -195960604
582024729 195691375
720806931 242095986
814258263 273343312
732674124 -643382175
794033721 266580831
832181805 -730964254
400381506 -350913513
458915436 -402432383
-203303246 114359601
-795762368 450056037
500339448 -438891891
71240715 -61218944
384172110 -336646749
670988367 -589089212
811469799 -712734500
692213613 232535237
808768233 -710356706
422320587 142291094
-503604691 284515011
472423266 -414321353
956453841 -840342778
24803727 9373364
877024083 294330322
33418791 -27929828
729873105 245127443
182415675 62074078
833785407 279872604
254046681 -222116338
483691611 162811726
867752424 -762271875
263313843 89124002
65387322 -56067057
476475615 -417888044
776799702 -682219477
175251006 -152764013
617592027 207584014
191460402 -167030777
617857569 -542325930
863700075 -758705184
926736615 -814187044
465669351 -408376868
444957345 -390147114
112675875 38755178
-614563530 347385993
500429163 168408262
973563759 -855402140
-62823248 34761477
392727069 -344176430
-997320626 564262041
771396570 -677463889
345899925 -302961334
-854804686 483510321
698454288 -613263451
590841909 -518547990
-631869037 357191559
109963161 -95300658
994726026 -874028193
-149350783 83789307
774506577 260051539
608402088 -534003651
-956601786 541190121
985120773 330474617
381920805 -334665254
313931394 -274824105
139874397 47849549
-478155416 270095061
-315280056 177807381
7368777 3543639
134727516 -117097103
464164467 156282434
-439472518 248176737
730570503 245360632
600854475 201987478
-940314250 531961353
181554660 -158312199
-252165854 142045905
36659493 13337577
860548248 -755931091
479177181 -420265838
858194337 288034219
849825561 285235951
516999105 -453554954
364360626 -319209593
144182997 -125419382
-554503241 313354911
-359052809 202609695
798412230 -701241829
4151826 -2170393
608525853 204552557
628663833 -551837106
40146483 14503522
-452706141 255675111
566077554 -496751545
529719879 178202200
494152581 166309561
175701267 -153160312
619658613 -543911126
711962118 -625152421
388148085 130864833
706108725 -620000534
42424011 -35855808
930338703 -817357436
72226791 25230216
171954705 58576243
947448621 -832416798
-306118317 172616199
545815809 -478918090
-569772806 322006881
-454742083 256828707
125272035 -108774824
299578539 101249830
512284929 172372475
480902019 161878970
971172813 325810837
708253767 237898584
-462885851 261443091
121669947 -105604432
130110825 44584903
14507829 -11285270
-405879475 229142403
875857122 -769405257
907709595 304590638
87900372 -75882007
907825653 -797542486
539962416 -473766203
845641173 283836817
298881141 101016641
768695004 -675086095
663784191 -582748428
-461867880 260866293
-208393101 117243591
621009396 -545100023
-596240052 337003629
742579866 -652100753
-154440638 86673297
-575880632 325467669
990699957 332340129
-424202953 239524767
880511073 295496267
-349891070 197418513
344549142 -301772437
-629833095 356037963
209470842 -182882737
613354959 -538362940
881260254 -774160845
935741835 -822113024
-949475989 537152535
355805667 -311679912
639211365 214812873
-42463828 23225517
894768084 -786049815
-27194263 14573547
580485906 -509433113
261919047 88657624
920432961 -808638858
308978523 -270464816
62685756 -53689263
494035794 -433343705
208916799 70935260
-457795996 258559101
259826853 87958057
-946422076 535422141
159041610 -138497249
342748098 -300187241
991574199 -871254100
170559909 58109865
929888442 -816961137
166696047 -145234332
582286950 -511018309
639019836 -560951983
935605515 313918198
120319164 -104415535
-588096284 332389245
22162266 -18022353
-908757149 514080615
-289830781 163387431
-284740926 160503441
771716985 259118783
235585980 -205868079
876757644 -770197855
-767259180 433905693
550318419 -482881080
829480239 -728586460
990002559 332106940
895218345 -786446114
2801043 -981496
972663237 -854609542
847035969 284303195
480204621 161645781
643395753 216212007
98256375 -84996884
856946160 -752760699
52699647 18700924
189659358 -165445581
241694505 81895143
394077852 -345365327
-794744397 449479239
-719414543 406796187
-651210486 368150721
566681973 190561217
-211447014 118973985
107096691 36889666
729072036 -640211783
567878598 -498336741
524653542 -460292037
809376477 271710989
703371981 236266261
33172503 12171632
-856840628 484663917
183810471 62540456
145533780 -126608279
635417748 -557781591
792638925 266114453
-160548464 90134085
530957196 -465840223
354672981 119671761
229282326 -200319893
-140189044 78598125
761941089 -669141610
740328561 -650119258
358507233 -314057706
626862789 -550251910
231930933 78630497
25314093 -20796446
292318866 -255801753
-354980925 200302503
404188239 136228180
478276659 -419473240
598046085 -524888774
-552467299 312201315
489983445 -429777014
-831391353 470243967
-890433671 503698251
540180849 181700035
-617617443 349116387
-13960640 7075173
-346837157 195688119
-298992520 168578613
408936465 -358443194
522048501 175637121
-942350192 533114949
411859617 138793259
766893960 -673500899
-135099189 75714135
123834243 42486202
390240279 131564400
183113073 62307267
294570171 -257783248
405784638 -355669101
859647726 -755138493
-310190201 174923391
416140641 -364783978
39449085 14270333
621909918 -545892621
-82164697 45720639
50078448 -42592891
266203728 -232816411
111978477 38521989
215890779 73267150
458465175 -402036084
933040269 -819735230
674081265 226472323
455795691 153484166
918170565 308088473
190559880 -166238179
-279651071 157619451
-917918888 519271797
-656300341 371034711
95104548 -82222791
-484263242 273555849
-581988458 328928457
370015737 124801919
882611037 -775349742
-425220924 240101565
411162219 138560070
641303559 215512440
-806960049 456400815
363739155 122703218
268893027 90989514
-329531650 185882553
532307979 -467029120
848391201 -745231018
415346607 139959204
-453724112 256251909
915029829 -803883270
93753765 -81033894
570168963 191727162
20619339 7974230
411187770 -360424689
813270843 -714319696
462067263 -405206476
-234860347 132240339
593183097 199422399
405334377 -355272802
719166294 -631493205
-679713674 384301065
588590604 -516566495
562925727 -493977452
159942132 -139289847
104307099 35956910
967685823 324644892
-78092813 43413447
965008800 -847872459
224259555 76065418
904920003 303657882
-141207015 79174923
191481849 65105535
815522148 -716301191
621079017 208749959
62235495 -53292964
721417599 -633474700
429648471 -376672948
681794631 -598600388
829601019 278473470
672686469 226005945
-102524117 57256599
749784042 -658441537
716914989 -629511710
399480984 -350120915
446729517 150452709
514377123 173072042
862349292 -757516287
949699926 -834398293
939794184 -825679715
925144545 310420363
-514802372 290859789
268455033 -234797906
539483451 181466846
944747055 -830039004
293301957 99151129
5052348 -2962991
877207905 -770594154
309879045 -271257414
983019240 -863724419
543667839 182865980
791244129 265648075
837969795 281271738
4362838 -3307191
649826100 -570463159
289117569 97751995
-215518898 121281177
696653244 -611678255
518349888 -454743851
698490195 234633938
22612527 -18418652
409070025 137860503
481428486 -422247333
-816121788 461591997
699187593 234867127
4602087 -2566692
-829355411 469090371
-705162949 398721015
323837136 -283542683
435051603 -381428536
661082625 -580370634
709710813 -623170926
-950493960 537729333
553019985 -485258874
-508694546 287399001
-483245271 272979051
877721481 294563511
432084159 145555740
610203132 -535588847
728171514 -639419185
844789113 -742060626
872705295 -766631164
568774167 191260784
901433013 302491937
414649209 139726015
720517077 -632682102
-167674261 94171671
-709234833 401028207
279261297 -244309082
41973750 -35459509
128018631 43885336
-579952516 327774861
100957941 -87374678
232884414 -203490285
-259291651 146083491
452611782 -396884197
420228393 141591527
865501119 -760290380
903323043 -793579496
735375690 -645759969
245181495 83061088
515648322 -452366057
736726473 -646948866
-755043528 426984117
-835463237 472551159
693951678 -609300461
856045638 -751968101
996527070 -875613389
413439075 -362406184
39272184 -33081715
564589779 189861650
-303064404 170885805
-481209329 271825455
672339150 -590278109
-476119474 268941465
911427741 -800712878
463418046 -406395373
734024907 -644571072
479627442 -420662137
141481431 -123041588
895853829 300626425
857846682 -753553297
-444562373 251060727
66287844 -56859655
-474083532 267787869
102214905 35257343
958619649 321613435
89701416 -77467203
252155475 85392978
694401939 -609696760
476020233 160246647
571930947 -501903432
-932170482 527346969
141931692 -123437887
177533889 60441755
678265653 227871457
-272525274 153581865
926539341 310886741
-316298027 178384179
122120208 -106000731
-262345564 147813885
247273689 83760655
192876645 65571913
437302908 -383410031
618758091 -543118528
-560611067 316815699
789849333 265181697
531407457 -466236522
902422521 -792786898
-983069032 556186869
169847874 -148008425
706161573 237199017
692600895 -608111564
954652797 -838757582
245878893 83294277
515198061 -451969758
700255332 -614848647
-668515993 377956287
386753289 130398455
951050709 -835587190
-332585563 187612947
-104560059 58410195
68088888 -58444851
13645359 5642340
708810291 -622378328
899340819 301792370
486481203 163744482
-243004115 136854723
238207515 80729198
83385159 28961240
349051752 -305735427
316182699 -276805600
374266368 -327928171
-156476580 87826893
626412528 -549855611
419530995 141358338
-114739769 64178175
38371662 -32289117
526232889 177036255
-101506146 56679801
810119016 -711545603
487281879 -427399220
301324086 -263727733
718716033 -631096906
161292915 -140478744
489270795 164677238
877658166 -770990453
535910067 -470199512
312829101 105680421
706858971 237432206
668502081 224606811
485480835 -425814024
-145278899 81482115
964198833 323478947
905574348 -795560991
695302461 -610489358
-604383820 341618013
413254413 139259637
-318333969 179537775
197758431 67204236
322036092 -281957487
-64859190 35915073
492234750 -431758509
99607158 -86185781
462769671 155816056
333751041 112676091
26895921 10072931
562475466 -493581153
179753616 -156727003
520653705 175170743
52780014 -44970685
731323341 -642193278
970475415 325577648
967260105 -849853954
664234452 -583144727
14342757 5875529
-875164106 495046281
742129605 -651704454
919565361 308554851
671989071 225772756
-39409915 21495123
594443997 -521718382
330264051 111510146
195963012 -170993767
186957792 -163067787
959605668 -843116871
337935429 114075225
-94380349 52642215
-781510774 441980865
270706338 -236779401
658041111 221108976
653856723 219709842
173900223 -151575116
109062639 -94508060
500789709 -439288190
230633109 -201508790
373365846 -327135573
606601044 -532418455
659731842 -579181737
798218109 267979965
-510730488 288552597
576433557 -505866422
-729594253 412564167
874956600 -768612659
-56715422 31300689
195062490 -170201169
761490828 -668745311
708360030 -621982029
-80128755 44567043
-641030776 362382741
109886283 37822422
381020283 -333872656
308528262 -270068517
-226716579 127625955
105910812 -91733967
-930824867 653480211
846338571 284070006
-169710203 95325267
337795227 -295827952
829029978 -728190161
148235346 -128986073
292604559 98917940
670538106 -588692913
68042403 23831082
-447616286 252791121
124531641 42719391
112214466 -97282153
-608455704 343925205
555721551 -487636668
147334824 -128193475
-603365849 341041215
372015063 -325946676
-401807591 226835211
950150187 -834794592
82046979 -70730120
295020432 -258179547
334193139 -292657560
285564951 -249857268
937993140 -824094519
46926621 -39818798
473230641 159313891
211722147 -184864232
196363635 66737858
-400789620 226258413
891669441 299227291
-371268461 209531271
426504975 143690228
509495337 171439719
539512155 -473369904
375617151 -329117068
751134825 -659630434
443242527 149286764
619208352 -543514827
649375839 -570066860
503041014 -441269685
-33302089 18034335
-375340345 211838463
669199479 224840000
325382265 109877823
544014765 -477332894
-776420919 439096875
134277255 -116700804
671888889 -589881810
562025205 -493184854
19910961 -16040858
37020879 -31100220
-591150197 334119639
-727558311 411410571
70790454 -60822645
510890133 171906097
330961449 111743335
155439522 -135326857
747308055 250957168
651627144 -572048355
998371335 334905208
-221626724 124741965
900038217 302025559
709260552 -622774627
428597169 144389795
-918936859 519848595
150335367 51347384
-192105565 108014823
901972260 -792390599
817773453 -718282686
-282704984 159349845
159491871 -138893548
954202536 -838361283
765543177 -672312002
645487947 216911574
-636958892 360075549
-320369911 180691371
187297461 63706401
250894854 -219342245
518561511 174471176
30717225 -25552034
-627797153 354884367
903773304 -793975795
865168317 290366109
786705444 -690938055
-285758897 161080239
100057419 -86582080
-803906136 454670421
-813067875 459861603
787757139 264482130
365133951 123169596
-442526431 249907131
214495983 72800772
173349501 59042621
994884345 333739263
538161372 -472181007
570129903 -500318236
-372286432 210108069
-791690484 447748845
-495460923 279900627
-702109036 396990621
542273043 182399602
526904847 -462273532
622360179 -546288920
444637323 149753142
372107931 125501486
197313795 -172182664
349093797 117806249
591090903 198722832
-188033681 105707631
-764205267 432175299
820475019 -720660480
-517856285 292590183
731267901 245593821
-182943826 102823641
316316091 106846366
8654436 -6133383
666035496 -584729923
874931889 293630755
284235783 96119672
-244022086 137431521
909176436 -798731383
273774813 92621837
291418344 -255009155
682244892 -598996687
959317047 321846624
611103654 -536381445
306552519 103581720
-902649323 510619827
102912303 35490532
-175818029 98786055
341847576 -299394643
192360924 -167823375
203337615 69069748
976265325 -857779934
-578934545 327198063
663333930 -582352129
91952721 -79448698
29685513 11005687
86549589 -74693110
563194983 189395272
247743027 -216568152
-851750773 481779927
504613551 169807396
-798816281 451786431
312130350 -273238909
147785085 -128589774
350488593 118272627
580035645 -509036814
234235197 -204679182
176601789 -153952910
335843235 113375658
270287823 91455892
828129456 -727397563
533658762 -468218017
-206357159 116089995
561102789 188695705
876326685 294097133
-594204110 335850033
47817861 17068601
840759387 282204494
601551873 202220667
721504329 242329175
911878002 -801109177
-171746145 96478863
907375392 -797146187
10005219 -7322280
851092767 -747608812
506643102 -444440077
457564653 -401243486
445407606 -390543413
-183961797 103400439
-587078313 331812447
-966781496 546958101
962106639 322779380
858891735 288267408
603644067 202920234
519250410 -455536449
-877200048 496199877
127973601 -111152618
451711260 -396091599
382371066 -335061553
360758538 -316039201
-786600629 444864855
107711856 -93319163
-855822657 484087119
-758097441 428714511
-589114255 332966043
-4798901 1883991
909801789 305290205
329690529 -288694570
244484097 82827899
258099030 -225683029
366528747 123635974
176139093 59975377
572958555 192659918
989322894 -869272605
-323423824 182421765
636318270 -558574189
587690082 -515773897
580629933 195224997
169862511 57876676
-707198891 399874611
728621775 -639815484
389542881 131331211
510695451 -448006768
379779309 128066565
176151528 -153556611
468370917 -410754662
-179889913 101093247
233784936 -204282883
-124919479 69946155
675941238 -593448501
524140695 176336688
-780492803 441404067
82497240 -71126419
276564405 93554593
340725021 115007981
680357847 228571024
-79110784 43990245
503941536 -442062283
737626995 -647741464
231083370 -201905089
41541279 14969900
-23122379 12266355
505292319 -443251180
-61805277 34184679
950948271 319048356
827228934 -726604965
990223416 -870065203
565984575 190328028
197764056 -172578963
-327495708 184728957
467470395 -409962064
-309172230 174346593
312580611 -273635208
722318121 -634267298
677292021 -594637398
295470693 -258575846
483679791 -424228828
132203019 45284470
84779955 29427618
-347855128 196264917
296371215 -259368444
277959201 94020971
282413124 -247083175
591788301 198956021
-939296279 531384555
688998807 -604941172
826328412 -725812367
637669053 -559763086
642000957 215745629
973265007 326510404
681344370 -598204089
421994034 -369935865
779388363 261683862
537391257 180767279
-531089908 300088557
433250559 -379843340
359407755 -314850304
46423065 16602223
208570320 -182090139
159401541 54378841
-187015710 105130833
971762715 -853816944
448821711 151152276
66647607 23364704
477415029 160713025
439103952 -384995227
-870074251 492162291
412088292 -361217287
81146457 -69937522
265406037 89823569
-904685265 511773423
698904549 -613659750
42238677 15203089
464768829 -407584270
88266945 30593563
896569128 -787635011
225680238 -197149501
53397045 18934113
-28212234 15150345
412538553 -361613586
402182550 -352498709
444507084 -389750815
131575689 -114323010
847490679 -744438420
-491389039 277593435
727721253 -639022886
-774384977 437943279
407135421 -356857998
271682619 91922270
552734013 185897437
-470011648 265480677
737544483 247692522
806586885 270778233
126623835 43418958
-747917731 422946531
973962405 326743593
-659354254 372765105
243690678 -213001461
-793726426 448902441
719616555 -631889504
171648918 -149593621
705464175 236965828
90601938 -78259801
151387173 -131760166
-618635414 349693185
-765223238 432752097
177952572 -155141807
866401641 -761082978
955103058 -839153881
741679344 -651308155
-800852223 452940027
47120463 16835412
616197231 207117636
283313646 -247875773
638119314 -560159385
700582389 235333505
306276957 -268087022
-397735707 224528019
351753318 -308113221
586906515 197323698
249994332 -218549647
453062043 -397280496
158591349 -138100950
472533243 159080702
391826547 -343383832
-408933388 230872797
594577893 199888777
722899125 242795553
238287546 -208245873
572831469 -502696030
255847725 -223701534
687331827 230902914
445334721 149986331
712438155 239297718
530506935 -465443924
376967934 -330305965
345449664 -302565035
49910055 17768168
209921103 -183279036
570866361 191960351
205868754 -179712345
-739773963 418332147
365711409 -320398490
138329604 -120267495
-673605848 380840277
745215861 250257601
200465622 -174956757
193574043 65805102
382568901 128999321
105004497 36190099
228832065 -199923594
248193288 -216964451
116717076 -101245143
370214019 -324361480
886787655 297594968
595275291 200121966
14958090 -11681569
683844837 229736969
695700603 233701182
128874123 -111945216
-430310779 242985555
65252811 22898326
-426238895 240678363
536360328 -470595811
968383221 324878081
-584024400 330082053
216588177 73500339
164980725 56244353
351883389 118739005
709648563 238364962
-953547873 539459727
210311595 71401638
252695898 -220927441
566527815 -497147844
-828337440 468513573
607131057 204086179
475124832 -416699147
-661390196 373918701
207522003 70468882
8066175 3776828
861448770 -756723689
-54679480 30147093
447658911 -392524908
521501715 -457517944
768229995 257952838
46026099 -39026200
492060387 165609994
684542235 229970158
78503373 27328917
904223565 -794372094
612710241 205951691
-379412229 214145655
452161521 -396487898
56186637 19866869
-521928169 294897375
729972558 -641004381
-494442952 279323829
778600746 -683804673
290968083 -254612856
448124313 150919087
21712005 -17626054
177502311 -154745508
648925578 -569670561
-423184982 238947969
288420171 97518806
187994859 63939590
552119463 -484466276
450216507 151618654
-502586720 283938213
-848696860 480049533
917281134 -805864765
988607763 331640562
850522959 285469140
165795525 -144441734
464318568 -407187971
-504622662 285091809
800663535 -703223324
482329008 -423039931
-565700922 319699689
-55697451 30723891
373502727 125967864
524203281 -459895738
630915138 -553818601
658381059 -577992840
331941834 -290676065
415240119 -363991380
-241986144 136277925
220075167 74666284
-993248742 561954849
830298417 278706659
546457431 183798736
-118811653 66485367
706558986 -620396833
208120059 -181693840
557972856 -489618163
978516630 -859761429
81990363 28494862
806066667 -707978912
462072273 155582867
723218643 -635059896
259449813 -226871926
55031319 -46952180
784270149 263316185
-357016867 201456099
190087053 64639157
123136845 42253013
300275937 101483019
628750395 211315038
-807978020 456977613
883300665 296429023
-698037152 394683429
963658017 -846683562
324684867 109644634
579135123 -508244216
648475317 -569274262
145453581 49715061
525103803 -460688336
322592673 108945067
201816405 -176145654
223428933 -195168006
297486345 100550263
854694855 -750779204
213798585 72567583
286465473 -250649866
-871092222 492739089
896118867 -787238712
820925280 -721056779
72141237 -62011542
612004176 -537174043
-270489332 152428269
-620671356 350846781
219376584 -191601315
-761151354 430444905
580936167 -509829412
719412135 241629608
-715342659 404488995
977449395 327909538
-568754835 321430083
-535161792 302395749
838667193 281504927
22014135 8440608
388845483 131098022
-913847004 516964605
293999355 99384318
519700671 -455932748
-233842376 131663541
659281581 -578785438
-527018024 297781365
913679046 -802694373
779051007 -684200972
-352944983 199148907
102758985 -88959874
488573397 164444049
720109533 241862797
493455183 166076372
-314262085 177230583
985270545 -865705914
-929116569 525616575
716622543 240696852
699884991 235100316
403533333 -353687606
-985104974 557340465
747982998 -656856341
376989717 127133809
136978821 -119078598
279353997 94487349
979541589 328609105
-144260928 80905317
859197465 -754742194
814171365 -715112294
56832363 -48537376
644790549 216678385
581836689 -510622010
-148332812 83212509
-255219767 143776299
237510117 80496009
702674583 236033072
-733666137 414871359
368863236 -323172583
1092195 1444938
624611484 -548270415
983725977 330008239
146150979 49948250
690349590 -606130069
978966891 -860157728
494486055 -433740004
832390611 279406226
850642506 -747212513
-599293965 338734023
-450670199 254521515
933940791 -820527828
-83182668 46297437
832632066 -731360553
469743651 158147946
-924026714 522732585
314381655 -275220404
325187919 -284731580
-14978611 7651971
236115321 80029631
784454139 -688956560
-852768744 482356725
527627685 177502633
24863832 -20400147
688548546 -604544873
-784564687 443711259
310736907 104980854
577334079 -506659020
-982051061 555610071
-630851066 356614761
437753169 -383806330
589491126 -517359093
210371364 -183675335
240088590 -209831069
243240417 -212605162
770496048 -676671291
864150336 -759101483
482296815 162345348
718714737 241396419
523753020 -459499439
263502162 -230438617
697792797 234400749
460266219 -403621280
-926062656 523886181
399306453 134595857
302224608 -264520331
625512006 -549063013
743030127 -652497052
579585384 -508640515
392276808 -343780131
942579495 316250088
738527517 -648534062
938443401 -824490818
-820193672 463899189
114916032 -99659947
629564355 -552629704
-152404696 85519701
-122883537 68792559
971870211 326044026
61785234 -52896665
499889187 -438495592
156340044 -136119455
575533035 -505073824
361646961 122003651
499034367 167941884
-49589625 27263103
872142297 292697999
-833427295 471397563
556221003 187063382
217285575 73733528
620381619 208516770
20811483 -16833456
205418493 -179316046
163585929 55777975
684946458 -601374481
-951511931 538306131
523302759 -459103140
937000311 314384576
-822229614 465052785
658738509 221342165
100507680 -86978379
570580164 -500714535
615606264 -540344435
-869056280 491585493
576445545 193825863
860097987 -755534792
936302913 314151387
407675229 137394125
781302312 -686182467
602998956 -529248063
937092618 -823301921
541313199 -474955100
-734684108 415448157
491334228 -430965911
557522595 -489221864
311434305 105214043
987212967 331174184
-95398320 53219013
623260701 -547081518
12706785 -9700074
94204026 -81430193
9554958 -6925981
974464281 -856194738
-984087003 556763667
-283722955 159926643
927637137 -814979642
915480090 -804279569
-44499770 24379113
586209117 197090509
168467715 57410298
835783893 -734134646
852443550 -748797709
850192245 -746816214
884862342 -777331237
202266666 -176541953
254496942 -222512637
150486651 -130967568
381470544 -334268955
88964343 30826752
-227734550 128202753
773647875 -679445384
623171211 209449526
16759134 -13266765
799612905 268446343
590393505 198489643
-801870194 453516825
-790672513 447172047
791208054 -694901045
589941387 -517755392
357462573 120604517
358957494 -314454005
340046532 -297809447
925836093 -813394446
711740757 239064529
822726324 -722641975
559707993 188229327
-930134540 526193373
-872110193 493315887
222167361 75365851
2350782 -585197
650726622 -571255757
396329157 -347346822
644093151 216445196
221469963 75132662
23408931 8906986
316632960 -277201899
179626083 61141322
200915883 -175353056
27565398 -22777941
395819463 133429912
75713781 26396161
89661741 31059941
-116775711 65331771
321585831 -281561188
391376286 -342987533
-275579187 155312259
399030723 -349724616
916380612 -805072167
275169609 93088215
69889932 -60030047
834883371 -733342048
169397613 -147612126
17659656 -14059363
250444593 -218945946
219377769 74433095
625263405 210149093
695752722 -610885657
-919954830 520425393
965459061 -848268758
44330871 15902656
29816703 -24759436
890265474 -782086825
575050749 193359485
-989176858 559647657
-119829624 67062165
122439447 42019824
466954059 157215190
283763907 -248272072
815972409 -716697490
103209246 -89356173
471072483 -413132456
549868158 -482484781
-464921793 262596687
753584637 253055869
835333632 -733738347
341422419 115241170
779501268 -684597271
428747949 -375880350
343648620 -300979839
716464728 -629115411
866851902 -761479277
856799541 287567841
300973335 101716208
-440490489 248753535
-523964111 296050971
530056674 -465047625
-88272523 49181427
34567299 12638010
394528113 -345761626
499438926 -438099293
143282475 -124626784
813560865 273110123
-818157730 462745593
814955661 273576501
819124236 -719471583
361208799 -316435500
60884712 -52104067
-722468456 408526581
3701565 -1774094
756988218 -664782321
770946309 -677067590
961856973 -845098366
237837285 -207849574
620108874 -544307425
-37373973 20341527
784967547 263549374
8763573 4010017
236936763 -207056976
382821327 -335457852
793336323 266347642
783553617 -688163962
143361387 49015494
51429231 -43781788
248643549 -217360750
97806114 -84600585
-429292808 242408757
927934137 311353119
645323490 -566500169
295920954 -258972145
796611186 -699656633
981218196 -862139223
711061596 -624359823
330591051 -289487168
308078001 -269672218
290512365 98218373
218025801 -190412418
941882097 316016899
435952125 -382221134
774098136 -679841683
-190069623 106861227
-873128164 493892685
-759115412 429291309
184507869 62773645
593543475 -520925784
-112703827 63024579
621459657 -545496322
961409241 322546191
-910793091 515234211
-34320060 18611133
-392645852 221644029
724569426 -636248793
178928685 60908133
953302014 -837568685
830995815 278939848
399931245 -350517214
397679940 -348535719
974659803 326976782
-496478894 280477425
759689784 -667160115
-538215705 304126143
225654351 76531796
683595675 -600185584
919532439 -807846260
596245041 -523303578
154519755 52746518
942045489 -827661210
35670096 -29911323
574353351 193126296
966988425 324411703
583187472 -511810907
859589133 288500597
738077256 -648137763
869553468 -763857071
632934783 212714172
-17014553 8805567
657480537 -577200242
467020134 -409565765
-151386725 84942903
947898882 -832813097
507543624 -445232675
-999999 745371
-969835409 548688495
658831320 -578389139
490883967 -430569612
611553915 -536777744
371564802 -325550377
514297539 -451177160
775899180 -681426879
-251147883 141469107
192811185 -168219674
244591200 -213794059
45725667 16369034
831693213 279173037
408035943 -357650596
-209411072 117820389
164444742 -143252837
390937677 131797589
-824265556 466206381
370713135 125035108
142381953 -123834186
579235137 194758619
311680089 -272842610
288716778 -252631361
79345413 -68352326
751492443 252356302
869352705 291765243
-246058028 138585117
725688717 243728309
220772565 74899473
164895003 -143649136
-416059185 234910383
-777438890 439673673
957922251 321380246
741229083 -650911856
903525207 303191504
552036615 185664248
919082178 -807449961
-862948454 488124705
-676659761 382570671
681055245 228804213
-224680637 126472359
985818171 330707806
175441695 59742188
946998360 -832020499
950250873 318815167
43633473 15669467
812863467 272876934
614105037 206418069
754282035 253289058
-796780339 450632835
-912829033 516387807
98727915 34091398
515074521 173305231
136078299 -118286000
526004325 -461480934
-385520055 217606443
450810738 -395299001
415690380 -364387679
258432057 87491679
479507223 161412592
321197877 108478689
-906721207 512927019
774998658 -680634281
-202285275 113782803
703407159 -617622740
-264381506 148967481
-815103817 461015199
-105578030 58986993
140130648 -121852691
331041312 -289883467
840286503 -738097636
-263363535 148390683
31167486 -25948333
148685607 -129382372
-534143821 301818951
303125130 -265312929
955830057 320680679
10455480 -7718579
-744863818 421216137
41073228 -34666911
707459508 -621189431
-185997739 104554035
1308925 -1576797
39722445 -33478014
101517507 35024154
-615581501 347962791
28290717 10539309
198664578 -173371561
484580313 -425021426
-648156573 366420327
71690976 -61615243
879813675 295263078
803365101 -705601118
-925044685 523309383
800310303 268679532
543564504 -476936595
743821065 249791223
511145712 -448403067
735825951 -646156268
-162584406 91287681
-612527588 346232397
781480557 262383429
757071627 254221814
538611633 -472577306
344212011 116173926
353554362 -309698417
987910365 331407373
-583006429 329505255
949249665 -834001994
-570790777 322583679
385072632 -337439347
390025503 -341798636
-859894541 486394311
-556539183 314508507
-672587877 380263479
127523340 -110756319
280051395 94720538
289814967 97985184
634329579 213180550
301774347 -264124032
470171961 -412339858
-276597158 155889057
261221649 88424435
762841611 -669934208
64555413 22665137
897919911 -788823908
485086407 163278104
419292468 -367558071
443606562 -388958217
225229977 -196753202
689899329 -605733770
-682767587 386031459
158006745 53912463
263051901 -230042318
104109768 -90148771
456493089 153717355
354905145 -310887314
774548397 -680237982
602548695 -528851764
855595377 -751571802
193711707 -169012272
964896231 323712136
410737509 -360028390
828903621 278240281
773111781 259585161
-723486427 409103379
267104250 -233609009
558873378 -490410761
680894109 -597807790
72924189 25463405
549247023 184731492
987972111 -868083708
752035347 -660423032
934391052 -820924127
602098434 -528455465
645773751 -566896468
767794482 -674293497
378768978 -331891161
383266299 129232510
-98452233 54949407
878108427 -771386752
218680371 74199906
986171067 -866498512
393627591 -344969028
180654138 -157519601
897946023 301325992
-788636571 446018451
697553766 -612470853
486381357 -426606622
640370619 -562140880
7753914 -5340785
598496346 -525285073
33869052 -28326127
-499532807 282207819
717319941 240930041
109188885 37589233
-451688170 255098313
854009949 286635085
327439224 -286713075
-853786715 482933523
-73002958 40529457
933490530 -820131529
416044005 140192393
305157723 103115342
13157046 -10096373
-501568749 283361415
-637976863 360652347
669637584 -587900315
599459679 201521100
889364952 -781294227
511587531 172139286
413889336 -362802483
610653393 -535985146
401282028 -351706111
941595228 -827264911
754979433 253522247
215193381 73033961
353104101 -309302118
-727017 -423201
-640012805 361805943
366611931 -321191088
132900417 45517659
484389009 163044915
427847427 -375087752
593993736 -521322083
568328859 -498733040
830831022 -729775357
-485281213 274132647
994275765 -873631894
255397464 -223305235
627313050 -550648209
650369733 218543897
-689893384 390069045
226130499 -197545800
139230126 -121060093
585889038 -514188701
-419113098 236640777
19224543 7507852
573655953 192893107
839836242 -737701337
844943775 283603628
763742133 -670726806
876307383 -769801556
760558617 255387759
993825504 -873235595
-660372225 373341903
838035198 -736116141
584116923 196390942
91052199 -78656100
-797798310 451209633
-390609910 220490433
212403789 72101205
268004772 -234401607
613805220 -538759239
744518463 250024412
837272397 281038549
-585042371 330658851
937542879 -823698220
124371513 -107982226
608852349 -534399950
-103542088 57833397
-713306717 403335399
327474459 110577390
612904698 -537966641
391635075 132030778
934210719 313451820
222528411 -194375408
204517971 -178523448
593093214 -520529485
469271439 -411547260
941184699 315783710
410464821 138326881
789151935 264948508
349502013 -306131726
649672335 218310708
-708216862 400451409
598064883 201054722
564276510 -495166349
-237914260 133970733
668286801 -586711418
739878300 -649722959
160842654 -140082445
828579717 -727793862
-86236581 48027831
1789593 1678127
948158679 318115600
465219090 -407980569
484130052 -424625127
-819175701 463322391
286015212 -250253567
15408351 -12077868
50607453 18001357
207219537 -180901242
940244445 -826076014
54791841 19400491
546266070 -479314389
-460849909 260289495
507993885 -445628974
867957909 291298865
956527455 320913868
603899478 -530040661
491784489 -431362210
328171857 110810579
-24140350 12843153
749400249 251656735
-217554840 122434773
794359881 -697675138
302674869 -264916630
851993289 -748401410
-350909041 197995311
851220357 285702329
940487301 315550521
323290071 109178256
464861865 156515623
592642953 -520133186
806967189 -708771510
69437199 24297460
517864113 174237987
367062192 -321587387
28465920 -23570539
6853392 -4548187
697095399 234167560
-763187296 431598501
459365697 -402828682
182004921 -158708498
750684564 -659234135
502140492 -440477087
-611509617 345655599
823176585 -723038274
874234491 293397566
332392095 -291072364
721867860 -633870999
755637435 -663593424
487178601 163977671
758339001 -665971218
740334075 248625278
534109023 -468614316
213101187 72334394
-892469613 504851847
148940571 50881006
508444146 -446025273
699354810 -614056049
901521999 -791994300
-667498022 377379489
-726540340 410833773
792558837 -696089942
914579568 -803486971
518800149 -455140150
-967799467 547534899
730422819 -641400680
-220608753 124165167
662922897 222741299
880359732 -773368247
972567609 326277215
-125937450 70522953
881208471 295729456
222078150 -193979109
917731395 -806261064
665585235 -584333624
783572751 263082996
920262759 308788040
-812049904 459284805
-681749616 385454661
801564057 -704015922
630014616 -553026003
409386726 -358839493
637218792 -559366787
273077415 92388648
682450041 229270591
-694983239 392953035
930788964 -817753735
674778663 226705512
969080619 325111270
241889634 -211416265
-900613381 509466231
89251155 -77070904
21261744 -17229755
-782528745 442557663
248668485 84227033
73041759 -62804140
-150368754 84366105
-692947297 391799439
946066485 317416033
980238987 328842294
468348855 157681568
-257255709 144929895
402096045 135528613
516469317 173771609
475322835 160013458
-657318312 371611509
430548993 -377465546
-388573968 219336837
-505640633 285668607
952343067 319514734
787059741 264248941
666485757 -585126222
-973907293 550995687
-638994834 361229145
495836838 -434928901
228443943 77464552
37356891 13570766
17829747 7041474
708951165 238131773
564726771 -495562648
-964745554 545804505
908726175 -798335084
577840341 194292241
547852227 184265114
579932535 194991808
-622707298 352000377
879459210 -772575649
315282177 -276013002
960711843 322313002
-547377444 309317325
275867007 93321404
738977778 -648930361
332356245 112209713
620559135 -544703724
-986122945 557917263
789407010 -693315849
638569575 -560555684
256339863 86792112
328790007 -287901972
961406712 -844702067
-136117160 76290933
152427561 52046951
204968232 -178919747
-923008743 522155787
-2762959 730395
943396272 -828850107
276559731 -241931288
381174105 128532943
-921990772 521578989
960014445 322079813
938395107 314850954
872839695 292931188
656646315 220642598
177052050 -154349209
409767423 138093692
614255481 -539155538
-753007586 425830521
488182401 -428191818
808679079 271477800
665134974 -583937325
455763609 -399658290
59083668 -50518871
935291574 -821716725
266103435 90056758
332842356 -291468663
400701249 135062235
910499187 305523394
910076958 -799523981
300873825 -263331434
362559582 -317624397
436268547 146954874
140580909 -122248990
36570618 -30703921
98030517 33858209
268195629 90756325
635724375 213646928
943276893 316483277
251458077 85159789
686297241 -602563378
670594275 225306378
-490371068 277016637
116162865 39921123
520601193 -456725346
637119171 214113306
529022481 177969011
127073079 -110360020
75016383 26162972
910977480 -800316579
426046383 -373502556
-936242366 529654161
37921401 -31892818
-725522369 410256975
317083221 -277598198
-574862661 324890871
-990194829 560224455
131505621 45051281
137084805 46916793
488632662 -428588117
501823959 168874640
423344817 -371124762
105701895 36423288
257198508 -224890431
485030574 -425417725
90359139 31293130
924035049 -811809250
833532588 -732153151
851543028 -748005111
182905443 -159501096
2486991 1911316
552569724 -484862575
338695749 -296620550
-889415700 503121453
946548099 -831624200
886663386 -778916433
397229679 -348139420
598762281 201287911
-553485270 312778113
966291027 324178514
667836540 -586315119
216675018 -189223521
389124981 -341006038
973113498 -855005841
541763460 -475351399
-625761211 353730771
-341747302 192804129
-712288746 402758601
355370379 119904950
275208948 -240742391
-711270775 402181803
-687857442 388915449
249365883 84460222
335145837 113142469
-291866723 164541027
-518874256 293166981
227931543 -199130996
745731693 -654874846
238904913 80962387
824077107 -723830872
929438181 -816564838
803099895 269612288
-71984987 39952659
113373273 38988367
226351749 76764985
143732736 -125023083
310779567 -272050012
281962863 -246686876
-6834843 3037587
783103356 -687767663
265753467 -232420112
-127973392 71676549
345606807 116640304
-691929326 391222641
336444444 -294639055
17209395 -13663064
824719233 276841147
157309347 53679274
474224310 -415906549
567428337 -497940442
459282681 154650111
-928098598 525039777
510245190 -447610469
427397166 -374691453
985720806 -866102213
304025652 -266105527
-126955421 71099751
-658336283 372188307
-58751364 32454285
261701118 -228853421
-159530493 89557287
-421149040 237794373
-389591939 219913635
-437436576 247023141
-100488175 56103003
211271886 -184467933
130224906 -113134113
780085761 261917051
-688875413 389492247
251345115 -219738544
115366293 -100056246
768927393 258186027
536693859 180534090
667386279 -585918820
-577916574 326621265
-395699765 223374423
125926437 43185769
-934206424 528500565
513397017 -450384562
416741403 140425582
347699001 117339871
309428784 -270861115
427202373 143923417
84748545 -73107914
496287099 -435325200
-974925264 551572485
287722773 97285617
-834445266 471974361
616957047 -541533332
277009992 -242327587
563826249 -494770050
146848377 50181439
969061149 -851439150
-887379758 501967857
746181954 -655271145
928631535 311586308
471522744 -413528755
340496793 -298205746
217575540 -190016119
820024758 -720264181
82687761 28728051
41523489 -35063210
575983296 -505470123
31777707 11705254
61334973 -52500366
937697709 314617765
610618047 205252124
167770317 57177109
327889485 -287109374
440452935 148354008
192179247 65338724
121219686 -105208133
636768531 -558970488
-905703236 512350221
351303057 -307716922
815071887 -715904892
150036390 -130571269
-471029619 266057475
326538702 -285920477
12250563 5175962
697103505 -612074554
390926025 -342591234
733124385 -643778474
83397762 -71919017
-163602377 91864479
772297092 -678256487
-646120631 365266731
-115757740 64754973
870747501 292231621
981668457 -862535522
861681327 289200164
272057121 -237968298
904673826 -794768393
945647577 -830831602
400003851 134829046
-212464985 119550783
137782203 47149982
688098285 -604148574
807417450 -709167809
729175707 244894254
279711558 -244705381
787155705 -691334354
675490977 -593052202
523443297 176103499
-472047590 266634273
529156152 -464255027
531857718 -466632821
923052351 309720796
246842505 -215775554
690799851 -606526368
56884035 20100058
439058139 147887630
725469948 -637041391
162888531 55544786
162191133 55311597
565287177 190094839
648277539 217844330
426496644 -373898855
458014914 -401639785
-448634257 253367919
221177628 -193186511
705208203 -619207936
923749749 309953985
752935869 -661215630
350852796 -307320623
760590306 -667952713
840061989 281971305
383721849 -336250450
40843881 14736711
569471565 191493973
431449515 -378258144
133597815 45750848
525554064 -461084635
348151230 -304942829
-269471361 151851471
426946905 -374295154
-757079470 428137713
-649174544 366997125
-696001210 393529833
551339217 185431059
-391627881 221067231
255642465 86558923
-634922950 358921953
996279141 334205641
-773367006 437366481
64937061 -55670758
-373304403 210684867
953040465 319747923
819837447 275208824
217982973 73966717
313481133 -274427806
571480686 -501507133
456664131 -400450888
-857858599 485240715
1900521 -188898
91056537 31526319
797511708 -700449231
236486502 -206660677
902872782 -793183197
254945067 86325734
118952457 40853879
562497585 189162083
207669798 -181297541
75743325 -65181934
296788947 100317074
286327977 96819239
304475913 -266501826
467651457 157448379
699805071 -614452348
213523191 -186449428
352580787 118972194
37471140 -31496519
-957619757 541766919
986515569 330940995
-573844690 324314073
476025354 -417491745
794810142 -698071437
849741984 -746419915
-842589034 476588745
457887885 154183733
798915507 268213154
842851581 282904061
188758836 -164652983
861899031 -757119988
128423862 -111548917
-488335126 275863041
417491424 -365972875
-996302655 563685243
934908117 313685009
417941685 -366369174
229732587 -200716192
96005070 -83015389
-911811062 515811009
-143242957 80328519
158141088 -137704651
553470246 -485655173
675476061 226938701
-199231362 112052409
875629287 293863944
-728576282 411987369
-811031933 458708007
430098732 -377069247
864600597 -759497782
49628187 -42196592
675040716 -592655903
199565100 -174164159
733574646 -644174773
797061447 -700052932
513847278 -450780861
497187621 -436117798
50528709 -42989190
928087398 -815375941
963207756 -846287263
629114094 -552233405
558423117 -490014462
-703127007 397567419
-213482956 120127581
829930500 -728982759
-48571654 26686305
57732885 -49329974
-992230771 561378051
977616108 -858968831
-778456861 440250471
396779418 -347743121
664684713 -583541026
276109470 -241534989
756374229 253988625
-247075999 139161915
779951529 -684993570
429294567 144622984
-342765273 193380927
-700073094 395837025
560224161 -491599658
589696107 198256454
-530071937 299511759
886213125 -778520134
713312901 -626341318
147545775 50414628
508100541 170973341
840736764 -738493935
885392859 297128590
843438330 -740871729
958254885 -841927974
48515259 17301790
-15996582 8228769
336540633 113608847
854707347 286868274
482779269 -423436230
-914864975 517541403
860286531 288733786
538786053 181233657
839385981 -737305038
-836481208 473127957
74842803 -64389336
363460104 -318416995
299072781 -261746238
-325459766 183575361
635868009 -558177890
916775769 307622095
286915734 -251046165
318434004 -278787095
871804773 -765838566
814621626 -715508593
655679493 -575615046
-67913103 37645467
246392244 -215379255
94543527 32692264
-962709612 544650909
-96416291 53795811
281062341 -245894278
679093065 -596222594
203617449 -177730850
553431411 186130626
-370250490 208954473
457190487 153950544
272380017 92155459
668737062 -587107717
604349739 -530436960
737176734 -647345165
-253183825 142622703
655251519 220176220
100820109 34790965
-47553683 26109507
542663982 -476143997
539061894 -472973605
84298284 -72711615
434601342 -381032237
-863966425 488701503
600747651 -527266568
-597258023 337580427
360949563 121770462
897019389 -788031310
692911011 232768426
281446191 95186916
-557557154 315085305
344909409 116407115
-882289903 499083867
715113945 -627926514
274758687 -240346092
691516215 232302048
-963727583 545227707
411638031 -360820988
-415041214 234333585
243786699 82594710
68989410 -59237449
-937260337 530230959
439755537 148120819
-411987301 232603191
151837434 -132156465
38751687 14037144
386423415 -338628244
166375521 56710731
524838093 176569877
517166715 174004798
-760133383 429868107
114768069 39454745
117557661 40387501
310329306 -271653713
-616599472 348539589
245941983 -214982956
560674422 -491995957
367962714 -322379985
281512602 -246290577
956904102 -840739077
-643066718 363536337
980317674 -861346625
676173459 227171890
827679195 -727001264
704766777 236732639
767344221 -673897198
174046899 59275810
16308873 -12870466
886090257 297361779
-559593096 316238901
-754025557 426407319
918631917 -807053662
517449366 -453951253
447208650 -392128609
68739801 24064271
339330225 114541603
461166741 -404413878
-888397729 502544655
153822357 52513329
220277106 -192393913
-377376287 212992059
696202983 -611281956
184256226 -160689993
503491275 -441665984
636421773 213880117
144756183 49481872
911893983 305989772
-506658604 286245405
-9888756 4767981
489968193 164910427
646185345 217144763
821232243 275675202
575082774 -504677525
-229770492 129356349
-799834252 452363229
496737360 -435721499
346350186 -303357633
816872931 -717490088
181718277 61840889
42874272 -36252107
969778017 325344459
513679725 172838853
194968839 66271480
724293921 243261931
732223863 -642985876
168497091 -146819528
968160627 -850646552
-988158887 559070859
930026331 312052686
842537808 -740079131
451260999 -395695300
-302601 978560
607501566 -533211053
-360070780 203186493
186057270 -162275189
142832214 -124230485
213973452 -186845727
-633904979 358345155
245491722 -214586657
853312551 286401896
51879492 -44178087
423017985 142524283
509344668 -446817871
163544220 -142460239
23513049 -19211250
315618693 106613177
251795376 -220134843
785804922 -690145457
137429082 -119474897
36120357 -30307622
-545341502 308163729
565177032 -495958947
333292617 -291864962
81596718 -70333821
812166069 272643745
734475168 -644967371
278656599 94254160
781752573 -686578766
757888740 -665574919
991123938 -870857801
196863534 -171786365
-277615129 156465855
503916153 169574207
350402535 -306924324
11356002 -8511177
759163821 254921381
299973303 -262538836
535459806 -469803213
622473813 209216337
558313197 187762949
804715884 -706790015
644873229 -566103870
262151379 -229249720
310039509 104747665
232434153 -203093986
303575391 -265709228
-642048747 362959539
446758389 -391732310
42936075 15436278
-238932231 134547531
421623189 142057905
74318985 25929783
-319351940 180114573
978844191 328375916
633166443 -555800096
-353962954 199725705
669187323 -587504016
689424021 231602481
317013489 107079555
627763311 -551044508
-74020929 41106255
745281432 -654478547
183355704 -159897395
888879849 298294535
-176836000 99362853
473323788 -415113951
-305100346 172039401
390475764 -342194935
-881271932 498507069
129324384 -112341515
516548844 -453158655
193261446 -168615973
123470991 -107189628
-69949045 38799063
55481580 -47348479
403083072 -353291307
-380430200 214722453
986621328 -866894811
3344867 -2730393
908275914 -797938785
-598275994 338157225
318408285 107545933
141269193 48315927
23963310 -19607549
-903667294 511196625
707556369 237665395
642171663 -563726076
-328513679 185305755
-716360630 405065793
845689635 -742853224
509794929 -447214170
356067777 120138139
-670551935 379109883
420643251 -368746968
254947203 -222908936
501126561 168641451
-677677732 383147469
955132659 320447490
120769425 -104811834
372805329 125734675
-743845847 420639339
702956898 -617226441
339146010 -297016849
-158512522 88980489
712412379 -625548720
528325083 177735822
817047855 274276068
335093661 -293450158
441355257 -386976722
569679642 -499921937
328339746 -287505673
-465939764 263173485
387774198 -339817141
819574497 -719867882
531114675 178668578
258999552 -226475627
609752871 -535192548
141966591 48549116
311229828 -272446311
-230788463 129933147
335543922 -293846457
948799404 -833605695
206769276 -180504943
-561629038 317392497
-106596001 59563791
784904400 -689352859
73492020 -63200439
897469650 -788427609
80696196 -69541223
821825802 -721849377
698004027 -612867152
-195159478 109745217
902827809 302958315
324287397 -283938982
26198523 9839742
169165113 57643487
219826845 -191997614
235135719 -205471780
-838517150 474281553
309342111 104514476
534559284 -469010615
887563908 -779709031
209020581 -182486438
374200125 126201053
-558575125 315662103
508894407 -446421572
223879194 -195564305
521051454 -457121645
359554767 121304084
927186876 -814583343
-749953673 424100127
380476707 128299754
-808995991 457554411
172549440 -150386219
798862491 -701638128
545062635 183332358
170748396 -148801023
588301311 197790076
-110667885 61870983
-516838314 292013385
-762169325 431021703
701279787 235566694
199114839 -173767860
896551227 300859614
132476211 -115115608
925841943 310653552
722201727 242562364
-117793682 65908569
-526000053 297204567
401732289 -352102410
879909471 -772971948
-184979768 103977237
864470919 290132920
592485699 199189210
704307681 -618415338
678963051 228104646
249544071 -218153348
-787618600 445441653
227049147 76998174
-459831938 259712697
-85218610 47451033
259129455 87724868
-536179763 302972547
61765821 21732381
-721450485 407949783
-333603534 188189745
188692257 64172779
-846660918 478895937
487875999 164210860
911196585 305756583
344999403 -302168736
631539987 212247794
427899771 144156606
643072185 -564518674
656580015 -576407644
-674623819 381417075
-866002367 489855099
797961969 -700845530
717365250 -629908009
530417277 178435389
-317315998 178960977
950600448 -835190891
283538385 95886483
775448919 -681030580
-602347878 340464417
891165996 -782879423
922354953 309487607
891616257 -783275722
-164620348 92441277
908406993 304823827
936192096 -822509323
720967338 -633078401
-915882946 518118201
140571795 48082738
591292170 -518944289
325638180 -285127879
-436418605 246446343
540412677 -474162502
795260403 -698467736
865865715 290599298
-740791934 418908945
-210429043 118397187
881905869 295962645
354454884 -310491015
-280669042 158196249
652527666 -572840953
446308128 -391336011
323386875 -283146384
768244743 -674689796
957224853 321147057
38821923 -32685416
5502609 -3359290
885312603 -777727536
744380910 -653685949
691250112 -606922667
434873751 146488496
795710664 -698864035
388674720 -340609739
-864984396 489278301
826114029 277307525
677568255 227638268
-555521212 313931709
-595222081 336426831
113114988 -98074751
-742827876 420062541
414789858 -363595081
734057493 246526577
-113721798 63601377
-909775120 514657413
975364803 -856987336
156790305 -136515754
535299063 180067712
-850732802 481203129
298183743 100783452
48727665 -41403994
907012197 304357449
-60787306 33607881
403983594 -354083905
58976229 20799625
31617747 -26344632
355355406 -311283613
811019538 -712338201
-771331064 436212885
654328710 -574426149
674140194 -591863305
-218572811 123011571
873605817 -767423762
787605966 -691730653
-445580344 251637525
883061298 -775746041
-128991363 72253347
726820731 -638230288
-580970487 328351659
-266417448 150121077
57581433 20333247
715564206 -628322813
540862938 -474558801
247292766 -216171853
-443544402 250483929
-955583815 540613323
242790156 -212208863
-398753678 225104817
992924982 -872442997
486831618 -427002921
264011241 89357191
385973154 -338231945
955553319 -839550180
308644713 104281287
449009694 -393713805
314921295 106379988
23062788 -18814951
498336969 167708695
214873974 -187638325
791658315 -695297344
-606419762 342771609
685846980 -602167079
-647138602 365843529
71529393 24997027
780783159 262150240
110863683 -96093256
643522446 -564914973
828206223 278007092
228381804 -199527295
409836987 -359235792
651764529 219010275
818223714 -718678985
-482227300 272402253
453006099 152551410
528705891 -463858728
63858015 22431948
924485310 -812205549
868202685 -762668174
805889487 270545044
804494691 270078666
556622073 -488429266
231233535 78397308
505742580 -443647479
165345264 -144045435
-885343816 500814261
185902665 63240023
801705099 269145910
863773521 289899731
545760033 183565547
48277404 -41007695
-324441795 182998563
-293902665 165694623
-664444109 375649095
482994213 162578537
642621924 -564122375
200548023 68136992
187408053 -163464086
492685011 -432154808
216224757 -188827222
52329753 -44574386
753836391 -662008228
962804037 323012569
335994183 -294242756
584087994 -512603505
115816554 -100452545
661532886 -580766933
470622222 -412736157
801113796 -703619623
727083513 244194687
243089301 82361521
640820880 -562537179
878418879 294796700
-876182077 495623079
920883222 -809035157
756537957 -664386022
-449652228 253944717
206319015 -180108644
117167337 -101641442
220727367 -192790212
108491487 37356044
920960157 309021229
80245935 -69144924
588998709 198023265
459980079 154883300
3184389 2144505
-20068466 10535961
296091549 100083885
589040865 -516962794
18527145 7274663
-441508460 249330333
725920209 -637437690
-847678889 479472735
904222605 303424693
812370321 -713527098
106361073 -92130266
941144967 -826868612
743480388 -652893351
600297390 -526870269
436402386 -382617433
822276063 -722245676
534601665 179834523
995176287 -874424492
-50607596 27839901
234685458 -205075481
373816107 -327531872
-896541497 507159039
752887239 252822680
47376882 -40215097
294696753 99617507
952401492 -836776087
-958637728 542343717
-998338597 564838839
450360477 -394902702
408372627 137627314
105460551 -91337668
974914542 -856591037
785354661 -689749158
45028269 16135845
472873527 -414717652
271606860 -237571999
17132349 6808285
-57733393 31877487
653428188 -573633551
-468993677 264903879
958705146 -842324273
693608409 233001615
333053643 112442902
992474721 -872046698
437663343 147421252
423795078 -371521061
178402833 -155538106
317983743 -278390796
713763162 -626737617
741728871 249091656
972212976 -854213243
-600311936 339310821
888014169 -780105330
691700373 -607318966
506008347 170273774
445857867 -390939712
104560029 -90545070
571030425 -501110834
133826994 -116304505
436852647 -383013732
895156431 300393236
546716331 -479710688
516098583 -452762356
591742431 -519340588
-308154259 173769795
40172706 -33874313
-628815124 355461165
-30248176 16303941
57282624 -48933675
122570469 -106397030
938893662 -824887117
-66895132 37068669
-539233676 304702941
47827143 -40611396
893417301 -784860918
253550271 85859356
566978076 -497544143
849128163 285002762
153188217 -133345362
942495750 -828057509
871354512 -765442267
-36356002 19764729
-730612224 413140965
149637969 51114195
204067710 -178127149
353278185 119205383
-111685856 62447781
86872149 30127185
766835199 257486460
-785582658 444288057
63136017 -54085562
641271141 -562933478
35264697 12871199
631365399 -554214900
240538851 -210227368
671291673 225539567
5380809 -3883989
280161819 -245101680
842087547 -739682832
-365160635 206070483
-406897446 229719201
682695153 -599392986
-130009334 72830145
481878747 -422643632
857396421 -753156998
960506190 -843909469
-35338031 19187931
731773602 -642589577
-814085846 460438401
522852498 -458706841
224779716 -196356903
848841462 -745627317
-724504398 409680177
634517226 -556988993
-63841219 35338275
557615799 187529760
12256524 -9303775
857496939 287801030
738241881 247925711
690818817 232068859
-302046433 170309007
412557015 139026448
284214168 -248668371
277910514 -243120185
657343713 220875787
793909620 -697278839
-207375130 116666793
627355599 210848660
648974937 218077519
494849979 166542750
-5816872 2460789
749333781 -658045238
-75038900 41683053
596670087 200588344
499731765 168175073
462967785 -405999074
369763758 -323965181
683147439 229503780
-422167011 238371171
-189051652 106284429
-358034838 202032897
438360741 147654441
443939925 149519953
738939279 248158900
827508825 277773903
-193123536 108591621
982331181 329541861
395122065 133196723
-844624976 477742341
701977185 235799883
418391946 -366765473
304926174 -266898125
905617401 303891071
748005453 251190357
16434951 6575096
154989261 -134930558
506705745 170506963
406977831 137160936
-978997148 553879677
838485459 -736512440
660133305 221808543
93846129 32459075
289617300 -253423959
-802888165 454093623
185205267 63006834
442255779 -387769320
555523605 186830193
-948458018 536575737
-952529902 538882929
842988069 -740475430
-916900917 518694999
269355555 -235590504
928987920 -816168539
58633407 -50122572
-331567592 187036149
794731119 266814020
35219835 -29515024
769595526 -675878693
13607307 -10492672
624566007 209915904
489533184 -429380715
307249917 103814909
301670733 101949397
746610657 250723979
966359583 -849061356
568076769 191027595
-654264399 369881115
393177330 -344572729
-301028462 169732209
348396399 117573060
-345819186 195111321
408486204 -358046895
-410969330 232026393
816422670 -717093789
-632887008 357768357
-522946140 295474173
542213721 -475747698
356765175 120371328
853344072 -749590307
-68931074 38222265
252245637 -220531142
141031170 -122645289
-860912512 486971109
770322189 258652405
440904996 -386580423
-880253961 497930271
266653989 -233212710
233325729 79096875
-839535121 474858351
598946607 -525681372
275659209 -241138690
254247669 86092545
189209097 -165049282
628052997 211081849
519956307 174937554
623710962 -547477817
599396868 -526077671
453512304 -397676795
392332473 132263967
239188068 -209038471
791941527 265881264
808317972 -709960407
-549413386 310470921
65837583 -56463356
-619653385 350269983
261250857 -228457122
-97434262 54372609
324737658 -284335281
715227747 240230474
584814321 196624131
347250708 -304150231
734925429 -645363670
-895523526 506582241
158704143 54145652
-369232519 208377675
313030872 -274031507
487732140 -427795519
190109619 -165841880
672789411 -590674408
79795674 -68748625
-344801215 194534523
284933181 96352861
454412826 -398469393
326079663 110111012
65950209 23131515
160392393 -139686146
262601640 -229646019
59673627 21032814
431386761 145322551
476925876 -418284343
398580462 -349328317
966809844 -849457655
757438479 -665178620
997877853 -876802286
836684415 -734927244
782177955 262616618
865951380 -760686679
28916181 -23966838
855404745 287101463
572381208 -502299731
-355998896 200879301
-12942669 6498375
770045787 -676274992
306727218 -268483321
-701091065 396413823
-735702079 416024955
165678123 56477542
685396719 -601770780
267498231 90523136
256297986 -224097833
695003205 233467993
222864759 75599040
227031021 -198338398
921783744 -809827755
460677477 155116489
424695600 -372313659
307947315 104048098
-841571063 476011947
607828455 204319368
-680731645 384877863
363009843 -318020696
-601329907 339887619
-330549621 186459351
528255630 -463462429
176836491 60208566
-669533964 378533085
290954 -999999
96635721 33391831
212622669 -185656830
801007701 268912721
701155854 -615641245
185607009 -161878890
578234601 -507451618
843888591 -741268028
-874146135 494469483
-21086437 11112759
-109649914 61294185
130675167 -113530412
421093512 -369143267
893761635 299926858
129774645 -112737814
890274645 298760913
-91326436 50911821
-351927012 198572109
495386577 -434532602
-295938607 166848219
163994481 -142856538
679543326 -596618893
-165638319 93018075
504842058 -442854881
129413427 44351714
190784451 64872346
865050858 -759894081
-849714831 480626331
852893811 -749194008
778150485 -683408374
604800000 -530833259
290067561 -253820258
760140045 -667556414
-720432514 407372985
660632364 -579974335
450913905 151851843
58278831 20566436
-493424981 278747031
669896877 225073189
461617002 -404810177
388224459 -340213440
577142943 194059052
237387024 -207453275
214423713 -187242026
358159971 120837706
851917755 285935518
994186947 333506074
477376137 -418680642
374716629 -328324470
619684221 208283581
461374875 155349678
358857369 121070895
772414383 259351972
844246377 283370439
-891451642 504275049
601197912 -527662867
-541269618 305856537
180323481 61374511
215774496 -188430923
347001603 117106682
-572826719 323737275
-407915417 230295999
-959655699 542920515
85649067 -73900512
501239970 -439684489
996076809 -875217090
227481282 -198734697
468821178 -411150961
351185991 118505816
559773900 -491203359
43774794 -37044705
178853094 -155934405
833088009 279639415
-714324688 403912197
420925791 141824716
227746545 77231363
714213423 -627133916
289167039 -253027660
878558688 -771783051
785664945 263782563
517899627 -454347552
424245339 -371917360
574632513 -504281226
777296169 260984295
521351103 175403932
-845642947 478319139
12947961 5409151
185156748 -161482591
745913259 250490790
-236896289 133393935
583637733 -512207206
892366839 299460480
406685160 -356461699
449459955 -394110104
-361088751 203763291
824021835 276607958
915930351 -804675868
256748247 -224494132
428297688 -375484051
347700969 -304546530
-804924107 455247219
609920649 205018935
86099328 -74296811
404433855 -354480204
657030276 -576803943
319803081 108012311
407585682 -357254297
788454537 264715319
984820284 -865309615
-214500927 120704379
402793443 135761802
384661095 129698888
-897559468 507735837
520150932 -456329047
-172764116 97055661
982568979 -863328120
205429809 69769315
-231806434 130509945
815653059 273809690
765993438 -672708301
643972707 -565311272
551669202 -484069977
-970853380 549265293
467920656 -410358363
368620941 124335541
432350037 -379050742
954435261 320214301
-532107879 300665355
582737211 -511414608
853794333 -749986606
875406861 -769008958
195512751 -170597468
342817215 115707548
231983892 -202697687
232628331 78863686
609302610 -534796249
647124534 -568085365
540878247 181933224
398130201 -348932018
511595973 -448799366
262616445 88890813
713135553 239530907
981633783 329308672
394797 1211749
-18032524 9382365
19460700 -15644559
561800187 188928894
615156003 -539948136
67638627 -58048552
987521850 -867687409
-326477737 184152159
906925131 -796749888
99156897 -85789482
34769574 -29118725
79898169 27795295
282863385 -247479474
-509712517 287975799
789857271 -693712148
-994266713 562531647
631815660 -554611199
567379371 190794406
884412081 -776934938
559323639 -490807060
397911657 134129479
885762864 -778123835
673239672 -591070707
15040155 6108718
826811427 277540714
88350633 -76278306
441150333 148587197
322936614 -282750085
795428517 267047209
326777061 110344201
-624743240 353153973
583419525 196157753
728478309 244661065
-232824405 131086743
-363124693 204916887
45125577 -38233602
777993567 261217484
202640217 68836559
673689933 -591467006
909104391 305057016
838935720 -736908739
15737553 6341907
45575838 -38629901
439554213 -385391526
932118525 312752253
70340193 -60426346
463868307 -406791672
971312454 -853420645
-512766430 289706193
604341465 203153423
581327331 195458186
82947501 -71522718
277460253 -242723886
852615153 286168707
208219401 70702071
329240268 -288298271
845239374 -742456925
125722296 -109171123
730873080 -641796979
493135272 -432551107
823626846 -723434573
856102143 287334652
40622967 -34270612
-498514836 281631021
747082476 -656063743
293219388 -256594351
333742878 -292261261
-376358316 212415261
-690911355 390645843
93303504 -80637595
898643421 301559181
35962095 13104388
846139896 -743249523
360252165 121537273
925385832 -812998147
174350484 -151971415
397214259 133896290
-507676575 286822203
497637882 -436514097
-254201796 143199501
916078371 307388906
733360095 246293388
538088655 181000468
618307830 -542722229
-821211643 464475987
739636677 248392089
418842207 -367161772
97355853 -84204286
-322405853 181844967
758466423 254688192
474625437 159780269
895668606 -786842413
817323192 -717886387
326088441 -285524178
867260511 291065676
395428635 -346554224
912591381 306222961
282840987 95653294
319784787 -279975992
586339299 -514585000
792108576 -695693643
498088143 -436910396
-766241209 433328895
940694706 -826472313
906024609 -795957290
674590455 -592259604
194612229 -169804870
25764354 -21192745
188308575 -164256684
-191087594 107438025
356706189 -312472510
404885637 136461369
805616406 -707582613
59984190 -51311469
372915585 -326739274
-267435419 150697875
-46535712 25532709
666409887 223907244
629447793 211548227
702506637 -616830142
681752643 229037402
-178871942 100516449
983469501 -864120718
55931841 -47744778
-313244114 176653785
660182103 -579578036
-609473675 344502003
-879235990 497353473
687197763 -603355976
998328114 -877198585
892066518 -783672021
-92344407 51488619
975815064 -857383635
694852200 -610093059
999999 603700
446032119 150219520
816350457 274042879
882603267 296195834
862378725 289433353
-769295122 435059289
726386115 243961498
-653246428 369304317
-981033090 555033273
900735615 302258748
423715383 142757472
-8870785 4191183
257037261 87025301
-337675418 190496937
298172259 -260953640
272507382 -238364597
989773155 -869668904
602946669 202687045
-256237738 144353097
-473065561 267211071
754286652 -662404527
201942819 68603370
652977927 -573237252
116266815 -100848844
431899776 -378654443
557072334 -488825565
139680387 -121456392
365261148 -320002191
-65877161 36491871
471138447 158614324
740778822 -650515557
320235048 -280372291
85198806 -73504213
-683785558 386608257
246576291 83527466
359858016 -315246603
295394151 99850696
78895152 -67956027
550768680 -483277379
927236739 311119930
127321233 43652147
194161968 -169408571
713832951 239764096
953737863 319981112
73621587 25696594
836234154 -734530945
560405391 188462516
-868038309 491008695
-810013962 458131209
153638478 -133741661
111313944 -96489555
387450687 130631644
587603913 197556887
-146296870 82058913
-968817438 548111697
96905592 -83807987
764743005 256786893
811920060 -713130799
614802435 206651258
660830703 222041732
352653840 -308905819
870003729 -764253370
898820433 -789616506
880809993 -773764546
751585086 -660026733
662883669 -581955830
124821774 -108378525
425145861 -372709958
459815958 -403224981
-756061499 427560915
291209763 98451562
86174751 29893996
181104399 -157915900
92853243 -80241296
-663426138 375072297
548517375 -481295884
782875353 262849807
126172557 -109567422
336894705 -295035354
939343923 -825283416
923584788 -811412951
997427592 -876405987
416590902 -365180277
-529053966 298934961
86999850 -75089409
997673937 334672019
250063281 84693411
387323937 -339420842
-435400634 245869545
685937031 230436536
914129307 -803090672
448109172 -392921207
-486299184 274709445
714530349 239997285
996976539 334438830
647574795 -568481664
-995284684 563108445
478726920 -419869539
191010141 -166634478
584538255 -512999804
720066816 -632285803
502521357 169107829
-737738021 417178551
-741809905 419485743
-132045276 73983741
556918401 187296571
430999254 -377861845
367512453 -321983686
139176999 47616360
197061033 66971047
810569277 -711941902
344098881 -301376138
236812719 80262820
860998509 -756327390
294119910 -257386949
200015361 -174560458
287816256 -251838763
438203430 -384202629
809218494 -710753005
642698355 215978818
542970441 182632791
136387407 46683604
-311208172 175500189
711511857 -624756122
-610491646 345078801
843548979 283137250
521951976 -457914243
793009098 -696486241
688029225 231136103
882160776 -774953443
-477137445 269518263
161493735 55078408
784003878 -688560261
491362989 165376805
270256077 -236383102
790546731 265414886
799312752 -702034427
146434302 -127400877
307627740 -269275919
265303206 -232023813
752485608 -660819331
964108278 -847079861
-155458609 87250095
292769127 -256198052
278811036 -243912783
25501125 9606553
806516928 -708375211
944296794 -829642705
-249111941 140315511
722768382 -634663597
802402497 269379099
115465467 39687934
32475105 11938443
807867711 -709564108
211706391 71868016
314223897 106146799
231533631 -202301388
-161566435 90710883
690121419 231835670
757769025 254455003
-278633100 157042653
64036539 -54878160
802914840 -705204819
-52643538 28993497
433700820 -380239639
750097647 251889924
87569547 30360374
595794780 -522907279
51304851 18234546
230182848 -201112491
514747800 -451573459
218476062 -190808717
-108631943 60717387
183805965 -160293694
-173782087 97632459
462517524 -405602775
54581058 -46555881
780401790 -685389869
22711533 8673797
-693965268 392376237
496942173 167242317
796125915 267280398
118255059 40620690
529606413 -464651326
494936316 -434136303
186507531 -162671488
384622371 -337043048
761953413 255854137
655229232 -575218747
984423375 330241428
321135570 -281164889
943974291 316716466
229141341 77697741
-571808748 323160477
454863087 -398865692
233334675 -203886584
363041757 122470029
363910365 -318813294
654778971 -574822448
616506786 -541137033
184706487 -161086292
667804683 224373622
135177777 -117493402
497639571 167475506
-652228457 368727519
841456785 282437683
592192692 -519736887
905124087 -795164692
922684266 -810620353
475575093 -417095446
272957643 -238760896
287025375 97052428
320500479 108245500
946097838 -831227901
662433408 -581559531
-418095127 236063979
160098939 54612030
-38391944 20918325
883511559 -776142340
-678695703 383724267
-843607005 477165543
321895275 108711878
375594921 126667431
799763013 -702430726
507403143 170740152
680443848 -597411491
-70967016 39375861
915380973 307155717
725019687 -636645092
817745253 274509257
253146159 -221323740
679660449 228337835
813721104 -714715995
510192735 171672908
20361222 -16437157
833082327 -731756852
125229039 42952580
313526499 105913610
234023127 79330064
764045607 256553704
55489239 19633680
-25158321 13419951
419742729 -367954370
149135868 -129778671
573731991 -503488628
811468671 272410556
-137135131 76867731
617407308 -541929631
458585283 154416922
659435907 221575354
366161670 -320794789
-563664980 318546093
527805369 -463066130
688726623 231369292
-655282370 370457913
-783546716 443134461
554128809 186363815
340947054 -298602045
702056376 -616433843
753386130 -661611929
639470097 -561348282
-260309622 146660289
314831916 -275616703
315732438 -276409301
-404861504 228565605
893867562 -785257217
923134527 -811016652
105010290 -90941369
549417897 -482088482
154088739 -134137960
-26176292 13996749
844338852 -741664327
305376435 -267294424
-586060342 331235649
441847731 148820386
761256015 255620948
842154183 282670872
655948917 220409409
772747353 -678652786
743123667 249558034
-219590782 123588369
632265921 -555007498
762650811 256087326
441805518 -387373021
167072919 56943920
988422372 -868480007
358056972 -313661407
899720955 -790409104
-138153102 77444529
673383867 226239134
31080309 11472065
644422968 -565707571
656129754 -576011345
-731630195 413717763
-446598315 252214323
-1744988 153597
348601491 -305339128
963501435 323245758
46476360 -39422499
-131027305 73406943
466119612 -408773167
389575242 -341402337
788056227 -692126952
-428274837 241831959
-343783244 193957725
820534845 275442013
527355108 -462669831
-420131069 237217575
942946011 -828453808
155914551 53212896
600157077 201754289
54130797 -46159582
818442651 274742446
435571149 146721685
-548395415 309894123
804265623 -706393716
425596122 -373106257
-736720050 416601753
-738755992 417755349
863076123 289666542
273407904 -239157195
824977629 -724623470
217125279 -189619820
-542287589 306433335
112664727 -97678452
-686839471 388338651
181020879 61607700
-168692232 94748469
6671379 3310450
44675316 -37837303
447426915 150685898
679993587 -597015192
588140343 -516170196
541575645 182166413
49212657 17534979
385358493 129932077
164283327 56011164
601648173 -528059166
133376733 -115908206
-81146726 45143841
667107285 224140433
245041461 -214190358
594894258 -522114681
689449068 -605337471
912328263 -801505476
440454735 -386184124
776349441 -681823178
212172408 -185260531
172652103 58809432
-840553092 475435149
930723729 312285875
526454586 -461877233
776598771 260751106
704757942 -618811637
962757495 -845890964
-463903822 262019889
747532737 -656460042
554370768 -486447771
714663684 -627530215
285114690 -249460969
964558539 -847476160
168947352 -147215827
974014020 -855798439
933513321 313218631
5973981 3077261
870453990 -764649669
717815511 -630304308
726370470 -637833989
777249963 -682615776
-671569906 379686681
433478955 146022118
110583681 38055611
960055929 -843513170
90151677 -77863502
-550431357 311047719
98706636 -85393183
478809825 161179403
249093810 -217757049
444056823 -389354516
633632181 212947361
-87254552 48604629
24106329 9140175
535996461 180300901
168046830 -146423229
-907739178 513503817
978146793 328142727
-366178606 206647281
834433110 -732945749
932139747 -818942632
883998063 296662212
571563759 192193540
-456778025 257982303
383963697 129465699
-562647009 317969295
532509471 179134956
319334526 -279579693
485783805 163511293
383271588 -335854151
95240925 32925453
-194141507 109168419
577784340 -507055319
7303653 -4944486
299523042 -262142537
258549291 -226079328
30382911 11238876
137879343 -119871196
773809179 259818350
429198210 -376276649
-515820343 291436587
962307234 -845494665
-29230205 15727143
267554511 -234005308
-368214548 207800877
-265399477 149544279
291907161 98684751
157690827 -137308352
952851753 -837172386
-438454547 247599939
-971871351 549842091
-304082375 171462603
-867020338 490431897
260350335 -227664524
456213870 -400054589
284664429 -249064670
174744297 59508999
206127207 70002504
847940940 -744834719
377868456 -331098563
452308701 152318221
337238031 113842036
735452289 246992955
595972689 200355155
602249271 202453856
260800596 -228060823
346304205 116873493
380570022 -333476357
605250261 -531229558
118067859 -102434040
280612080 -245497979
-90308465 50335023
-399771649 225681615
204732411 69536126
-613545559 346809195
108612378 -94111761
507093363 -444836376
967710366 -850250253
687648024 -603752275
338245488 -296224251
-374322374 211261665
64486800 -55274459
101408202 -87770977
-467975706 264327081
19010439 -15248260
120347253 41320257
-339711360 191650533
522745899 175870310
-511748459 289129395
569229381 -499525638
436965945 147188063
-261327593 147237087
5952870 -3755589
763348209 256320515
480527964 -421454735
-927080627 524462979
718017339 241163230
983028579 329775050
471973005 -413925054
157240566 -136912053
-51625567 28416699
-59769335 33031083
640606161 215279251
52002249 18467735
653159325 219476653
-991212800 560801253
386055891 130165266
400831767 -351309812
43324533 -36648406
-792708455 448325643
79200771 27562106
33869901 12404821
998778375 -877594884
605038863 203386612
775901373 260517917
454400895 153017788
894317823 -785653516
199153227 67670614
736847085 247459333
338632827 114308414
793459359 -696882540
-528035995 298358163
195666237 66504669
270985221 91689081
76643847 -65974532
-235878318 132817137
888914691 -780897928
979867413 -860950326
80595567 28028484
92451333 31992697
506192841 -444043778
766443699 -673104600
-933188453 527923767
-107613972 60140589
993375243 -872839296
881710515 -774557144
148243173 50647817
-274561216 154735461
980936385 329075483
-153422667 86096499
-621689327 351423579
126622818 -109963721
-675641790 381993873
-123901508 69369357
788506488 -692523251
-823247585 465629583
109512900 -94904359
686747502 -602959677
803797293 269845477
879116277 295029889
676841760 -594241099
230536137 78164119
-960673670 543497313
76411179 26629350
980767935 -861742924
948856077 318348789
326988963 -286316776
-413005272 233179989
70134597 24530649
965593629 323945325
191910663 -167427076
378384513 127600187
554821029 -486844070
453703497 152784599
9104697 -6529682
29366442 -24363137
-965763525 546381303
257648769 -225286730
296821476 -259764743
319105683 107779122
30266964 -25155735
434151081 -380635938
759239523 -666763816
-977979177 553302879
812820582 -713923397
453962565 -398073094
805192089 270311855
242391903 82128332
750234303 -658837836
405583035 136694558
87450111 -75485708
634967487 -557385292
-31266147 16880739
934841313 -821320426
201245421 68370181
119649855 41087068
-41445857 22648719
138779865 -120663794
-43481799 23802315
361659060 -316831799
837584937 -735719842
32968530 -27533529
498538404 -437306695
748433259 -657252640
736276212 -646552567
754736913 -662800826
983919762 -864517017
239602311 81195576
5276583 2844072
989305161 331873751
102308724 -88563575
535009545 -469406914
662225499 222508110
27593319 10306120
654554121 219943031
788956749 -692919550
162193437 -141271342
796823313 267513587
50978970 -43385489
-635940921 359498751
-645102660 364689933
-245040057 138008319
493585533 -432947406
241439373 -211019966
-139171073 78021327
357606711 -313265108
376067412 -329513367
759861219 255154570
198455829 67437425
-931152511 526770171
202716927 -176938252
-11924698 5921577
635026977 213413739
612012843 205718502
-893487584 505428645
132025950 -114719309
240299709 81428765
646882743 217377952
914683575 306922528
556171812 -488032967
420192990 -368350669
269590425 91222703
830380761 -729379058
442706040 -388165619
-884325845 500237463
378318717 -331494862
278360775 -243516484
128716029 44118525
939789903 315317332
473774049 -415510250
-546359473 308740527
135628038 -117889701
154539000 -134534259
976054599 327443160
826778673 -726208666
-858876570 485817513
-381448171 215299251
443156301 -388561918
-335639476 189343341
615499833 206884447
-338693389 191073735
841637286 -739286533
404884116 -354876503
-789654542 446595249
822627039 276141580
663620295 222974488
342119817 115474359
764192394 -671123105
597367485 200821533
777700224 -683012075
418833597 141125149
-223662666 125895561
117617598 -102037741
929328933 311819497
786255183 -690541756
736149687 247226144
417041163 -365576576
198214317 -172975262
342297837 -299790942
724119165 -635852494
485931096 -426210323
470441049 158381135
992024460 -871650399
78444891 -67559728
624161223 -547874116
297271737 -260161042
525535491 176803066
504391797 -442458582
956003580 -839946479
632716182 -555403797
96455331 -83411688
936642357 -822905622
661528101 222274921
318884265 -279183394
54094443 19167302
671438628 -589485511
457114392 -400847187
67188366 -57652253
-384502084 217029645
565627293 -496355246
381871503 128766132
413951811 139492826
229838739 77930930
440004474 -385787825
-431328750 243562353
-196177449 110322015
873155556 -767027463
-524982082 296627769
836574999 280805360
396516861 133663101
492757785 165843183
218926323 -191205016
970862193 -853024346
-292884694 165117825
-805942078 455824017
825416631 277074336
152737956 -132949063
242339895 -211812564
894459033 300160047
-290848752 163964229
240989112 -210623667
547154829 184031925
-935224395 529077363
-817139759 462168795
-204321217 114936399
992792151 333039696
385522893 -337835646
696398001 233934371
898370172 -789220207
138479601 47383171
710161074 -623567225
-513784401 290282991
18109917 -14455662
469721700 -411943559
274472211 92855026
883961820 -776538639
707009247 -620793132
-492407010 278170233
103609701 35723721
762391350 -669537909
512946756 -449988263
271156599 -237175700
863249814 -758308885
918867963 308321662
-340729331 192227331
58183146 -49726273
196413273 -171390066
763291872 -670330507
810771273 272177367
215324235 -188034624
3251304 -1377795
21316737 8207419
477826398 -419076941
651067131 218777086
512046234 -449195665
694305807 233234804
476717631 160479836
683145414 -599789285
302368131 102182586
537711111 -471784708
549944421 184964681
274308426 -239949793
-567736864 320853285
167146308 -145630631
380119761 -333080058
975357201 327209971
-432346721 244139151
-258273680 145506693
107794089 37122855
599847129 -526473970
593880495 199655588
-980015119 554456475
235417923 79796442
111281079 38288800
18560178 -14851961
693051156 -608507863
-53661509 29570295
-89290494 49758225
712862640 -625945019
352203579 -308509520
666936018 -585522521
773197614 -679049085
889577247 298527724
-287794839 162233835
260524251 88191246
253596420 -221720039
145083519 -126211980
-134081218 75137337
888464430 -780501629
44225055 -37441004
505310949 170040585
377687115 127366998
68539149 -58841150
-383484113 216452847
633616704 -556196395
849291723 -746023616
4579185 2610883
-750971644 424676925
63160617 22198759
410287248 -359632091
424412781 142990661
767532597 257719649
14057568 -10888971
637816569 214346495
790757793 -694504746
651176883 -571652056
328869255 111043768
-458813967 259135899
75293064 -64785635
353975583 119438572
860983929 288966975
434176353 146255307
-827319469 467936775
-268453390 151274673
-225698608 127049157
-222644695 125318763
330140790 -289090869
800213274 -702827025
888182451 298061346
303762927 102648964
-520910198 294320577
-133063247 74560539
-748935702 423523329
536810589 -470992110
10905741 -8114878
755676831 253755436
203167188 -177334551
304460325 102882153
-500550778 282784617
62463219 21965570
515771919 173538420
715925145 240463663
-699055123 395260227
912778524 -801901775
630464877 -553422302
425807577 143457039
821375541 -721453078
307177479 -268879620
746632215 -655667444
547166592 -480106987
398609055 134362668
151730163 51813762
976715586 -858176233
868652946 -763064473
-706180920 399297813
704069379 236499450
113565249 -98471050
-271507303 153005067
802014318 -704412221
59533929 -50915170
269805816 -235986803
897248625 301092803
693501417 -608904162
435501864 -381824835
909626697 -799127682
480978225 -421851034
425110179 143223850
-228752521 128779551
-972889322 550418889
331491573 -290279766
95938323 33158642
-386538026 218183241
-281687013 158773047
26664876 -21985343
49177926 -41800293
548967636 -481692183
769145265 -675482394
417438801 140658771
118968381 -103226638
108162117 -93715462
555271290 -487240369
544465026 -477729193
900171216 -790805403
805166145 -707186314
765092916 -671915703
755187174 -663197125
-898577439 508312635
999228636 -877991183
979417152 -860554027
786362343 264015752
201366144 -175749355
605736261 203619801
466256661 156982001
705658464 -619604235
-644084689 364113135
155889783 -135723156
823324437 276374769
924935571 -812601848
-393663823 222220827
553920507 -486051472
887113647 -779312732
-543305560 307010133
210821625 -184071634
819140049 274975635
-650192515 367573923
131125428 -113926711
607051305 -532814754
498988665 -437702994
932590008 -819338931
837134676 -735323543
870904251 -765045968
977165847 -858572532
376517673 -329909666
337344966 -295431653
121044651 41553446
379081911 127833376
471835845 158847513
862799553 -757912586
727780911 244427876
438653691 -384598928
526930287 177269444
969961671 -852231748
810073875 271944178
824527368 -724227171
-120847595 67638963
653878449 -574029850
626658201 210615471
545365548 -478521791
167596569 -146026930
532758240 -467425419
809668755 -711149304
134992611 46217226
99425313 34324587
575748147 193592674
377418195 -330702264
807284283 271011422
-180907884 101670045
703857420 -618019039
547616853 -480503286
858747204 -754345895
123020730 -106793329
574182252 -503884927
-732648166 414294561
585438777 -513792402
-387555997 218760039
83848023 -72315316
503218755 169341018
-779474832 440827269
379219239 -332287460
-605401791 342194811
969511410 -851835449
-623725269 352577175
-396717736 223951221
414339597 -363198782
550641819 185197870
238737807 -208642172
-142224986 79751721
317710887 107312744
-336657447 189920139
-174800058 98209257
449910216 -394506403
-920972801 521002191
802464579 -704808520
-976961206 552726081
282143589 95420105
988872633 -868876306
360308277 -315642902
100122711 34557776
951951231 -836379788
-894505555 506005443
987071589 -867291110
161743176 -140875043
931689486 -818546333
-717378601 405642591
465559263 156748812
-551449328 311624517
872255034 -766234865
53680536 -45763283
634066965 -556592694
268905294 -235194205
94654287 -81826492
9460971 4243206
466569873 -409169466
641721402 -563329777
796160925 -699260334
-364142664 205493685
790307532 -694108447
646224012 -567292767
502590753 -440873386
-704144978 398144217
209614197 71168449
-576898603 326044467
186600063 63473212
119868903 -104019236
-273543245 154158663
-564682951 319122891
-697019181 394106631
322486353 -282353786
869103207 -763460772
63586278 -54481861
945197316 -830435303
931421127 312519064
-147314841 82635711
199850625 67903803
887485053 297828157
618289425 207817203
-590132226 333542841
548549625 184498303
-296956578 167425017
77994630 -67163429
616056525 -540740734
-886361787 501391059
66738105 -57255954
-367196577 207224079
92402982 -79844997
835877601 280572171
919982700 -808242559
422894556 -370728463
951645669 319281545
213072930 -186053129
24413571 -20003848
10855767 4709584
-157494551 88403691
841187025 -738890234
646674273 -567689066
-987140916 558494061
561574944 -492788555
3881787 2377694
223562157 75832229
406280433 136927747
901071738 -791598001
163093959 -142063940
-878218019 496776675
149586129 -130174970
544365237 183099169
949553475 318581978
778690965 261450673
-830373382 469667169
364810887 -319605892
151032765 51580573
884695461 296895401
77108577 26862539
357156450 -312868809
-99470204 55526205
480077703 -421058436
677742282 -595033697
561124683 -492392256
-240968173 135701127
723668904 -635456195
727270992 -638626587
742426269 249324845
684045936 -600581883
34319313 -28722426
-825283527 466783179
766137801 257253271
-10906727 5344779
-32284118 17457537
179303355 -156330704
-837499179 473704755
142663989 48782305
150936912 -131363867
1450260 207401
892967040 -784464619
670087845 -588296614
676391499 -593844800
263952423 -230834916
586789560 -514981299
317533482 -277994497
93148731 32225886
173449962 -151178817
290517822 -254216557
362344359 122236840
135690009 46450415
349952274 -306528025
-40427886 22071921
623868609 209682715
247971087 83993844
879008949 -772179350
718265772 -630700607
835180203 280338982
780852051 -685786168
913228785 -802298074
724991319 243495120
367923543 124102352
370664280 -324757779
323987469 109411445
280748793 94953727
982118718 -862931821
613407639 206184880
172099179 -149989920
582722127 195924564
676870857 227405079
868655307 291532054
204035013 69302937
372465324 -326342975
114465771 -99263648
771019587 258885594
-198213391 111475611
118518120 -102830339
-519892227 293743779
710611335 -623963524
81292965 28261673
-321387882 181268169
707909769 -621585730
944671689 316949655
297721998 -260557341
91753935 31759508
132926472 -115511907
661983147 -581163232
605700522 -531625857
-745881789 421792935
-746899760 422369733
-216536869 121857975
-497496865 281054223
700705593 -615244946
300423564 -262935135
-394681794 222797625
-248093970 139738713
341397315 -298998344
-201267304 113206005
782202834 -686975065
893064237 299693669
664317693 223207677
430689363 145089362
432800298 -379447041
587239821 -515377598
948349143 -833209396
-334621505 188766543
797520711 267746776
123921252 -107585927
481599417 162112159
226580760 -197942099
339596271 -297413148
-775402948 438520077
221627889 -193582810
-592168168 334696437
-943368163 533691747
782653095 -687371364
288266517 -252235062
285630579 96586050
-941332221 532538151
418136199 140891960
522402237 -458310542
572261157 192426729
469046253 157914757
906314799 304124260
563375988 -494373751
155217153 52979707
403490841 135994991
892516779 -784068320
-19050495 9959163
19921941 7741041
639908763 215046062
160796337 54845219
-685821500 387761853
-362106722 204340089
-297974549 168001815
-954565844 540036525
116860263 40154312
-826301498 467359977
460716480 -404017579
69439671 -59633748
60371025 21266003
584988516 -513396103
-883307874 499660665
970411932 -852628047
910527219 -799920280
-414023243 233756787
639920358 -561744581
67345005 23597893
379669500 -332683759
581386428 -510225711
449519109 151385465
685239633 230203347
77544369 -66767130
250760679 84926600
60434451 -51707768
74392542 -63993037
650276361 -570859458
170298135 -148404724
-455760054 257405505
402632811 -352895008
834482805 280105793
867302163 -761875576
609223251 204785746
873537093 293164377
489082923 -428984416
-197195420 110898813
947461281 317882411
900621477 -791201702
189389655 64405968
172999701 -150782518
870050103 291998432
171198657 -149197322
890715735 -782483124
334448439 112909280
303065529 102415775
-566718893 320276487
106811334 -92526565
222978672 -194771707
11806263 -8907476
8204175 -5737084
76193586 -65578233
-666480051 376802691
554826207 186597004
-901631352 510043029
-607437733 343348407
533208501 -467821718
769624791 258419216
807981681 271244611
111764205 -96885854
273858165 -239553494
-945404105 534845343
976751997 327676349
234720525 79563253
340027623 114774792
657930798 -577596541
367226145 123869163
551218941 -483673678
999068733 335138397
-121865566 68215761
422444295 -370332164
374897523 126434242
362109321 -317228098
406234899 -356065400
943846533 -829246406
953752275 -837964984
597595824 -524492475
-307136288 173192997
775203975 260284728
732662697 246060199
957354363 -841135376
544915287 -478125492
88800894 -76674605
-427256866 241255161
625960803 210382282
-768277151 434482491
928537659 -815772240
756087696 -663989723
647580141 217611141
744831171 -654082248
-938278308 530807757
-537197734 303549345
606433659 203852990
-832409324 470820765
-662408167 374495499
-665462080 376225893
257734659 87258490
931239225 -818150034
146884563 -127797176
959155407 -842720572
-294920636 166271421
393727269 132730345
-480191358 271248657
10158369 4476395
