2783
32286066 -41292932
203712673 425252079
-687711129 -64085501
358006497 745966449
-589323825 -55052473
223750946 -290840352
-947961417 -87979317
55493409 117164259
-874964385 -81277393
-229099341 -21979935
630895382 -821495601
452769633 942940629
142967073 298986579
-111669333 -11198579
-635343693 -59277599
-333834213 -31595739
247449505 516163239
403953186 -525708512
342212641 713137419
-521087469 -48787631
180952914 -235059164
576271578 -750301190
300298177 626014224
-951135201 -88270705
329056630 -428091433
103482433 216914004
463096385 964405764
213614570 -277629018
614001422 -799476711
-779750865 -72535753
57063874 -73587304
-625822341 -58403435
-797206677 -74138387
350717025 730814589
207983250 -270289388
63258326 -81660897
425915334 -554333069
33975462 -43494821
322166593 671469804
269927770 -351025318
508132606 -661491667
-422700165 -39754603
451819406 -588095367
395061313 822988404
123528481 258581619
109998282 -142579826
117882130 -152855308
457629281 953041869
-319552185 -30284493
-640104369 -59714681
644973682 -839844676
439430502 -571948181
-73583925 -7701923
186703905 389897739
-444916653 -41794319
214177702 -278362981
-573454905 -53595533
297521238 -386989505
15392106 -19274042
267112110 -347355503
391416577 815412474
-824183841 -76615185
490675514 -638738814
-586893 -999999
472655290 -615251998
106056358 -137442085
-238620693 -22854099
-627409233 -58549129
-662320857 -61754397
153293825 320451714
652857530 -850120158
-394136109 -37132111
154508737 322977024
661304510 -861129603
248528754 -323134724
503064418 -654886000
-701993157 -65396747
213051438 -276895055
356086966 -463321657
250781282 -326070576
441119898 -574150070
49180026 -63311822
-452851113 -42522789
309910142 -403136691
112813942 -146249641
-697232481 -64959665
470402762 -612316146
240081774 -312125279
310473274 -403870654
714802050 -930856088
327930366 -426623507
290763654 -378181949
-287814345 -27370613
474638049 988396209
122921025 257318964
-786098433 -73118529
-337007997 -31887127
356650098 -464055620
467348577 973244349
115629602 -149919456
183059169 382321809
159368385 333078264
278429761 580558644
11149121 24990444
128018506 -166066642
663557038 -864065455
139844278 -181479865
757036950 -985903313
509822002 -663693556
-871790601 -80986005
-200535285 -19357443
19334030 -24411783
658488850 -857459788
762105138 -992508980
-2173785 -1145693
-679776669 -63357031
473423137 985870899
229833281 479546244
711423258 -926452310
211609601 441666594
278374750 -362034763
-397309893 -37423499
-435395301 -40920155
308802561 643691394
375233454 -488276399
621885270 -809752193
144349334 -187351569
452162177 941677974
86473665 181559664
25728065 55294164
446751218 -581489700
234450454 -304785649
-195774609 -18920361
428730994 -558002884
399313505 831826989
447302529 931576734
386496094 -502955659
221498418 -287904500
-551238417 -51555817
-559172877 -52284287
748589970 -974893868
606117574 -789201229
409584506 -533048142
299690721 624751569
289363969 603286434
-557585985 -52138593
171517505 358331364
573455918 -746631375
402350785 838140264
512637662 -667363371
376230177 783846099
619632742 -806816341
338629874 -440568804
212488306 -276161092
186096449 388635084
67200250 -86798638
-184666365 -17900503
307094482 -399466876
-925744929 -85939601
-252902721 -24165345
435488578 -566810440
233478017 487122174
-365572053 -34509619
757600082 -986637276
31195169 66658059
-560759769 -52429981
679324734 -884616419
445480161 927788769
478849742 -623325591
248056961 517425894
522210906 -679840742
29470406 -37623117
342820097 714400074
319736769 666419184
203478194 -264417684
449566878 -585159515
523337170 -681308668
74324545 156306564
387059226 -503689622
734511670 -956544793
262028449 546466959
466741121 971981694
568387730 -740025708
164835489 344442159
149417522 -193957236
287384862 -373778171
370728398 -482404695
45774113 96961779
-595671393 -55635249
-368745837 -34801007
659051982 -858193751
-5347569 -1437081
-894007089 -83025721
612312026 -797274822
-60888789 -6536371
699597486 -911039087
36227990 -46430673
10323918 -12668375
348287201 725763969
704665674 -917644754
-946374525 -87833623
514327058 -669565260
467956033 974507004
388185490 -505157548
456887594 -594701034
461955782 -601306701
254160074 -330474354
392631489 817937784
74932001 157569219
323988442 -421485766
300905633 627276879
50633761 107063019
586407954 -763512524
715928314 -932324014
735637934 -958012719
62695194 -80926934
-522674361 -48933325
251094241 523739169
-776577081 -72244365
257776257 537628374
78576737 165145149
327367234 -425889544
-505218549 -47330691
98015329 205550109
406768846 -529378327
-38672301 -4496655
-836878977 -77780737
-443329761 -41648625
402826922 -524240586
301513089 628539534
572329654 -745163449
279037217 581821299
-686124237 -63939807
-79931493 -8284699
559377618 -728282300
602175650 -784063488
-135472713 -13383989
-76757709 -7993311
557125090 -725346448
445624954 -580021774
-922571145 -85648213
189741185 396211014
145396897 304037199
380301642 -494882066
-909876009 -84482661
487296722 -634335036
149980654 -194691199
-283053669 -26933531
-960656553 -89144869
606680706 -789935192
695655562 -905901346
-955895877 -88707787
246276226 -320198872
324551574 -422219729
-724209645 -67436463
93155681 195448869
-752773701 -70058955
549241242 -715070966
622448402 -810486156
532347282 -693052076
534036678 -695253965
19653505 42667614
26654746 -33953302
85783606 -111019417
-849574113 -78946289
705791938 -919112680
169690274 -220379904
638779230 -831771083
239518642 -311391316
346464833 721976004
115066470 -149185493
-498870981 -46747915
-256076505 -24456733
-668668425 -62337173
60960513 128528154
467023970 -607912368
242334302 -315061131
722685898 -941131570
214039425 446717214
376837633 785108754
-413178813 -38880439
2440070 -2392893
361155154 -469927324
666372698 -867735270
-933679389 -86668071
260813537 543941649
616253950 -802412563
342008666 -444972582
427256481 889909119
427041598 -555800995
275999937 575508024
692839902 -902231531
521647774 -679106779
-516326793 -48350549
316699489 660105909
219506529 458081109
188273630 -244600683
223758721 466919694
-943200741 -87542235
189133729 394948359
-790859109 -73555611
24965350 -31751413
728880350 -949205163
150864001 315401094
235013586 -305519612
218682758 -284234685
340882402 -443504656
290200522 -377447986
91978058 -119093010
634274174 -825899379
212217057 442929249
386556929 805311234
243197313 507324654
490112382 -638004851
314415198 -409008395
393816810 -512497178
80715418 -104413750
81841682 -105881676
416322273 867181329
78462890 -101477898
274432826 -356897022
153901281 321714369
-757534377 -70496037
739016726 -962416497
543046790 -706997373
61568930 -79459008
-594084501 -55489555
706355070 -919846643
166657857 348230124
-65649465 -6973453
421973410 -549195328
84094210 -108817528
682703526 -889020197
22712822 -28815561
68889646 -89000527
270532833 564144129
-854334789 -79383371
424225938 -552131180
-373506513 -35238089
-148167849 -14549541
-541717065 -50681653
-203709069 -19648831
158760929 331815609
393253678 -511763215
211362042 -274693166
150256545 314138439
-743252349 -69184791
285111777 594447849
100425038 -130102455
494054306 -643142592
-351290025 -33198373
369548161 769956894
-62475681 -6682065
232197926 -301849797
354969217 739653174
-67236357 -7119147
347679745 724501314
308195105 642428739
131397298 -170470420
489549250 -637270888
416905222 -542589661
-392543 999999
642158022 -836174861
624700930 -813422008
250486785 522476514
191563553 399998979
318357122 -414146136
335814214 -436898989
505316946 -657821852
640468626 -833972972
111124546 -144047752
200099402 -260013906
437177974 -569012329
233887322 -304051686
-852747897 -79237677
460829518 -599838775
98622785 206812764
587534218 -764980450
241208038 -313593205
294831073 614650329
-695645589 -64813971
643284286 -837642787
-52954329 -5807901
725501558 -944801385
748026838 -974159905
299773766 -389925357
97046246 -125698677
517705850 -673969038
40733046 -52302377
146038730 -189553458
478890241 997234794
420574465 876019914
-609953421 -56946495
71287265 149993289
620759006 -808284267
137591750 -178544013
644410550 -839110713
352145042 -458183916
392024033 816675129
-957482769 -88853481
439993634 -572682144
10541665 23727789
431546654 -561672699
373800353 778795479
473218422 -615985961
-655973289 -61171621
536289206 -698189817
415215826 -540387772
720433370 -938195718
88296033 185347629
726627822 -946269311
436975777 910111599
13702710 -17072153
559940750 -729016263
-993981285 -92204443
684392922 -891222086
378052545 787634064
220721441 460606419
211002145 440403939
-938440065 -87105153
572892786 -745897412
90118401 189135594
-868616817 -80694617
157864502 -204966681
377485982 -491212251
706918202 -920580606
187710498 -243866720
197638113 412625529
183205442 -237995016
598233726 -778925747
265673185 554042889
-14868921 -2311245
187918817 392423049
308220746 -400934802
268801506 -349557392
-632169909 -58986211
280252129 584346609
683829790 -890488123
225440342 -293042241
-719448969 -66999381
541357394 -704795484
206749953 431565354
82967946 -107349602
717617710 -934525903
305405086 -397264987
-792446001 -73701305
26942977 57819474
23839086 -30283487
423099674 -550663254
519958378 -676904890
199536270 -259279943
355576673 740915829
-275119209 -26205061
14793857 32566374
-157689201 -15423705
-370332729 -34946701
222543809 464394384
271747745 566669439
15955238 -20008005
362258689 754805034
245627137 512375274
687208582 -894891901
279644673 583083954
-495697197 -46456527
-633756801 -59131905
289971425 604549089
-741665457 -69039097
610059498 -794338970
-297335697 -28244777
112250810 -145515678
39699553 84335229
22149690 -28081598
-676602885 -63065643
76773494 -99276009
144181985 301511889
-682950453 -63648419
162405665 339391539
547551846 -712869077
350109569 729551934
595418066 -775255932
556561958 -724612485
471529026 -613784072
-427460841 -40191685
530657886 -690850187
266888097 556568199
715365182 -931590051
184881537 386109774
419967009 874757259
674256546 -878010752
-768642621 -71515895
54811346 -70651452
117318998 -152121345
379175378 -493414140
216469249 451767834
156738238 -203498755
62175425 131053464
164058954 -213040274
59879534 -77257119
272962657 569194749
-846400329 -78654901
293008705 610862364
457450726 -595434997
753095026 -980765572
182451713 381059154
37269729 79284609
-381440973 -35966559
-95800413 -9741639
387622358 -504423585
406602977 846978849
304841954 -396531024
414652694 -539653809
131960430 -171204383
-386201649 -36403641
42129377 89385849
-552825309 -51701511
268238374 -348823429
437741106 -569746292
-429047733 -40337379
-448090437 -42085707
673693414 -877276789
287947994 -374512134
413526430 -538185883
-100561089 -10178721
188836762 -245334646
-714688293 -66562299
-525848145 -49224713
314978330 -409742358
246842049 514900584
585281690 -762044598
-6934461 -1582775
94370593 197974179
625827194 -814889934
362866145 756067689
575708446 -749567227
-81518385 -8430393
330182894 -429559359
175884726 -228453497
173632198 -225517645
298084370 -387723468
500248758 -651216185
-18042705 -2602633
340997729 710612109
-340181781 -32178515
697344958 -908103235
19897162 -25145746
247965622 -322400761
-536956389 -50244571
-352876917 -33344067
270490902 -351759281
196720610 -255610128
174554785 364644639
311036406 -404604617
29372801 62870094
198973138 -258545980
286821730 -373044208
334687950 -435431063
643847418 -838376750
95919982 -124230751
-125951361 -12509825
492928042 -641674666
424219201 883595844
479412874 -624059554
215861793 450505179
192215554 -249738424
-363985161 -34363925
-97387305 -9887333
325677838 -423687655
309410017 644954049
-755947485 -70350343
185457970 -240930868
-122777577 -12218437
72268438 -93404305
152233182 -197627051
457021825 951779214
-330660429 -31304351
550367506 -716538892
401137526 -522038697
260206081 542678994
203105217 423989424
607243838 -790669155
425352202 -553599106
-584563149 -54615391
673130282 -876542826
539667998 -702593595
180629345 377271189
68326514 -88266564
462488929 963143109
400528417 834352299
359828865 749754414
177574122 -230655386
646099946 -841312602
1876938 -1658930
-963830337 -89436257
263733318 -342951725
-170384337 -16589257
-930505605 -86376683
-159276093 -15569399
412963298 -537451920
-64062573 -6827759
336138081 700510869
455806913 949253904
-225925557 -21688547
308783878 -401668765
-424287057 -39900297
535162942 -696721891
263850817 550254924
472815681 984608244
193341818 -251206350
-814662489 -75741021
161798209 338128884
340319270 -442770693
584718558 -761310635
405642582 -527910401
623574666 -811954082
114416641 239641794
-959069661 -88999175
758726346 -988105202
394943074 -513965104
197846874 -257078054
-251315829 -24019651
501375022 -652684111
448517441 934102044
-538543281 -50390265
242589857 506061999
285132334 -370842319
628079722 -817825786
73717089 155043909
135339222 -175608161
296653441 618438294
320951681 668944494
53063585 112113639
471600769 982082934
-292575021 -27807695
222624682 -289372426
646663078 -842046565
305968218 -397998950
391001150 -508827363
-717862077 -66853687
267675242 -348089466
469778401 978294969
-33911625 -4059573
129144770 -167534568
112594273 235853829
-43432977 -4933737
237266114 -308455464
191089290 -248270498
102114434 -132304344
48053762 -61843896
218119626 -283500722
-327486645 -31012963
481665402 -626995406
-968591013 -89873339
-459198681 -43105565
266548978 -346621540
566135202 -737089856
69452778 -89734490
592039274 -770852154
686645450 -894157938
521084642 -678372816
7508258 -8998560
641594890 -835440898
-329073537 -31158657
685519186 -892690012
-483002061 -45290975
417537185 869706639
-167210553 -16297869
507569474 -660757704
237730209 495960759
100445153 210600729
-987633717 -91621667
159553898 -207168570
384243566 -500019807
-213230421 -20522995
-727383429 -67727851
34839905 74233989
9934209 22465134
392690546 -511029252
338066742 -439834841
206293854 -268087499
669751490 -872139048
352708174 -458917879
-867029925 -80548923
535726074 -697455854
-973351689 -90310421
404516318 -526442475
690024242 -898561716
391564282 -509561326
636526702 -828835231
207964865 434090664
-694058697 -64668277
385342017 802785924
253596942 -329740391
57627006 -74321267
52558818 -67715600
544173054 -708465299
464208310 -604242553
-189427041 -18337585
675945942 -880212641
-646451937 -60297457
35664858 -45696710
226003474 -293776204
326240970 -424421618
468150234 -609380294
26335521 56556819
-160862985 -15715093
-740078565 -68893403
288511126 -375246097
402958241 839402919
552620034 -719474744
510385134 -664427519
57923233 122214879
-3760677 -1291387
405079450 -527176438
-681363561 -63502725
58753270 -75789193
201890305 421464114
754221290 -982233498
424789070 -552865143
345249921 719450694
162932690 -211572348
745774310 -971224053
5682017 13626549
-709927617 -66125217
351018778 -456715990
609496366 -793605007
358902626 -466991472
395506206 -514699067
166311482 -215976126
155116193 324239679
458844193 955567179
11450182 -14136301
401743329 836877609
453984545 945465939
-108495549 -10907191
750674 -191004
619069610 -806082378
487859854 -635068999
3859649 9838584
126892242 -164598716
-248142045 -23728263
370165266 -481670732
328241153 684096354
298475809 622226259
-378267189 -35675171
53671041 113376294
411837034 -535983994
-986046825 -91475973
-517913685 -48496243
588097350 -765714413
-873377493 -81131699
703539410 -916176828
605554442 -788467266
523900302 -682042631
427604730 -556534958
-484588953 -45436669
371977985 775007514
741269254 -965352349
-154515417 -15132317
373544058 -486074510
309347010 -402402728
66637118 -86064675
131425409 274996134
-387788541 -36549335
25120609 54031509
73957834 -95606194
58530689 123477534
-524261253 -49079019
-979699257 -90893197
-183079473 -17754809
718743974 -935993829
198245569 413888184
30587713 65395404
250218150 -325336613
193993377 405049599
77899758 -100743935
401135873 835614954
-348116241 -32906985
300900030 -391393283
505880078 -658555815
-479828277 -44999587
82404814 -106615639
-636930585 -59423293
596544330 -776723858
173947329 363381984
341445534 -444238619
728317218 -948471200
674819678 -878744715
140407410 -182213828
-914636685 -84919743
314269665 655055289
-884485737 -82151557
-270358533 -25767979
-832118301 -77343655
147826721 309087819
260917658 -339281910
31722934 -40558969
415778958 -541121735
452945670 -589563293
-508392333 -47622079
258665130 -336346058
-35498517 -4205267
519395246 -676170927
-730557213 -68019239
590913010 -769384228
635400438 -827367305
200067937 417676149
396883681 826776369
320046518 -416348025
-371919621 -35092395
86909870 -112487343
-698819373 -65105359
766047062 -997646721
202915062 -263683721
-882898845 -82005863
273570113 570457404
-138646497 -13675377
128995585 269945514
42422442 -54504266
593165538 -772320080
-665494641 -62045785
-841639653 -78217819
148291258 -192489310
52456129 110850984
27217878 -34687265
96800417 203024799
90725857 190398249
121824054 -157993049
-995568177 -92350137
396276225 825513714
160583297 335603574
-121190685 -12072743
412400166 -536717957
-89452845 -9158863
394379942 -513231141
443050337 922738149
337352993 703036179
301463162 -392127246
472208225 983345589
-809901813 -75303939
75084098 -97074120
-989220609 -91767361
262635905 547729614
328848609 685359009
408458242 -531580216
712549522 -927920236
-851161005 -79091983
-549651525 -51410123
366223342 -476532991
631458514 -822229564
46927498 -60375970
427863937 891171774
-527435037 -49370407
23298241 50243544
-103734873 -10470109
-509979225 -47767773
641031758 -834706935
-708340725 -65979523
214913 2262654
228618369 477020934
251344414 -326804539
699034354 -910305124
-191013933 -18483279
443935558 -577819885
-197361501 -19066055
125202846 -162396827
467587102 -608646331
676509074 -880946604
720996502 -938929681
316104594 -411210284
186021102 -241664831
-803554245 -74721163
-751186809 -69913261
278937882 -362768726
750279366 -977095757
79791649 167670459
652294398 -849386195
737327330 -960214608
721559634 -939663644
524463434 -682776594
31159802 -39825006
485607326 -632133147
486733590 -633601073
-446503545 -41940013
549804374 -715804929
410710770 -534516068
367118337 764906274
-254489613 -24311039
540231130 -703327558
321559137 670207149
320344225 667681839
367725793 766168929
48616894 -62577859
-116430009 -11635661
87081121 182822319
-590910717 -55198167
-608366529 -56800801
271054034 -352493244
498559362 -649014296
-813075597 -75595327
506443210 -659289778
355523834 -462587694
341605185 711874764
110561414 -143313789
-11695137 -2019857
79184193 166407804
749716234 -976361794
464311297 966931074
-338594889 -32032821
379267457 790159374
574019050 -747365338
85258753 179034354
59745601 126002844
628642854 -818559749
262607054 -341483799
306980193 639903429
-335421105 -31741433
137028618 -177810050
727190954 -947003274
317914401 662631219
46381569 98224434
-141820281 -13966765
372417794 -484606584
678761602 -883882456
375015265 781320789
23275954 -29549524
197283742 -256344091
-152928525 -14986623
277214849 578033334
348766250 -453780138
85220474 -110285454
65820161 138629394
502501286 -654152037
679887866 -885350382
760978874 -991041054
176377153 368432604
-838465869 -77926431
-900354657 -83608497
316092033 658843254
77361825 162619839
-581389365 -54324003
414499905 863393364
172732417 360856674
-749599917 -69767567
89162398 -115423195
766610194 -998380684
436051710 -567544403
-748013025 -69621873
562193278 -731952115
79589154 -102945824
751968762 -979297646
19046049 41404959
110164449 230803209
-130712037 -12946907
398884998 -519102845
401700658 -522772660
133855233 280046754
170302593 355806054
305765281 637378119
362844550 -472129213
-341768673 -32324209
603865046 -786265377
624137798 -812688045
302026294 -392861209
255953889 533840409
542483658 -706263410
303152558 -394329135
176984609 369695259
660741378 -860395640
156938561 328027644
664683302 -865533381
-16455813 -2456939
49743158 -64045785
-565520445 -52867063
353271306 -459651842
-773403297 -71952977
-535369497 -50098877
451554721 940415319
258101998 -335612095
111986817 234591174
429078849 893697084
615690818 -801678600
179826650 -233591238
60442666 -77991082
187311361 391160394
249655018 -324602650
484481062 -630665221
-156102309 -15278011
274177569 571720059
113809185 238379139
455761330 -593233108
9760786 -11934412
231048193 482071554
20868417 45192924
28765345 61607439
310624929 647479359
-774990189 -72098671
468713366 -610114257
183666625 383584464
195031214 -253408239
104930094 -135974159
241982401 504799344
475852961 990921519
12576446 -15604227
271140289 565406784
6289473 14889204
158427634 -205700644
172124961 359594019
322862178 -420017840
190526158 -247536535
73109633 153781254
16616225 36354339
564445806 -734887967
580213502 -755438931
-705166941 -65688135
152078913 317926404
94793718 -122762825
554309430 -721676633
688334846 -896359827
118061377 247217724
475470950 -618921813
124135937 259844274
651731266 -848652232
414089562 -538919846
683266658 -889754160
730569746 -951407052
97609378 -126432640
367349606 -478000917
533473546 -694520002
-954308985 -88562093
554872562 -722410596
714238918 -930122125
-927331821 -86085295
590349878 -768650265
313288934 -407540469
-51367437 -5662207
68857441 144942669
682140394 -888286234
64947722 -83862786
-592497609 -55343861
-149754741 -14695235
443372426 -577085922
-673429101 -62774255
-243381369 -23291181
666935830 -868469233
-286227453 -27224919
-721035861 -67145075
336745537 701773524
175321594 -227719534
-643278153 -60006069
567261466 -738557782
430293761 896222394
434362314 -565342514
-903528441 -83899885
752531894 -980031609
-890833305 -82734333
-432221517 -40628767
16518370 -20741968
116239009 243429759
433799182 -564608551
-202122177 -19503137
-321139077 -30430187
88036134 -113955269
430901217 897485049
429294126 -558736847
-952722093 -88416399
51432554 -66247674
440620513 917687529
664120170 -864799418
-675015993 -62919949
558251354 -726814374
-932092497 -86522377
739579858 -963150460
141752161 296461269
-529021929 -49516101
536852338 -698923780
201225666 -261481832
455198198 -592499145
-816249381 -75886715
333561686 -433963137
360592022 -469193361
544736186 -709199262
107127169 224489934
614564554 -800210674
140970542 -182947791
161243294 -209370459
6896929 16151859
125350849 262369584
-186253257 -18046197
705228806 -918378717
741832386 -966086312
45166657 95699124
581339766 -756906857
249879329 521213859
107182622 -138910011
195594346 -254142202
-45019869 -5079431
291326786 -378915912
138107425 288885339
672567150 -875808863
-383027865 -36112253
29980257 64132749
272355201 567932094
251907546 -327538502
390809121 814149819
216993362 -282032796
182642310 -237261053
462518914 -602040664
68249985 143680014
-456024897 -42814177
129707902 -168268531
151670050 -196893088
329456065 686621664
84043841 176509044
-567107337 -53012757
105493226 -136708122
91333313 191660904
4129466 -4594782
298647502 -388457431
465897706 -606444442
344035009 716925384
-313204617 -29701717
-908289117 -84336967
163013121 340654194
363407682 -472863176
-924158037 -85793907
464771442 -604976516
555435694 -723144559
527842226 -687180372
593728670 -773054043
-187840149 -18191891
611748894 -796540859
-271945425 -25913673
-75170817 -7847617
-389375433 -36695029
31802625 67920714
293016182 -381117801
61567969 129790809
285695466 -371576282
598796858 -779659710
444872705 926526114
-356050701 -33635455
656799454 -855257899
474030593 987133554
307657614 -400200839
-478241385 -44853893
254723206 -331208317
66073986 -85330712
99298774 -128634529
227692870 -295978093
702413146 -914708902
-278292993 -26496449
282681953 589397229
470993313 980820279
132032865 276258789
-578215581 -54032615
120491201 252268344
379738510 -494148103
226566606 -294510167
11756577 26253099
207357409 432828009
257168801 536365719
167265313 349492779
-886072629 -82297251
-563933553 -52721369
561630146 -731218152
650041870 -846450343
577960974 -752503079
423004289 881070534
696218694 -906635309
-408418137 -38443357
224366177 468182349
517142718 -673235075
476460417 992184174
451256274 -587361404
-670255317 -62482867
232870561 485859519
452382538 -588829330
362281418 -471395250
617943346 -804614452
334315713 696722904
215867098 -280564870
227129738 -295244130
-671842209 -62628561
58190138 -75055230
744084914 -969022164
96483114 -124964714
194468082 -252674276
660178246 -859661677
195208289 407574909
680450998 -886084345
75539457 158831874
171379670 -222581793
-901941549 -83754191
708044466 -922048532
234085473 488384829
405388065 844453539
76146913 160094529
231655649 483334209
22083329 47718234
351931937 733339899
-349703133 -33052679
740706122 -964618386
580776634 -756172894
330746026 -430293322
128388129 268682859
-176731905 -17172033
221328897 461869074
111379361 233328519
167437746 -217444052
-395723001 -37277805
17081502 -21475931
72831570 -94138268
-468720033 -43979729
-417939489 -39317521
481102270 -626261443
-21216489 -2894021
67763382 -87532601
-27564057 -3476797
156331105 326764989
-400483677 -37714887
176447858 -229187460
98735642 -127900566
273306562 -355429096
-600432069 -56072331
337503610 -439100878
-68823249 -7264841
675382810 -879478678
64605249 136104084
-806728029 -75012551
67035073 141154704
347076854 -451578249
248664417 518688549
-173558121 -16880645
-860682357 -79966147
726064690 -945535348
18770898 -23677820
345950590 -450110323
425434113 886121154
196423201 410100219
219245890 -284968648
393846401 820463094
7504385 17414514
205167590 -266619573
62782881 132316119
372585441 776270169
93763137 196711524
81006561 170195769
130210497 272470824
79026022 -102211861
382912193 797735304
17831137 38879649
312162670 -406072543
120697790 -156525123
579087238 -753971005
313662209 653792634
50306290 -64779748
-568694229 -53158451
613438290 -798742748
697908090 -908837198
119276289 249743034
477675329 994709484
690587374 -899295679
190348641 397473669
-892420197 -82880027
80152286 -103679787
449732353 936627354
77969281 163882494
510948266 -665161482
-746426133 -69476179
269925377 562881474
381427906 -496349992
108342081 227015244
-324312861 -30721575
208546382 -271023351
-835292085 -77635043
493491174 -642408629
543609922 -707731336
208572321 435353319
109435150 -141845863
511511398 -665895445
319483386 -415614062
44559201 94436469
96192961 201762144
36662273 78021954
-41846085 -4788043
182079178 -236527090
210235778 -273225240
486170458 -632867110
750842498 -977829720
607806970 -791403118
-124364469 -12364131
-978112365 -90747503
653983794 -851588084
575145314 -748833264
-659147073 -61463009
418144641 870969294
583592294 -759842709
642721154 -836908824
337960449 704298834
343427553 715662729
545862450 -710667188
302589426 -393595172
436614842 -568278366
218291617 455555799
127455374 -165332679
82221473 172721079
-711514509 -66270911
293579314 -381851764
677072206 -881680567
125958305 263632239
-460785573 -43251259
141533674 -183681754
87688577 184084974
258383713 538891029
-801967353 -74575469
-971764797 -90164727
181844257 379796499
152686369 319189059
513763926 -668831297
-376680297 -35529477
-171971229 -16734951
258991169 540153684
611185762 -795806896
-935266281 -86813765
213431969 445454559
447877482 -582957626
-230686233 -22125629
704102542 -916910791
-40259193 -4642349
701850014 -913974939
-579802473 -54178309
-487762737 -45728057
-240207585 -22999793
239552577 499748724
469170945 977032314
83531078 -108083565
670877754 -873606974
356791585 743441139
446188086 -580755737
185488993 387372429
53685082 -69183526
429686305 894959739
91414926 -118359047
-357637593 -33781149
713112654 -928654199
413892449 862130709
-78344601 -8139005
-457611789 -42959871
313852066 -408274432
120134658 -155791160
378612246 -492680177
-641691261 -59860375
41859310 -53770303
553183166 -720208707
358613953 747229104
291889918 -379649875
138714881 290147994
584155426 -760576672
557688222 -726080411
550930638 -717272855
184894838 -240196905
561067014 -730484189
323988961 675257769
-421113273 -39608909
143786202 -186617606
-494110305 -46310833
283442938 -368640430
217556494 -282766759
-471893817 -44271117
482791666 -628463332
174195330 -226251608
518268982 -674703001
650605002 -847184306
147728126 -191755347
317306945 661368564
655673190 -853789973
-586150041 -54761085
253033810 -329006428
-575041797 -53741227
595981198 -775989895
12971489 28778409
256412602 -333410206
300336898 -390659320
105304801 220701969
648352474 -844248454
736764198 -959480645
99230241 208075419
-692471805 -64522583
115024097 240904449
-276706101 -26350755
284006070 -369374393
822369 3525309
382304737 796472649
-616300989 -57529271
353754305 737127864
257538866 -334878132
-216404205 -20814383
99837697 209338074
107734625 225752589
-405244353 -38151969
-798793569 -74284081
604991310 -787733303
531221018 -691584150
33017537 70446024
686082318 -893423975
-249728937 -23873957
-425873949 -40045991
-613127205 -57237883
448440614 -583691589
-870203709 -80840311
272743430 -354695133
-916223577 -85065437
103240698 -133772270
83436385 175246389
164228033 343179504
291793793 608337054
723812162 -942599496
-441742869 -41502931
181236801 378533844
314877121 656317944
92548225 194186214
473781554 -616719924
-162449877 -15860787
655110058 -853056010
520521510 -677638853
343698062 -447174471
-406831245 -38297663
-29150949 -3622491
-649625721 -60588845
142659938 -185149680
238337665 497223414
289074258 -375980060
475245505 989658864
444265249 925263459
669188358 -871405085
738453594 -961682534
424826657 884858499
408425345 850766814
696781826 -907369272
-219577989 -21105771
-102147981 -10324415
282074497 588134574
252309153 526264479
90851794 -117625084
525026566 -683510557
-316378401 -29993105
95585505 200499489
-267184749 -25476591
433331041 902535669
746827997 958974202
396632470 -516166993
647789342 -843514491
-648038829 -60443151
735074802 -957278756
281190410 -365704578
-819423165 -76178103
764920798 -996178795
621322138 -809018230
26091614 -33219339
365097078 -475065065
280859585 585609264
-974938581 -90456115
137499969 287622684
48203937 102012399
-419526381 -39463215
360028890 -468459398
201282849 420201459
-651212613 -60734539
412070081 858342744
678198470 -883148493
229225825 478283589
331278433 690409629
205535041 429040044
297260897 619700949
88599266 -114689232
403565697 840665574
-767055729 -71370201
336377346 -437632952
497996230 -648280333
478282785 995972139
-828944517 -77052267
545299318 -709933225
-416352597 -39171827
582466030 -758374783
240767489 502274034
156175106 -202764792
-410005029 -38589051
742395518 -966820275
134776090 -174874198
681577262 -887552271
210394689 439141284
30596670 -39091043
439405601 915162219
601049386 -782595562
-168797445 -16443563
140537249 293935959
-911462901 -84628355
751405630 -978563683
460059105 958092489
42736833 90648504
-906702225 -84191273
273869694 -356163059
429857258 -559470810
230440737 480808899
53121950 -68449563
432109786 -562406662
681014130 -886818308
240160033 501011379
504190682 -656353926
306531350 -398732913
335251082 -436165026
-48193653 -5370819
-30737841 -3768185
35101726 -44962747
-71997033 -7556229
562756410 -732686078
159975841 334340919
21475873 46455579
149041633 311613129
35447361 75496644
744648046 -969756127
118668833 248480379
119008394 -154323234
-194187717 -18774667
6381994 -7530634
72502177 152518599
124743393 261106929
610622630 -795072933
89510945 187872939
-105321765 -10615803
-179905689 -17463421
-224338665 -21542853
-770229513 -71661589
-354463809 -33489761
-795619785 -73992693
-771816405 -71807283
93104322 -120560936
244412225 509849964
378049114 -491946214
339756138 -442036730
459703254 -598370849
483354798 -629197295
40307009 85597884
639905494 -833239009
143223070 -185883643
-881311953 -81860169
303335457 632327499
737890462 -960948571
390201665 812887164
102267521 214388694
-997155069 -92495831
671440886 -874340937
215254337 449242524
37917386 -48632562
348203118 -453046175
608370102 -792137081
742958650 -967554238
-949548309 -88125011
-992394393 -92058749
148854390 -193223273
215303966 -279830907
243460566 -316529057
361651233 753542379
3252193 8575929
-879725061 -81714475
117453921 245955069
178700386 -232123312
146601862 -190287421
627516590 -817091823
63997793 134841429
410855169 855817434
-808314921 -75158245
135902354 -176342124
413284993 860868054
421181921 877282569
229382266 -298179982
261480790 -340015873
659615114 -858927714
1429825 4787964
168000878 -218178015
302728001 631064844
114503338 -148451530
404173153 841928229
385932962 -502221696
754784422 -982967461
166050401 346967469
209787233 437878629
508695738 -662225630
-663907749 -61900091
91940769 192923559
230508530 -299647908
354397570 -461119768
216430230 -281298833
3003202 -3126856
507006342 -660023741
-295748805 -28099083
369039002 -480202806
450693142 -586627441
-843226545 -78363513
252470678 -328272465
284569202 -370108356
130834166 -169736457
-22803381 -3039715
43951745 93173814
-237033801 -22708405
364688513 759855654
326804102 -425155581
537978602 -700391706
-621061665 -57966353
629769118 -820027675
-876551277 -81423087
48811393 103275054
227403457 474495624
34538594 -44228784
299083265 623488914
758163214 -987371239
442442881 921475494
363970814 -473597139
33412330 -42760858
361718286 -470661287
565008938 -735621930
338567905 705561489
263170186 -342217762
104697345 219439314
311599538 -405338580
-830531409 -77197961
110771905 232065864
205730722 -267353536
-192600825 -18628973
256561345 535103064
625264062 -814155971
578524106 -753237042
264458273 551517579
87473002 -113221306
283289409 590659884
296394974 -385521579
295831842 -384787616
668062094 -869937159
438798145 913899564
693403034 -902965494
197030657 411362874
77336626 -100009972
328493498 -427357470
255849470 -332676243
-56128113 -6099289
139322337 291410649
353834438 -460385805
443657793 924000804
349329382 -454514101
108872018 -141111900
-233860017 -22417017
244023698 -317263020
-821010057 -76323797
86346738 -111753380
380482369 792684684
221936353 463131729
295268710 -384053653
389311754 -506625474
-359224485 -33926843
600486254 -781861599
65212705 137366739
376359718 -489744325
692276770 -901497568
-273532317 -26059367
209672646 -272491277
518832114 -675436964
745211178 -970490090
383117302 -498551881
123513450 -160194938
224973633 469445004
723249030 -941865533
435760865 907586289
343134930 -446440508
398706049 830564334
-302096373 -28681859
409021374 -532314179
567824598 -739291745
649478738 -845716380
633711042 -825165416
670314622 -872873011
304278822 -395797061
24513153 52768854
311839841 650004669
244586830 -317996983
-562346661 -52575675
763794534 -994710869
-554412201 -51847205
-905115333 -84045579
320609650 -417081988
-227512449 -21834241
654546926 -852322047
453508802 -590297256
285719233 595710504
-543303957 -50827347
169695137 354543399
-725796537 -67582157
111687678 -144781715
135070145 282572064
8071390 -9732523
54278497 114638949
410147638 -533782105
175162241 365907294
275392481 574245369
-503631657 -47184997
-433808409 -40774461
459451649 956829834
45801234 -58908044
228256002 -296712056
-451264221 -42377095
51241217 108325674
438867370 -571214218
383680434 -499285844
474907818 -618187850
548114978 -713603040
463082046 -602774627
241374945 503536689
103803830 -134506233
319129313 665156529
344642465 718188039
75647230 -97808083
349892514 -455248064
321735914 -418549914
313054753 652529979
-897180873 -83317109
88903489 186610284
290578881 605811744
-555999093 -51992899
381991038 -497083955
334923169 697985559
400574394 -521304734
21586558 -27347635
419720882 -546259476
589223614 -767182339
722122766 -940397607
375622721 782583444
433938497 903798324
450947265 939152664
-754360593 -70204649
106619490 -138176048
589786746 -767916302
249271873 519951204
369602134 -480936769
599923122 -781127636
179263518 -232857275
178806977 373483224
109556993 229540554
-744839241 -69330485
-402070569 -37860581
47490630 -61109933
710296994 -924984384
477067873 993446829
400011262 -520570771
236702982 -307721501
441227969 918950184
-576628689 -53886921
-246555153 -23582569
231071662 -300381871
228819134 -297446019
286934145 598235814
387164385 806573889
-298922589 -28390471
608933234 -792871044
188526273 393685704
163495822 -212306311
243804769 508587309
-690884913 -64376889
711986390 -927186273
303942913 633590154
170910049 357068709
688897978 -897093790
-716275185 -66707993
5074561 12363894
161190753 336866229
173069066 -224783682
178137254 -231389349
602738782 -784797451
-967004121 -89727645
41521921 88123194
-619474773 -57820659
743521782 -968288201
546425582 -711401151
566698334 -737823819
634837306 -826633342
135677601 283834719
-46606761 -5225125
297868353 620963604
280627278 -364970615
161806426 -210104422
142096806 -184415717
101052609 211863384
349502113 728289279
81278550 -105147713
446695073 930314079
62132062 -80192971
700723750 -912507013
347072289 723238659
132640321 277521444
-430634625 -40483073
691713638 -900763605
449003746 -584425552
99861906 -129368492
209179777 436615974
143574529 300249234
527279094 -686446409
116192734 -150653419
370155617 771219549
428167862 -557268921
461881473 961880454
618506478 -805348415
-689298021 -64231195
277822305 579295989
119571526 -155057197
461274017 960617799
69464897 146205324
305157825 636115464
662993906 -863331492
-976525473 -90601809
465334574 -605710479
755910686 -984435387
-644865045 -60151763
336940478 -438366915
245713094 -319464909
6945126 -8264597
417468354 -543323624
-346529349 -32761291
-470306925 -44125423
375796586 -489010362
-654386397 -61025927
36791122 -47164636
180021889 376008534
146004353 305299854
-913049793 -84774049
513200794 -668097334
-822596949 -76469491
178199521 372220569
102677566 -133038307
476597214 -620389739
-325899753 -30867269
317793990 -413412173
332493345 692934939
310017473 646216704
397758734 -517634919
466460838 -607178405
459140122 -597636886
-502044765 -47039303
454635066 -591765182
245149962 -318730946
8111841 18677169
331309158 -431027285
325811329 679045734
612875158 -798008785
94978049 199236834
325203873 677783079
138154882 -179277976
134212958 -174140235
-332247321 -31450045
60353057 127265499
-467133141 -43834035
59138145 124740189
-343355565 -32469903
74520966 -96340157
503627550 -655619963
-49780545 -5516513
269317921 561618819
460666561 959355144
274995958 -357630985
124639714 -161662864
240644906 -312859242
180389782 -234325201
-59301897 -6390677
569513994 -741493634
222061550 -288638463
265985846 -345887577
488986118 -636536925
170253406 -221113867
333708257 695460249
-970177905 -90019033
-855921681 -79529065
515453322 -671033186
-262424073 -25039509
409032801 852029469
371291530 -483138658
376922850 -490478288
286326689 596973159
-606779637 -56655107
390438018 -508093400
-129125145 -12801213
526152830 -684978483
361043777 752279724
633147910 -824431453
61005798 -78725045
204041326 -265151647
312725802 -406806506
-500457873 -46893609
-114843117 -11489967
125765978 -163130790
394453857 821725749
27550433 59082129
122387186 -158727012
55937610 -72119378
168564010 -218911978
-244968261 -23436875
84657342 -109551491
251701697 525001824
733385406 -955076867
441835425 920212839
192171009 401261634
108949537 228277899
763231402 -993976906
280064146 -364236652
597670594 -778191784
169087681 353280744
192778465 402524289
418594618 -544791550
14828974 -18540079
324596417 676520424
348894657 727026624
645536814 -840578639
657362586 -855991862
357776362 -465523546
127173217 266157549
-990807501 -91913055
190956097 398736324
522774038 -680574705
392127414 -510295289
-362398269 -34218231
-533782605 -49953183
-657560181 -61317315
339782817 708086799
450339809 937890009
-106908657 -10761497
419359553 873494604
359465758 -467725435
668625226 -870671122
43548706 -55972192
238392378 -309923390
-920984253 -85502519
235576718 -306253575
441683030 -574884033
149649089 312875784
-144994065 -14258153
767173326 -999114647
399920961 833089644
477723478 -621857665
-438569085 -41211543
528405358 -687914335
-279879885 -26642143
51848673 109588329
700160618 -911773050
46364366 -59642007
82828929 173983734
368940705 768694239
-540130173 -50535959
76210362 -98542046
234692929 489647484
371370529 773744859
637089834 -829569194
146611809 306562509
384127105 800260614
323425310 -420751803
282316674 -367172504
104366962 -135240196
-603605853 -56363719
42985574 -55238229
-489349629 -45873751
-760708161 -70787425
-54541221 -5953595
531784150 -692318113
367912738 -478734880
-570281121 -53304145
-684537345 -63794113
632584778 -823697490
294142446 -382585727
709170730 -923516458
378660001 788896719
499122494 -649748259
-440155977 -41357237
299210634 -389191394
189963026 -246802572
8634522 -10466486
-481415169 -45145281
630332250 -820761638
237122753 494698104
526715962 -685712446
220935286 -287170537
-70410141 -7410535
204927585 427777389
330063521 687884319
499685626 -650482222
577397842 -751769116
71705306 -92670342
259598625 541416339
28157889 60344784
432723585 901273014
-638517477 -59568987
128581638 -166800605
200675393 418938804
353146849 735865209
603301914 -785531414
-486175845 -45582363
206856986 -268821462
620195874 -807550304
632021646 -822963527
749153102 -975627831
54248214 -69917489
-630583017 -58840517
422396833 879807879
565572070 -736355893
656236322 -854523936
-548064633 -51264429
381089825 793947339
-513153009 -48059161
334124818 -434697100
-732144105 -68164933
597107462 -777457821
100988170 -130836418
284504321 593185194
382554170 -497817918
755347554 -983701424
732259142 -953608941
-87865953 -9013169
113940206 -147717567
160680162 -208636496
318521857 663893874
717054578 -933791940
116846465 244692414
-403657461 -38006275
485044194 -631399184
-919397361 -85356825
325114706 -422953692
163620577 341916849
468563489 975769659
553746298 -720942670
496869966 -646812407
-217991097 -20960077
254131521 530052444
329619762 -428825396
231634794 -301115834
558814486 -727548337
635963570 -828101268
106519713 223227279
423611745 882333189
416342090 -541855698
-944787633 -87687929
476034082 -619655776
454592001 946728594
-178318797 -17317727
560503882 -729750226
181516046 -235793127
10887050 -13402338
56100865 118426914
432672918 -563140625
8719297 19939824
-582976257 -54469697
226188545 471970314
-887659521 -82442945
-840052761 -78072125
148434177 310350474
-859095465 -79820453
574582182 -748099301
-257663397 -24602427
-546477741 -51118735
365903425 762380964
24402218 -31017450
14265842 -17806116
724375294 -943333459
-936853173 -86959459
482228534 -627729369
144912466 -188085532
-360811377 -34072537
332998554 -433229174
477160346 -621123702
-211643529 -20377301
374107190 -486808473
-91039737 -9304557
433236050 -563874588
333100801 694197594
173339873 362119329
691150506 -900029642
12364033 27515754
736201066 -958746682
32849198 -42026895
729443482 -949939126
594854934 -774521969
651168134 -847918269
426649025 888646464
-37085409 -4350961
296958106 -386255542
136285057 285097374
-146580957 -14403847
-506805441 -47476385
242897434 -315795094
698471222 -909571161
388986753 810361854
40914465 86860539
129603041 271208169
-133885821 -13238295
51995686 -66981637
657925718 -856725825
113201729 237116484
740142990 -963884423
253524065 528789789
377445089 786371409
-19629597 -2748327
432116129 900010359
497433098 -647546370
-700406265 -65251053
326418785 680308389
397491137 828039024
528968490 -688648298
155048842 -201296866
-941613849 -87396541
56500742 -72853341
283896865 591922539
365660210 -475799028
17644634 -22209894
276685354 -359832874
171942802 -223315756
403390054 -524974549
46989025 99487089
492364910 -640940703
-205295961 -19794525
335530625 699248214
701286882 -913240976
474344686 -617453887
677635338 -882414530
702976278 -915442865
118445262 -153589271
321172782 -417815951
223151265 465657039
-268771641 -25622285
39092097 83072574
47596481 100749744
639342362 -832505046
160117030 -207902533
747463706 -973425942
718180842 -935259866
198410006 -257812017
189399894 -246068609
438190689 912636909
381697281 795209994
2037281 6050619
-844813437 -78509207
183768574 -238728979
416929729 868443984
-311617725 -29556023
92541190 -119826973
563882674 -734154004
147164994 -191021384
516579586 -672501112
694529298 -904433420
-344942457 -32615597
209109514 -271757314
-736904781 -68602015
138718014 -180011939
-817836273 -76032409
586971086 -764246487
330670977 689146974
411273902 -535250031
532910414 -693786039
-449677329 -42231401
327026241 681571044
132523562 -171938346
358339494 -466257509
54885953 115901604
724938426 -944067422
342571798 -445706545
665809566 -867001307
418031486 -544057587
-151341633 -14840929
122950318 -159460975
41296178 -53036340
409640257 853292124
-597258285 -55780943
470965894 -613050109
303715690 -395063098
491801778 -640206740
365295969 761118309
265422714 -345153614
38480518 -49366525
200662534 -260747869
472092158 -614518035
206142497 430302699
312447297 651267324
713675786 -929388162
733948538 -955810830
-463959357 -43542647
218899073 456818454
-398896785 -37569193
76754369 161357184
-865443033 -80403229
406205714 -528644364
727754086 -947737237
-214817313 -20668689
446087617 929051424
-497284089 -46602221
311232385 648742014
-289401237 -27516307
366510881 763643619
368475870 -479468843
571203390 -743695523
-602018961 -56218025
220113985 459343764
480539138 -625527480
38484641 81809919
345857377 720713349
293616161 612125019
-290988129 -27662001
405995521 845716194
637652966 -830303157
-660733965 -61608703
-878138169 -81568781
70679809 148730634
-208469745 -20085913
157301370 -204232718
583029162 -759108746
238945121 498486069
266280641 555305544
-473480709 -44416811
-264010965 -25185203
516016454 -671767149
689461110 -897827753
571766522 -744429486
20260961 43930269
-652799505 -60880233
440556766 -573416107
179414433 374745879
501938154 -653418074
165748350 -215242163
368333249 767431584
442809294 -576351959
434545953 905060979
56708321 119689569
-928918713 -86230989
-392549217 -36986417
599359990 -780393673
420284014 -546993439
193385921 403786944
-308443941 -29264635
274785025 572982714
14186401 31303719
302120545 629802189
-511566117 -47913467
695092430 -905167383
344261194 -447908434
538541734 -701125669
-476654493 -44708199
-281466777 -26787837
470385857 979557624
80399105 168933114
40169914 -51568414
-598845177 -55926637
288149057 600761124
359221409 748491759
-614714097 -57383577
50869422 -65513711
456414369 950516559
13139578 -16338190
246839358 -320932835
316667726 -411944247
223187814 -290106389
-587736933 -54906779
-765468837 -71224507
354960702 -461853731
-113256225 -11344273
514890190 -670299223
374407809 780058134
665246434 -866267344
-300509481 -28536165
461392650 -600572738
63390337 133578774
388379297 809099199
241771170 -314327168
396069338 -515433030
36054817 76759299
616817082 -803146526
579650370 -754704968
548678110 -714337003
-857508573 -79674759
456324462 -593967071
555998826 -723878522
70579042 -91202416
-962243445 -89290563
-140233389 -13821071
479497697 998497449
94230586 -122028862
719870238 -937461755
647226210 -842780528
224314078 -291574315
-175145013 -17026339
-917810469 -85211131
-8521353 -1728469
463703841 965668419
219809022 -285702611
-86279061 -8867475
-827357625 -76906573
-981286149 -91038891
500811890 -651950148
286258598 -372310245
174758462 -226985571
-622648557 -58112047
765483930 -996912758
346513722 -450844286
155611974 -202030829
407817889 849504159
-794032893 -73846999
-305270157 -28973247
3566334 -3860819
434925446 -566076477
-222751773 -21397159
4467105 11101239
-119603793 -11927049
164622086 -213774237
709733862 -924250421
-519500577 -48641937
447314350 -582223663
-414765705 -39026133
271617166 -353227207
387771841 807836544
-294161913 -27953389
430983522 -560938736
281467041 586871919
195815745 408837564
-384614757 -36257947
-322725969 -30575881
-624235449 -58257741
402263790 -523506623
428471393 892434429
710860126 -925718347
186584234 -242398794
494617438 -643876555
255346433 532577754
-83105277 -8576087
145475598 -188819495
746900574 -972691979
152796314 -198361014
291186337 607074399
85866209 180297009
187147366 -243132757
235907841 492172794
366786474 -477266954
28344142 -36155191
540794262 -704061521
455199457 947991249
-898767765 -83462803
707481334 -921314569
731132878 -952141015
-800380461 -74429775
147219265 307825164
70072353 147467979
233324190 -303317723
-232273125 -22271323
37877185 80547264
-475067601 -44562505
-164036769 -16006481
-314791509 -29847411
-110082441 -11052885
-825770733 -76760879
716491446 -933057977
732822274 -954342904
288756513 602023779
-284640561 -27079225
463645178 -603508590
322774049 672732459
364533946 -474331102
-889246413 -82588639
89725530 -116157158
133247777 278784099
167872769 350755434
-532195713 -49807489
246234593 513637929
684956054 -891956049
623011534 -811220119
-789272217 -73409917
204320129 426514734
469276498 -610848220
177592065 370957914
204604458 -265885610
592602406 -771586117
-628996125 -58694823
-733730997 -68310627
116755866 -151387382
-762295053 -70933119
-235446909 -22562711
398098593 829301679
563319542 -733420041
693966166 -903699457
1313806 -924967
-787685325 -73264223
194600833 406312254
388748622 -505891511
267495553 557830854
71894721 151255944
420847146 -547727402
269364638 -350291355
102874977 215651349
214646881 447979869
224877210 -292308278
232761058 -302583760
45238102 -58174081
384734561 801523269
495180570 -644610518
570077126 -742227597
268710465 560356164
158153473 330552954
344824326 -448642397
9197654 -11200449
90288662 -116891121
304550369 634852809
70015910 -90468453
-895593981 -83171415
226796001 473232969
55374478 -71385415
431508673 898747704
385369830 -501487733
169127142 -219645941
2644737 7313274
65510854 -84596749
139281146 -180745902
-763881945 -71078813
440013057 916424874
389874886 -507359437
39043650 -50100488
235300385 490910139
101551302 -131570381
496306834 -646078444
37354254 -47898599
134462689 281309409
73394702 -94872231
762668270 -993242943
306372737 638640774
277811618 -361300800
454071934 -591031219
407331978 -530112290
276607393 576770679
281753542 -366438541
22690785 48980889
483917930 -629931258
30033538 -38357080
97407873 204287454
43344289 91911159
153922578 -199828940
756473818 -985169350
421410278 -548461365
-454438005 -42668483
-84692169 -8721781
63821458 -82394860
351324481 732077244
16008769 35091684
130817953 273733479
-781337757 -72681447
395668769 824251059
-982873041 -91184585
-617887881 -57674965
-611540313 -57092189
418752097 872231949
-782924649 -72827141
122313569 256056309
275559090 -358364948
121260922 -157259086
126565761 264894894
-965417229 -89581951
-571868013 -53449839
411462625 857080089
9326753 21202479
581902898 -757640820
339175361 706824144
237829246 -309189427
-137059605 -13529683
331872290 -431761248
-25977165 -3331103
509258870 -662959593
-265597857 -25330897
198853025 415150839
469839630 -611582183
84651297 177771699
259228262 -337080021
389594209 811624509
5255730 -6062708
318920254 -414880099
139929793 292673304
415107361 864656019
478286610 -622591628
629205986 -819293712
211925174 -275427129
-221164881 -21251465
232263105 484596864
126329110 -163864753
356184129 742178484
512074530 -666629408
127780673 267420204
435153409 906323634
370763073 772482204
23905697 51506199
-735317889 -68456321
-984459933 -91330279
166874614 -216710089
327633697 682833699
-13282029 -2165551
638216098 -831037120
292453050 -380383838
-490936521 -46019445
296045985 617175639
81614017 171458424
151471457 316663749
-181492581 -17609115
-367158945 -34655313
151106918 -196159125
-713101401 -66416605
144789441 302774544
615127686 -800944637
287541601 599498469
44674970 -57440118
71142174 -91936379
761542006 -991775017
199460481 416413494
374670322 -487542436
121098657 253530999
364081057 758592999
150543786 -195425162
626390326 -815623897
450130010 -585893478
731696010 -952874978
153359446 -199094977
332435422 -432495211
115631553 242167104
59316402 -76523156
66427617 139892049
444498690 -578553848
730006614 -950673089
-259250289 -24748121
113377074 -146983604
746337442 -971958016
214740834 -279096944
277248486 -360566837
165442945 345704814
466133665 970719039
384806698 -500753770
21023426 -26613672
-306857049 -29118941
28907274 -36889154
529531622 -689382261
67642529 142417359
759289478 -988839165
363473601 757330344
210798910 -273959203
-605192745 -56509413
64384590 -83128823
397195602 -516900956
495743702 -645344481
-706753833 -65833829
404780609 843190884
687771714 -895625864
357213230 -464789583
-847987221 -78800595
263243361 548992269
385949473 804048579
202497761 422726769
460266386 -599104812
141144705 295198614
162369558 -210838385
93667454 -121294899
-805141137 -74866857
289637390 -376714023
220372154 -286436574
201788798 -262215795
252916609 527527134
662430774 -862597529
764357666 -995444832
447909985 932839389
552056902 -718740781
261420993 545204304
-759121269 -70641731
50026305 105800364
323381505 673995114
264859582 -344419651
133649826 -173406272
193904950 -251940313
-703580049 -65542441
-778163973 -72390059
340390273 709349454
-465546249 -43688341
202351930 -262949758
604428178 -786999340
-132298929 -13092601
-514739901 -48204855
-390962325 -36840723
39606782 -50834451
315541462 -410476321
570640258 -742961560
458013858 -596168960
719307106 -936727792
504753814 -657087889
315484577 657580599
399448130 -519836808
256975734 -334144169
491238646 -639472777
-98974197 -10033027
-310030833 -29410329
380864774 -495616029
-722622753 -67290769
419157750 -545525513
530094754 -690116224
184331706 -239462942
672004018 -875074900
32410081 69183369
407895110 -530846253
345387458 -449376360
124076582 -160928901
442246162 -575617996
-379854081 -35820865
130271034 -169002494
294223617 613387674
423662806 -551397217
371854662 -483872621
95356850 -123496788
591476142 -770118191
525589698 -684244520
13578945 30041064
398321866 -518368882
225581089 470707659
101660065 213126039
426478466 -555067032
-303683265 -28827553
142359617 297723924
236515297 493435449
292401249 609599709
372980926 -485340547
15401313 33829029
-940026957 -87250847
191652422 -249004461
464918753 968193729
-317965293 -30138799
465526209 969456384
551493770 -718006818
170816538 -221847830
-738491673 -68747709
238955510 -310657353
307587649 641166084
262043922 -340749836
133086694 -172672309
-210056637 -20231607
-863856141 -80257535
-118016901 -11781355
17223681 37616994
759852610 -989573128
294705578 -383319690
430420390 -560204773
534599810 -695987928
165185218 -214508200
617380214 -803880489
236139850 -306987538
357399041 744703794
339193006 -441302767
539104866 -701859632
350455646 -455982027
-375093405 -35383783
-57715005 -6244983
317230858 -412678210
105912257 221964624
155723649 325502334
648915606 -844982417
426041569 887383809
383519649 798997959
412677537 859605399
373192897 777532824
354361761 738390519
708607598 -922782495
98172510 -127166603
-667081533 -62191479
207420118 -269555425
192778686 -250472387
5818862 -6796671
33624993 71708679
268103009 559093509
453377089 944203284
-784511541 -72972835
255286338 -331942280
576834710 -751035153
393238945 819200439
438304238 -570480255
568950862 -740759671
136465486 -177076087
196157478 -254876165
104089889 218176659
-833705193 -77489349
264296450 -343685688
360436321 751017069
347639986 -452312212
-811488705 -75449633
541920526 -705529447
217684161 454293144
-10108245 -1874163
175769697 367169949
-260837181 -24893815
-206882853 -19940219
-143407173 -14112459
-32324733 -3913879
121706113 254793654
601612518 -783329525
265065729 552780234
-544890849 -50973041
594291802 -773788006
49418849 104537709
331885889 691672284
259791394 -337813984
-92626629 -9450251
157546017 329290299
27781010 -35421228
18207766 -22943857
415714817 865918674
-94213521 -9595945
172505934 -224049719
-728970321 -67873545
154485710 -200562903
217076705 453030489
449124897 935364699
458576990 -596902923
-411591921 -38734745
212824513 444191904
247402490 -321666798
254738977 531315099
249091886 -323868687
-24390273 -3185409
119883745 251005689
-436982193 -41065849
-198948393 -19211749
20460294 -25879709
753658158 -981499535
12013314 -14870264
351581910 -457449953
279501014 -363502689
295438529 615912984
184274081 384847119
177010990 -229921423
108308886 -140377937
282879806 -367906467
-462372465 -43396953
760415742 -990307091
410247713 854554779
653420662 -850854121
322299046 -419283877
276122222 -359098911
107745754 -139643974
245019681 511112619
436368321 908848944
488422986 -635802962
25528482 -32485376
158990766 -206434607
57315777 120952224
44111838 -56706155
585844822 -762778561
229945398 -298913945
458236737 954304524
422536542 -549929291
272180298 -353961170
-241794477 -23145487
588660482 -766448376
352539393 734602554
407210433 848241504
-492523413 -46165139
-530608821 -49661795
-165623661 -16152175
437583233 911374254
379874913 791422029
228010913 475758279
-127538253 -12655519
445061822 -579287811
18438593 40142304
168480225 352018089
260354526 -338547947
421789377 878545224
4692598 -5328745
-678189777 -63211337
667498962 -869203196
661867642 -861863566
-862269249 -80111841
136892513 286360029
537415470 -699657743
34232449 72971334
479976006 -624793517
546988714 -712135114
626953458 -816357860
