2029
232781419 -253099158
547427699 -595841794
-16349616 -354999645
225575779 -245250090
320450039 -348596152
-8197842 -166999833
270010559 -293652676
267008209 -290382231
826045779 -899339090
-15222243 -328999671
-39417402 -886999113
756991729 -824118855
-7504074 -150999849
214767319 -233476488
-3341466 -54999945
221372489 -240671467
327055209 -355791131
-38029866 -854999145
651909479 -709653280
185944759 -202080216
569044619 -619388998
-13401102 -286999713
453754379 -493803910
806230269 -877754153
184143349 -200117949
467565189 -508847957
807431209 -879062331
289225599 -314583524
612878929 -667137495
437541689 -476143507
215367789 -234130577
7004699 -7161694
51439479 -55564280
241187999 -262256404
-11666682 -246999753
472368949 -514080669
540222059 -587992726
552231459 -601074506
-42799521 -964999035
116290239 -126205892
224975309 -244596001
128900109 -139941761
663318409 -722080971
41231489 -44444767
881889489 -960169367
871081029 -948395765
172133949 -187036169
-43926894 -990999009
-24848274 -550999449
712556949 -775716269
-31178907 -696999303
-8111121 -164999835
125297289 -136017227
390705029 -425124565
892697949 -971942969
519806079 -565753700
-30398418 -678999321
909511109 -990257461
235183299 -255715514
478974119 -521275648
883690899 -962131634
-14441754 -310999689
-24588111 -544999455
778608649 -847666059
455555789 -495766177
472969419 -514734758
89269089 -96771887
11207989 -11740317
-34387584 -770999229
706552249 -769175379
163727369 -177878923
462160959 -502961156
-11579961 -244999755
261003509 -283841341
-39937728 -898999101
-17390268 -378999621
852466459 -928119006
600269059 -653401626
-4555560 -82999917
292227949 -317853969
188947109 -205350661
836854239 -911112692
12408929 -13048495
327655679 -356445220
615881279 -670407940
331258499 -360369754
764197369 -831967923
178138649 -193577059
-19384851 -424999575
582855429 -634433045
415324299 -451942214
274213849 -298231299
651309009 -708999191
691540499 -752823154
647706189 -705074657
154720319 -168067588
71254989 -77149217
19014099 -20243474
770202069 -838508813
360681529 -392420115
899903589 -979792037
-12447171 -264999735
300634529 -327011215
479574589 -521929737
11808459 -12394406
5203289 -5199427
198554629 -215816085
913714399 -994836084
-18517641 -404999595
82663919 -89576908
43633369 -47061123
-41932311 -944999055
-11319798 -238999761
557635689 -606961307
802026979 -873175530
750987029 -817577965
496988219 -540898318
856069279 -932043540
840457059 -915037226
765398309 -833276101
575649789 -626583977
338464139 -368218822
567843679 -618080820
617682689 -672370207
672325459 -731892306
260403039 -283187252
-38897076 -874999125
-14355033 -308999691
229178599 -249174624
236984709 -257677781
-2734419 -40999959
239987059 -260948226
796622749 -867288729
-12707334 -270999729
504193859 -548747386
-12360450 -262999737
438742629 -477451685
530614539 -577527302
-37943145 -852999147
570846029 -621351265
226176249 -245904179
638098669 -694609233
404515839 -440168612
-4382118 -78999921
-40458054 -910999089
-40111170 -902999097
820641549 -893452289
710155069 -773099913
843459409 -918307671
564841329 -614810375
-41151822 -926999073
859071629 -935313985
398511139 -433627722
-4815723 -88999911
-9411936 -194999805
244190349 -265526849
605673289 -659288427
511999969 -557250543
430936519 -468948528
209363089 -227589687
-29964813 -668999331
96474729 -104620955
590661539 -642936202
-23547459 -520999479
879487609 -957553011
744982329 -811037075
542623939 -590609082
597266709 -650131181
359480589 -391111937
68853109 -74532861
-21119271 -464999535
-28230393 -628999371
537219709 -584722281
-36295446 -814999185
785814289 -855515127
361281999 -393074204
546827229 -595187705
693341909 -754785421
477172709 -519313381
894499359 -973905236
639299609 -695917411
-34300863 -768999231
516803729 -562483255
829048129 -902609535
620685039 -675640652
-12100287 -256999743
265807269 -289074053
662117469 -720772793
602070469 -655363893
503593389 -548093297
-12620613 -268999731
-36642330 -822999177
653710889 -711615547
753388909 -820194321
-37509540 -842999157
5803759 -5853516
-14962080 -322999677
355877769 -387187403
606874229 -660596605
588860129 -640973935
-22420086 -494999505
196753219 -213853818
369088109 -401577361
666921229 -726005505
79061099 -85652374
163126899 -177224834
180540529 -196193415
399529 33285
512600439 -557904632
-18604362 -406999593
811034029 -882986865
-9758820 -202999797
603871879 -657326160
633294909 -689376521
267608679 -291036320
892097479 -971288880
-42712800 -962999037
-43666731 -984999015
47836659 -51639746
469366599 -510810224
236384239 -257023692
355277299 -386533314
-32393001 -724999275
684334859 -744974086
-39851007 -896999103
695861788 -970685709
184743819 -200772038
32224439 -34633432
826646249 -899993179
634495849 -690684699
502992919 -547439208
866277269 -943163053
697545199 -759364044
449551089 -489225287
248393639 -270105472
846461759 -921578116
677129219 -737125018
897501709 -977175681
268809619 -292344498
132502929 -143866295
-1520325 -12999987
804428859 -875791886
35827259 -38557966
514401849 -559866899
405716779 -441476790
197353689 -214507907
611077519 -665175228
-16089453 -348999651
754589849 -821502499
680732039 -741049552
215968259 -234784666
480175059 -522583826
408118659 -444093146
714958829 -778332625
849464109 -924848561
883090429 -961477545
829648599 -903263624
150517029 -163488965
-20512224 -450999549
158323139 -171992122
20215039 -21551652
374492339 -407464162
-19645014 -430999569
673526399 -733200484
850665049 -926156739
139108099 -151061274
-31699233 -708999291
205760269 -223665153
665119819 -724043238
478373649 -520621559
530014069 -576873213
-1173441 -4999995
648907129 -706382835
423130409 -460445371
755790789 -822810677
738377159 -803842096
34626319 -37249788
-31439070 -702999297
-25975647 -576999423
782211469 -851590593
-18777804 -410999589
209963559 -228243776
418326649 -455212659
684935329 -745628175
459759079 -500344800
764797839 -832622012
70054049 -75841039
435139809 -473527151
351674479 -382608780
906508759 -986987016
493985869 -537627873
760594549 -828043389
167930659 -182457546
443546389 -482684397
219571079 -238709200
192549929 -209275195
101278489 -109853667
723365409 -787489871
-22159923 -488999511
-42279195 -952999047
392506439 -427086832
-38550192 -866999133
-7070469 -140999859
901104529 -981100215
489782579 -533049250
791218519 -861401928
656713239 -714885992
452553439 -492495732
88068149 -95463709
-16783221 -364999635
177538179 -192922970
94673319 -102658688
-43233126 -974999025
-10018983 -208999791
-21899760 -482999517
707152719 -769829468
905307819 -985678838
-29704650 -662999337
254998809 -277300451
916116279 -997452440
562439449 -612194019
334861319 -364294288
-32219559 -720999279
-10972914 -230999769
715559299 -778986714
149316089 -162180787
574448849 -625275799
-33953979 -760999239
660916529 -719464615
257400689 -279916807
614079869 -668445673
576250259 -627238066
279618079 -304118100
-23634180 -522999477
518004669 -563791433
777407709 -846357881
819440609 -892144111
505394799 -550055564
-5682933 -108999891
395508789 -430357277
885492309 -964093901
154119849 -167413499
481976469 -524546093
660316059 -718810526
448950619 -488571198
-21292713 -468999531
813435909 -885603221
781010529 -850282415
417726179 -454558570
379296099 -412696874
-2907861 -44999955
-16436337 -356999643
363683879 -395690560
-35428236 -794999205
735374809 -800571651
497588689 -541552407
-30658581 -684999315
-20338782 -446999553
133103399 -144520384
166729719 -181149368
77860159 -84344196
659715589 -718156437
533016419 -580143658
451952969 -491841643
646505249 -703766479
-29097603 -648999351
525210309 -571640501
-26235810 -582999417
-34907910 -782999217
809833089 -881678687
667521699 -726659594
386501739 -420545942
-34734468 -778999221
85666269 -92847353
-25281879 -560999439
470567539 -512118402
397310199 -432319544
719762589 -783565337
115089299 -124897714
699346609 -761326311
-16956663 -368999631
333660379 -362986110
244790819 -266180938
142110449 -154331719
295230299 -321124414
762996429 -830659745
447749679 -487263020
641101019 -697879678
548028169 -596495883
-17043384 -370999629
-26929578 -598999401
321650979 -349904330
542023469 -589954993
669323109 -728621861
-15135522 -326999673
490383049 -533703339
492784929 -536319695
687337209 -748244531
458558139 -499036622
242989409 -264218671
98276139 -106583222
823043429 -896068645
-27103020 -602999397
189547579 -206004750
108484129 -117702735
-44100336 -994999005
-29444487 -656999343
274814319 -298885388
557035219 -606307218
-34214142 -766999233
-18951246 -414999585
788216169 -858131483
-5249328 -98999901
734173869 -799263473
17212689 -18281207
406317249 -442130879
698145669 -760018133
-4035234 -70999929
232180949 -252445069
46035249 -49677479
818840139 -891490022
336062259 -365602466
865076329 -941854875
-17997315 -392999607
-39504123 -888999111
388303149 -422508209
52039949 -56218369
-21986481 -484999515
407518189 -443439057
408719129 -444747235
716760239 -780294892
447149209 -486608931
109685069 -119010913
637498199 -693955144
78460629 -84998285
515602789 -561175077
831450009 -905225891
-25715484 -570999429
-37075935 -832999167
217769669 -236746933
821842489 -894760467
578652139 -629854422
419527589 -456520837
781610999 -850936504
531215009 -578181391
582254959 -633778956
-5422770 -102999897
142710919 -154985808
836253769 -910458603
710755539 -773754002
516203259 -561829166
183542879 -199463860
692741439 -754131332
-43406568 -978999021
-2214093 -28999971
-36208725 -812999187
560037569 -609577663
-9151773 -188999811
81462979 -88268730
548628639 -597149972
-30138255 -672999327
195552279 -212545640
-30051534 -670999329
-36468888 -818999181
908910639 -989603372
732972929 -797955295
186545229 -202734305
424931819 -462407638
-41238543 -928999071
7605169 -7815783
334260849 -363640199
95874259 -103966866
85065799 -92193264
822442959 -895414556
161325489 -175262567
442945919 -482030308
655512299 -713577814
555834279 -604999040
-26495973 -588999411
898102179 -977829770
-3254745 -52999947
328856619 -357753398
-43319847 -976999023
50839009 -54910191
-42539358 -958999041
307239699 -334206194
74857809 -81073751
119292589 -129476337
736575749 -801879829
280218549 -304772189
-4295397 -76999923
773204419 -841779258
-28663998 -638999361
-1780488 -18999981
586458249 -638357579
312643929 -340092995
-42972963 -968999031
-40631496 -914999085
658514649 -716848259
665720289 -724697327
612278459 -666483406
207561679 -225627420
887894189 -966710257
525810779 -572294590
138507629 -150407185
-6029817 -116999883
-31352349 -700999299
-20598945 -452999547
4002349 -3891249
613479399 -667791584
702949429 -765250845
370889519 -403539628
-1607046 -14999985
-32306280 -722999277
283220899 -308042634
839256119 -913729048
17813159 -18935296
-18170757 -396999603
549229109 -597804061
396109259 -431011366
915515809 -996798351
789417109 -859439661
277216199 -301501744
-39590844 -890999109
104881309 -113778201
-30918744 -690999309
501191509 -545476941
21415979 -22859830
201556979 -219086530
774405359 -843087436
868078679 -945125320
896901239 -976521592
551630989 -600420417
324653329 -353174775
13609869 -14356673
854267869 -930081273
495186809 -538936051
-16609779 -360999639
-24414669 -540999459
92271439 -100042332
179940059 -195539326
-7157190 -142999857
-6723585 -132999867
895700299 -975213414
109084599 -118356824
505995269 -550709653
61046999 -66029704
160725019 -174608478
565441799 -615464464
490983519 -534357428
-26842857 -596999403
528813129 -575565035
621285509 -676294741
-15482406 -334999665
579853079 -631162600
587058719 -639011668
-35341515 -792999207
288625129 -313929435
695143319 -756747688
370289049 -402885539
675928279 -735816840
498189159 -542206496
569645089 -620043087
84465329 -91539175
720963529 -784873515
584656839 -636395312
-19037967 -416999583
727568699 -792068494
517404199 -563137344
833851889 -907842247
-25802205 -572999427
405116309 -440822701
-11840124 -250999749
558236159 -607615396
462761429 -503615245
-13487823 -288999711
726968229 -791414405
237585179 -258331870
-200941 687374
214166849 -232822399
802627449 -873829619
143911859 -156293986
539021119 -586684548
411721479 -448017680
40631019 -43790678
521607489 -567715967
628491149 -684143809
510198559 -555288276
618883629 -673678385
79661569 -86306463
363083409 -395036471
747384209 -813653431
179339589 -194885237
39430079 -42482500
55642769 -60142903
-32132838 -718999281
488581639 -531741072
814036379 -886257310
121694469 -132092693
-10279146 -214999785
247793169 -269451383
769601599 -837854724
-17476989 -380999619
233381889 -253753247
828447659 -901955446
608075169 -661904783
38229139 -41174322
520406549 -566407789
394307849 -429049099
234582829 -255061425
58645119 -63413348
899303119 -979137948
167330189 -181803457
-41585427 -936999063
-30224976 -674999325
343267899 -373451534
343868369 -374105623
426733229 -464369905
510799029 -555942365
798424159 -869250996
367887169 -400269183
-21379434 -470999529
-17130105 -372999627
743180919 -809074808
-21032550 -462999537
384099859 -417929586
164327839 -178533012
466364249 -507539779
-37249377 -836999163
794821339 -865326462
576850729 -627892155
73656869 -79765573
-29531208 -658999341
671724989 -731238217
-1260162 -6999993
834452359 -908496336
480775529 -523237915
10607519 -11086228
223173899 -242633734
144512329 -156948075
-39243960 -882999117
-18691083 -408999591
350473539 -381300602
413522889 -449979947
401513489 -436898167
-36902493 -828999171
326454739 -355137042
206360739 -224319242
9406579 -9778050
607474699 -661250694
-7937679 -160999839
-33867258 -758999241
377494689 -410734607
268209149 -291690409
-22333365 -492999507
98876609 -107237311
854868339 -930735362
642301959 -699187856
657313709 -715540081
814636849 -886911399
-29791371 -664999335
277816669 -302155833
52640419 -56872458
747984679 -814307520
-22940412 -506999493
361882469 -393728293
325253799 -353828864
596065769 -648823003
-20252061 -444999555
537820179 -585376370
728169169 -792722583
100077549 -108545489
107883659 -117048646
-14615196 -314999685
210564029 -228897865
631493499 -687414254
10007049 -10432139
37028199 -39866144
726367759 -790760316
83864859 -90885086
-26669415 -592999407
808632149 -880370509
59245589 -64067437
-13834707 -296999703
-35948562 -806999193
306639229 -333552105
208162149 -226281509
-10365867 -216999783
118692119 -128822248
748585149 -814961609
555233809 -604344951
439343099 -478105774
464562839 -505577512
-10886193 -228999771
-16262895 -352999647
342066959 -372143356
593663889 -646206647
433938869 -472218973
57444179 -62105170
64049349 -69300149
722164469 -786181693
305438289 -332243927
803828389 -875137797
-23894343 -528999471
533616889 -580797747
130701519 -141904028
625488799 -680873364
-28056951 -624999375
-2474256 -34999965
358279649 -389803759
-40718217 -916999083
110886009 -120319091
193150399 -209929284
-29010882 -646999353
427333699 -465023994
873482909 -951012121
371489989 -404193717
-4729002 -86999913
-38376750 -862999137
203958859 -221702886
416525239 -453250392
749185619 -815615698
912513459 -993527906
668722639 -727967772
585857779 -637703490
-13054218 -278999721
589460599 -641628024
426132759 -463715816
73056399 -79111484
-42192474 -950999049
842258469 -916999493
-6810306 -134999865
907109229 -987641105
-9585378 -198999801
914915339 -996144262
561838979 -611539930
182942409 -198809771
-21813039 -480999519
585257309 -637049401
745582799 -811691164
190748519 -207312928
767199719 -835238368
705951779 -768521290
860873039 -937276252
313844869 -341401173
476572239 -518659292
373891869 -406810073
693942379 -755439510
-28143672 -626999373
782811939 -852244682
692140969 -753477243
83264389 -90230997
509598089 -554634187
-29357766 -654999345
366085759 -398306916
25619269 -27438453
643502899 -700496034
545626289 -593879527
573247909 -623967621
322251449 -350558419
761795489 -829351567
-29184324 -650999349
80262039 -86960552
170332539 -185073902
713157419 -776370358
323452389 -351866597
-38983797 -876999123
-38810355 -872999127
623687389 -678911097
15411279 -16318940
433338399 -471564884
580453549 -631816689
222573429 -241979645
-39330681 -884999115
642902429 -699841945
-32046117 -716999283
469967069 -511464313
164928309 -179187101
-37162656 -834999165
-4208676 -74999925
862674449 -939238519
423730879 -461099460
491583989 -535011517
-19211409 -420999579
615280809 -669753851
487380699 -530432894
340866019 -370835178
599668589 -652747537
143311389 -155639897
845260819 -920269938
731171519 -795993028
-1953930 -22999977
331858969 -361023843
103680369 -112470023
-31265628 -698999301
594864829 -647514825
434539339 -472873062
803227919 -874483708
29222089 -31362987
251996459 -274030006
-3601629 -60999939
-30745302 -686999313
-14701917 -316999683
-10452588 -218999781
640500549 -697225589
139708569 -151715363
227377189 -247212357
43032899 -46407034
534817829 -582105925
352274949 -383262869
-1867209 -20999979
-9845541 -204999795
145112799 -157602164
457957669 -498382533
346270249 -376721979
768400659 -836546546
780410059 -849628326
-19991898 -438999561
270611029 -294306765
75458279 -81727840
439943569 -478759863
619484099 -674332474
862073979 -938584430
86867209 -94155531
-8544726 -174999825
309041109 -336168461
788816639 -858785572
895099829 -974559325
69453579 -75186950
799625099 -870559174
76058749 -82381929
674126869 -733854573
729370109 -794030761
851265519 -926810828
429735579 -467640350
475971769 -518005203
376293749 -409426429
412321949 -448671769
572647439 -623313532
624287859 -679565186
-3688350 -62999937
847662699 -922886294
797823689 -868596907
247192699 -268797294
266407739 -289728142
-24501390 -542999457
94072849 -102004599
-29271045 -652999347
566642739 -616772642
832650949 -906534069
303636879 -330281660
127098699 -137979494
-41065101 -924999075
787615699 -857477394
872281969 -949703943
-35514957 -796999203
238185649 -258985959
594264359 -646860736
116890709 -126859981
122294939 -132746782
877686199 -955590744
48437129 -52293835
-44013615 -992999007
812234969 -884295043
738977629 -804496185
686736739 -747590442
518605139 -564445522
272412439 -296269032
238786119 -259640048
-37682982 -846999153
101878959 -110507756
119893059 -130130426
76659219 -83036018
-21466155 -472999527
590061069 -642282113
102479429 -111161845
2801409 -2583071
328256149 -357099309
-27363183 -608999391
-32913327 -736999263
56243239 -60796992
460960019 -501652978
-2387535 -32999967
793019929 -863364195
795421809 -865980551
492184459 -535665606
456756729 -497074355
91070499 -98734154
553432399 -602382684
-17823873 -388999611
-26149089 -580999419
231580479 -251790980
422529939 -459791282
784613349 -854206949
-5596212 -106999893
394908319 -429703188
848263169 -923540383
-32566443 -728999271
-37856424 -850999149
304237349 -330935749
817639199 -890181844
282019959 -306734456
421929469 -459137193
543224409 -591263171
-42626079 -960999039
-19471572 -426999573
776206769 -845049703
31623969 -33979343
-23460738 -518999481
-5509491 -104999895
474770829 -516697025
373291399 -406155984
-15742569 -340999659
190148049 -206658839
412922419 -449325858
389504089 -423816387
136706219 -148444918
700547549 -762634489
146914209 -159564431
-4902444 -90999909
725767289 -790106227
508397149 -553326009
156521729 -170029855
621885979 -676948830
786414759 -856169216
-34474305 -772999227
-16696500 -362999637
767800189 -835892457
61647469 -66683793
-23287296 -514999485
-5943096 -114999885
18413629 -19589385
790017579 -860093750
66451229 -71916505
25018799 -26784364
554032869 -603036773
256199749 -278608629
753989379 -820848410
811634499 -883640954
264606329 -287765875
318048159 -345979796
200956509 -218432441
-7764237 -156999843
120493529 -130784515
863274919 -939892608
381697979 -415313230
812835439 -884949132
-24067785 -532999467
-39157239 -880999119
579252609 -630508511
230379539 -250482802
581054019 -632470778
445948269 -485300753
-18864525 -412999587
-11753403 -248999751
445347799 -484646664
741379509 -807112541
311442989 -338784817
838655649 -913074959
382898919 -416621408
-24241227 -536999463
41831959 -45098856
-35081352 -786999213
369688579 -402231450
844660349 -919615849
420728529 -457829015
425532289 -463061727
22016449 -23513919
471168009 -512772491
27420679 -29400720
917317219 -998760618
286823719 -311967168
504794329 -549401475
705351309 -767867201
382298449 -415967319
515002319 -560520988
35226789 -37903877
-10539309 -220999779
197954159 -215161996
818239669 -890835933
77259689 -83690107
-12794055 -272999727
771403009 -839816991
-27536625 -612999387
53240889 -57526547
212365439 -230860132
372690929 -405501895
737776689 -803188007
-1346883 -8999991
763596899 -831313834
411121009 -447363591
526411249 -572948679
-25108437 -556999443
68252639 -73878772
875284319 -952974388
-8458005 -172999827
354076359 -385225136
-22593528 -498999501
898702649 -978483859
298232649 -324394859
146313739 -158910342
742580449 -808420719
677729689 -737779107
90470029 -98080065
-10192425 -212999787
880688549 -958861189
-30832023 -688999311
-23113854 -510999489
-2127372 -26999973
-25195158 -558999441
19614569 -20897563
-3081303 -48999951
466964719 -508193868
-7243911 -144999855
664519349 -723389149
-38203308 -858999141
256800219 -279262718
193750869 -210583373
797223219 -867942818
-1433604 -10999989
650708539 -708345102
176937709 -192268881
732372459 -797301206
-19298130 -422999577
627290209 -682835631
141509979 -153677630
-36729051 -824999175
182341939 -198155682
173334889 -188344347
421328999 -458483104
294629829 -320470325
-34127421 -764999235
297031709 -323086681
275414789 -299539477
670524049 -729930039
866877739 -943817142
431536989 -469602617
391305499 -425778654
88668619 -96117798
296431239 -322432592
353475889 -384571047
-31092186 -694999305
-20859108 -458999541
-15048801 -324999675
623086919 -678257008
23217389 -24822097
6404229 -6507605
641701489 -698533767
-5769654 -110999889
-12880776 -274999725
-22680249 -500999499
837454709 -911766781
-34040700 -762999237
324052859 -352520686
-6463422 -126999873
769001129 -837200635
316847219 -344671618
140909509 -153023541
890296069 -969326613
833251419 -907188158
291027009 -316545791
672925929 -732546395
211764969 -230206043
-19905177 -436999563
295830769 -321778503
187746169 -204042483
783412409 -852898771
817038729 -889527755
258601629 -281224985
8205639 -8469872
815837789 -888219577
245991759 -267489116
2200939 -1928982
648306659 -705728746
203358389 -221048797
-36382167 -816999183
114488829 -124243625
911912989 -992873817
325854269 -354482953
-2994582 -46999953
801426509 -872521441
188346639 -204696572
-36122004 -810999189
26219739 -28092542
487981169 -531086983
174535829 -189652525
678930629 -739087285
-31525791 -704999295
481375999 -523892004
-38723634 -870999129
93472379 -101350510
877085729 -954936655
718561649 -782257159
-6983748 -138999861
599068119 -652093448
13009399 -13702584
137306689 -149099007
546226759 -594533616
463962369 -504923423
-32826606 -734999265
-33520374 -750999249
601469999 -654709804
354676829 -385879225
-3168024 -50999949
790618049 -860747839
-11146356 -234999765
904106879 -984370660
758793139 -826081122
-27276462 -606999393
148115149 -160872609
874683849 -952320299
-25368600 -562999437
8806109 -9123961
587659189 -639665757
-16176174 -350999649
-12533892 -266999733
765998779 -833930190
-24154506 -534999465
194351339 -211237462
339064609 -368872911
438142159 -476797596
841057529 -915691315
110285539 -119665002
121093999 -131438604
-25628763 -568999431
301234999 -327665304
508997619 -553980098
460359549 -500998889
593063419 -645552558
302435939 -328973482
-31959396 -714999285
893898889 -973251147
261603979 -284495430
415924769 -452596303
251395989 -273375917
474170359 -516042936
904707349 -985024749
489182109 -532395161
733573399 -798609384
-28924161 -644999355
766599249 -834584279
-27449904 -610999389
356478239 -387841492
872882439 -950358032
675327809 -735162751
-41758869 -940999059
659115119 -717502348
800225569 -871213263
235783769 -256369603
-17563710 -382999617
824244369 -897376823
471768479 -513426580
696344259 -758055866
170933009 -185727991
902905939 -983062482
-42452637 -956999043
-2040651 -24999975
271811969 -295614943
213566379 -232168310
67051699 -72570594
-39677565 -892999107
-14875359 -320999679
14210339 -15010762
-44187057 -996999003
459158609 -499690711
220171549 -239363289
905908289 -986332927
329457089 -358407487
288024659 -313275346
-5336049 -100999899
661516999 -720118704
500591039 -544822852
629692089 -685451987
199155099 -216470174
501791979 -546131030
375092809 -408118251
140309039 -152369452
333059909 -362332021
253797869 -275992273
196152749 -213199729
830849539 -904571802
596666239 -649477092
-21726318 -478999521
191949459 -208621106
645904779 -703112390
115689769 -125551803
-13574544 -290999709
-22853691 -504999495
208762619 -226935598
47236189 -50985657
-6636864 -130999869
-42105753 -948999051
-3514908 -58999941
886092779 -964747990
453153909 -493149821
199755569 -217124263
62247939 -67337882
571446499 -622005354
32824909 -35287521
611677989 -665829317
-38290029 -860999139
-19731735 -432999567
-25455321 -564999435
127699169 -138633583
450752029 -490533465
528212659 -574910946
701748489 -763942667
-36555609 -820999179
178739119 -194231148
56843709 -61451081
-41325264 -930999069
-29878092 -666999333
-18257478 -398999601
-15655848 -338999661
666320759 -725351416
318648629 -346633885
-43059684 -970999029
568444149 -618734909
-30311697 -676999323
-14008149 -300999699
493385399 -536973784
868679149 -945779409
100678019 -109199578
796022279 -866634640
867478209 -944471231
-4989165 -92999907
535418299 -582760014
352875419 -383916958
910712049 -991565639
145713269 -158256253
676528749 -736470929
617082219 -671716118
588259659 -640319846
-34647747 -776999223
558836629 -608269485
851865989 -927464917
698746139 -760672222
483177409 -525854271
-28317114 -630999369
910111579 -990911550
397910669 -432973633
-15308964 -330999669
475371299 -517351114
228578129 -248520535
890896539 -969980702
608675639 -662558872
522808429 -569024145
722764939 -786835782
-7330632 -146999853
-8804889 -180999819
636297259 -692646966
682533449 -743011819
690339559 -751514976
-40804938 -918999081
-18344199 -400999599
536619239 -584068192
759393609 -826735211
832050479 -905879980
-28403835 -632999367
441744979 -480722130
409319599 -445401324
-8978331 -184999815
130101049 -141249939
124696819 -135363138
-30485139 -680999319
749786089 -816269787
522207959 -568370056
125897759 -136671316
169131599 -183765724
513801379 -559212810
-9238494 -190999809
835653299 -909804514
409920069 -446055413
187145699 -203388394
702348959 -764596756
-26756136 -594999405
385300799 -419237764
746783739 -812999342
680131569 -740395463
-33086769 -740999259
-11406519 -240999759
171533479 -186382080
735975279 -801225740
313244399 -340747084
900504059 -980446126
539621589 -587338637
-17910594 -390999609
309641579 -336822550
563640389 -613502197
495787279 -539590140
457357199 -497728444
1600469 -1274893
-27796788 -618999381
307840169 -334860283
678330159 -738433196
285622779 -310658990
564240859 -614156286
-26409252 -586999413
-24327948 -538999461
-27189741 -604999395
772603949 -841125169
847062229 -922232205
-10712751 -224999775
744381859 -810382986
417125709 -453904481
-16002732 -346999653
436340749 -474835329
901704999 -981754304
133703869 -145174473
-25021716 -554999445
-15395685 -332999667
538420649 -586030459
23817859 -25476186
-14094870 -302999697
107283189 -116394557
45434779 -49023390
855468809 -931389451
554633339 -603690862
591262009 -643590291
-23720901 -524999475
741979979 -807766630
711956479 -775062180
224374839 -243941912
223774369 -243287823
911312519 -992219728
-20165340 -442999557
227977659 -247866446
604472349 -657980249
-20685666 -454999545
857270219 -933351718
-15569127 -336999663
-7850958 -158999841
444146859 -483338486
875884789 -953628477
532415949 -579489569
-40197891 -904999095
-11059635 -232999767
699947079 -761980400
-3428187 -56999943
279017609 -303464011
345669779 -376067890
-21552876 -474999525
761195019 -828697478
743781389 -809728897
632694439 -688722432
218970609 -238055111
299433589 -325703037
-27623346 -614999385
-43753452 -986999013
567243209 -617426731
687937679 -748898620
695743789 -757401777
346870719 -377376068
583455899 -635087134
-13747986 -294999705
-6897027 -136999863
414123359 -450634036
534217359 -581451836
284421839 -309350812
54441829 -58834725
848863639 -924194472
105481779 -114432290
239386589 -260294137
282620429 -307388545
448350149 -487917109
123495879 -134054960
298833119 -325048948
821242019 -894106378
815237319 -887565488
86266739 -93501442
103079899 -111815934
71855459 -77803306
362482939 -394382382
351074009 -381954691
-14181591 -304999695
-43146405 -972999027
755190319 -822156588
708353659 -771137646
806830739 -878408242
701148019 -763288578
106682719 -115740468
-40284612 -906999093
902305469 -982408393
-6376701 -124999875
876485259 -954282566
644103369 -701150123
770802539 -839162902
131902459 -143212206
-36035283 -808999191
-12187008 -258999741
805629799 -877100064
372090459 -404847806
-31612512 -706999293
756391259 -823464766
614680339 -669099762
294029359 -319816236
-37596261 -844999155
717360709 -780948981
560638039 -610231752
152318439 -165451232
151717969 -164797143
265206799 -288419964
-7590795 -152999847
435740279 -474181240
62848409 -67991971
825445309 -898685001
506595739 -551363742
844059879 -918961760
185344289 -201426127
-8371284 -170999829
297632179 -323740770
169732069 -184419813
-41498706 -934999065
418927119 -455866748
527011719 -573602768
559437099 -608923574
-34821189 -780999219
-13921428 -298999701
-18084036 -394999605
572046969 -622659443
385901269 -419891853
468165659 -509502046
663918879 -722735060
259802569 -282533163
595465299 -648168914
357679179 -389149670
380497039 -414005052
496387749 -540244229
627890679 -683489720
719162119 -782911248
853667399 -929427184
269410089 -292998587
-43493289 -980999019
276015259 -300193566
626689739 -682181542
721563999 -785527604
740178569 -805804363
113287889 -122935447
429135109 -466986261
-41411985 -932999067
-15916011 -344999655
805029329 -876445975
513200909 -558558721
779209119 -848320148
903506409 -983716571
430336049 -468294439
-40978380 -922999077
387102209 -421200031
540822529 -588646815
-11493240 -242999757
383499389 -417275497
882489959 -960823456
654911829 -712923725
202757919 -220394708
-33000048 -738999261
441144509 -480068041
498789629 -542860585
330658029 -359715665
630893029 -686760165
482576939 -525200182
399712079 -434935900
573848379 -624621710
339665079 -369527000
44233839 -47715212
835052829 -909150425
-24761553 -548999451
37628669 -40520233
273012909 -296923121
-2560977 -36999963
-12967497 -276999723
-33173490 -742999257
-38116587 -856999143
-5075886 -94999905
165528779 -179841190
420128059 -457174926
303036409 -329627571
290426539 -315891702
456156259 -496420266
159524079 -173300300
157122199 -170683944
221972959 -241325556
-38636913 -868999131
97075199 -105275044
384700329 -418583675
241788469 -262910493
92871909 -100696421
317447689 -345325707
-40024449 -900999099
153519379 -166759410
-37422819 -840999159
869880089 -947087587
711356009 -774408091
-28750719 -640999359
-25542042 -566999433
639900079 -696571500
-8718168 -178999821
-16869942 -366999633
-20945829 -460999539
-3775071 -64999935
750386559 -816923876
308440639 -335514372
888494659 -967364346
80862509 -87614641
-31872675 -712999287
300034059 -326357126
-8024400 -162999837
483777879 -526508360
432737929 -470910795
3401879 -3237160
-41672148 -938999061
70654519 -76495128
104280839 -113124112
175736769 -190960703
172734419 -187690258
451352499 -491187554
-40891659 -920999079
477773179 -519967470
442345449 -481376219
-42019032 -946999053
561238509 -610885841
291627479 -317199880
681332509 -741703641
-4642281 -84999915
820041079 -892798200
686136269 -746936353
393106909 -427740921
194951809 -211891551
262804919 -285803608
600869529 -654055715
306038759 -332898016
-2821140 -42999957
858471159 -934659896
387702679 -421854120
570245559 -620697176
-11233077 -236999763
591862479 -644244380
454955319 -495112088
638699139 -695263322
-33260211 -744999255
117491179 -127514070
632093969 -688068343
285022309 -310004901
-27710067 -616999383
791818989 -862056017
336662729 -366256555
669923579 -729275950
465763779 -506885690
519205609 -565099611
281419489 -306080367
690940029 -752169065
-2647698 -38999961
319249099 -347287974
249594579 -271413650
566042269 -616118553
473569889 -515388847
-23027133 -508999491
775606299 -844395614
-8891610 -182999817
364884819 -396998738
304837819 -331589838
211164499 -229551954
778008179 -847011970
716159769 -779640803
134904809 -146482651
319849569 -347942063
-4121955 -72999927
444747329 -483992575
896300769 -975867503
683133919 -743665908
884291369 -962785723
391905969 -426432743
499990569 -544168763
620084569 -674986563
850064579 -925502650
880088079 -958207100
-1086720 -2999997
-39070518 -878999121
58044649 -62759259
703549899 -765904934
708954129 -771791735
49638069 -53602013
717961179 -781603070
-19818456 -434999565
396709729 -431665455
724566349 -788798049
450151559 -489879376
529413599 -576219124
67652169 -73224683
649507599 -707036924
541422999 -589300904
202157449 -219740619
841657999 -916345404
609276109 -663212961
376894219 -410080518
406917719 -442784968
709554599 -772445824
-35168073 -788999211
-32739885 -732999267
-33346932 -746999253
602670939 -656017982
378695629 -412042785
859672099 -935968074
44834309 -48369301
321050509 -349250241
-43840173 -988999011
-25888926 -574999425
31023499 -33325254
463361899 -504269334
82063449 -88922819
233982359 -254407336
-9325215 -192999807
365485289 -397652827
999999 -620804
616481749 -671062029
-22766970 -502999497
63448879 -68646060
-6203259 -120999879
-8284563 -168999831
-35601678 -798999201
485579289 -528470627
87467679 -94809620
-15829290 -342999657
730571049 -795338939
-31785954 -710999289
124096349 -134709049
414723829 -451288125
-9672099 -200999799
799024629 -869905085
-3948513 -68999931
250195049 -272067739
106082249 -115086379
751587499 -818232054
129500579 -140595850
292828419 -318508058
575049319 -625929888
248994109 -270759561
29822559 -32017076
157722669 -171338033
794220869 -864672373
158923609 -172646211
287424189 -312621257
280819019 -305426278
-28577277 -636999363
577451199 -628546244
884891839 -963439812
913113929 -994181995
887293719 -966056168
366686229 -398961005
552831929 -601728595
-35775120 -802999197
166129249 -180495279
24418329 -26130275
759994079 -827389300
-38463471 -864999135
916716749 -998106529
737176219 -802533918
886693249 -965402079
-24674832 -546999453
273613379 -297577210
14810809 -15664851
-10105704 -210999789
685535799 -746282264
173935359 -188998436
289826069 -315237613
808031679 -879716420
860272569 -936622163
484378349 -527162449
357078709 -388495581
-34561026 -774999225
739578099 -805150274
785213819 -854861038
784012879 -853552860
679531099 -739741374
432137459 -470256706
226776719 -246558268
-999999 -999999
461560489 -502307067
286223249 -311313079
358880119 -390457848
-37769703 -848999151
871681499 -949049854
-20772387 -456999543
622486449 -677602919
162526429 -176570745
704750839 -767213112
-17216826 -374999625
550430049 -599112239
360081059 -391766026
728769639 -793376672
878887139 -956898922
863875389 -940546697
609876579 -663867050
584056369 -635741223
-18430920 -402999597
293428889 -319162147
-33693816 -754999245
22616919 -24168008
160124549 -173954389
775005829 -843741525
-33780537 -756999243
889095129 -968018435
793620399 -864018284
191348989 -207967017
400913019 -436244078
-17650431 -384999615
-14528475 -312999687
403314899 -438860434
349272599 -379992424
838055179 -912420870
-36815772 -826999173
704150369 -766559023
544425349 -592571349
507196209 -552017831
-21205992 -466999533
853066929 -928773095
635696789 -691992877
-9932262 -206999793
-42886242 -966999033
440544039 -479413952
278417139 -302809922
779809589 -848974237
155320789 -168721677
168531129 -183111635
827847189 -901301357
368487639 -400923272
55042299 -59488814
499390099 -543514674
381097509 -414659141
240587529 -261602315
312043459 -339438906
845861289 -920924027
-14788638 -318999681
671124519 -730584128
723965879 -788143960
605072819 -658634338
-22073202 -486999513
181140999 -196847504
-7677516 -154999845
549829579 -598458150
-32653164 -730999269
4602819 -4545338
502392449 -546785119
-22246644 -490999509
-2300814 -30999969
454354849 -494457999
-23200575 -512999487
725166819 -789452138
881289019 -959515278
402113959 -437552256
367286699 -399615094
908310169 -988949283
72455929 -78457395
629091619 -684797898
-36989214 -830999169
310842519 -338130728
773804889 -842433347
122895409 -133400871
809232619 -881024598
95273789 -103312777
636897729 -693301055
893298419 -972597058
694542849 -756093599
800826039 -871867352
-35688399 -800999199
230980009 -251136891
206961209 -224973331
551030519 -599766328
53841359 -58180636
-37336098 -838999161
-31005465 -692999307
524009369 -570332323
253197399 -275338184
657914179 -716194170
-13661265 -292999707
-19124688 -418999581
243589879 -264872760
436941219 -475489418
111486479 -120973180
315646279 -343363440
581654489 -633124867
689739089 -750860887
335461789 -364948377
731771989 -796647117
645304309 -702458301
792419459 -862710106
379896569 -413350963
20815509 -22205741
630292559 -686106076
250795519 -272721828
857870689 -934005807
-35254794 -790999209
-39764286 -894999105
511399499 -556596454
-3861792 -66999933
-13314381 -284999715
399111609 -434281811
402714429 -438206345
762395959 -830005656
720363059 -784219426
212965909 -231514221
220772019 -240017378
603271409 -656672071
647105719 -704420568
827246719 -900647268
543824879 -591917260
674727339 -734508662
891497009 -970634791
839856589 -914383137
38829609 -41828411
-16523058 -358999641
507796679 -552671920
112086949 -121627269
332459439 -361677932
264005859 -287111786
870480559 -947741676
-23374017 -516999483
-23981064 -530999469
-40371333 -908999091
592462949 -644898469
-1693767 -16999983
342667429 -372797445
-27883509 -620999379
128299639 -139287672
-33607095 -752999247
149916559 -162834876
-6116538 -118999881
-9498657 -196999803
633895379 -690030610
536018769 -583414103
388903619 -423162298
65250289 -70608327
147514679 -160218520
-10626030 -222999777
-13140939 -280999719
316246749 -344017529
135505279 -147136740
99477079 -107891400
-12273729 -260999739
59846059 -64721526
378095159 -411388696
772003479 -840471080
28021149 -30054809
424331349 -461753549
486179759 -529124716
263405389 -286457697
-42365916 -954999045
410520539 -446709502
787015229 -856823305
776807239 -845703792
-14268312 -306999693
341466489 -371489267
524609839 -570986412
345069309 -375413801
683734389 -744319997
-21639597 -476999523
521007019 -567061878
494586339 -538281962
527612189 -574256857
89869559 -97425976
40030549 -43136589
155921259 -169375766
118091649 -128168159
258001159 -280570896
545025819 -593225438
-13227660 -282999717
556434749 -605653129
97675669 -105929133
-6289980 -122999877
-32479722 -726999273
-28490556 -634999365
112687419 -122281358
889695599 -968672524
-17737152 -386999613
830249069 -903917713
50238539 -54256102
531815479 -578835480
757592199 -824772944
91670969 -99388243
-29617929 -660999339
315045809 -342709351
-19558293 -428999571
314445339 -342055262
624888329 -680219275
578051669 -629200333
322851919 -351212508
688538149 -749552709
-11926845 -252999747
618283159 -673024296
-17303547 -376999623
656112769 -714231903
626089269 -681527453
176337239 -191614792
824844839 -898030912
523408899 -569678234
217169199 -236092844
-26322531 -584999415
856669749 -932697629
758192669 -825427033
216568729 -235438755
403915369 -439514523
652509949 -710307369
28621619 -30708898
344468839 -374759712
271211499 -294960854
865676799 -942508964
26820209 -28746631
-41845590 -942999057
364284349 -396344649
-24934995 -552999447
200356039 -217778352
696944729 -758709955
126498229 -137325405
49037599 -52947924
347471189 -378030157
16011749 -16973029
330057559 -359061576
446548739 -485954842
242388939 -263564582
-9065052 -186999813
563039919 -612848108
823643899 -896722734
842858939 -917653582
151117499 -164143054
610477049 -664521139
707753189 -770483557
-7417353 -148999851
816438259 -888873666
131301989 -142558117
-27016299 -600999399
-26582694 -590999409
148715619 -161526698
301835469 -328319393
597867179 -650785270
668122169 -727313683
428534639 -466332172
283821369 -308696723
468766129 -510156135
46635719 -50331568
337263199 -366910644
175136299 -190306614
375693279 -408772340
205159799 -223011064
465163309 -506231601
598467649 -651439359
254398339 -276646362
161925959 -175916656
714358359 -777678536
152918909 -166105321
-34994631 -784999215
65850759 -71262416
-28837440 -642999357
740779039 -806458452
136105749 -147790829
30423029 -32671165
-27970230 -622999377
650108069 -707691013
-5856375 -112999887
-35861841 -804999195
662717939 -721426882
864475859 -941200786
34025849 -36595699
713757889 -777024447
113888359 -123589536
349873069 -380646513
255599279 -277954540
-10799472 -226999773
218370139 -237401022
400312549 -435589989
746183269 -812345253
60446529 -65375615
-20425503 -448999551
-26062368 -578999421
729970579 -794684850
681932979 -742357730
-43580010 -982999017
36427729 -39212055
734774339 -799917562
-20078619 -440999559
74257339 -80419662
486780229 -529778805
810433559 -882332776
689138619 -750206798
276615729 -300847655
635096319 -691338788
752187969 -818886143
-6550143 -128999871
484978819 -527816538
310242049 -337476639
348071659 -378684246
869279619 -946433498
-40544775 -912999087
204559329 -222356975
914314869 -995490173
348672129 -379338335
907709699 -988295194
181741469 -197501593
246592229 -268143205
337863669 -367564733
-23807622 -526999473
653110419 -710961458
-4468839 -80999919
16612219 -17627118
-8631447 -176999823
42432429 -45752945
-12013566 -254999745
-30571860 -682999317
-5162607 -96999903
393707379 -428395010
245391289 -266835027
644703839 -701804212
390104559 -424470476
262204449 -285149519
137907159 -149753096
340265549 -370181089
-33433653 -748999251
252596929 -274684095
259202099 -281879074
229779069 -249828713
861473509 -937930341
134304339 -145828562
606273759 -659942516
427934169 -465678083
874083379 -951666210
654311359 -712269636
752788439 -819540232
33425379 -35941610
-22506807 -496999503
878286669 -956244833
64649819 -69954238
