2489
-92420443 -17748367
-709404943 -130017647
-183956668 -34404711
-197611243 -36889359
-496494718 -91275543
-335168443 -61919887
-959738818 -175569527
-274481443 -50877007
-864156793 -158176991
-255769618 -47472119
-345282943 -63760367
-904109068 -165446887
-639614893 -117318335
-146533018 -27594935
-756437368 -138575879
-181933768 -34036615
-10998718 -2932503
-374614993 -69097759
-429739018 -79128375
-400406968 -73790983
-238069243 -44251279
-932999067 113038049
-847467868 -155140199
-557181718 -102318423
-823698793 -150815071
-698999301 84908324
-59548318 -11766807
-521275243 -95784719
-360960418 -66613111
-439347793 -80876831
-260321143 -48300335
-736714093 -134986943
-529872568 -97349127
-674509918 -123667991
-116999883 14944649
-7458643 -2288335
-754920193 -138299807
-174853618 -32748279
-980979268 -179434535
-474748543 -87318511
-168999831 21195699
-151084543 -28423151
-390292468 -71950503
-628994668 -115385831
-530378293 -97441151
-908999091 110152949
-840387718 -153851863
-533412643 -97993295
-493460368 -90723399
-680072893 -124680255
-636999363 77455149
-587019493 -107747839
-719013718 -131766103
-336999663 41391399
-102534943 -19588847
-869719768 -159189255
-29204818 -6245367
-335674168 -62011911
-38307868 -7901799
-474242818 -87226487
-635569093 -116582143
-830999169 100776374
-470999529 57499874
-762506068 -139680167
-287124568 -53177607
-130999869 16627624
-445922218 -82073143
-158164693 -29711487
-800999199 97169999
-70168543 -13699311
-65617018 -12871095
-832801843 -152471503
-804999195 97650849
-556675993 -102226399
-153613168 -28883271
-413555818 -76183607
-274987168 -50969031
-986036518 -180354775
-55502518 -11030615
-972381943 -177870127
-59042593 -11674783
-583985143 -107195695
-204999795 25523349
-642999357 78176424
-228460468 -42502823
-652258018 -119618935
-949118593 -173637023
-1389943 -1184047
-882362893 -161489855
-319490968 -59067143
-83317393 -16091935
-536446993 -98545439
-106075018 -20233015
-712439293 -130569791
-416590168 -76735751
-584999415 71204099
-435301993 -80140639
-725082418 -132870391
-188002468 -35140903
-451990918 -83177431
-422153143 -77748015
-441370693 -81244927
-310999689 38265874
-481322968 -88514823
-212782993 -39650079
-304824943 -56398447
-822999177 99814674
-750368668 -137471591
-847973593 -155232223
-440359243 -81060879
-897028918 -164158551
-595616818 -109312247
-751885843 -137747663
-568813393 -104434975
-937486918 -171520471
-124786843 -23637903
-40999959 5808499
-964290343 -176397743
-637591993 -116950239
-396866893 -73146815
-487897393 -89711135
-100512043 -19220751
-9987268 -2748455
-667429768 -122379655
-352363093 -65048703
-267401293 -49588671
-142487218 -26858743
-576399268 -105815335
-612999387 74570049
-28999971 4365949
-334156993 -61735839
-556170268 -102134375
-231494818 -43054967
-444999555 54374349
-944567068 -172808807
-585502318 -107471767
-515206543 -94680431
-504586318 -92747927
-34999965 5087224
-643660693 -118054527
-178999821 22397824
-656999343 79859399
-952658668 -174281191
-561733243 -103146639
-60999939 8212749
-190025368 -35508999
-284090218 -52625463
-999185368 -182747399
-978999021 118567824
-275492893 -51061055
-648999351 78897699
-52973893 -10570495
-286113118 -52993559
-940521268 -172072615
-670999329 81542374
-935969743 -171244399
-956198743 -174925359
-271952818 -50416887
-532999467 64953049
-67134193 -13147167
-661866793 -121367391
-848999151 102940199
-927878143 -169772015
-484357318 -89066967
-718507993 -131674079
-536999463 65433899
-728116768 -133422535
-108603643 -20693135
-287630293 -53269631
-334999665 41150974
-985025068 -180170727
-289147468 -53545703
-66628468 -13055143
-619385893 -113637375
-880999119 106786999
-995139568 -182011207
-245149393 -45539615
-767057593 -140508383
-280044418 -51889271
-392821093 -72410623
-42999957 6048924
-803975518 -147226135
-863145343 -157992943
-50999949 7010624
-929901043 -170140111
-795378193 -145661727
-773126293 -141612671
-393326818 -72502647
-25664743 -5601199
-186999813 23359524
-907649143 -166091055
-86999913 11338274
-935464018 -171152375
-784999215 95246599
-201657043 -37625551
-15550243 -3760719
-824999175 100055099
-360999639 44276499
-800435443 -146581967
-892983118 -163422359
-688999311 83706199
-845950693 -154864127
-574882093 -105539263
-28699093 -6153343
-110626543 -21061231
-362477593 -66889183
-98994868 -18944679
-680578618 -124772279
-340731418 -62932151
-320999679 39467999
-813078568 -148882567
-659843893 -120999295
-742782793 -136091231
-880845718 -161213783
-220368868 -41030439
-149061643 -28055055
-640626343 -117502383
-638097718 -117042263
-644166418 -118146551
-196599793 -36705311
-619891618 -113729399
-202999797 25282924
-986542243 -180446799
-446933668 -82257191
-160187593 -30079583
-825215968 -151091143
-298999701 36823324
-871236943 -159465327
-363489043 -67073231
-747334318 -136919447
-161199043 -30263631
-356914618 -65876919
-89386093 -17196223
-928383868 -169864039
-209242918 -39005911
-288136018 -53361655
-528355393 -97073055
-262849768 -48760455
-890960218 -163054263
-796999203 96689149
-452999547 55336049
-973899118 -178146199
-74720068 -14527527
-238574968 -44343303
-959233093 -175477503
-164739118 -30907799
-296999703 36582899
-295721893 -54742015
-272999727 33697799
-664395418 -121827511
-857582368 -156980679
-564767593 -103698783
-414061543 -76275631
-588030943 -107931887
-511160743 -93944239
-160999839 20233999
-896523193 -164066527
-642143518 -117778455
-681084343 -124864303
-258298243 -47932239
-489920293 -90079231
-806504143 -147686255
-782229343 -143269103
-168784918 -31643991
-372592093 -68729663
-332134093 -61367743
-826999173 100295524
-308999691 38025449
-512999487 62548799
-997162468 -182379303
-564261868 -103606759
-726599593 -133146463
-52468168 -10478471
-857076643 -156888655
-44882293 -9098111
-983002168 -179802631
-829767493 -151919359
-808021318 -147962327
-970999029 117606124
-670969843 -123023823
-355397443 -65600847
-737725543 -135170991
-860999139 104382749
-95960518 -18392535
-91408993 -17564319
-984013618 -179986679
-618374443 -113453327
-862133893 -157808895
-194071168 -36245191
-690693118 -126612759
-153107443 -28791247
-78260143 -15171695
-259309693 -48116287
-390798193 -72042527
-633546193 -116214047
-978956368 -179066439
-956999043 115923149
-212999787 26485049
-32999967 4846799
-871742668 -159557351
-668946943 -122655727
-993622393 -181735135
-97477693 -18668607
-280999719 34659499
-689175943 -126336687
-36284968 -7533703
-399395518 -73606935
-486999513 59423274
-649729393 -119158815
-996656743 -182287279
-954681568 -174649287
-33250618 -6981559
-553641643 -101674255
-735196918 -134710871
-742999257 90197674
-602696968 -110600583
-40330768 -8269895
-716999283 87072149
-458999541 56057324
-432999567 52931799
-740254168 -135631111
-383212318 -70662167
-699796168 -128269191
-790999209 95967874
-432267643 -79588495
-285607393 -52901535
-895511743 -163882479
-630006118 -115569879
-444405043 -81797071
-639109168 -117226311
-525826768 -96612935
-591065293 -108484031
-268999731 33216949
-378493 -999999
-380177968 -70110023
-45893743 -9282159
-874999125 106065724
-784252243 -143637199
-791838118 -145017559
-2999997 1240424
-207725743 -38729839
-837859093 -153391743
-77248693 -14987647
-997668193 -182471327
-833307568 -152563527
-882868618 -161581879
-321513868 -59435239
-409004293 -75355391
-884385793 -161857951
-93431893 -17932415
-526332493 -96704959
-601685518 -110416535
-815607193 -149342687
-559204618 -102686519
-349834468 -64588583
-864662518 -158269015
-510655018 -93852215
-727611043 -133330511
-16561693 -3944767
-920292268 -168391655
-828250318 -151643287
-912200668 -166919271
-624948868 -114649639
-150578818 -28331127
-872754118 -159741399
-962999037 116644424
-766999233 93082774
-625454593 -114741663
-386246668 -71214311
-735702643 -134802895
-951647218 -174097143
4173032 -171783
-651246568 -119434887
-870225493 -159281279
-332999667 40910549
-848985043 -155416271
-492448918 -90539351
-243126493 -45171519
-14538793 -3576671
-994128118 -181827159
-606237043 -111244751
-382706593 -70570143
-641132068 -117594407
-816999183 99093399
-900063268 -164710695
-241103593 -44803423
-562238968 -103238663
-154624618 -29067319
-23641843 -5233103
-781217893 -143085055
-412999587 50527549
-838870543 -153575791
-808999191 98131699
-741771343 -135907183
-578999421 70482824
-743288518 -136183255
-714999285 86831724
-867191143 -158729135
-645177868 -118330599
-537458443 -98729487
-505597768 -92931975
-593088193 -108852127
-464634043 -85478031
-952152943 -174189167
-604719868 -110968679
5184482 12265
-866685418 -158637111
-173842168 -32564231
-695750368 -127532999
-690187393 -126520735
-758460268 -138943975
-963784618 -176305719
-647200768 -118698695
-819652993 -150078879
-300779143 -55662255
-143498668 -27042791
-572353468 -105079143
-317468068 -58699047
-276999723 34178649
-874271293 -160017471
-201151318 -37533527
-402999597 49325424
-642649243 -117870479
-886999113 107508274
-990999009 120010374
-860616718 -157532823
-92999907 12059549
-329605468 -60907623
-321008143 -59343215
-157153243 -29527439
-759471718 -139128023
-466999533 57019024
-504999495 61587099
-135912793 -25662431
-807009868 -147778279
-210760093 -39281983
-248689468 -46183783
-590053843 -108299983
-707887768 -129741575
-136418518 -25754455
-323031043 -59711311
-136999863 17348899
-770999229 93563624
-589548118 -108207959
-550101568 -101030087
-37802143 -7809775
-329099743 -60815599
-297239068 -55018087
-743794243 -136275279
-807515593 -147870303
-107086468 -20417063
-280550143 -51981295
-56999943 7731899
-372086368 -68637639
-669958393 -122839775
-810549943 -148422447
-632534743 -116029999
-555664543 -102042351
-772999227 93804049
-375626443 -69281807
-916246468 -167655463
-788999211 95727449
-572859193 -105171167
-69662818 -13607287
-679061443 -124496207
-456999543 55816899
-141981493 -26766719
-12515893 -3208575
-712945018 -130661815
-963278893 -176213695
-721542343 -132226223
-74999925 9895724
-874777018 -160109495
-830273218 -152011383
-308365018 -57042615
-70999929 9414874
-458059618 -84281719
-913212118 -167103319
-798412543 -146213871
-125798293 -23821951
-398384068 -73422887
-882999117 107027424
-120741043 -22901711
-376132168 -69373831
-758965993 -139035999
-42353668 -8637991
-852999147 103421049
-248183743 -46091759
-453002368 -83361479
-146999853 18551024
-152601718 -28699223
-896017468 -163974503
-256275343 -47564143
-434796268 -80048615
-497000443 -91367567
-694233193 -127256927
-763517518 -139864215
-567296218 -104158903
-385235218 -71030263
-448956568 -82625287
-325559668 -60171431
-327582568 -60539527
-677038543 -124128111
-118718143 -22533615
-651752293 -119526911
-769080493 -140876479
-590559568 -108392007
-662878243 -121551439
-650740843 -119342863
-999999 999999
-746999253 90678524
-724070968 -132686343
-282067318 -52257367
-699290443 -128177167
-370569193 -68361567
-324042493 -59895359
-534424093 -98177343
-548078668 -100661991
-825721693 -151183167
-755425918 -138391831
-875282743 -160201519
-784757968 -143729223
-911189218 -166735223
-210254368 -39189959
-643154968 -117962503
-82811668 -15999911
-731656843 -134066703
-68999931 9174449
-292687543 -54189871
-465139768 -85570055
-806999193 97891274
-615845818 -112993207
-483851593 -88974943
-16055968 -3852743
-614999385 74810474
-352999647 43314799
-945072793 -172900831
-715979368 -131213959
-827744593 -151551263
-708899218 -129925623
318913623 -97939846
-659338168 -120907271
-154999845 19512724
-934452568 -170968327
-936475468 -171336423
-904999095 109672099
-599662618 -110048439
-331628368 -61275719
-94443343 -18116463
-989576593 -180998943
-763011793 -139772191
-170807818 -32012087
-173336443 -32472207
-214999785 26725474
-776999223 94284899
-101017768 -19312775
-964999035 116884849
-17067418 -4036791
-535435543 -98361391
-681590068 -124956327
-447945118 -82441239
-330999669 40670124
-950635768 -173913095
-838364818 -153483767
-330111193 -60999647
-636074818 -116674167
-600999399 73127499
-484999515 59182849
-739748443 -135539087
-856999143 103901899
-47916643 -9650255
-607248493 -111428799
-279538693 -51797247
-106580743 -20325039
-603708418 -110784631
-881857168 -161397831
-695244643 -127440975
-969347593 -177317983
-65111293 -12779071
-457553893 -84189695
-325053943 -60079407
-596628268 -109496295
-811055668 -148514471
-387258118 -71398359
-258999741 32014824
1138682 -723927
-449462293 -82717311
-275998618 -51153079
-760483168 -139312071
-196094068 -36613287
-972887668 -177962151
-559710343 -102778543
-920797993 -168483679
-156999843 19753149
-260826868 -48392359
-120999879 15425499
-253240993 -47011999
-504080593 -92655903
-776160643 -142164815
-99500593 -19036703
-399901243 -73698959
-933441118 -170784279
-172830718 -32380183
-428221843 -78852303
-374999625 45959474
-166999833 20955274
-38999961 5568074
-276504343 -51245103
-398999601 48844574
-286999713 35380774
-572999427 69761549
-832296118 -152379479
-116695243 -22165519
-893488843 -163514383
-568307668 -104342951
-165244843 -30999823
-114672343 -21797423
-159176143 -29895535
-866179693 -158545087
-313927993 -58054879
-88999911 11578699
-242620768 -45079495
-632029018 -115937975
-766046143 -140324335
-72697168 -14159431
-298756243 -55294159
-538469893 -98913535
-663383968 -121643463
-83823118 -16183959
-734185468 -134526823
-678049993 -124312159
-224999775 27927599
-123269668 -23361831
-602191243 -110508559
-293193268 -54281895
-273469993 -50692959
-962267443 -176029647
-144004393 -27134815
-979462093 -179158463
-549595843 -100938063
-697773268 -127901095
-981484993 -179526559
-312410818 -57778807
-556999443 67838149
-716990818 -131398007
-727105318 -133238487
-359948968 -66429063
-48422368 -9742279
-195082618 -36429239
-686999313 83465774
-100006318 -19128727
-491943193 -90447327
-733679743 -134434799
-730139668 -133790631
-634051918 -116306071
-56513968 -11214663
-698784718 -128085143
-436999563 53412649
-182439493 -34128639
-488908843 -89895183
-133889893 -25294335
-545044318 -100109847
-298250518 -55202135
-468999531 57259449
-911694943 -166827247
-447439393 -82349215
-471208468 -86674343
-476265718 -87594583
-386999613 47402024
-384999615 47161599
-858999141 104142324
-923832343 -169035823
-854548018 -156428535
-158999841 19993574
-514195093 -94496383
-507620668 -93300071
-164999835 20714849
-968841868 -177225959
-135407068 -25570407
-241609318 -44895447
-140970043 -26582671
-992610943 -181551087
-579433618 -106367479
-422999577 51729674
-831284668 -152195431
-467162668 -85938151
-242999757 30091424
-600674068 -110232487
-664901143 -121919535
-500999499 61106249
-861122443 -157624847
-395855443 -72962767
-785263693 -143821247
-752999247 91399799
-696999303 84667899
-111132268 -21153255
-151590268 -28515175
-787286593 -144189343
-669452668 -122747751
-114166618 -21705399
-202162768 -37717575
-64605568 -12687047
-286618843 -53085583
-842999157 102218924
-731151118 -133974679
-152999847 19272299
-728622493 -133514559
-768574768 -140784455
-54491068 -10846567
-864999135 104863599
-934958293 -171060351
-473231368 -87042439
-955693018 -174833335
-247678018 -45999735
-368546293 -67993471
-594099643 -109036175
-436819168 -80416711
-206714293 -38545791
-865673968 -158453063
-909166318 -166367127
-333145543 -61551791
-761494618 -139496119
-313422268 -57962855
-226437568 -42134727
-215311618 -40110199
-76237243 -14803599
-14999985 2682974
-209748643 -39097935
-215817343 -40202223
-228999771 28408449
-415072993 -76459679
-354385993 -65416799
-720999279 87552999
-394338268 -72686695
-338999661 41631824
-571342018 -104895095
-570330568 -104711047
-952999047 115442299
-433784818 -79864567
-475759993 -87502559
-122763943 -23269807
-8975818 -2564407
-842916343 -154311983
-478999521 58461574
-448999551 54855199
-547067218 -100477943
-68145643 -13331215
-961761718 -175937623
-778999221 94525324
-403441318 -74343127
-251723818 -46735927
-657820993 -120631199
-804481243 -147318159
-170302093 -31920063
-202668493 -37809599
-941026993 -172164639
-418107343 -77011823
3667307 -263807
-575893543 -105723311
-822181618 -150538999
-467668393 -86030175
-352868818 -65140727
-970359043 -177502031
-483345868 -88882919
-673498468 -123483943
-129338368 -24466119
-150073093 -28239103
-162999837 20474424
-909672043 -166459151
-868708318 -159005207
-47410918 -9558231
-595111093 -109220223
-333651268 -61643815
-216828793 -40386271
-249195193 -46275807
-203174218 -37901623
-229471918 -42686871
-132878443 -25110287
-552124468 -101398183
-544538593 -100017823
-263861218 -48944503
-931923943 -170508207
-302296318 -55938327
-524999475 63991349
-100999899 13021249
-661361068 -121275367
-649223668 -119066791
-174999825 21916974
-356999643 43795649
-994633843 -181919183
-195588343 -36521263
-236046343 -43883183
-278527243 -51613199
-863651068 -158084967
-630511843 -115661903
-283078768 -52441415
-654280918 -119987031
-11504443 -3024527
-278999721 34419074
-665406868 -122011559
-721036618 -132134199
-406475668 -74895271
-972999027 117846549
-986999013 119529524
-234529168 -43607111
-389281018 -71766455
-814090018 -149066615
-498999501 60865824
-692999307 84187049
-926360968 -169495943
-336179893 -62103935
-20101768 -4588935
-446999553 54614774
-535941268 -98453415
-855559468 -156612583
-501046243 -92103759
-708393493 -129833599
-418613068 -77103847
-550999449 67116874
-988059418 -180722871
-538999461 65674324
-876999123 106306149
-684624418 -125508471
-266389843 -49404623
-8470093 -2472383
-247172293 -45907711
-719519443 -131858127
-717496543 -131490031
-388269568 -71582407
-46999953 6529774
-757954543 -138851951
-716485093 -131305983
-1895668 -1276071
-536952718 -98637463
-744805693 -136459327
-702830518 -128821335
-212277268 -39558055
-130349818 -24650167
-729128218 -133606583
-230999769 28648874
-424999575 51970099
-485874493 -89343039
-86857468 -16736103
-942038443 -172348687
-407992843 -75171343
-885902968 -162134023
-548584393 -100754015
-128999871 16387199
-881351443 -161305807
-425693218 -78392183
-622420243 -114189519
-586999413 71444524
-896999103 108710399
-217334518 -40478295
-919280818 -168207607
-291676093 -54005823
-700999299 85148749
-984519343 -180078703
-609271393 -111796895
-798999201 96929574
-706999293 85870024
-888937318 -162686167
-142999857 18070174
1644407 -631903
-836847643 -153207695
-941532718 -172256663
-464999535 56778599
-374109268 -69005735
-207220018 -38637815
-252229543 -46827951
-902086168 -165078791
-780712168 -142993031
-24653293 -5417151
-646695043 -118606671
-306342118 -56674519
-658326718 -120723223
-80788768 -15631815
-42859393 -8730015
-704853418 -129189431
-224920393 -41858655
-176876518 -33116375
-812067118 -148698519
-889948768 -162870215
-836999163 101497649
-152095993 -28607199
-250712368 -46551879
-288999711 35621199
-521780968 -95876743
-742277068 -135999207
-543527143 -99833775
-522999477 63750924
-166256293 -31183871
-771609118 -141336599
-644672143 -118238575
-555158818 -101950327
-858593818 -157164727
-486885943 -89527087
-560999439 68318999
-371074918 -68453591
-714462193 -130937887
-437830618 -80600759
-580950793 -106643551
-514700818 -94588407
-350999649 43074374
-468679843 -86214223
-921303718 -168575703
-200139868 -37349479
-394843993 -72778719
-119729593 -22717663
-368999631 45238199
-932935393 -170692255
-302802043 -56030351
-112999887 14463799
-253746718 -47104023
-839881993 -153759839
-753403018 -138023735
-696256093 -127625023
-567801943 -104250927
-497506168 -91459591
-216999783 26965899
-540998518 -99373655
-992105218 -181459063
-25159018 -5509175
-531389743 -97625199
-492954643 -90631375
-812572843 -148790543
-734691193 -134618847
-301790593 -55846303
-282999717 34899924
-379672243 -70017999
-822687343 -150631023
-12999987 2442549
-175865068 -32932327
-131361268 -24834215
-438999561 53653074
-796389643 -145845775
-496999503 60625399
-760988893 -139404095
-653775193 -119895007
-309882193 -57318687
-629500393 -115477855
-185473843 -34680783
-745817143 -136643375
-423164593 -77932063
-455530993 -83821599
-490426018 -90171255
-54999945 7491474
-22999977 3644674
-886914418 -162318071
-520999479 63510499
-124281118 -23545879
-21113218 -4772983
-20999979 3404249
-402429868 -74159079
-505092043 -92839951
-304319218 -56306423
-235540618 -43791159
-478794343 -88054703
-119223868 -22625639
-362983318 -66981207
-266895568 -49496647
-834824743 -152839599
-954175843 -174557263
-427716118 -78760279
-534999465 65193474
-412038643 -75907535
-8999991 1961699
-853536568 -156244487
-663889693 -121735487
-60054043 -11858831
-885397243 -162041999
-810044218 -148330423
-588999411 71684949
-604999395 73608349
-2907118 -1460119
-82999917 10857424
-960999039 116403999
-401418418 -73975031
-527849668 -96981031
-897534643 -164250575
-653269468 -119802983
-780999219 94765749
-299261968 -55386183
-348999651 42833949
-240092143 -44619375
-546999453 66636024
-296733343 -54926063
-66122743 -12963119
-77754418 -15079671
-971876218 -177778103
-481828693 -88606847
-569319118 -104526999
-758999241 92121074
-263355493 -48852479
-887925868 -162502119
-604214143 -110876655
-127821193 -24190047
-490999509 59904124
-686141593 -125784543
-926999073 112316774
-347811568 -64220487
-554999445 67597724
-813584293 -148974591
-238999761 29610574
-860110993 -157440799
-597639718 -109680343
-377649343 -69649903
-844939243 -154680079
-766551868 -140416359
-829261768 -151827335
-967324693 -176949887
-612811468 -112441063
-454519543 -83637551
-786999213 95487024
-746828593 -136827423
-740999259 89957249
-581456518 -106735575
-292181818 -54097847
-401924143 -74067055
-862639618 -157900919
-548999451 66876449
-249700918 -46367831
-818999181 99333824
-37296418 -7717751
-93937618 -18024439
-502999497 61346674
-80999919 10616999
-230989093 -42962943
-977944918 -178882391
-596122543 -109404271
-94999905 12299974
-61065493 -12042879
-167267743 -31367919
-730645393 -133882655
-671475568 -123115847
-563250418 -103422711
-509137843 -93576143
-887420143 -162410095
-382999617 46921174
-355903168 -65692871
-479300068 -88146727
-409510018 -75447415
-339719968 -62748103
-713956468 -130845863
-306999693 37785024
-277010068 -51337127
-96466243 -18484559
-252735268 -46919975
-103040668 -19680871
-366017668 -67533351
-834319018 -152747575
-613317193 -112533087
-301284868 -55754279
-537964168 -98821511
-317973793 -58791071
-196999803 24561649
-706876318 -129557527
-920999079 111595499
-273975718 -50784983
-318479518 -58883095
-498517618 -91643639
-539987068 -99189607
-801952618 -146858039
-418999581 51248824
-868999131 105344449
-157658968 -29619463
-953670118 -174465239
-628488943 -115293807
-655292368 -120171079
-426999573 52210524
-366999633 44997774
-545550043 -100201871
-380999619 46680749
-226999773 28168024
-570999429 69521124
-370999629 45478624
-96971968 -18576583
-187496743 -35048879
-964796068 -176489767
-770091943 -141060527
-701313343 -128545263
-27181918 -5877271
-850999149 103180624
-303813493 -56214399
-367534843 -67809423
-610788568 -112072967
-998679643 -182655375
-809032768 -148146375
-514999485 62789224
-450999549 55095624
-532906918 -97901271
-869214043 -159097231
-910177768 -166551175
-546561493 -100385919
-348317293 -64312511
-442887868 -81520999
-138441418 -26122551
-30999969 4606374
-18999981 3163824
-753908743 -138115759
-21618943 -4865007
-745311418 -136551351
-646999353 78657274
-528999471 64472199
-899557543 -164618671
-865168243 -158361039
-738736993 -135355039
-708999291 86110449
-188508193 -35232927
-840999159 101978499
-218345968 -40662343
-177382243 -33208399
-960750268 -175753575
-873765568 -159925447
-245655118 -45631639
-163221943 -30631727
-656809543 -120447151
-692716018 -126980855
-382200868 -70478119
-914223568 -167287367
-790320943 -144741487
-385740943 -71122287
-592999407 72165799
-942544168 -172440711
-876294193 -160385567
-744299968 -136367303
-610282843 -111980943
-820158718 -150170903
-503574868 -92563879
-814595743 -149158639
-165750568 -31091847
2999997 519149
-529366843 -97257103
-473737093 -87134463
-90999909 11819124
-98489143 -18852655
-206999793 25763774
-967830418 -177041911
-518240893 -95232575
-144510118 -27226839
-817124368 -149618759
-739242718 -135447063
-482334418 -88698871
-476999523 58221149
-953164393 -174373215
-455025268 -83729575
-188999811 23599949
-723059518 -132502295
-302999697 37304174
-609777118 -111888919
-184999815 23119099
-349328743 -64496559
-511666468 -94036263
-678999321 82504074
-5435743 -1920239
-22124668 -4957031
-429233293 -79036351
-312999687 38506299
-901074718 -164894743
-376637893 -69465855
-520263793 -95600671
-13021618 -3300599
-94949068 -18208487
-240999759 29850999
-489414568 -89987207
-283584493 -52533439
-976999023 118327399
-472219918 -86858391
-543021418 -99741751
-591571018 -108576055
-702999297 85389174
-377143618 -69557879
-17573143 -4128815
-367029118 -67717399
-590999409 71925374
-171819268 -32196135
-470197018 -86490295
-68651368 -13423239
-48928093 -9834303
-155130343 -29159343
-528861118 -97165079
-646189318 -118514647
-244137943 -45355567
-9481543 -2656431
-641637793 -117686431
-723565243 -132594319
-416084443 -76643727
-652999347 79378549
-400912693 -73883007
-462105418 -85017911
-586008043 -107563791
-523803868 -96244839
-290999709 35861624
-575387818 -105631287
-63088393 -12410975
-948107143 -173452975
-411027193 -75723487
-350340193 -64680607
-162716218 -30539703
-937992643 -171612495
-342999657 42112674
-38813593 -7993823
-406981393 -74987295
-626999373 76253024
-200999799 25042499
-236999763 29370149
-128832643 -24374095
-722048068 -132318247
-227449018 -42318775
-512677918 -94220311
-443393593 -81613023
-919786543 -168299631
-442382143 -81428975
-560721793 -102962591
-316999683 38987149
-354891718 -65508823
-194576893 -36337215
-210999789 26244624
-470702743 -86582319
-111637993 -21245279
-179405143 -33576495
-918999081 111355074
-484863043 -89158991
-122258218 -23177783
-697267543 -127809071
-41342218 -8453943
-811561393 -148606495
-821675893 -150446975
-906131968 -165814983
-666924043 -122287631
-976427743 -178606319
-789309493 -144557439
-970864768 -177594055
-892999107 108229549
-957715918 -175201431
-732668293 -134250751
-110120818 -20969207
-272964268 -50600935
-748345768 -137103495
-627983218 -115201783
-850502218 -155692343
-278021518 -51521175
-802964068 -147042087
-274999725 33938224
-648212218 -118882743
-750999249 91159374
-510999489 62308374
-10492993 -2840479
-812999187 98612549
-340225693 -62840127
-588536668 -108023911
-365006218 -67349303
-309376468 -57226663
-339214243 -62656079
-552999447 67357299
-236552068 -43975207
-408999591 50046699
-818641543 -149894831
-494999505 60384974
-491437468 -90355303
-640120618 -117410359
-636580543 -116766191
-191542543 -35785071
-568999431 69280699
-783746518 -143545175
-936981193 -171428447
-193565443 -36153167
-750874393 -137563615
-954999045 115682724
-259815418 -48208311
-966818968 -176857863
-337191343 -62287983
-846962143 -155048175
-116189518 -22073495
-136924243 -25846479
-703841968 -129005383
-142992943 -26950767
-675015643 -123760015
-345788668 -63852391
-561227518 -103054615
-328594018 -60723575
-167773468 -31459943
-866999133 105104024
-657315268 -120539175
-179910868 -33668519
-269929918 -50048791
-533918368 -98085319
-490931743 -90263279
-958221643 -175293455
-477277168 -87778631
-104557843 -19956943
-126809743 -24005999
-322019593 -59527263
-270941368 -50232839
-264872668 -49128551
-701819068 -128637287
-373097818 -68821687
-474999525 57980724
-551618743 -101306159
-892477393 -163330335
-244643668 -45447591
-901580443 -164986767
-558193168 -102502471
-678555718 -124404183
-889443043 -162778191
-583479418 -107103671
-799423993 -146397919
-635063368 -116490119
-113155168 -21521351
-594999405 72406224
-463116868 -85201959
-90397543 -17380271
-710416393 -130201695
-771103393 -141244575
-218999781 27206324
-87868918 -16920151
-306847843 -56766543
-944999055 114480599
-985530793 -180262751
-888999111 107748699
-534929818 -98269367
-78999921 10376574
-208231468 -38821863
-7964368 -2380359
-168279193 -31551967
-611800018 -112257015
-137429968 -25938503
-620999379 75531749
-461093968 -84833863
-405464218 -74711223
-832999167 101016799
-361466143 -66705135
-630999369 76733874
-358431793 -66152991
-836341918 -153115671
-468174118 -86122199
-220874593 -41122463
-777172093 -142348863
-996999003 120731649
-939004093 -171796543
-193059718 -36061143
-260999739 32255249
-747840043 -137011471
-518746618 -95324599
-442999557 54133924
-239586418 -44527351
-213288718 -39742103
-899051818 -164526647
-462611143 -85109935
-440864968 -81152903
-990082318 -181090967
-835836193 -153023647
-424176043 -78116111
-56008243 -11122639
-877811368 -160661639
-616999383 75050899
-369557743 -68177519
-85846018 -16552055
-558999441 68078574
-710922118 -130293719
-826733143 -151367215
-684999315 83225349
-296227618 -54834039
-512172193 -94128287
-968999031 117365699
-96999903 12540399
-737219818 -135078967
-346800118 -64036439
-544032868 -99925799
-220999779 27446749
-709910668 -130109671
-328999671 40429699
-4424293 -1736191
-841904893 -154127935
-962773168 -176121671
-413050093 -76091583
-780206443 -142901007
-722999277 87793424
-774643468 -141888743
-26999973 4125524
-440999559 53893499
-246666568 -45815687
-687658768 -126060615
-991093768 -181275015
-759977443 -139220047
-509643568 -93668167
-778689268 -142624935
-43870843 -8914063
-178393693 -33392447
-457048168 -84097671
-772114843 -141428623
-131866993 -24926239
-495483268 -91091495
-767563318 -140600407
-172999827 21676549
-452496643 -83269455
-324548218 -59987383
-406999593 49806274
-433279093 -79772543
-928889593 -169956063
-599156893 -109956415
-138999861 17589324
-873259843 -159833423
-621914518 -114097495
-446427943 -82165167
-430244743 -79220399
-477782893 -87870655
-930912493 -170324159
-551113018 -101214135
-170999829 21436124
-957210193 -175109407
-938498368 -171704519
-724999275 88033849
-396361168 -73054791
-672487018 -123299895
-356408893 -65784895
-992999007 120250799
-264366943 -49036527
-924338068 -169127847
-683612968 -125324423
-90903268 -17472295
-148999851 18791449
-52999947 7251049
-378155068 -69741927
-541504243 -99465679
-685635868 -125692519
-748851493 -137195519
-417095893 -76827775
-43365118 -8822039
-332639818 -61459767
-214300168 -39926151
-330616918 -61091671
-221380318 -41214487
-304999695 37544599
-526838218 -96796983
-426198943 -78484207
-792849568 -145201607
-875788468 -160293543
-480999519 58701999
-898999101 108950824
-700301893 -128361215
-106999893 13742524
-222897493 -41490559
-87363193 -16828127
-757448818 -138759927
-62999937 8453174
-557687443 -102410447
-631017568 -115753927
-632999367 76974299
-715473643 -131121935
-147544468 -27778983
-134395618 -25386359
-419624518 -77287895
-987553693 -180630847
-114999885 14704224
-261838318 -48576407
-386752393 -71306335
-618999381 75291324
-197105518 -36797335
-546055768 -100293895
-155636068 -29251367
-498011893 -91551615
-314939443 -58238927
-605225593 -111060703
-777677818 -142440887
-480311518 -88330775
-414999585 50767974
-638999361 77695574
-31733443 -6705487
-700807618 -128453239
-631523293 -115845951
-917257918 -167839511
-513689368 -94404359
-161704768 -30355655
-71685718 -13975383
-804986968 -147410183
-216323068 -40294247
-204185668 -38085671
-351351643 -64864655
-178899418 -33484471
-26170468 -5693223
-694999305 84427474
-765034693 -140140287
-690999309 83946624
-404999595 49565849
-921809443 -168667727
-553135918 -101582231
-254999745 31533974
-403947043 -74435151
-792999207 96208299
-494977543 -90999471
-460082518 -84649815
-482840143 -88790895
-24147568 -5325127
-878999121 106546574
-566999433 69040274
-381189418 -70294071
-597133993 -109588319
-383718043 -70754191
-270999729 33457374
-58999941 7972324
-936999063 113518899
-74214343 -14435503
-679567168 -124588231
-284999715 35140349
-338708518 -62564055
-983507893 -179894655
-316456618 -58514999
-582973693 -107011647
-312916543 -57870831
-307859293 -56950591
-692210293 -126888831
-72191443 -14067407
-711427843 -130385743
-615340093 -112901183
-658999341 80099824
-279032968 -51705223
-975922018 -178514295
-32744893 -6889535
-180922318 -33852567
-854999145 103661474
-816618643 -149526735
-69157093 -13515263
-670464118 -122931799
-764528968 -140048263
-140999859 17829749
-706370593 -129465503
-466151218 -85754103
-624443143 -114557615
-773632018 -141704695
-979967818 -179250487
-799929718 -146489943
-554653093 -101858303
-666999333 81061524
-768999231 93323199
-227954743 -42410799
-394999605 48363724
-445416493 -81981119
-803469793 -147134111
-194999805 24321224
-472999527 57740299
-257286793 -47748191
-421647418 -77655991
-492999507 60144549
-391809643 -72226575
-198622693 -37073407
-584996593 -107379743
-693727468 -127164903
-410999589 50287124
-265378393 -49220575
-856570918 -156796631
-230483368 -42870919
-26676193 -5785247
-88880368 -17104199
-223908943 -41674607
-929395318 -170048087
-623431693 -114373567
-650999349 79138124
-890999109 107989124
-980473543 -179342511
-918269368 -168023559
-906637693 -165907007
-606999393 73848774
-684118693 -125416447
-662999337 80580674
-500034793 -91919711
-486380218 -89435063
-224414668 -41766631
-682095793 -125048351
-849996493 -155600319
-294999705 36342474
-966313243 -176765839
-460588243 -84741839
-608765668 -111704871
-793355293 -145293631
-183450943 -34312687
-71179993 -13883359
-410521468 -75631463
-666418318 -122195607
-883374343 -161673903
-974999025 118086974
-913717843 -167195343
-351857368 -64956679
-982999017 119048674
-76742968 -14895623
-18078868 -4220839
-460999539 56297749
-115683793 -21981471
-502563418 -92379831
-870999129 105584874
-4999995 1480849
-624999375 76012599
-250999749 31053124
-400999599 49084999
-186991018 -34956855
-848479318 -155324247
-41847943 -8545967
-208737193 -38913887
-384223768 -70846215
-610999389 74329624
-6999993 1721274
-118999881 15185074
4678757 -79759
-123775393 -23453855
-78765868 -15263719
-182999817 22878674
-198116968 -36981383
-818135818 -149802807
-105569293 -20140991
-50445268 -10110375
-311399368 -57594759
-729633943 -133698607
-752391568 -137839687
-39319318 -8085847
-637086268 -116858215
-888431593 -162594143
-36999963 5327649
-308870743 -57134639
-450473743 -82901359
-10999989 2202124
-185979568 -34772807
-357420343 -65968943
-989070868 -180906919
-883880068 -161765927
-190531093 -35601023
-266999733 32976524
-538975618 -99005559
-924843793 -169219871
-191036818 -35693047
-169290643 -31736015
-898040368 -164342599
-221886043 -41306511
-27687643 -5969295
-226943293 -42226751
-974910568 -178330247
-384729493 -70938239
-547572943 -100569967
-796895368 -145937799
-353374543 -65232751
-58031143 -11490735
-582467968 -106919623
-660349618 -121091319
-981990718 -179618583
-499529068 -91827687
-969853318 -177410007
-660999339 80340249
-262344043 -48668431
-598999401 72887074
-791332393 -144925535
-828999171 100535949
-244999755 30331849
-704999295 85629599
-30721993 -6521439
-851007943 -155784367
-662372518 -121459415
-6447193 -2104287
-738231268 -135263015
-30216268 -6429415
-281055868 -52073319
-774137743 -141796719
-246160843 -45723663
-781723618 -143177079
-381695143 -70386095
-995645293 -182103231
-267907018 -49680695
-466656943 -85846127
-991599493 -181367039
-676999323 82263649
-582999417 70963674
-379166518 -69925975
-211265818 -39374007
-506999493 61827524
-425187493 -78300159
-809538493 -148238399
-389786743 -71858479
-334662718 -61827863
-192048268 -35877095
-117200968 -22257543
-868202593 -158913183
-364500493 -67257279
-932429668 -170600231
-891971668 -163238311
-420130243 -77379919
-488403118 -89803159
-987047968 -180538823
-879834268 -161029735
-722553793 -132410271
-950999049 115201874
-162210493 -30447679
-947095693 -173268927
-732999267 88995549
-571847743 -104987119
-951141493 -174005119
-402935593 -74251103
-880339993 -161121759
-97983418 -18760631
-311905093 -57686783
-5941468 -2012263
-294710443 -54557967
-128326918 -24282071
-326999673 40189274
-854042293 -156336511
-973393393 -178054175
-749357218 -137287543
-544999455 66395599
-552630193 -101490207
-482999517 58942424
-502057693 -92287807
-109109368 -20785159
-342754318 -63300247
-620397343 -113821423
-736208368 -134894919
-884999115 107267849
-930406768 -170232135
-203679943 -37993647
-254758168 -47288071
-459576793 -84557791
-785769418 -143913271
-570836293 -104803071
-549090118 -100846039
-691704568 -126796807
-46399468 -9374183
-846999153 102699774
-540492793 -99281631
-878822818 -160845687
-75731518 -14711575
-337697068 -62380007
-396999603 48604149
-783240793 -143453151
-523298143 -96152815
-912999087 110633799
-592582468 -108760103
-790826668 -144833511
-184968118 -34588759
-612305743 -112349039
-859605268 -157348775
-19596043 -4496911
-589042393 -108115935
-906999093 109912524
-576904993 -105907359
-108097918 -20601111
-310387918 -57410711
-842410618 -154219959
-365511943 -67441327
-44376568 -9006087
-235034893 -43699135
-105063568 -20048967
-4930018 -1828215
-416999583 51008399
-156647518 -29435415
-420999579 51489249
-180999819 22638249
-39825043 -8177871
-949624318 -173729047
-200645593 -37441503
-428727568 -78944327
-925855243 -169403919
-859099543 -157256751
-960244543 -175661551
-819147268 -149986855
-916999083 111114649
-346999653 42593524
-815101468 -149250663
-838999161 101738074
-315950893 -58422975
-108999891 13982949
-988999011 119769949
-683107243 -125232399
-685130143 -125600495
-542009968 -99557703
-955187293 -174741311
-712999287 86591299
-145521568 -27410887
-371580643 -68545615
-84834568 -16368007
999999 759574
-975416293 -178422271
-387763843 -71490383
-223403218 -41582583
-554147368 -101766279
-57019693 -11306687
-373603543 -68913711
-711933568 -130477767
-158670418 -29803511
-29710543 -6337391
-622925968 -114281543
-843927793 -154496031
-676027093 -123944063
-884891518 -161949975
-891465943 -163146287
-444910768 -81889095
-109615093 -20877183
-428999571 52450949
-696761818 -127717047
-493966093 -90815423
-88374643 -17012175
-774999225 94044474
-923326618 -168943799
-862999137 104623174
-640999359 77935999
-175359343 -32840303
-300999699 37063749
-884218 -1092023
-734999265 89235974
-398889793 -73514911
-117706693 -22349567
-943555618 -172624759
-129844093 -24558143
-479805793 -88238751
-760999239 92361499
-118212418 -22441591
-432773368 -79680519
-580445068 -106551527
-893994568 -163606407
-341742868 -63116199
-898546093 -164434623
-146027293 -27502911
-831790393 -152287455
-478288618 -87962679
-430999569 52691374
-594605368 -109128199
-459071068 -84465767
-246999753 30572274
-736999263 89476399
-82305943 -15907887
-922315168 -168759751
-805998418 -147594231
-565273318 -103790807
-390999609 47882874
-81294493 -15723839
-35273518 -7349655
-101523493 -19404799
-213794443 -39834127
-180416593 -33760543
-182945218 -34220663
-562999437 68559424
-284595943 -52717487
-515712268 -94772455
-788803768 -144465415
-827238868 -151459239
-16999983 2923399
-971370493 -177686079
-28193368 -6061319
-126999873 16146774
-134999865 17108474
-61571218 -12134903
-940999059 113999749
-322999677 39708424
-826227418 -151275191
-62582668 -12318951
-150999849 19031874
-844999155 102459349
-828756043 -151735311
-581962243 -106827599
-360454693 -66521087
-378999621 46440324
-362999637 44516924
-744999255 90438099
-794999205 96448724
-54996793 -10938591
-608999391 74089199
-797906818 -146121847
-112143718 -21337303
-782735068 -143361127
-614834368 -112809159
-667935493 -122471679
-184462393 -34496735
-814999185 98852974
-50950993 -10202399
-903097618 -165262839
-907143418 -165999031
-765540418 -140232311
-36790693 -7625727
-18584593 -4312863
-420635968 -77471943
-616351543 -113085231
-754414468 -138207783
-120235318 -22809687
-159681868 -29987559
-675521368 -123852039
-539481343 -99097583
-769586218 -140968503
-300273418 -55570231
-900568993 -164802719
-617362993 -113269279
-354999645 43555224
-242115043 -44987471
-436313443 -80324687
-816112918 -149434711
127232 -907975
-614328643 -112717135
-395349718 -72870743
-598145443 -109772367
-644999355 78416849
-392999607 48123299
-132999867 16868049
-751380118 -137655639
-779700718 -142808983
-903603343 -165354863
-219357418 -40846391
-574376368 -105447239
-289653193 -53637727
-713450743 -130753839
-348823018 -64404535
-560216068 -102870567
-404452768 -74527175
-147038743 -27686959
-724576693 -132778367
-49939543 -10018351
-125292568 -23729927
-343260043 -63392271
-67639918 -13239191
-793861018 -145385655
-3918568 -1644167
-674004193 -123575967
-905626243 -165722959
-66999933 8934024
-613822918 -112625111
-908660593 -166275103
-947601418 -173360951
-199128418 -37165431
-405969943 -74803247
-867696868 -158821159
-64999935 8693599
-517735168 -95140551
-149567368 -28147079
-40836493 -8361919
-956704468 -175017383
-232999767 28889299
-176370793 -33024351
-487391668 -89619111
-32239168 -6797511
-208999791 26004199
-225426118 -41950679
-305330668 -56490471
-931418218 -170416183
-830778943 -152103407
-776666368 -142256839
-607754218 -111520823
-702324793 -128729311
-674999325 82023224
-824204518 -150907095
-824710243 -150999119
-148050193 -27871007
-798918268 -146305895
-344271493 -63576319
-53479618 -10662519
-958999041 116163574
-988565143 -180814895
-72999927 9655299
-645683593 -118422623
-232506268 -43239015
-562744693 -103330687
-837353368 -153299719
-419118793 -77195871
-350845918 -64772631
-240597868 -44711399
-181428043 -33944591
-145015843 -27318863
-295216168 -54649991
-668999331 81301949
-900999099 109191249
-13527343 -3392623
-508999491 62067949
-163727668 -30723751
-908154868 -166183079
-81800218 -15815863
-834999165 101257224
-19090318 -4404887
-927372418 -169679991
-84328843 -16275983
-592076743 -108668079
-388775293 -71674431
-326571118 -60355479
-542999457 66155174
-843422068 -154404007
-471714193 -86766367
-652763743 -119710959
-638603443 -117134287
-121752493 -23085759
-710999289 86350874
-910683493 -166643199
-113660893 -21613375
-930999069 112797624
-530999469 64712624
-748999251 90918949
-397878343 -73330863
-925349518 -169311895
-57525418 -11398711
-262999737 32495674
2150132 -539879
-34262068 -7165607
-268412743 -49772719
-586513768 -107655815
-946589968 -173176903
-139452868 -26306599
-835330468 -152931623
-472725643 -86950415
-852019393 -155968415
-940015543 -171980591
-787792318 -144281367
-102999897 13261674
-563756143 -103514735
-363994768 -67165255
-378660793 -69833951
-331122643 -61183695
-480817243 -88422799
-132372718 -25018263
-577916443 -106091407
-732162568 -134158727
-756999243 91880649
-525321043 -96520911
-608259943 -111612847
-450979468 -82993383
-779194993 -142716959
-820664443 -150262927
-431761918 -79496471
-665912593 -122103583
-894500293 -163698431
-786275143 -144005295
-817630093 -149710783
-718999281 87312574
-326065393 -60263455
-503069143 -92471855
-24999975 3885099
-877305643 -160569615
-268918468 -49864743
-288641743 -53453679
-248999751 30812699
2655857 -447855
-691198843 -126704783
-794366743 -145477679
-14033068 -3484647
-437324893 -80508735
-318985243 -58975119
-756943093 -138667903
-46905193 -9466207
-660855343 -121183343
-499023343 -91735663
-775654918 -142072791
-618880168 -113545351
-754999245 91640224
-458565343 -84373743
-611294293 -112164991
-634557643 -116398095
-703336243 -128913359
-33756343 -7073583
-526999473 64231774
-434290543 -79956591
-192553993 -35969119
-314433718 -58146903
-805492693 -147502207
-205197118 -38269719
-794872468 -145569703
-895006018 -163790455
-250206643 -46459855
-990588043 -181182991
-449968018 -82809335
-392315368 -72318599
-453508093 -83453503
-211771543 -39466031
-598651168 -109864391
-524815318 -96428887
-190999809 23840374
-726093868 -133054439
-318999681 39227574
-291170368 -53913799
-707382043 -129649551
-530884018 -97533175
-998173918 -182563351
-656303818 -120355127
-576999423 70242399
-802999197 97410424
-621408793 -114005471
-222999777 27687174
-965301793 -176581791
-912706393 -167011295
-944061343 -172716783
-58536868 -11582759
-902591893 -165170815
-820999179 99574249
-682999317 82984924
-928999071 112557199
-671981293 -123207871
-844433518 -154588055
-62076943 -12226927
-366523393 -67625375
-174347893 -32656255
-328088293 -60631551
-391303918 -72134551
-237057793 -44067231
-902999097 109431674
-516723718 -94956503
-772620568 -141520647
-762999237 92601924
-861628168 -157716871
-435807718 -80232663
-160693318 -30171607
-347305843 -64128463
-346294393 -63944415
-358937518 -66245015
-633040468 -116122023
-264999735 32736099
-172324993 -32288159
-531895468 -97717223
-177887968 -33300423
-622999377 75772174
-578927893 -106275455
-540999459 65914749
-993116668 -181643111
-31227718 -6613463
-725588143 -132962415
-257792518 -47840215
-310893643 -57502735
-261332593 -48484383
-698278993 -127993119
-49433818 -9926327
-858088093 -157072703
-368040568 -67901447
-476771443 -87686607
-740759893 -135723135
632957 -815951
-137935693 -26030527
-938999061 113759324
-934999065 113278474
-994999005 120491224
-404958493 -74619199
-133384168 -25202311
-411532918 -75815511
-578422168 -106183431
-786780868 -144097319
-217840243 -40570319
-918775093 -168115583
-277515793 -51429151
-550607293 -101122111
-15044518 -3668695
-293698993 -54373919
-755931643 -138483855
-322525318 -59619287
-34767793 -7257631
-720530893 -132042175
-658832443 -120815247
-890454493 -162962239
-558698893 -102594495
-285101668 -52809511
-943049893 -172532735
-171313543 -32104111
-380683693 -70202047
-626971768 -115017735
-914999085 110874224
-984999015 119289099
-214805893 -40018175
-417601618 -76919799
-110999889 14223374
-91914718 -17656343
-513183643 -94312335
-121246768 -22993735
-522286693 -95968767
-252999747 31293549
-905120518 -165630935
-726999273 88274274
-655798093 -120263103
-519758068 -95508647
-130855543 -24742191
-506103493 -93023999
-494471818 -90907447
-140464318 -26490647
-144999855 18310599
3161582 -355831
-6952918 -2196311
-775149193 -141980767
-376999623 46199899
-292999707 36102049
-104052118 -19864919
-564999435 68799849
-407487118 -75079319
-462999537 56538174
-415578718 -76551703
-122999877 15665924
-542515693 -99649727
-810999189 98372124
-79777318 -15447767
-821170168 -150354951
-243632218 -45263543
-48999951 6770199
-423670318 -78024087
-879328543 -160937711
-916752193 -167747487
-728999271 88514699
-234999765 29129724
-138947143 -26214575
-343765768 -63484295
-516217993 -94864479
-156141793 -29343391
-573364918 -105263191
-894999105 108469974
-148555918 -27963031
-966999033 117125274
-677544268 -124220135
-924999075 112076349
-127315468 -24098023
-958727368 -175385479
-945578518 -172992855
-926866693 -169587967
-518999481 63270074
-778183543 -142532911
-290664643 -53821775
-79271593 -15355743
-469691293 -86398271
-527343943 -96889007
-682601518 -125140375
-448450843 -82533263
-422658868 -77840039
-408498568 -75263367
-229977643 -42778895
-693221743 -127072879
-797401093 -146029823
-438842068 -80784807
-80283043 -15539791
-569824843 -104619023
-914729293 -167379391
-616857268 -113177255
-602999397 73367924
-705359143 -129281455
-789815218 -144649463
-915235018 -167471415
-186485293 -34864831
-126304018 -23913975
-840893443 -153943887
-770597668 -141152551
-430750468 -79312423
-294204718 -54465943
-426704668 -78576231
-98999901 12780824
-73202893 -14251455
-704347693 -129097407
-978450643 -178974415
-438336343 -80692783
-255263893 -47380095
-323536768 -59803335
-917763643 -167931535
-738999261 89716824
-922820893 -168851775
-427210393 -78668255
-605731318 -111152727
-315445168 -58330951
-746322868 -136735399
-939509818 -171888567
-664999335 80821099
-443899318 -81705047
-166762018 -31275895
-307353568 -56858567
-851513668 -155876391
-464128318 -85386007
-510149293 -93760191
-942999057 114240174
-485368768 -89251015
-580999419 70723249
-431256193 -79404447
-461599693 -84925887
-92926168 -17840391
-620903068 -113913447
-976933468 -178698343
-606742768 -111336775
-393832543 -72594671
-76999923 10136149
-705864868 -129373479
-204691393 -38177695
-982496443 -179710607
-299767693 -55478207
-768069043 -140692431
-12010168 -3116551
-104999895 13502099
-872248393 -159649375
-961255993 -175845599
-361971868 -66797159
-228966193 -42594847
-303307768 -56122375
-357926068 -66060967
-441876418 -81336951
-338202793 -62472031
-886408693 -162226047
-369052018 -68085495
-950130043 -173821071
-508126393 -93392095
-372999627 45719049
-626466043 -114925711
-164233393 -30815775
-410015743 -75539439
-112649443 -21429327
-324999675 39948849
-577410718 -105999383
-802458343 -146950063
-84999915 11097849
-463622593 -85293983
-375120718 -69189783
-500540518 -92011735
-341237143 -63024175
-574999425 70001974
-833813293 -152655551
-86351743 -16644079
-281561593 -52165343
-176999823 22157399
-53985343 -10754543
-139958593 -26398623
-910999089 110393374
-102029218 -19496823
-792343843 -145109583
-256999743 31774399
-282573043 -52349391
-808527043 -148054351
-782999217 95006174
-730999269 88755124
-344999655 42353099
-73708618 -14343479
-336685618 -62195959
-456036718 -83913623
-974404843 -178238223
-89891818 -17288247
-414567268 -76367655
-454013818 -83545527
-714967918 -131029911
-823193068 -150723047
-219863143 -40938415
-841399168 -154035911
-634999365 77214724
-733174018 -134342775
-297744793 -55110111
-689681668 -126428711
-397372618 -73238839
-218851693 -40754367
-676532818 -124036087
-617868718 -113361303
-849490768 -155508295
-872999127 105825299
-23136118 -5141079
-234023443 -43515087
-370063468 -68269543
-579939343 -106459503
-456542443 -84005647
-353880268 -65324775
-103546393 -19772895
-855053743 -156520559
-35779243 -7441679
-475254268 -87410535
-501551968 -92195783
-424681768 -78208135
-524309593 -96336863
-305836393 -56582495
-650235118 -119250839
-593593918 -108944151
-948612868 -173544999
-601179793 -110324511
-996151018 -182195255
-694738918 -127348951
-584490868 -107287719
-469185568 -86306247
-965807518 -176673815
-801446893 -146766015
-565779043 -103882831
-720025168 -131950151
-254252443 -47196047
-359443243 -66337039
-134901343 -25478383
-75225793 -14619551
-686647318 -125876567
-680999319 82744499
-968336143 -177133935
-764999235 92842349
-788298043 -144373391
-853030843 -156152463
-340999659 41872249
-237563518 -44159255
-507114943 -93208047
-762000343 -139588143
-85340293 -16460031
-388999611 47642449
-846456418 -154956151
-2401393 -1368095
-115178068 -21889447
-749862943 -137379567
-3412843 -1552143
-648717943 -118974767
-412544368 -75999559
-654786643 -120079055
-316962343 -58607023
-566284768 -103974855
-654999345 79618974
-946999053 114721024
-154118893 -28975295
-265884118 -49312599
-795883918 -145753751
-566790493 -104066879
-206208568 -38453767
-628999371 76493449
-320502418 -59251191
-95454793 -18300511
-718002268 -131582055
-587525218 -107839863
-517229443 -95048527
-258803968 -48024263
-107592193 -20509087
-233517718 -43423063
-20607493 -4680959
-946084243 -173084879
-687153043 -125968591
-256781068 -47656167
-239080693 -44435327
-199634143 -37257455
-741265618 -135815159
-251218093 -46643903
-327076843 -60447503
-625960318 -114833687
-600168343 -110140463
-845444968 -154772103
-364999635 44757349
-573870643 -105355215
-948999051 114961449
-225931843 -42042703
-752897293 -137931711
-915740743 -167563439
-64099843 -12595023
-839376268 -153667815
-627477493 -115109759
-878317093 -160753663
-516999483 63029649
-192999807 24080799
-672992743 -123391919
-198999801 24802074
-205702843 -38361743
-45388018 -9190135
-421141693 -77563967
-647706493 -118790719
-688164493 -126152639
-532401193 -97809247
-596999403 72646649
-344777218 -63668343
-506609218 -93116023
-603202693 -110692607
-232000543 -43146991
-856065193 -156704607
-358999641 44036074
-980999019 118808249
-465645493 -85662079
-454999545 55576474
-272458543 -50508911
-124999875 15906349
-60559768 -11950855
-870731218 -159373303
-269424193 -49956767
-319996693 -59159167
-764023243 -139956239
-668441218 -122563703
-688670218 -126244663
-51456718 -10294423
-51962443 -10386447
-434999565 53172224
-519252343 -95416623
-852525118 -156060439
-233011993 -43331039
-508632118 -93484119
-70674268 -13791335
-189519643 -35416975
-672999327 81782799
-876799918 -160477591
-904614793 -165538911
-141475768 -26674695
-623937418 -114465591
-22630393 -5049055
-222391768 -41398535
-169796368 -31828039
-270435643 -50140815
-495988993 -91183519
-439853518 -80968855
-488999511 59663699
-800941168 -146673991
-933946843 -170876303
-451485193 -83085407
-977439193 -178790367
-314999685 38746724
-342248593 -63208223
-189013918 -35324951
-44999955 6289349
-271447093 -50324863
-520769518 -95692695
-63594118 -12502999
-522792418 -96060791
-290158918 -53729751
-922999077 111835924
