1749
964291137 -306513353
165010641 -51886106
779822163 -394360537
433866897 -137535798
787752993 -250273495
338309553 -107094040
569104833 -180618625
248420865 -78458149
-190191 742018
365843025 -115865394
346923549 -175715974
135857553 -42598790
900316305 -286132854
847030167 -428305355
337040019 -170724089
216838353 -68396890
607848741 -307501738
578822529 -183714397
896267265 -284842949
50827713 -15510785
536712513 -170299385
348027249 -110189812
825004161 -262140621
582151563 -294522837
151243905 -47500429
412811889 -130828292
959702409 -485212844
246111543 -124798747
666281793 -211576345
809617809 -257238982
914238171 -462250173
710011425 -225507319
705152577 -223959433
293552487 -148759795
952144017 -302643638
309966273 -98064705
331021281 -104772211
36251169 -10867127
702730629 -355423834
731876241 -232472806
526185009 -166945632
33011937 -9835203
144765441 -45436581
246801249 -77942187
273785427 -138776025
203071617 -64011213
574773489 -182424492
414131553 -209660792
754124985 -381381636
411192273 -130312330
130998705 -41050904
975628449 -310125087
417670737 -132376178
852960285 -431300486
45968865 -13962899
458970945 -145533209
756980289 -240470217
991329705 -501186876
728427807 -368402735
194717187 -98840945
641177745 -203578934
839123343 -424311847
42510825 -21965916
604736385 -191969789
772366641 -245371856
252041661 -127793878
505060029 -255586134
957002865 -304191524
886564287 -448272895
996683457 -316832593
868773933 -439287502
583681377 -185262283
283242609 -89551332
146385057 -45952543
658993521 -209254516
564361209 -285537444
617732271 -312493623
941616513 -299289885
113672241 -57907488
620932545 -197129409
255709137 -80779978
520873677 -263573150
908414385 -288712664
556147905 -176490929
275954337 -87229503
40300209 -12157032
129485889 -65894504
976438257 -310383068
551289057 -174943043
581251953 -184488340
390411081 -197680268
893028033 -283811025
439535553 -139341665
686916981 -347436818
113992737 -35633303
139369419 -70886389
779654913 -247693685
318874161 -100902496
880071105 -279683329
748194867 -378386505
282432801 -89293351
162581217 -51112163
183636225 -57819669
30582513 -9061260
292150497 -92389123
322113393 -101934420
978867681 -311157011
518896971 -262574773
329133195 -166730581
468688641 -148628981
755360673 -239954255
20767059 -10983769
421719777 -133666083
211979505 -66849004
799090305 -253885229
483265185 -153272639
556957713 -176748910
895457457 -284584968
220077585 -69428814
617693313 -196097485
831482625 -264204469
559387137 -177522853
677619105 -215188079
724474395 -366405981
874704051 -442282633
923800737 -293614303
16813647 -8987015
719729121 -228603091
404248023 -204668907
84029841 -26088006
201452001 -63495251
23294241 -6739431
493792689 -156626392
876022065 -278393424
464639601 -147339076
386898033 -122572900
971579409 -308835182
219267777 -69170833
845053461 -427306978
109718829 -55910734
586104975 -296519591
820955121 -260850716
467502615 -236616971
36580707 -18970785
240181425 -121803616
58925793 -18090595
445758849 -225634824
541571361 -171847271
269475873 -85165655
566337915 -286535821
526803795 -266568281
101035809 -31505607
473547489 -150176867
534710619 -270561789
649359567 -328467655
690576033 -219315775
172973421 -87858798
184833657 -93849060
184446033 -58077650
495176499 -250594249
859016097 -272975823
456541521 -144759266
419290353 -132892140
681668145 -216477984
97858593 -49920472
629592507 -318483885
111695535 -56909111
868733793 -276071595
283668957 -143767910
521326161 -165397746
926098407 -468240435
290530881 -91873161
912463425 -290002569
168249873 -52918030
335063313 -169725712
29772705 -8803279
910034001 -289228626
95367153 -29699740
198212769 -62463327
847678785 -269364089
299438769 -94710952
641987553 -203836915
833102241 -264720431
635509089 -201773067
935981937 -473232320
431921907 -218646185
546570855 -276552051
984536337 -312962878
881690721 -280199291
967530369 -307545277
510798657 -162043993
440345361 -139599646
944855745 -300321809
582061761 -184746321
605546193 -192227770
446823825 -141663494
16815777 -4675583
973199025 -309351144
646846401 -205384801
483316263 -244603987
729446817 -231698863
439828731 -222639693
148004673 -46468505
291575781 -147761418
730256625 -231956844
534283089 -169525442
507036735 -256584511
791802033 -251563400
908308053 -459255042
578012721 -183456416
416860929 -132118197
872727345 -441284256
158532177 -49822258
362737197 -183702990
782084337 -248467628
546430209 -173395157
329401665 -104256249
644416977 -204610858
931898817 -296194113
532733913 -269563412
316444737 -100128553
438725745 -139083684
232224705 -73298529
813426165 -411332946
196593153 -61947365
301459311 -152753303
532663473 -169009480
684940275 -346438441
357744945 -113285584
180880245 -91852306
746452785 -237116464
679238721 -215704041
54066945 -16542709
155292945 -48790334
960242097 -305223448
16005969 -4417602
624981585 -198419314
43539441 -13188956
773176449 -245629837
603895329 -305504984
736334631 -372396243
585300993 -185778245
360760491 -182704613
981446175 -496194991
446014017 -141405513
325179783 -164733827
301868193 -95484895
14836941 -7988638
465449409 -147597057
819335505 -260334754
124520241 -38987056
503083323 -254587757
213599121 -67364966
833193225 -421316716
105894657 -33053493
918941889 -292066417
530757207 -268565035
576393105 -182940454
548049825 -173911119
799589223 -404344307
336689937 -106578078
610405041 -193775656
968340177 -307803258
901935921 -286648816
382504257 -193686760
937958643 -474230697
931089009 -295936132
693815265 -220347699
492982881 -156368411
429817857 -136245893
412154847 -208662415
836341473 -265752355
734305665 -233246749
305412723 -154750057
767961927 -388370275
515657505 -163591879
285645663 -144766287
-3429423 1773942
760219521 -241502141
696244689 -221121642
759409713 -241244160
268666065 -84907674
258138561 -81553921
343978209 -108899907
802329537 -254917153
513228081 -162817936
315634929 -99870572
974818641 -309867106
653312979 -330464409
250064955 -126795501
103788711 -52915603
451688967 -228629955
611802153 -309498492
629030625 -199709219
998303073 -317348555
480835761 -152498696
217648161 -68654871
640367937 -203320953
425991789 -215651054
-2619615 1515961
495412305 -157142354
649275825 -206158744
825286401 -417323208
615755565 -311495246
267046449 -84391712
466259217 -147855038
889788801 -282779101
689766225 -219057794
422038377 -213654300
72161415 -36941571
932028525 -471235566
406333425 -128764444
594011799 -300513099
33821745 -10093184
208740273 -65817080
728637009 -231440882
236228013 -119806862
373941105 -118445204
127759473 -40018980
711631041 -226023281
753741057 -239438293
949714593 -301869695
884929953 -281231215
844439553 -268332165
509179041 -161528031
96986769 -30215702
507559425 -161012069
394186305 -124894729
371511681 -117671261
733495857 -232988768
893837841 -284069006
481339557 -243605610
713250657 -226539243
135416007 -68889635
922990929 -293356322
262997409 -83101807
111563313 -34859360
85649457 -26603968
237893361 -75104396
384468609 -121798957
995063841 -316316631
87975063 -44928587
212789313 -67106985
497153205 -251592626
909224193 -288970645
-999999 999999
963481329 -306255372
511608465 -162301974
152053713 -47758410
478406337 -151724753
531043857 -168493518
352853667 -178711105
344946843 -174717597
216028545 -68138909
899506497 -285874873
616883505 -195839504
537522321 -170557366
703532961 -223443471
616073697 -195581523
360174369 -114059527
77551377 -24024158
313205505 -99096629
375560721 -118961166
287291649 -90841237
107514273 -33569455
654134673 -207706630
118851585 -37181189
655289685 -331462786
977492763 -494198237
957812673 -304449505
88078881 -27377911
668711217 -212350288
489246381 -247599118
117231969 -36665227
266236641 -84133731
499461345 -158432259
573153873 -181908530
112373121 -35117341
603116769 -191453827
232274601 -117810108
24720471 -12980523
786133377 -249757533
167043303 -84863667
712440849 -226281262
552098865 -175201024
403094193 -127732520
396341199 -200675399
462210177 -146565133
317272959 -160740319
947285169 -301095752
269832015 -136779271
178777377 -56271783
319249665 -161738696
886549569 -281747177
28673883 -14977277
570291327 -288532575
81600417 -25314063
441805437 -223638070
834721857 -265236393
933518433 -296710075
156912561 -49306296
504320193 -159980145
276764145 -87487484
554528289 -175974967
948904785 -301611714
182016609 -57303707
84021651 -42931833
424015083 -214652677
358783785 -181706236
905175153 -287680740
489743649 -155336487
973539351 -492201483
352886097 -111737698
939935349 -475229074
865494561 -275039671
882610875 -446276141
441964977 -140115608
718919313 -228345110
820145313 -260592735
727017393 -230924920
859825905 -273233804
564245985 -179070739
663852369 -210802402
962671521 -305997391
588540225 -186810169
476786721 -151208791
514847697 -163333898
463829793 -147081095
741593937 -235568578
331109901 -167728958
364713903 -184701367
608785425 -193259694
204600717 -103832830
296199537 -93679028
510990147 -258581265
458161137 -145275228
535902705 -170041404
457619085 -231625086
698777217 -353427080
305917233 -96774800
212507541 -107826338
688956417 -218799813
426578625 -135213969
829863009 -263688507
659803329 -209512497
902377935 -456259911
157159773 -79871782
993444225 -315800669
584128269 -295521214
621742353 -197387390
913273233 -290260550
794231457 -252337343
773986257 -245887818
904365345 -287422759
385278417 -122056938
584491185 -185520264
64254591 -32948063
682477953 -216735965
345597825 -109415869
914083041 -290518531
692195649 -219831737
138286977 -43372733
542617443 -274555297
305107425 -96516819
384480963 -194685137
221697201 -69944776
450872865 -142953399
148814481 -46726486
122090817 -38213113
341548785 -108125964
953772291 -482217713
453665673 -229628332
675056745 -341446556
108324081 -33827436
625791393 -198677295
769127409 -244339932
406224729 -205667284
749692017 -238148388
866304369 -275297652
181206801 -57045726
637938513 -202547010
388517649 -123088862
897077073 -285100930
954573441 -303417581
624171777 -198161333
68643489 -21186367
302678001 -95742876
606356001 -192485751
485292969 -245602364
210359889 -66333042
871163217 -276845538
342970137 -173719220
376370529 -119219147
631569213 -319482262
927039969 -294646227
416051121 -131860216
903555537 -287164778
242752209 -76652282
533473281 -169267461
310776081 -98322686
659243097 -333459540
667091601 -211834326
512966853 -259579642
339929169 -107610002
-5049039 2289904
120471201 -37697151
725397777 -230408958
83220033 -25830025
562626369 -178554777
785323569 -249499552
361793985 -114575489
190763775 -96844191
748072401 -237632426
259758177 -82069883
684097569 -217251927
241942401 -76394301
922181121 -293098341
447633633 -141921475
369892065 -117155299
751311633 -238664350
596638305 -189389979
308346657 -97548743
916214877 -463248550
60545409 -18606557
911653617 -289744588
418480545 -132634159
925420353 -294130265
819356283 -414328077
132618321 -41566866
165820449 -52144087
311342841 -157745188
627411009 -199193257
516920265 -261576396
981297105 -311930954
671950449 -213382212
26533473 -7771355
206577423 -104831207
293770113 -92905085
946475361 -300837771
48440943 -24961047
229795281 -72524586
176926833 -89855552
125532477 -63897750
407143233 -129022425
342358593 -108383945
720538929 -228861072
397425537 -125926653
142336017 -44662638
220887393 -69686795
-4239231 2031923
22743765 -11982146
656564097 -208480573
315296253 -159741942
653324865 -207448649
956193057 -303933543
2976705 -1998376
704342769 -223701452
843629745 -268074184
131808513 -41308885
324542817 -102708363
971562645 -491203106
651336273 -329466032
990204993 -314768745
328591857 -103998268
55686561 -17058671
42729633 -12930975
730404513 -369401112
256518945 -81037959
444394401 -140889551
586110801 -186036226
846868977 -269106108
96176961 -29957721
796660881 -253111286
394996113 -125152710
797470689 -253369267
807188385 -256465039
147276243 -74879897
114802545 -35891284
655754289 -208222592
190114689 -59883517
612024657 -194291618
813666849 -258528887
291340689 -92131142
613778859 -310496869
294579921 -93163066
289721073 -91615180
467069025 -148113019
674379873 -214156155
145575249 -45694562
228321189 -115813354
785752281 -397355668
997493265 -317090574
854967057 -271685918
76741569 -23766177
650085633 -206416725
745642977 -236858483
974008833 -309609125
60301179 -30951309
422529585 -133924064
79170993 -24540120
554477679 -280545559
849006873 -429303732
683287761 -216993946
7098081 -1579811
474357297 -150434848
169059681 -53176011
647656209 -205642782
705962385 -224217414
892218225 -283553044
951795585 -481219336
916512465 -291292474
880880913 -279941310
497841729 -157916297
999999 -999999
607975617 -193001713
318064353 -100644515
233844321 -73814491
801519729 -254659172
835169931 -422315093
544594149 -275553674
356807079 -180707859
145299537 -73881520
555338097 -176232948
260567985 -82327864
243562017 -76910263
68208003 -34944817
238204719 -120805239
32202129 -9577222
402284385 -127474539
567485217 -180102663
675189681 -214414136
992634417 -315542688
62277885 -31949686
638748321 -202804991
789372609 -250789457
300248577 -94968933
255995073 -129790632
116422161 -36407246
829239813 -419319962
123710433 -38729075
141346125 -71884766
829053201 -263430526
804758961 -255691096
78361185 -24282139
999112881 -317606536
982106913 -312188935
514037889 -163075917
783775575 -396357291
126139857 -39503018
118041777 -36923208
502700577 -159464183
265878603 -134782517
435875319 -220642939
938377281 -298257961
133428129 -41824847
737544897 -234278673
391756881 -124120786
78091533 -39936702
493199793 -249595872
821332989 -415326454
627615801 -317485508
566675409 -179844682
24104049 -6997412
588081681 -297517968
218437659 -110821469
575583297 -182682473
230297895 -116811731
107742123 -54912357
806378577 -256207058
488933841 -155078506
611214849 -194033637
119661393 -37439170
756170481 -240212236
697054497 -221379623
377990145 -119735109
210530835 -106827961
795851073 -252853305
92127921 -28667816
778035297 -247177723
680986863 -344441687
709201617 -225249338
742403745 -235826559
736735089 -234020692
524565393 -166429670
8906823 -4993507
763458753 -242534065
948094977 -301353733
374750913 -118703185
918191583 -464246927
366652833 -116123375
609595233 -193517675
872782833 -277361500
150434097 -47242448
797612517 -403345930
368272449 -116639337
95881887 -48922095
226344483 -114814977
769937217 -244597913
261377793 -82585845
99416193 -30989645
471118065 -149402924
352076289 -111479717
6288273 -1321830
602306961 -191195846
927849777 -294904208
367462641 -116381356
214408929 -67622947
115648947 -58905865
592589265 -188100074
425768817 -134955988
738354705 -234536654
850918017 -270396013
535092897 -169783423
380419569 -120509052
951334209 -302385657
298628961 -94452971
864820521 -437290748
177157761 -55755821
569914641 -180876606
433898613 -219644562
222507009 -70202757
172298913 -54207935
11956929 -3127697
186065649 -58593612
595018689 -188874017
207930465 -65559099
912261465 -461251796
856586673 -272201880
673080039 -340448179
928659585 -295162189
454112097 -143985323
876680757 -443281010
251660097 -79490073
461400369 -146307152
488124033 -154820525
628220817 -199451238
888169185 -282263139
21674625 -6223469
599941917 -303508230
392387787 -198678645
777225489 -246919742
601497153 -190937865
451682673 -143211380
203881425 -64269194
177967569 -56013802
245181633 -77426225
53257137 -16284728
92937729 -28925797
167440065 -52660049
487269675 -246600741
110753505 -34601379
758599905 -240986179
838770897 -266526298
778845105 -247435704
807998193 -256723020
650895441 -206674706
531853665 -168751499
815286465 -259044849
128569281 -40276961
887359377 -282005158
30650589 -15975654
789705693 -399352422
558577329 -177264872
18435393 -5191545
547240017 -173653138
157722369 -49564277
250850289 -79232092
961679115 -486211221
159341985 -50080239
724587969 -230150977
47588481 -14478861
199832385 -62979289
173108721 -54465916
134237937 -42082828
726207585 -230666939
715680081 -227313186
12860235 -6990261
101812005 -51917226
204691233 -64527175
620122737 -196871428
248088249 -125797124
37060977 -11125108
309366135 -156746811
898696689 -285616892
178903539 -90853929
592035093 -299514722
880634169 -445277764
803949153 -255433115
477596529 -151466772
783703953 -248983590
732686049 -232730787
877641681 -278909386
58324473 -29952932
482455377 -153014658
590058387 -298516345
665173215 -336454671
1429425 226056
991824609 -315284707
196693893 -99839322
636318897 -202031048
339119361 -107352021
245991441 -77684206
987775569 -313994802
710821233 -225765300
218457969 -68912852
161771409 -50854182
208554129 -105829584
281692251 -142769533
972389217 -309093163
3858849 -547887
739974321 -235052616
561006753 -178038815
986965761 -313736821
599877537 -190421903
5478465 -1063849
40534119 -20967539
800709921 -254401191
522850383 -264571527
700293729 -222411547
100226001 -31247626
301058385 -95226914
560407797 -283540690
577202913 -183198435
287622369 -145764664
958622481 -304707486
716489889 -227571167
688146609 -218541832
837151281 -266010336
930279201 -295678151
526994817 -167203613
791682399 -400350799
898424523 -454263157
175538145 -55239859
669521025 -212608269
231414897 -73040548
920561505 -292582379
712614159 -360415719
135047745 -42340809
70184709 -35943194
194163729 -61173422
904354641 -457258288
816906081 -259560811
140716401 -44146676
536687325 -271560166
279715545 -141771156
934328241 -296968056
963655821 -487209598
141526209 -44404657
570724449 -181134587
71072913 -21960310
619708977 -313492000
983726529 -312704897
420909969 -133408102
568314621 -287534198
241132593 -76136320
548547561 -277550428
734357925 -371397866
894471111 -452266403
917322273 -291550455
491223087 -248597495
45159057 -13704918
648466017 -205900763
174950127 -88857175
969585939 -490204729
723778161 -229892996
701913345 -222927509
652515057 -207190668
50417649 -25959424
101845617 -31763588
49208097 -14994823
31392321 -9319241
70263105 -21702329
915702657 -291034493
934005231 -472233943
436296321 -138309741
46464237 -23962670
389327457 -123346843
278383761 -88003446
989395185 -314510764
432247281 -137019836
455642379 -230626709
271808721 -137777648
115612353 -36149265
661219803 -334457917
365033217 -115607413
182856951 -92850683
186810363 -94847437
519706545 -164881784
832292433 -264462450
589350033 -187068150
597448113 -189647960
416108259 -210659169
236273745 -74588434
378799953 -119993090
475976913 -150950810
434676705 -137793779
449712261 -227631578
22484433 -6481450
593399073 -188358055
470308257 -149144943
856913697 -433297240
858890403 -434295617
151229655 -76876651
452492481 -143469361
670330833 -212866250
677033451 -342444933
58115985 -17832614
599067729 -190163922
853347441 -271169956
852537633 -270911975
977248065 -310641049
708391809 -224991357
44487531 -22964293
25723665 -7513374
528780501 -267566658
379609761 -120251071
437915937 -138825703
924121701 -467242058
910843809 -289486607
227365857 -71750643
907604577 -288454683
258948369 -81811902
580174857 -293524460
817715889 -259818792
752931249 -239180312
415241313 -131602235
10337313 -2611735
637499331 -322477393
297819153 -94194990
340738977 -107867983
744023361 -236342521
774796065 -246145799
441155169 -139857627
662232753 -210286440
277573953 -87745465
475409439 -240610479
133439301 -67891258
707582001 -224733376
732381219 -370399489
539951745 -171331309
346407633 -109673850
186875457 -58851593
873592641 -277619481
987376293 -499190122
793421649 -252079362
433057089 -137277817
139906593 -43888695
622552161 -197645371
580442145 -184230359
340993431 -172720843
940806705 -299031904
688893687 -348435195
343168401 -108641926
544000785 -172621214
14386353 -3901640
988585377 -314252783
520516353 -165139765
479362851 -242607233
919751697 -292324398
803139345 -255175134
91928475 -46925341
105084849 -32795512
272715105 -86197579
498651537 -158174278
271905297 -85939598
722158545 -229377034
695434881 -220863661
994254033 -316058650
633079665 -200999124
35441361 -10609146
4953411 -2996753
215218737 -67880928
136667361 -42856771
414431505 -131344254
337499745 -106836059
661422945 -210028459
327782049 -103740287
445204209 -141147532
967609233 -489206352
529424241 -167977556
615263889 -195323542
335070321 -106062116
494602497 -156884373
480025953 -152240715
325352625 -102966344
326972241 -103482306
253279713 -80006035
180396993 -56787745
465525909 -235618594
590159841 -187326131
62974833 -19380500
565865601 -179586701
187685265 -59109574
323733009 -102450382
747262593 -237374445
550524267 -278548805
198670599 -100837699
773892045 -391365406
455731713 -144501285
307389429 -155748434
88888689 -27635892
704707335 -356422211
623662389 -315488754
657266391 -332461163
382039185 -121025014
957725703 -484214467
860867109 -435293994
935138049 -297226037
368667315 -186698121
469479321 -237615348
52394355 -26957801
735115473 -233504730
448443441 -142179456
879261297 -279425348
777845457 -393362160
392566689 -124378767
505939809 -160496107
776415681 -246661761
10883529 -5991884
509013441 -257582888
556454385 -281543936
442774785 -140373589
69453297 -21444348
413621697 -131086273
485694609 -154046582
103465233 -32279550
173918529 -54723897
698674113 -221895585
576221445 -291527706
548859633 -174169100
682963569 -345440064
771915339 -390367029
240322785 -75878339
424149201 -134440026
244371825 -77168244
983422881 -497193368
75121953 -23250215
714870273 -227055205
171489105 -53949954
942426321 -299547866
793659105 -401349176
742264749 -375391374
430627665 -136503874
44349249 -13446937
163391025 -51370144
447735555 -226633201
38680593 -11641070
267855309 -135780894
845249361 -268590146
863874945 -274523709
691385841 -219573756
645226785 -204868839
560196945 -177780834
169020009 -85862044
211169697 -66591023
885739761 -281489196
503510385 -159722164
2239233 -31925
443782143 -224636447
86459265 -26861949
362603793 -114833470
481645569 -152756677
660613137 -209770478
230605089 -72782567
643607169 -204352877
205501041 -64785156
54876753 -16800690
66231297 -33946440
139096785 -43630714
72692529 -22476272
982916721 -312446916
26697177 -13978900
869543601 -276329576
544810593 -172879195
920168289 -465245304
401474577 -127216558
429945201 -217647808
306727041 -97032781
459780753 -145791190
67833681 -20928386
694625073 -220605680
514943559 -260578019
407953041 -129280406
722968353 -229635015
639558129 -203062972
275762133 -139774402
936757665 -297741999
467878833 -148371000
680048529 -215962022
641452743 -324474147
952953825 -302901619
117625653 -59904242
418084965 -211657546
155183067 -78873405
658183713 -208996535
202261809 -63753232
871973025 -277103519
449253249 -142437437
803542635 -406341061
126949665 -39760999
539141937 -171073328
667901409 -212092307
663042561 -210544421
154483137 -48532353
702723153 -223185490
557767521 -177006891
122900625 -38471094
989352999 -500188499
921371313 -292840360
786943185 -250015514
517277121 -164107841
792611841 -251821381
764008515 -386373521
469498449 -148886962
748882209 -237890407
574244739 -290529329
303487809 -96000857
161113185 -81868536
304297617 -96258838
214484247 -108824715
750501825 -238406369
166630257 -52402068
4668657 -805868
348837057 -110447793
303436017 -153751680
209550081 -66075061
788562801 -250531476
979677489 -311414992
740288043 -374392997
39490401 -11899051
65404257 -20154443
811449459 -410334569
321303585 -101676439
351266481 -111221736
671140641 -213124231
143955633 -45178600
945665553 -300579790
812857041 -258270906
309156465 -97806724
398317905 -201673776
855776865 -271943899
199022577 -62721308
234251307 -118808485
477386145 -241608856
550479249 -174685062
356935137 -113027603
701103537 -222669528
41919825 -12672994
839580705 -266784279
740784129 -235310597
459595791 -232623463
354505713 -112253660
284862225 -90067294
102655425 -32021569
17625585 -4933564
46778673 -14220880
756101691 -382380013
890517699 -450269649
331831089 -105030192
62165025 -19122519
884120145 -280973234
322923201 -102192401
163089891 -82866913
979469469 -495196614
970769601 -308577201
892494405 -451268026
262187601 -82843826
605872035 -306503361
427968495 -216649431
280813185 -88777389
542381169 -172105252
297009345 -93937009
805568769 -255949077
295389729 -93421047
292960305 -92647104
607165809 -192743732
344788017 -109157888
947842173 -479222582
594208881 -188616036
179587185 -56529764
271095489 -85681617
497031921 -157658316
147194865 -46210524
761839137 -242018103
864684753 -274781690
50017905 -15252804
257328753 -81295940
721348737 -229119053
708660747 -358418965
370644021 -187696498
499129911 -252591003
224367777 -113816600
-2953413 996755
356125329 -112769622
754550865 -239696274
13576545 -3643659
393376497 -124636748
828243393 -263172545
846059169 -268848127
189304881 -59625536
28962897 -8545298
524827089 -265569904
684907377 -217509908
113182929 -35375322
799900113 -254143210
687336801 -218283851
775868751 -392363783
867923985 -275813614
263807217 -83359788
378550845 -191690006
706772193 -224475395
770747025 -244855894
858206289 -272717842
170996715 -86860421
633545919 -320480639
639476037 -323475770
435486513 -138051760
484884801 -153788601
51637521 -15768766
937567473 -297999980
64594449 -19896462
888978993 -282521120
943888761 -477225828
200642193 -63237270
718109505 -228087129
57306177 -17574633
267856257 -84649693
461572497 -233621840
105765417 -53913980
9527505 -2353754
766697985 -243565989
460590561 -146049171
817379577 -413329700
182826417 -57561688
289599075 -146763041
980487297 -311672973
153673329 -48274372
297505899 -150756549
637128705 -202289029
843076755 -426308601
353695905 -111995679
939996897 -298773923
381229377 -120767033
91318113 -28409835
863065137 -274265728
824194353 -261882640
281758596 -910492185
673570065 -213898174
404713809 -128248482
795635811 -402347553
854157249 -271427937
89951769 -45926964
826623777 -262656583
590969649 -187584112
429008049 -135987912
99835299 -50918849
833912049 -264978412
765078369 -243050027
784513761 -249241571
403904001 -127990501
894647649 -284326987
37870785 -11383089
538664031 -272558543
320493777 -101418458
332640897 -105288173
986155953 -313478840
830672817 -263946488
926230161 -294388246
15196161 -4159621
523755585 -166171689
528614433 -167719575
350456673 -110963755
840390513 -267042260
454921905 -144243304
508369233 -161270050
900401229 -455261534
398235345 -126184634
471927873 -149660905
790182417 -251047438
12766737 -3385678
323203077 -163735450
373131297 -118187223
672760257 -213640193
643429449 -325472524
247611057 -78200168
74312145 -22992234
360984177 -114317508
530234049 -168235537
601918623 -304506607
237083553 -74846415
965910753 -307029315
369082257 -116897318
870750639 -440285879
67023873 -20670405
176347953 -55497840
842819937 -267816203
861445521 -273749766
264617025 -83617769
598257921 -189905941
463019985 -146823114
699483921 -222153566
431437473 -136761855
121281009 -37955132
808808001 -256981001
396615729 -125668672
525375201 -166687651
123555771 -62899373
472737681 -149918886
254899329 -80521997
420061671 -212655923
76114827 -38938325
540761553 -171589290
744833169 -236600502
757790097 -240728198
867114177 -275555633
835531665 -265494374
197402961 -62205346
522945777 -165913708
825813969 -262398602
295529193 -149758172
722497689 -365407604
822574737 -261366678
250040481 -78974111
153206361 -77875028
428198241 -135729931
59735601 -18348576
200647305 -101836076
848488593 -269622070
471456027 -238613725
453302289 -143727342
54371061 -27956178
190924497 -60141498
358554753 -113543565
160151793 -50338220
815402871 -412331323
206310849 -65043137
185255841 -58335631
501890769 -159206202
254018367 -128792255
109943697 -34343398
93905181 -47923718
573963681 -182166511
137392713 -69888012
549669441 -174427081
265426833 -83875750
629840433 -199967200
890598609 -283037082
24913857 -7255393
854936991 -432298863
744241455 -376389751
665471985 -211318364
239512977 -75620358
160961601 -50596201
6930117 -3995130
823384545 -261624659
761029329 -241760122
814476657 -258786868
307536849 -97290762
633889473 -201257105
234654129 -74072472
487314225 -154562544
257971779 -130789009
805519341 -407339438
330211473 -104514230
888540993 -449271272
354830373 -179709482
500271153 -158690240
991014801 -315026726
386457669 -195683514
410382465 -130054349
878451489 -279167367
314015313 -99354610
137477169 -43114752
714060465 -226797224
671103333 -339449802
664662177 -211060383
558431091 -282542313
73502337 -22734253
552500973 -279547182
857396481 -272459861
841100049 -425310224
220414365 -111819846
372620727 -188694875
694823805 -351430326
613644273 -194807580
587730417 -186552188
261925191 -132785763
314825121 -99612591
906794769 -288196702
642797361 -204094896
582871569 -185004302
286481841 -90583256
955748997 -483216090
224126625 -70718719
619617 484037
225746241 -71234681
930051819 -470237189
675999489 -214672117
48398289 -14736842
127509183 -64896127
-976707 -1622
479216145 -151982734
827433585 -262914564
944045937 -300063828
975516057 -493199860
600687345 -190679884
997259823 -504182007
901126113 -286390835
571534257 -181392568
509988849 -161786012
993306411 -502185253
897886881 -285358911
492173073 -156110430
156102753 -49048315
424959009 -134698007
922144995 -466243681
143322831 -72883143
405523617 -128506463
752121441 -238922331
767507793 -243823970
714590865 -361414096
364223409 -115349432
619312929 -196613447
349646865 -110705774
281622993 -89035370
595828497 -189131998
288101457 -91099218
945865467 -478224205
961051905 -305481429
505130001 -160238126
663196509 -335456294
765985221 -387371898
80068239 -40935079
326162433 -103224325
718544277 -363410850
347217441 -109931831
950524401 -302127676
131462595 -66892881
603926577 -191711808
28153089 -8287317
506749617 -160754088
394364493 -199677022
130188897 -40792923
7907889 -1837792
202624011 -102834453
252469905 -79748054
284052417 -89809313
164200833 -51628125
74138121 -37939948
-1809807 1257980
311585889 -98580667
862255329 -274007747
226556049 -71492662
224936433 -70976700
764268561 -242792046
512418273 -162559955
372321489 -117929242
837146637 -423313470
270285681 -85423636
259948485 -131787386
735925281 -233762711
809472753 -409336192
61355217 -18864538
618503121 -196355466
758078397 -383378390
473432733 -239612102
595988505 -301511476
19245201 -5449526
875212257 -278135443
475167105 -150692829
710637453 -359417342
700753923 -354425457
486504417 -154304563
104275041 -32537531
692847099 -350431949
527804625 -167461594
943236129 -299805847
807496047 -408337815
170679297 -53691973
678428913 -215446060
321226371 -162737073
816096273 -259302830
491363265 -155852449
484074993 -153530620
228175665 -72008624
693005457 -220089718
427388433 -135471950
216460953 -109823092
400294611 -202672153
750171573 -379384882
390137265 -123604824
906331347 -458256665
56347767 -28954555
496222113 -157400335
961861713 -305739410
953763633 -303159600
739164513 -234794635
18790353 -9985392
762031809 -385375144
244134837 -123800370
831216519 -420318339
222391071 -112818223
565055793 -179328720
334260513 -105804135
194973537 -61431403
89698497 -27893873
275144529 -86971522
402271317 -203670530
631460049 -200483162
941912055 -476227451
319683969 -101160477
20055009 -5707507
66214065 -20412424
56496369 -17316652
939187089 -298515942
632269857 -200741143
223316817 -70460738
193353921 -60915441
769938633 -389368652
84839649 -26345987
207120657 -65301118
501106617 -253589380
965100945 -306771334
883310337 -280715253
978057873 -310899030
697864305 -221637604
746218161 -377388128
38557413 -19969162
280003377 -88519408
720520983 -364409227
851727825 -270653994
798280497 -253627248
490553457 -155594468
408201435 -206665661
97796577 -30473683
463549203 -234620217
955383249 -303675562
34631553 -10351165
370701873 -117413280
924610545 -293872284
188787069 -95845814
716567571 -362412473
552908673 -175459005
82044945 -41933456
812047233 -258012925
775605873 -246403780
823309695 -416324831
876831873 -278651405
27343281 -8029336
386088225 -122314919
317254545 -100386534
657373905 -208738554
891408417 -283295063
966720561 -307287296
399854961 -126700596
827263107 -418321585
437106129 -138567722
810427617 -257496963
518896737 -164623803
910284759 -460253419
995873649 -316574612
254089521 -80264016
288911265 -91357199
634699281 -201515086
914892849 -290776512
516467313 -163849860
277738839 -140772779
651705249 -206932687
238703169 -75362377
572344065 -181650549
781274529 -248209647
686526993 -218025870
625639095 -316487131
842010129 -267558222
312395697 -98838648
685717185 -217767889
850983579 -430302109
169869489 -53433992
188495073 -59367555
929469393 -295420170
79980801 -24798101
765888177 -243308008
743213553 -236084540
152863521 -48016391
52447329 -16026747
866797227 -438289125
969149985 -308061239
706684041 -357420588
192740481 -97842568
75931761 -23508196
363413601 -115091451
125330049 -39245037
626601201 -198935276
928075113 -469238812
235463937 -74330453
568295025 -180360644
647382861 -327469278
228985473 -72266605
327156489 -165732204
841200321 -267300241
597965211 -302509853
545620401 -173137176
348900255 -176714351
149252949 -75878274
249230673 -78716130
572268033 -289530952
538332129 -170815347
811237425 -257754944
82410225 -25572044
760055103 -384376767
149624289 -46984467
985399587 -498191745
727827201 -231182901
80790609 -25056082
870353409 -276587557
410178141 -207664038
731066433 -232214825
949818879 -480220959
374597433 -189693252
874402449 -277877462
553718481 -175716986
8717697 -2095773
106704465 -33311474
623361969 -197903352
837961089 -266268317
646036593 -205126820
787728987 -398354045
165066597 -83865290
395805921 -125410691
98606385 -30731664
562384503 -284539067
34604001 -17972408
645406155 -326470901
63784641 -19638481
423339393 -134182045
563436177 -178812758
109133889 -34085417
630650241 -200225181
614454081 -195065561
333086607 -168727335
717299697 -227829148
3049041 -289906
94557345 -29441759
965632527 -488207975
119602359 -60902619
540640737 -273556920
383658801 -121540976
242158131 -122801993
591779457 -187842093
339016725 -171722466
696800511 -352428703
849298401 -269880051
359364561 -113801546
313319547 -158743565
355315521 -112511641
726451101 -367404358
174728337 -54981878
279193569 -88261427
408762849 -129538387
191734305 -60399479
635522625 -321479016
902745729 -286906797
782894145 -248725609
918132081 -291808436
579632337 -183972378
390947073 -123862805
762648945 -242276084
905984961 -287938721
20864817 -5965488
129379089 -40534942
609825447 -308500115
818525697 -260076773
412002081 -130570311
669126627 -338451425
71882721 -22218291
896447817 -453264780
195783345 -61689384
862843815 -436292371
780464721 -247951666
884587581 -447274518
969959793 -308319220
518086929 -164365822
612834465 -194549599
285672033 -90325275
561816561 -178296796
376574139 -190691629
299482605 -151754926
621685683 -314490377
263901897 -133784140
679010157 -343443310
501080961 -158948221
752148279 -380383259
377180337 -119477128
995283117 -503183630
676809297 -214930098
437852025 -221641316
801565929 -405342684
159136479 -80870159
335880129 -106320097
738311337 -373394620
420100161 -133150121
400664769 -126958577
382848993 -121282995
93747537 -29183778
578198151 -292526083
399045153 -126442615
790992225 -251305419
11147121 -2869716
860635713 -273491785
350876961 -177712728
273524913 -86455560
233034513 -73556510
457351329 -145017247
586920609 -186294207
878657463 -444279387
32627295 -16974031
443584593 -140631570
85998357 -43930210
850108209 -270138032
882500529 -280457272
667149921 -337453048
935947857 -297484018
333450705 -105546154
959432289 -304965467
821764929 -261108697
121579065 -61900996
795041265 -252595324
522135969 -165655727
690870393 -349433572
654944481 -207964611
543190977 -172363233
380527551 -192688383
87269073 -27119930
985346145 -313220859
41110017 -12415013
409572657 -129796368
768317601 -244081951
771556833 -245113875
781798869 -395358914
680858337 -216220003
192544113 -60657460
274334721 -86713541
450063057 -142695418
90508305 -28151854
932708625 -296452094
387707841 -122830881
143145825 -44920619
366690609 -185699744
388434375 -196681891
