1088
-606569238 -268234691
-165620763 -72822416
-488982978 -216124751
-240092061 -105825378
-592268033 -989727543
-144063282 -63268927
-176773697 -296065287
-187109377 -313320567
-123028161 -206337831
-731994582 -323818627
-81685441 -137316711
-422350764 -186595785
-217082849 -363360879
-389034657 -171831302
-330775329 -553168959
-278063361 -465167031
-167471585 -280535535
-22772065 -38961615
-726115269 -321213130
-188142945 -315046095
-224413893 -98877386
-233619937 -390969327
-692799162 -306448647
-367477176 -162277813
-200896641 -88455398
-630086490 -278656679
-45510561 -76923231
-555615192 -245653717
-221217121 -370262991
-42155190 -18106979
-78584737 -132140127
-322402443 -142302336
-949529163 -420222016
-206747169 -346105599
-334161069 -147513330
-414511680 -183121789
-50678401 -85550871
-331808897 -554894487
-18637938 -7684991
-106827633 -46767446
-104867862 -45898947
-52745537 -89001927
-452736353 -756781263
-53779105 -90727455
-953448705 -421959014
-254291297 -425479887
-230293206 -101482883
-663402597 -293421162
-49994274 -21580975
-245971374 -108430875
-759431376 -335977613
-124061729 -208063359
-982845270 -434986499
-737873895 -326424124
-82719009 -139042239
-548858177 -917255367
-532097940 -235231729
-116826753 -195984663
-910333743 -402852036
-310103969 -518658399
-906414201 -401115038
-393822977 -658426167
-423796449 -708466479
-421729313 -705015423
-73416897 -123512487
-224317825 -375439575
-806465880 -356821589
-595368737 -994904127
-518379543 -229152236
-576764513 -963844623
-579865217 -969021207
-211915009 -354733239
-41376289 -70021119
-471345039 -208308260
-600689925 -265629194
-47577697 -80374287
-417595041 -698113311
-390722273 -653249583
-218534580 -96271889
-61014081 -102806151
-562294561 -939687231
-495112641 -827527911
-871138323 -385482056
-418628609 -699838839
-479184123 -211782256
-459586413 -203097266
-113726049 -190808079
-775109544 -342925605
-126425343 -55452436
-118893889 -199435719
-282197633 -472069143
-297701153 -497952063
-686919849 -303843150
-299768289 -501403119
-389688705 -651524055
-565395265 -944863815
-347312417 -580777407
-507515457 -848234247
-975006186 -431512503
-85819713 -144218823
-174706561 -292614231
-492902520 -217861749
-561260993 -937961703
-193057557 -84981402
-146800225 -246024975
-163337313 -273633423
-80651873 -135591183
-296925420 -131011849
-447568513 -748153623
-684960078 -302974651
-314563359 -138828340
-223284257 -373714047
-539556065 -901725615
-511649729 -855136359
-257392001 -430656471
-583051986 -257812703
-106491073 -178729383
-724155498 -320344631
-208735725 -91929394
-589167329 -984550959
-978925728 -433249501
-249890916 -110167873
-396873741 -175305298
-700638246 -309922643
-441367105 -737800455
-324362214 -143170835
-48611265 -82099815
-453707100 -200491769
-516817569 -863763999
-513716865 -858587415
-681040536 -301237653
-455837057 -761957847
-316305377 -529011567
-213982145 -358184295
-388655137 -649798527
-841741758 -372454571
-54812673 -92452983
-354547393 -592856103
-147982824 -65005925
-343959924 -151855825
-30396564 -12895985
-591234465 -988002015
-449787558 -198754771
-251850687 -111036372
-559193857 -934510647
-739833666 -327292623
-122505801 -53715438
-249123457 -416852247
-332842465 -556620015
-418431222 -184858787
-28436793 -12027486
-475474849 -794742879
-363849505 -608385855
-246022753 -411675663
-439299969 -734349399
-323540353 -541090263
-160236609 -268456839
-386588001 -646347471
-1067137 -2725527
-539937024 -238705725
-197445057 -330575847
-443908245 -196149274
-300844962 -132748847
-313204673 -523834983
-671241681 -296895158
-51711969 -87276399
-853500384 -377665565
-65672442 -28528967
-438028932 -193543777
-156102337 -261554727
-788827941 -349005098
-720235956 -318607633
-481676257 -805096047
-115793185 -194259135
-126128865 -211514415
-38235648 -16369981
-302804733 -133617346
-365517405 -161409314
-474441281 -793017351
-85270152 -37213957
-892695804 -395035545
-222250689 -371988519
-757471605 -335109114
-377285889 -630817719
-87886849 -147669879
-279096929 -466892559
-733954353 -324687126
-195377921 -327124791
-718276185 -317739134
-242051832 -106693877
-556093153 -929334063
-637925574 -282130675
-66181921 -111433791
-412427201 -689485671
-420695745 -703289895
-875057865 -387219054
-957368247 -423696012
-861339468 -381139561
-344211713 -575600823
-580898785 -970746735
-572630241 -956942511
-136464545 -228769695
-377276031 -166620308
-298734721 -499677591
-896615346 -396772543
-32356335 -13764484
-406672596 -179647793
-688879620 -304711649
-359638092 -158803817
-702598017 -310791142
-920132598 -407194531
-119927457 -201161247
-479609121 -801644991
-285166794 -125800855
-586971528 -259549701
-366950209 -613562439
-929931453 -411537026
-506481889 -846508719
-324573921 -542815791
-151968065 -254652615
-162303745 -271907895
-49644833 -83825343
-277029793 -463441503
-810385422 -358558587
-11402817 -19980807
-818224506 -362032583
-384520865 -642896415
-471340577 -787840767
-794707254 -351610595
-431031425 -720545175
-761391147 -336846112
-588931299 -260418200
-285298337 -477245727
-557574963 -246522216
-804506109 -355953090
-130344885 -57189434
-26477022 -11158987
-251190593 -420303303
-616368093 -272577186
-675161223 -298632156
-4167841 -7902111
-339043873 -566973183
-504414753 -843057663
-132330273 -221867583
-796667025 -352479094
-416561473 -696387783
-183258702 -80638907
-570563105 -953491455
-240854913 -403048023
-900534888 -398509541
-461004897 -770585487
-352480257 -589405047
-573253131 -253470208
-986764812 -436723497
-326321985 -144039334
-514460001 -227415238
-414494337 -692936727
-914253285 -404589034
-116626488 -51109941
-747672750 -330766619
-582965921 -974197791
-967167102 -428038507
-26906337 -45863727
-19671361 -33785031
-569333589 -251733210
-410592138 -181384791
-496822062 -219598747
-180907969 -302967399
-236720641 -396145911
-347879466 -153592823
-475264581 -210045258
-550925313 -920706423
-103390369 -173552799
-235687073 -394420383
-93054689 -156297519
-677120994 -299500655
-182975105 -306418455
-291499745 -487598895
-79618305 -133865655
-181298931 -79770408
-108787404 -47635945
-667322139 -295158160
-478575553 -799919463
-198936870 -87586899
-36275877 -15501482
-193310785 -323673735
-210881441 -353007711
-81350610 -35476959
-873098094 -386350555
-140143740 -61531929
-61752900 -26791969
-151902366 -66742923
-56879809 -95904039
-131296705 -220142055
-408632367 -180516292
-645764658 -285604671
-500741604 -221335745
-348345985 -582502935
-164370881 -275358951
-336976737 -563522127
-238132290 -104956879
-280130497 -468618087
-849580842 -375928567
-515784001 -862038471
-132304656 -58057933
-383155344 -169225805
-618327864 -273445685
-404712825 -178779294
-327674625 -547992375
-790787712 -349873597
-104423937 -175278327
-533354657 -891372447
-191097786 -84112903
-459971329 -768859959
-291046107 -128406352
-547776108 -242179721
-596402305 -996629655
-590200897 -986276487
-546791041 -913804311
-437232833 -730898343
-586066625 -979374375
-77551169 -130414599
-390994428 -172699801
-271448397 -119721362
-433564861 711851853
-784908399 -347268100
-508549025 -849959775
-65148353 -109708263
-295634017 -494501007
-943649850 -417616519
-298885191 -131880348
-755511834 -334240615
-328281756 -144907833
-102356801 -171827271
-412551909 -182253290
-247056321 -413401191
-16570657 -28608447
-161270177 -270182367
-441948474 -195280775
-926011911 -409800028
-293005878 -129274851
-62047649 -104531679
-924052140 -408931529
-68249057 -114884847
-356614529 -596307159
-333876033 -558345543
-179874401 -301241871
-127162433 -213239943
-107524641 -180454911
-466172737 -779213127
-75484033 -126963543
-524052545 -875842695
-345919695 -152724324
-16678167 -6816492
-679080765 -300369154
-626166948 -276919681
-185218473 -81507406
-95121825 -159748575
-159741450 -70216919
-522299085 -230889234
-271861953 -454813863
-255324865 -427205415
-289432609 -484147839
-994603896 -440197493
-112706946 -49372943
-275367939 -121458360
-209847873 -351282183
-714356643 -316002136
-496146209 -829253439
-831942903 -368112076
-563454276 -249127713
-6234977 -11353167
-447827787 -197886272
-941690079 -416748020
-71349761 -120061431
-683000307 -302106152
-334909601 -560071071
-79390839 -34608460
-244011603 -107562376
-837822216 -370717573
-497179777 -830978967
-338010305 -565247655
-568495969 -950040399
-375316260 -165751809
-353758779 -156198320
-484776961 -810272631
-63081217 -106257207
-473407713 -791291823
-535421793 -894823503
-2959770 -736999
-350413121 -585953991
-565414047 -249996212
-255770229 -112773370
-937770537 -415011022
-118586259 -51978440
-63712671 -27660468
-290466177 -485873367
-247931145 -109299374
-219149985 -366811935
-351446689 -587679519
-465465726 -205702763
-190210081 -318497151
-971086644 -429775505
-69282625 -116610375
-557126721 -931059591
-121994593 -204612303
-594335169 -993178599
-824103819 -364638080
-430189848 -190069781
-381195573 -168357306
-2100705 -4451055
-308036833 -515207343
-373356489 -164883310
-195017328 -85849901
-990684354 -438460495
-669281910 -296026659
-708477330 -313396639
-261526273 -437558583
-485063436 -214387753
-564361697 -943138287
-622247406 -275182683
-204816183 -90192396
-64114785 -107982735
-574697377 -960393567
-845661300 -374191569
-208814305 -349556655
-863299239 -382008060
-110625345 -185631495
-547824609 -915529839
-951488934 -421090515
-220183553 -368537463
-503381185 -841332135
-851540613 -376797066
-826063590 -365506579
-523018977 -874117167
-363557634 -160540815
-454803489 -760232319
-400024385 -668779335
-434109390 -191806779
-4919541 -1605498
-526119681 -879293751
-225351393 -377165103
-400793283 -177042296
-346278849 -579051879
-558160289 -932785119
-528186817 -882744807
-32074177 -54491367
-712396872 -315133637
-882896949 -390693050
-369017345 -617013495
-12758625 -5079494
-357648097 -598032687
-593301601 -991453071
-287365473 -480696783
-988724583 -437591996
-228333435 -100614384
-184008673 -308143983
-376252321 -629092191
-566428833 -946589343
-537977253 -237837226
-955408476 -422827513
-780988857 -345531102
-510616161 -853410831
-500280481 -836155551
-46544129 -78648759
-317338945 -530737095
-287126565 -126669354
-335943169 -561796599
-100289665 -168376215
-14503521 -25157391
-199512193 -334026903
-573663809 -958668039
-109591777 -183905967
-743753208 -329029621
-381420161 -637719831
-472374145 -789566295
-304936129 -510030759
-494862291 -218730248
-653603742 -289078667
-420390993 -185727286
-161701221 -71085418
-143699521 -240848391
-172639425 -289163175
-543856566 -240442723
-657523284 -290815665
-321473217 -537639207
-502347617 -839606607
-134397409 -225318639
-342144577 -572149767
-100948320 -44161949
-37242017 -63119007
-555059585 -927608535
-216574809 -95403390
-110747175 -48504444
-166438017 -278810007
-125095297 -209788887
-890736033 -394167046
-859379697 -380271062
-833902674 -368980575
-814304964 -360295585
-483103665 -213519254
-370050913 -618739023
-316523130 -139696839
-232586369 -389243799
-912293514 -403720535
-73511526 -32002963
-596770383 -263892196
-525086113 -877568223
-812345193 -359427086
-877017636 -388087553
-67215489 -113159319
-516419772 -228283737
-273929089 -458264919
-843701529 -373323070
-524258856 -231757733
-898575117 -397641042
-655563513 -289947166
-59980513 -101080623
-226373664 -99745885
-545816337 -241311222
-947569392 -419353517
-549891745 -918980895
-571293360 -252601709
-140598817 -235671807
-205713601 -344380071
-341111009 -570424239
-410360065 -686034615
-694758933 -307317146
-728075040 -322081629
-411393633 -687760143
-741793437 -328161122
-945609621 -418485018
-158169473 -265005783
-169540305 -74559414
-8302113 -14804223
-336120840 -148381829
-360748801 -603209271
-643804887 -284736172
-976965957 -432381002
-543690337 -908627727
-867218781 -383745058
-262559841 -439284111
-175740129 -294339759
-512500230 -226546739
-620287635 -274314184
-99256097 -166650687
-10798854 -4210995
-918172827 -406326032
-425863585 -711917535
-228452097 -382341687
-267528855 -117984364
-577172673 -255207206
-519918273 -868940583
-462038465 -772311015
-786868170 -348136599
-320442672 -141433837
-139565249 -233946279
-959328018 -424564511
-214615038 -94534891
-114759617 -192533607
-490942749 -216993250
-138531681 -232220751
-120961025 -202886775
-365916641 -611836911
-433098561 -723996231
-48034503 -20712476
-186075809 -311595039
-839781987 -371586072
-385115115 -170094304
-355580961 -594581631
-448602081 -749879151
-426270306 -188332783
-242922049 -406499079
-343178145 -573875295
-357678321 -157935318
-385554433 -644621943
-102908091 -45030448
-367983777 -615287967
-782948628 -346399601
-493045505 -824076855
-537488929 -898274559
-155821908 -68479921
-42409857 -71746647
-451747329 -199623270
-57913377 -97629567
-342000153 -150987326
-536017482 -236968727
-91149465 -39819454
-3134273 -6176583
-18637793 -32059503
-816264735 -361164084
-142103511 -62400428
-486844097 -813723687
-884856720 -391561549
-520951841 -870666111
-521985409 -872391639
-145766657 -244299447
-20597709 -8553490
-651643971 -288210168
-498781833 -220467246
-583999489 -975923319
-659483055 -291684164
-540589633 -903451143
-226384961 -378890631
-252224161 -422028831
-481143894 -212650755
-261649542 -115378867
-551958881 -922431951
-149900929 -251201559
-40195419 -17238480
-769230231 -340320108
-443434241 -741251511
-696718704 -308185645
-207780737 -347831127
-146023053 -64137426
-704557788 -311659641
-931891224 -412405525
-84786145 -142493295
-175419618 -77164911
-635965803 -281262176
-147833793 -247750503
-86853281 -145944351
-216049281 -361635351
-83752577 -140767767
-237754209 -397871439
-204680033 -342654543
-77431068 -33739961
-753552063 -333372116
-275996225 -461715975
-649684200 -287341669
-46074732 -19843977
-594810612 -263023697
-88920417 -149395407
-312603588 -137959841
-231552801 -387518271
-75471297 -32871462
-349379553 -584228463
-338080611 -149250328
-33569 -999999
-210695496 -92797893
-544723905 -910353255
-375218753 -627366663
-21738497 -37236087
-51954045 -22449474
-58946945 -99355095
-820184277 -362901082
-773149773 -342057106
-191243649 -320222679
-445868016 -197017773
-531287521 -887921391
-296667585 -496226535
-38275585 -64844535
-55873587 -24186472
-229485665 -384067215
-74450465 -125238015
-413460769 -691211199
-526218627 -232626232
-330241527 -145776332
-476508417 -796468407
-371396718 -164014811
-263593409 -441009639
-869178552 -384613557
-244989185 -409950135
-332201298 -146644831
-612448551 -270840188
-318372513 -532462623
-632046261 -279525178
-14718396 -5947993
-273408168 -120589861
-467206305 -780938655
-256358433 -428930943
-43443425 -73472175
-289086336 -127537853
-828023361 -366375078
-391755841 -654975111
-477224352 -210913757
-212948577 -356458767
-527153249 -881019279
-345245281 -577326351
-155068769 -259829199
-379353025 -634268775
-847621071 -375060068
-394913970 -174436799
-294600449 -492775479
-108558209 -182180439
-528178398 -233494731
-24517251 -10290488
-402091521 -672230391
-407259361 -680858031
-894655575 -395904044
-965207331 -427170008
-499246913 -834430023
-364883073 -610111383
-283231201 -473794671
-502701375 -222204244
-234212748 -103219881
-392954199 -173568300
-203646465 -340929015
-536455361 -896549031
-530253953 -886195863
-371084481 -620464551
-577798081 -965570151
-406225793 -679132503
-315271809 -527286039
-512683297 -856861887
-69591984 -30265965
-387074886 -170962803
-196977099 -86718400
-142665953 -239122863
-888776262 -393298547
-468239873 -782664183
-101323233 -170101743
-34141313 -57942423
-865259010 -382876559
-980885499 -434118000
-624207177 -276051182
-171605857 -287437647
-198478625 -332301375
-10369249 -18255279
-416471451 -183990288
-137498113 -230495223
-227418529 -380616159
-5201409 -9627639
-445501377 -744702567
-320439649 -535913679
-485810529 -811998159
-933850995 -413274024
-449635649 -751604679
-395890113 -661877223
-111658913 -187357023
-808425651 -357690088
-97028778 -42424951
-309070401 -516932871
-35174881 -59667951
-549735879 -243048220
-124465572 -54583937
-735914124 -325555625
-706517559 -312528140
-302868993 -506579703
-581932353 -972472263
-25872769 -44138199
-520339314 -230020735
-456870625 -763683375
-440333537 -736074927
-542656769 -906902199
-829983132 -367243577
-999999 131500
-267727681 -447911751
-31040609 -52765839
-117860321 -197710191
-353513825 -591130575
-312171105 -522109455
-634006032 -280393677
-96155393 -161474103
-129229569 -216690999
-67632213 -29397466
-258425569 -432381999
-269488626 -118852863
-268761249 -449637279
-424830017 -710192007
-996563667 -441065992
-328708193 -549717903
-730034811 -322950128
-777069315 -343794104
-464105601 -775762071
-880937178 -389824551
-935810766 -414142523
-749632521 -331635118
-473304810 -209176759
-457904193 -765408903
-908373972 -401983537
-489944801 -818900271
-902494659 -399378040
-567373818 -250864711
-130263137 -218416527
-306724275 -135354344
-98222529 -164925159
-553655421 -244785218
-567462401 -948314871
-173672993 -290888703
-470307009 -786115239
-602649696 -266497693
-39309153 -66570063
-30007041 -51040311
-279287481 -123195358
-373151617 -623915607
-17604225 -30333975
-170572289 -285712119
-265660545 -444460695
-802546338 -355084591
-15537089 -26882919
-639885345 -282999174
-168505153 -282261063
-34316106 -14632983
-90987553 -152846463
-372118049 -622190079
-463505955 -204834264
-308684046 -136222843
-169538721 -283986591
-243955617 -408224607
-427930721 -715368591
-665362368 -294289661
-238787777 -399596967
-133363841 -223593111
-59793129 -25923470
-71551755 -31134464
-927971682 -410668527
-532321089 -889646919
-487877665 -815449215
-248089889 -415126719
-628126719 -277788180
-587100193 -981099903
-153862137 -67611422
-93109236 -40687953
-259459137 -434107527
-444467809 -742977039
-329741761 -551443431
-404158657 -675681447
-506620917 -223941242
-374185185 -625641135
-369436947 -163146312
-392789409 -656700639
-765310689 -338583110
-592850841 -262155198
-453769921 -758506791
-514750433 -860312943
-250157025 -418577775
-286331905 -478971255
-253810458 -111904871
-767270460 -339451609
-552992449 -924157479
-114666717 -50241442
-458937761 -767134431
-561494505 -248259214
-92021121 -154571991
-87229923 -38082456
-661442826 -292552663
-6879312 -2473997
-465139169 -777487599
-270828385 -453088335
-432064993 -722270703
-436069161 -192675278
-20704929 -35510559
-469385268 -207439761
-112692481 -189082551
-581092215 -256944204
-590891070 -261286699
-311137537 -520383927
-641845116 -283867673
-598730154 -264760695
-771190002 -341188607
-239821345 -401322495
-314238241 -525560511
-538522497 -900000087
-264626977 -442735167
-97188961 -163199631
-439988703 -194412276
-488911233 -817174743
-428230077 -189201282
-435165697 -727447287
-380386593 -635994303
-171500076 -75427913
-534388225 -893097975
-257730000 -113641869
-415527905 -694662255
-322506785 -539364735
-361597863 -159672316
-798626796 -353347593
-36208449 -61393479
-482709825 -806821575
-200545761 -335752431
-451702785 -755055735
-973046415 -430644004
-551695650 -243916719
-55846241 -94178511
-494079073 -825802383
-457626642 -202228767
-560227425 -936236175
-483743393 -808547103
-492011937 -822351327
-722195727 -319476132
-281247252 -124063857
-128196001 -214965471
-554026017 -925883007
-585033057 -977648847
-992644125 -439328994
-23805633 -40687143
-505448321 -844783191
-318482901 -140565338
-508580688 -224809741
-28973473 -49314783
-886816491 -392430048
-387621569 -648072999
-403125089 -673955919
-379235802 -167488807
-234653505 -392694855
-518884705 -867215055
-745712979 -329898120
-236172519 -104088380
-461546184 -203965765
-614408322 -271708687
-294965649 -130143350
-265569084 -117115865
-340077441 -568698711
-358681665 -599758215
-141632385 -237397335
-429997857 -718819647
-509582593 -851685303
-135430977 -227044167
-698678475 -309054144
-878977407 -388956052
-181941537 -304692927
-83310381 -36345458
-501314049 -837881079
-792747483 -350742096
-498213345 -832704495
-436199265 -729172815
-438266401 -732623871
-148867361 -249476031
-394856545 -660151695
-575730945 -962119095
-428964289 -717094119
-319406081 -534188151
-569529537 -951765927
-463072033 -774036543
-300801857 -503128647
-202612897 -339203487
-310643817 -137091342
-24839201 -42412671
-136224198 -59794931
-266694113 -446186223
-189176513 -316771623
-963247560 -426301509
-904454430 -400246539
-157781679 -69348420
-95069007 -41556452
-673201452 -297763657
-469273441 -784389711
-578831649 -967295679
-383487297 -641170887
-378319457 -632543247
-149942595 -65874424
-201579329 -337477959
-57833358 -25054971
-76517601 -128689071
-304764504 -134485845
-477541985 -798193935
-490978369 -820625799
-396923681 -663602751
-307003265 -513481815
-222454122 -98008887
-154035201 -258103671
-153001633 -256378143
-206775954 -91060895
-855460155 -378534064
-442400673 -739525983
-487023207 -215256252
-218116417 -365086407
-150934497 -252927087
-212655267 -93666392
-241888481 -404773551
-144733089 -242573919
-405192225 -677406975
-408292929 -682583559
-916213056 -405457533
-922092369 -408063030
-563328129 -941412759
-751592292 -332503617
-253257729 -423754359
-446534945 -746428095
-610488780 -269971689
-579132444 -256075705
-178840833 -299516343
-8839083 -3342496
-177807265 -297790815
-89953985 -151120935
-13469953 -23431863
-559534734 -247390715
-351799008 -155329821
-128385114 -56320935
-588133761 -982825431
-545757473 -912078783
-800586567 -354216092
-359715233 -601483743
-173459847 -76296412
-969126873 -428907006
-857419926 -379402563
-281164065 -470343615
-303902561 -508305231
-822144048 -363769581
-362815937 -606660327
-9335681 -16529751
-480642689 -803370519
-961287789 -425433010
-450669217 -753330207
-325607489 -544541319
-177379389 -78033410
-33107745 -56216895
-716316414 -316870635
-263609313 -116247366
-419662177 -701564367
-167580534 -73690915
-230519233 -385792743
-259689771 -114510368
-585011757 -258681202
-541623201 -905176671
-510540459 -225678240
-529220385 -884470335
-274962657 -459990447
-984805041 -435854998
-504661146 -223072743
-220494351 -97140388
-157135905 -263280255
-402753054 -177910795
-361782369 -604934799
-189138015 -83244404
-292533313 -489324423
-194344353 -325399263
-939730308 -415879521
-422762881 -706740951
-215015713 -359909823
-179339160 -78901909
-27939905 -47589255
-163660992 -71953917
-763350918 -337714611
-397957249 -665328279
-284264769 -475520199
-40342721 -68295591
-517851137 -865489527
-835862445 -369849074
-349839237 -154461322
-398833512 -176173797
-89189694 -38950955
-202856412 -89323897
-608529009 -269103190
-541896795 -239574224
-138183969 -60663430
-575212902 -254338707
-260492705 -435833055
-269794817 -451362807
-272895521 -456539391
-340040382 -150118827
-467425497 -206571262
-305969697 -511756287
-571596673 -955216983
-604609467 -267366192
-232252977 -102351382
-22557480 -9421989
-134264427 -58926432
-70316193 -118335903
-192277217 -321948207
-534057711 -236100228
-355718550 -157066819
-288399041 -482422311
-434132129 -725721759
-185042241 -309869511
-283207023 -124932356
-426897153 -713643063
-94088257 -158023047
-12436385 -21706335
-196411489 -328850319
-455666871 -201360268
-44114961 -18975478
-187178244 -82375905
-409326497 -684309087
-53913816 -23317973
-7268545 -13078695
-424310535 -187464284
-710437101 -314265138
-105457505 -177003855
-98988549 -43293450
-301835425 -504854175
-690839391 -305580148
-326641057 -546266847
-277327710 -122326859
-159203041 -266731311
-398990817 -667053807
-530138169 -234363230
-779029086 -344662603
-432149619 -190938280
-293566881 -491049951
-165404449 -277084479
-401057953 -670504863
-120546030 -52846939
-72383329 -121786959
-44476993 -75197703
-382453729 -639445359
-647724429 -286473170
