1307
-331508070 -347713079
-667501654 -699379203
-346999653 -165784743
-334999665 -160033545
-407224934 -426961783
-861526118 -902454007
-672999327 -322025622
-692346250 -725382684
-910032234 -953222708
-886370714 -928457488
-860999139 -412127724
-12999987 -5709732
-884999115 -423630120
-190999809 -91019169
-886999113 -424588653
-412999587 -197416332
-223848154 -235031328
-679332414 -711761813
-81879034 -86440008
-792999207 -379537602
-531447914 -556979188
-499504862 -523546141
-644999355 -308606160
-572855574 -600318323
-80695958 -85201747
-104999895 -49802250
-528999471 -253011246
-694999305 -332569485
-616629386 -646133980
-778999221 -372827871
-14443702 -15859131
-86611338 -91393052
-946707590 -991608799
-836999163 -400625328
-614263234 -643657458
-314945006 -330377425
-370999629 -177287139
-760999239 -364201074
-24999975 -11460930
-797640014 -835587913
-458097202 -480207006
-434435682 -455441786
-522999477 -250135647
-850878434 -891309658
-437984910 -459156569
-382999617 -183038337
-236861990 -248652199
-480999519 -230006454
-29823690 -31956524
-663952426 -695664420
-476999523 -228089388
-674600110 -706808769
-946999053 -453344643
-434999565 -207960195
-562207890 -589173974
-826999173 -395832663
-813020002 -851685306
-368999631 -176328606
-918313766 -961890535
-2612942 -3476521
-821301534 -860353133
-17992930 -19573914
-482941798 -506210487
-226999773 -108272763
-260523510 -273417419
-249875826 -262273070
-254999745 -121692225
-495955634 -519831358
-342999657 -163867677
-980999019 -469639704
-73597502 -77772181
-970999029 -464847039
-82999917 -39258387
-348999651 -166743276
-911215310 -954460969
-639107830 -669660939
-906483006 -949507925
-251058902 -263511331
-994999005 -476349435
-397760326 -417055695
-952622970 -997800104
-682881642 -715476596
-169426658 -178071322
-554999445 -265472175
-164999835 -78558240
-418999581 -200291931
-158778974 -166926973
-410774162 -430676566
-194271254 -204074803
-125652846 -132255665
-488857178 -512401792
-31006766 -33194785
-830766142 -870259221
-714824694 -748909643
-105540554 -111205228
-902933778 -945793142
-910999089 -436091049
-187172798 -196645237
-938999061 -449510511
-558999441 -267389241
-162999837 -77599707
-690999309 -330652419
-520999479 -249177114
-831949218 -871497482
-408408010 -428200044
-784999215 -375703470
-247509674 -259796548
-664999335 -318191490
-818935382 -857876611
-846146130 -886356614
-420238770 -440582654
-301931170 -316756554
-922999077 -441842247
-53485210 -56721744
-940999059 -450469044
-958999041 -459095841
-435618758 -456680047
-895835322 -938363576
-568123270 -595365279
-34555994 -36909568
-880999119 -421713054
-400999599 -191665134
-424971074 -445535698
-788999211 -377620536
-337423450 -353904384
-823667686 -862829655
-129202074 -135970448
-88999911 -42133986
-62949818 -66627832
-824999175 -394874130
-183623570 -192930454
-48999951 -22963326
-268999731 -128401956
-920999079 -440883714
-146999853 -69931443
-55851362 -59198266
-848512282 -888833136
-462999537 -221379657
-510152546 -534690490
-323226538 -339045252
-126835922 -133493926
-15626778 -17097392
-66999933 -31590123
-172975886 -181786105
-934999065 -447593445
-404999595 -193582200
-338999661 -161950611
-576404802 -604033106
-647389362 -678328766
-65315970 -69104354
-650999349 -311481759
-292466562 -306850466
-484999515 -231923520
-61766742 -65389571
-322043462 -337806991
-229763534 -241222633
-286551182 -300659161
-366999633 -175370073
-570489422 -597841801
-202552786 -212742630
-966999033 -462929973
-311395778 -326662642
-10999989 -4751199
-674999325 -322984155
-381197262 -399720041
-604798626 -633751370
-896999103 -429381318
-233312762 -244937416
-730999269 -349823079
-737303138 -772436602
-588999411 -281767236
-294832714 -309326988
-300748094 -315518293
-248692750 -261034809
-581137106 -608986150
-286999713 -137028753
-829583066 -869020960
-645023210 -675852244
-894999105 -428422785
-800006166 -838064435
-342155754 -358857428
-445083366 -466586135
-420999579 -201250464
-586999413 -280808703
-643840134 -674613983
-304999695 -145655550
-708999291 -339279216
-560999439 -268347774
-749133898 -784819212
-856999143 -410210658
-312578854 -327900903
-184999815 -88143570
-548999451 -262596576
-260999739 -124567824
-395394174 -414579173
-452999547 -216586992
-907666082 -950746186
-259340434 -272179158
-329141918 -345236557
-306663474 -321709598
-188355874 -197883498
-638999361 -305730561
-168999831 -80475306
-472999527 -226172322
-784626178 -821967042
-810999189 -388164399
-814999185 -390081465
-808999191 -387205866
-254608130 -267226114
-526999473 -252052713
-60583666 -64151310
-101991326 -107490445
-88977490 -93869574
-154999845 -73765575
-239228142 -251128721
-350437286 -367525255
-716999283 -343113348
-318999681 -152365281
-47569830 -50530439
-267621966 -280846985
-401309554 -420770478
-872999127 -417878922
-486999513 -232882053
-743218518 -778627907
-428520302 -449250481
-180074342 -189215671
-166999833 -79516773
-730204682 -765007036
-382380338 -400958302
-556292510 -582982669
-284185030 -298182639
-386999613 -184955403
-684999315 -327776820
-484124874 -507448748
-207285090 -217695674
-637924754 -668422678
-770429266 -807107910
-666318578 -698140942
-848999151 -406376526
-898999101 -430339851
-608999391 -291352566
-897018398 -939601837
-558658662 -585459191
-202999797 -96770367
-16809854 -18335653
-595334018 -623845282
-697078554 -730335728
-422604922 -443059176
-816999183 -391039998
-776999223 -371869338
-450999549 -215628459
-853244586 -893786180
-300999699 -143738484
-403675706 -423247000
-698261630 -731573989
-280635802 -294467856
-695895478 -729097467
-58999941 -27755991
-316128082 -331615686
-390999609 -186872469
-525532534 -550787883
-954999045 -457178775
-516999483 -247260048
-46386754 -49292178
-84999915 -40216920
-870999129 -416920389
-742035442 -777389646
-772999227 -369952272
-817752306 -856638350
-440351062 -461633091
-879272258 -921027922
-764513886 -800916605
-640290906 -670899200
-391844946 -410864390
-13260626 -14620870
-524999475 -251094180
-35739070 -38147829
-924999075 -442800780
-700627782 -734050511
-428999571 -205084596
-530264838 -555740927
-950256818 -995323582
-912999087 -437049582
-201369710 -211504369
-662769350 -694426159
-100999899 -47885184
-763330810 -799678344
-914999085 -438008115
-916999083 -438966648
-601249398 -630036587
-269988118 -283323507
-725472378 -760053992
-296999703 -141821418
-866258422 -907407051
-748999251 -358449876
-49935982 -53006961
-475843342 -498780921
-932510678 -976749667
-74780578 -79010442
-757415430 -793487039
-584686334 -612700933
-45203678 -48053917
-466999533 -223296723
-52302134 -55483483
-497138710 -521069619
-588235562 -616415716
-296015790 -310565249
-208468166 -218933935
-552999447 -264513642
-875723030 -917313139
-473477190 -496304399
-474999525 -227130855
-142999857 -68014377
-380014186 -398481780
-1429866 -2238260
-688797022 -721667901
-806999193 -386247333
-116188238 -122349577
-332999667 -159075012
-974999025 -466764105
-805921546 -844255740
-174158962 -183024366
-919496842 -963128796
-439167986 -460394830
-256999743 -122650758
-937242982 -981702711
-302999697 -144697017
-678999321 -324901221
-936999063 -448551978
-170609734 -179309583
-96075946 -101299140
-92526718 -97584357
-427337226 -448012220
-786992330 -824443564
-452181822 -474015701
-514999485 -246301515
-502999497 -240550317
-620999379 -297103764
-461646430 -483921789
-360999639 -172494474
-729021606 -763768775
-984999015 -471556770
-627277070 -657278329
-172999827 -82392372
-304297322 -319233076
-900999099 -431298384
-745584670 -781104429
-594999405 -284642835
-354999645 -169618875
-4999995 -1875600
-546999453 -261638043
-411957238 -431914827
-330999669 -158116479
-518999481 -248218581
-138999861 -66097311
-632999367 -302854962
-182440494 -191692193
-491223330 -514878314
-123286694 -129779143
-888736866 -930934010
-90160566 -95107835
-530999469 -253969779
-708909314 -742718338
-243960446 -256081765
-822999177 -393915597
-250999749 -119775159
-605981702 -634989631
-365817274 -383622648
-932999067 -446634912
-843779978 -883880092
-371732654 -389813953
-349254210 -366286994
-468744886 -491351355
-618995538 -648610502
-828399990 -867782699
-921862994 -965605318
-704999295 -337362150
-790999209 -378579069
-654487818 -685758332
-608347854 -637466153
-834315370 -873974004
-2999997 -917067
-60999939 -28714524
-288999711 -137987286
-783443102 -820728781
-362268046 -379907865
-298999701 -142779951
-104357478 -109966967
-795273862 -833111391
-10894474 -12144348
-42837526 -45577395
-310212702 -325424381
-414999585 -198374865
-648572438 -679567027
-675783186 -708047030
-402999597 -192623667
-20999979 -9543864
-85428262 -90154791
-217932774 -228840023
-948999051 -454303176
-324409614 -340283513
-482999517 -230964987
-641473982 -672137461
-348071134 -365048733
-265255814 -278370463
-124999875 -59387580
-680999319 -325859754
-372915730 -391052214
-99625174 -105013923
-549194054 -575553103
-542999457 -259720977
-330324994 -346474818
-232999767 -111148362
-764999235 -366118140
-571672498 -599080062
-44020602 -46815656
-273537346 -287038290
-702999297 -336403617
-390661870 -409626129
-299565018 -314280032
-508999491 -243425916
-75963654 -80248703
-570999429 -273140439
-79512882 -83963486
-221482002 -232554806
-801189242 -839302696
-216749698 -227601762
-80999919 -38299854
-854427662 -895024441
-758999241 -363242541
-287734258 -301897422
-9711398 -10906087
-174999825 -83350905
-145765138 -153306102
-423787998 -444297437
-617812462 -647372241
-212999787 -101563032
-791724634 -829396608
-78329806 -82725225
-550377130 -576791364
-928961450 -973034884
-275903498 -289514812
-398999601 -190706601
-171792810 -180547844
-351620362 -368763516
-923046070 -966843579
-614999385 -294228165
-646206286 -677090505
-74999925 -35424255
-317311158 -332853947
-564999435 -270264840
-54668286 -57960005
-367000350 -384860909
-732570834 -767483558
-485307950 -508687009
-837864598 -877688787
-170999829 -81433839
-636741678 -667184417
-808287698 -846732262
-128999871 -61304646
-377648034 -396005258
-533814066 -559455710
-727838530 -762530514
-716007770 -750147904
-78999921 -37341321
-653304742 -684520071
-313761930 -329139164
-190722026 -200360020
-200999799 -95811834
-578999421 -276974571
-671050882 -703093986
-410999589 -196457799
-116999883 -55553448
-860343042 -901215746
-255791206 -268464375
-624999375 -299020830
-826033838 -865306177
-380999619 -182079804
-634999365 -303813495
-976999023 -467722638
-842596902 -882641831
-477026418 -500019182
-738486214 -773674863
-738999261 -353657211
-620178614 -649848763
-18999981 -8585331
-827216914 -866544438
-436999563 -208918728
-867441498 -908645312
-136300530 -143400014
-454547974 -476492223
-320860386 -336568730
-344521906 -361333950
-57034438 -60436527
-474660266 -497542660
-208999791 -99645966
-706543162 -740241816
-470999529 -225213789
-343338830 -360095689
-927778374 -971796623
-38999961 -18170661
-552743282 -579267886
-942999057 -451427577
-880455334 -922266183
-518434078 -543358317
-526715610 -552026144
-542095598 -568123537
-210999789 -100604499
-544999455 -260679510
-503054090 -527260924
-724999275 -346947480
-384999615 -183996870
-529081762 -554502666
-204918938 -215219152
-59400590 -62913049
-138666682 -145876536
-264999735 -126484890
-681698566 -714238335
-654999345 -313398825
-212017394 -222648718
-27457538 -29480002
-742999257 -355574277
-490040254 -513640053
-326775766 -342760035
-378999621 -181121271
-98442098 -103775662
-759781582 -795963561
-803555394 -841779218
-658037046 -689473115
-155229746 -163212190
-514884850 -539643534
-722999277 -345988947
-177708190 -186739149
-854999145 -409252125
-766999233 -367076673
-151680518 -159497407
-144582062 -152067841
-378831110 -397243519
-374098806 -392290475
-93709794 -98822618
-328999671 -157157946
-358999641 -171535941
-12077550 -13382609
-51119058 -54245222
-630999369 -301896429
-196999803 -93894768
-772795418 -809584432
-284999715 -136070220
-750316974 -786057473
-266438890 -279608724
-855610738 -896262702
-733753910 -768721819
-962999037 -461012907
-802372318 -840540957
-90999909 -43092519
-712999287 -341196282
-874539954 -916074878
-388295718 -407149607
-98999901 -46926651
-161145126 -169403495
-718373922 -752624426
-149314366 -157020885
-580999419 -277933104
-622544766 -652325285
-557475586 -584220930
-726999273 -347906013
-947890666 -992847060
-58217514 -61674788
-800999199 -383371734
-252999747 -120733692
-312999687 -149489682
-26999973 -12419463
-253425054 -265987853
-796999203 -381454668
-22999977 -10502397
-924229146 -968081840
-215566622 -226363501
-544461750 -570600059
-771612342 -808346171
-16999983 -7626798
-494772558 -518593097
-920679918 -964367057
-779893874 -817013998
-933693754 -977987928
-992999007 -475390902
-305480398 -320471337
-355169590 -372478299
-844963054 -885118353
-110272858 -116158272
-702993934 -736527033
-717190846 -751386165
-566999433 -271223373
-238999761 -114023961
-124469770 -131017404
-70048274 -74057398
-218999781 -104438631
-551560206 -578029625
-462829506 -485160050
-64132894 -67866093
-115005162 -121111316
-389478794 -408387868
-794999205 -380496135
-623727842 -653563546
-684064718 -716714857
-307846550 -322947859
-820999179 -392957064
-769246190 -805869649
-688999311 -329693886
-39288298 -41862612
-464012582 -486398311
-264072738 -277132202
-596999403 -285601368
-872173802 -913598356
-996999003 -477307968
-668684730 -700617464
-144999855 -68972910
-540912522 -566885276
-146948214 -154544363
-107906706 -113681750
-188999811 -90060636
-135117454 -142161753
-892999107 -427464252
-130385150 -137208709
-574038650 -601556584
-23908310 -25765219
-659220122 -690711376
-811836926 -850447045
-720999279 -345030414
-908849158 -951984447
-938426058 -982940972
-600066322 -628798326
-36922146 -39386090
-926595298 -970558362
-804738470 -843017479
-693529326 -726620945
-117371314 -123587838
-740999259 -354615744
-753866202 -789772256
-785809254 -823205303
-204999795 -97728900
-6162170 -7191304
-642657058 -673375722
-327958842 -343998296
-164694354 -173118278
-450998746 -472777440
-739669290 -774913124
-230946610 -242460894
-891103018 -933410532
-930999069 -445676379
-459280278 -481445267
-184806646 -194168715
-137483606 -144638275
-417872618 -438106132
-71231350 -75295659
-752999247 -360366942
-686999313 -328735353
-268805042 -282085246
-555109434 -581744408
-86999913 -41175453
-766880038 -803393127
-862709194 -903692268
-802999197 -384330267
-538999461 -257803911
-857976890 -898739224
-206102014 -216457413
-656853970 -688234854
-583503258 -611462672
-602999397 -288476967
-633192450 -663469634
-751500050 -787295734
-915947614 -959414013
-632009374 -662231373
-281818878 -295706117
-548010978 -574314842
-768999231 -368035206
-951439894 -996561843
-899384550 -942078359
-856793814 -897500963
-798999201 -382413201
-356999643 -170577408
-592999407 -283684302
-262889662 -275893941
-858999141 -411169191
-22725234 -24526958
-640999359 -306689094
-308999691 -147572616
-236999763 -113065428
-119737466 -126064360
-673417034 -705570508
-999999 41466
-361084970 -378669604
-406999593 -194540733
-711275466 -745194860
-262999737 -125526357
-936059906 -980464450
-553926358 -580506147
-387112642 -405911346
-324999675 -155240880
-866999133 -415003323
-180999819 -86226504
-460463354 -482683528
-721923150 -756339209
-220298926 -231316545
-513701774 -538405273
-622999377 -298062297
-413140314 -433153088
-446266442 -467824396
-443900290 -465347874
-714999285 -342154815
-789358482 -826920086
-222999777 -106355697
-430886454 -451727003
-807104622 -845494001
-8528322 -9667826
-669867806 -701855725
-584999415 -279850170
-83062110 -87678269
-102999897 -48843717
-527898686 -553264405
-508969470 -533452229
-458999541 -219462591
-890999109 -426505719
-272999727 -130319022
-760964658 -797201822
-332691146 -348951340
-66499046 -70342615
-416999583 -199333398
-628999371 -300937896
-467561810 -490113094
-746999253 -357491343
-898201474 -940840098
-134999865 -64180245
-988999011 -473473836
-504237166 -528499185
-232129686 -243699155
-876906106 -918551400
-786999213 -376662003
-68865198 -72819137
-816569230 -855400089
-436801834 -457918308
-240999759 -114982494
-912398386 -955699230
-658999341 -315315891
-456999543 -218504058
-587052486 -615177455
-894652246 -937125315
-40999959 -19129194
-189538950 -199121759
-712458542 -746433121
-272354270 -285800029
-480575646 -503733965
-940792210 -985417494
-691163174 -724144423
-163511278 -171880017
-949073742 -994085321
-186999813 -89102103
-429703378 -450488742
-20359082 -22050436
-370549578 -388575692
-797440396 872786217
-152999847 -72807042
-96999903 -45968118
-128018998 -134732187
-566940194 -594127018
-165877430 -174356539
-740852366 -776151385
-326999673 -156199413
-152863594 -160735668
-754999245 -361325475
-862999137 -413086257
-222665078 -233793067
-494999505 -236716185
-572999427 -274098972
-594150942 -622607021
-206999793 -98687433
-523166382 -548311361
-822484610 -861591394
-676966262 -709285291
-157595898 -165688712
-536999463 -256845378
-140999859 -67055844
-282999717 -135111687
-656999343 -314357358
-120999879 -57470514
-700999299 -335445084
-181257418 -190453932
-882999117 -422671587
-713641618 -747671382
-736120062 -771198341
-394999605 -188789535
-774999225 -370910805
-926999073 -443759313
-762147734 -798440083
-814203078 -852923567
-904999095 -433215450
-28640614 -30718263
-905299930 -948269664
-611897082 -641180936
-865075346 -906168790
-582320182 -610224411
-91343642 -96346096
-841413826 -881403570
-719556998 -753862687
-226214306 -237507850
-38105222 -40624351
-132999867 -63221712
-519617154 -544596578
-52999947 -24880392
-415506466 -435629610
-293649638 -308088727
-781076950 -818252259
-214383546 -225125240
-130999869 -62263179
-628460146 -658516590
-652121666 -683281810
-203735862 -213980891
-490999509 -234799119
-409591086 -429438305
-364999635 -174411540
-400126478 -419532217
-297198866 -311803510
-126999873 -60346113
-893469170 -935887054
-54999945 -25838925
-694712402 -727859206
-868624574 -909883573
-454999545 -217545525
-471111038 -493827877
-634375526 -664707895
-368183426 -386099170
-918999081 -439925181
-195454330 -205313064
-178891266 -187977410
-626999373 -299979363
-504999495 -241508850
-792907710 -830634869
-685247794 -717953118
-818999181 -391998531
-21542158 -23288697
-889919942 -932172271
-613080158 -642419197
-193088178 -202836542
-335057298 -351427862
-598883246 -627560065
-736999263 -352698678
-112639010 -118634794
-319677310 -335330469
-150497442 -158259146
-288917334 -303135683
-864999135 -414044790
-416689542 -436867871
-406041858 -425723522
-479392570 -502495704
-241594294 -253605243
-160999839 -76641174
-426999573 -204126063
-414323390 -434391349
-630826298 -660993112
-442717214 -464109613
-758598506 -794725300
-636999363 -304772028
-744401594 -779866168
-408999591 -195499266
-122103618 -128540882
-618999381 -296145231
-500687938 -524784402
-512999487 -245342982
-850999149 -407335059
-388999611 -185913936
-421421846 -441820915
-624910918 -654801807
-487674102 -511163531
-385929566 -404673085
-705360086 -739003555
-258157358 -270940897
-4979094 -5953043
-110999889 -52677849
-986999013 -472515303
-156999843 -74724108
-564574042 -591650496
-358718818 -376193082
-820118458 -859114872
-139849758 -147114797
-310999689 -148531149
-277086574 -290753073
-242777370 -254843504
-350999649 -167701809
-42999957 -20087727
-374999625 -179204205
-246326598 -258558287
-655670894 -686996593
-396577250 -415817434
-456914126 -478968745
-41654450 -44339134
-990999009 -474432369
-788175406 -825681825
-756999243 -362284008
-70999929 -33507189
-868999131 -415961856
-19176006 -20812175
-159962050 -168165234
-283001954 -296944378
-852999147 -408293592
-543278674 -569361798
-648999351 -310523226
-246790 -999999
-532999467 -254928312
-906999093 -434173983
-228580458 -239984372
-136999863 -65138778
-559841738 -586697452
-798823090 -836826174
-892286094 -934648793
-556999443 -266430708
-706999293 -338320683
-863892270 -904930529
-194999805 -92936235
-278269650 -291991334
-274720422 -288276551
-432069530 -452965264
-131568226 -138446970
-842999157 -403500927
-576999423 -276016038
-154046670 -161973929
-913581462 -956937491
-550999449 -263555109
-775161570 -812060954
-782260026 -819490520
-213200470 -223886979
-682999317 -326818287
-844999155 -404459460
-256974282 -269702636
-726655454 -761292253
-44999955 -21046260
-34999965 -16253595
-960999039 -460054374
-710999289 -340237749
-306999693 -146614083
-603615550 -632513109
-274999725 -131277555
-320999679 -153323814
-106723630 -112443489
-87794414 -92631313
-26274462 -28241741
-3796018 -4714782
-598999401 -286559901
-777527722 -814537476
-432999567 -207001662
-900567626 -943316620
-928999071 -444717846
-143398986 -150829580
-832999167 -398708262
-481758722 -504972226
-141032834 -148353058
-36999963 -17212128
-67682122 -71580876
-888999111 -425547186
-466378734 -488874833
-687613946 -720429640
-433252606 -454203525
-678149338 -710523552
-521983306 -547073100
-393028022 -412102651
-245143522 -257320026
-344999655 -164826210
-665135502 -696902681
-506603318 -530975707
-507786394 -532213968
-447449518 -469062657
-734936986 -769960080
-610714006 -639942675
-113822086 -119873055
-68999931 -32548656
-148999851 -70889976
-878089182 -919789661
-230999769 -110189829
-830999169 -397749729
-945524514 -990370538
-662999337 -317232957
-442999557 -211794327
-840999159 -402542394
-156412822 -164450451
-464999535 -222338190
-455731050 -477730484
-448632594 -470300918
-517251002 -542120056
-383563414 -402196563
-168243582 -176833061
-670999329 -321067089
-162328202 -170641756
-809470774 -847970523
-338606526 -355142645
-968999031 -463888506
-609530930 -638704414
-228999771 -109231296
-585869410 -613939194
-14999985 -6668265
-94892870 -100060879
-882821486 -924742705
-604999395 -289435500
-376999623 -180162738
-931327602 -975511406
-773978494 -810822693
-363451122 -381146126
-718999281 -344071881
-874999125 -418837455
-48752906 -51768700
-794090786 -831873130
-762999237 -365159607
-930144526 -974273145
-982999017 -470598237
-372999627 -178245672
-873356878 -914836617
-384746490 -403434824
-616999383 -295186698
-72414426 -76533920
-30999969 -14336529
-925412222 -969320101
-339789602 -356380906
-32999967 -15295062
-426154150 -446773959
-597700170 -626321804
-780999219 -373786404
-666999333 -319150023
-430999569 -206043129
-629643222 -659754851
-422999577 -202208997
-496999503 -237674718
-824850762 -864067916
-200186634 -210266108
-952999047 -456220242
-596517094 -625083543
-859159966 -899977485
-660999339 -316274424
-440999559 -210835794
-266999733 -127443423
-176525114 -185500888
-100808250 -106252184
-939609134 -984179233
-118999881 -56511981
-835498446 -875212265
-424999575 -203167530
-524349458 -549549622
-227397382 -238746111
-441534138 -462871352
-240411218 -252366982
-225031230 -236269589
-270999729 -129360489
-56999943 -26797458
-646999353 -309564693
-77146730 -81486964
-501871014 -526022663
-40471374 -43100873
-196637406 -206551325
-220999779 -105397164
-314999685 -150448215
-847329206 -887594875
-917130690 -960652274
-32189842 -34433046
-978999021 -468681171
-198999801 -94853301
-626093994 -656040068
-810653850 -849208784
-191905102 -201598281
-506999493 -242467383
-197820482 -207789586
-402492630 -422008739
-292999707 -139904352
-498321786 -522307880
-500999499 -239591784
-234999765 -112106895
-478209494 -501257443
-28999971 -13377996
-649755514 -680805288
-660403198 -691949637
-325592690 -341521774
-258999741 -123609291
-271171194 -284561768
-234495838 -246175677
-182999817 -87185037
-904116854 -947031403
-278999721 -133194621
-419055694 -439344393
-600999399 -287518434
-33372918 -35671307
-279452726 -293229595
-185989722 -195406976
-782999217 -374744937
-642999357 -307647627
-590601714 -618892238
-340972678 -357619167
-790541558 -828158347
-589418638 -617653977
-943158362 -987894016
-178999821 -85267971
-545644826 -571838320
-887553790 -929695749
-453364898 -475253962
-612999387 -293269632
-756232354 -792248778
-562999437 -269306307
-610999389 -292311099
-261706586 -274655680
-579954030 -607747889
-316999683 -151406748
-492999507 -235757652
-815386154 -854161828
-505420242 -529737446
-510999489 -244384449
-902999097 -432256917
-728999271 -348864546
-235678914 -247413938
-828999171 -396791196
-336240374 -352666123
-652999347 -312440292
-846999153 -405417993
-520800230 -545834839
-635558602 -665946156
-8999991 -3792666
-62999937 -29673057
-778710798 -815775737
-303114246 -317994815
-720740074 -755100948
-950999049 -455261709
-676999323 -323942688
-723106226 -757577470
-534999465 -255886845
-111455934 -117396533
-242999757 -115941027
-689980098 -722906162
-352999647 -168660342
-6999993 -2834133
-755049278 -791010517
-804999195 -385288800
-765696962 -802154866
-833132294 -872735743
-701810858 -735288772
-84245186 -88916530
-92999907 -44051052
-565757118 -592888757
-148131290 -155782624
-615446310 -644895719
-698999301 -334486551
936286 238262
-812999187 -389122932
-285368106 -299420900
-840230750 -880165309
-747950822 -783580951
-750999249 -359408409
-112999887 -53636382
-294999705 -140862885
-238045066 -249890460
-216999783 -103480098
-563390966 -590412235
-291283486 -305612205
-621361690 -651087024
-884004562 -925980966
-199003558 -209027847
-876999123 -419795988
-578770954 -606509628
-512518698 -537167012
-469927962 -492589616
-398943402 -418293956
-914764538 -958175752
-944341438 -989132277
-438999561 -209877261
-122999877 -58429047
-668999331 -320108556
-661586274 -693187898
-114999885 -54594915
-536180218 -561932232
-375281882 -393528736
-103174402 -108728706
-376464958 -394766997
-336999663 -160992078
-770999229 -368993739
-944999055 -452386110
-532630990 -558217449
-569306346 -596603540
-707726238 -741480077
-744999255 -356532810
-607164778 -636227892
-369366502 -387337431
-142215910 -149591319
-582999417 -278891637
-224999775 -107314230
-460999539 -220421124
-539729446 -565647015
-538546370 -564408754
-404858782 -424485261
-537363294 -563170493
-492406406 -516116575
-602432474 -631274848
-448999551 -214669926
-839047674 -878927048
-333874222 -350189601
-834999165 -399666795
-118554390 -124826099
-478999521 -229047921
-849695358 -890071397
-219115850 -230078284
-704177010 -737765294
-546827902 -573076581
-394211098 -413340912
-150999849 -71848509
-362999637 -173453007
-592967866 -621368760
-731387758 -766245297
-746767746 -782342690
-50999949 -23921859
-353986514 -371240038
-64999935 -30631590
-209651242 -220172196
-158999841 -75682641
-248999751 -118816626
-252241978 -264749592
-540999459 -258762444
-446999553 -213711393
-972999027 -465805572
-468999531 -224255256
-575221726 -602794845
-352803438 -370001777
-76999923 -36382788
-964999035 -461971440
-590999409 -282725769
-280999719 -134153154
-686430870 -719191379
-465195658 -487636572
-120920542 -127302621
-836681522 -876450526
-132751302 -139685231
-696999303 -333528018
-878999121 -420754521
-591784790 -620130499
-345704982 -362572211
-46999953 -22004793
-734999265 -351740145
-290100410 -304373944
-357535742 -374954821
-396999603 -189748068
-486491026 -509925270
-672233958 -704332247
-25091386 -27003480
-838999161 -401583861
-650938590 -682043549
-908999091 -435132516
-392999607 -187831002
-934876830 -979226189
-869807650 -911121834
-680515490 -713000074
-941975286 -986655755
-246999753 -117858093
-956999043 -458137308
-449815670 -471539179
-214999785 -102521565
-176999823 -84309438
-364634198 -382384387
-210834318 -221410457
-577587878 -605271367
-346888058 -363810472
-885187638 -927219227
-493589482 -517354836
-852061510 -892547919
-167060506 -175594800
-322999677 -154282347
-710092390 -743956599
-298381942 -313041771
-776344646 -813299215
-870990726 -912360095
-175342038 -184262627
-444999555 -212752860
-359901894 -377431343
-516067926 -540881795
-290999709 -138945819
-340999659 -162909144
-574999425 -275057505
-356352666 -373716560
-109089782 -114920011
-768063114 -804631388
-7345246 -8429565
-106999893 -50760783
-881638410 -923504444
-276999723 -132236088
-796456938 -834349652
-692999307 -331610952
-498999501 -238633251
-534997142 -560693971
-732999267 -350781612
-511335622 -535928751
-568999431 -272181906
-752683126 -788533995
-309029626 -324186120
-699444706 -732812250
-901750702 -944554881
-318494234 -334092208
-192999807 -91977702
-488999511 -233840586
-606999393 -290394033
-133934378 -140923492
-72999927 -34465722
-724289302 -758815731
-108999891 -51719316
-244999755 -116899560
-561024814 -587935713
-94999905 -45009585
-97259022 -102537401
-472294114 -495066138
