503
18536595 306999693
32364444 524999475
31730139 514999485
42259602 680999319
33125610 536999463
54691980 876999123
39976104 644999355
34140498 552999447
39341799 634999365
5216190 96999903
42767046 688999311
54311397 870999129
52915926 848999151
6865383 122999877
53550231 858999141
23991618 392999607
37058301 598999401
40990992 660999339
27290004 444999555
37819467 610999389
26655699 434999565
6738522 120999879
46572876 748999251
1917804 44999955
20820093 342999657
11051796 188999811
61161891 978999021
29446641 478999521
34394220 556999443
42132741 678999321
13969599 234999765
48856374 784999215
39468660 636999363
7245966 128999871
16126236 268999731
16379958 272999727
52662204 844999155
27670587 450999549
47207181 758999241
52027899 834999165
4581885 86999913
33759915 546999453
30207807 490999509
32110722 520999479
45557988 732999267
13208433 222999777
29954085 486999513
33506193 542999457
31095834 504999495
8641437 150999849
26148255 426999573
14603904 244999755
28304892 460999539
61288752 980999019
56341173 902999097
27924309 454999545
44035656 708999291
44796822 720999279
17902290 296999703
28431753 462999537
57102339 914999085
5596773 102999897
32871888 532999467
4962468 92999907
26275116 428999571
59258976 948999051
45684849 734999265
47080320 756999243
-746277 2999997
30334668 492999507
15745653 262999737
17775429 294999705
40483548 652999347
12574128 212999787
28558614 464999535
48983235 786999213
11432379 194999805
51393594 824999175
21073815 346999653
15365070 256999743
58751532 940999059
57609783 922999077
28051170 456999543
8768298 152999847
33252471 538999461
29319780 476999523
11305518 192999807
25387089 414999585
60147003 962999037
57736644 924999075
36423996 588999411
35155386 568999431
51139872 820999179
13462155 226999773
46446015 746999253
38834355 626999373
56594895 906999093
32491305 526999473
48348930 776999223
5469912 100999899
50886150 816999183
17141124 284999715
47968347 770999229
10544352 180999819
3440136 68999931
55453146 888999111
37692606 608999391
51520455 826999173
13715877 230999769
4328163 82999917
61669335 986999013
39214938 632999367
3820719 74999925
21834981 358999641
15238209 254999745
4708746 88999911
17648568 292999707
60273864 964999035
24118479 394999605
29192919 474999525
11686101 198999801
34267359 554999445
30080946 488999511
22976730 376999623
36931440 596999403
35662830 576999423
15111348 252999747
62049918 992999007
3059553 62999937
38073189 614999385
1029777 30999969
31857000 516999483
59512698 952999047
10163769 174999825
902916 28999971
22849869 374999625
29700363 482999517
12954711 218999781
15999375 266999733
37185162 600999399
49110096 788999211
61542474 984999015
26021394 424999575
58117227 930999069
41879019 674999325
23611035 386999613
43528212 700999299
56975478 912999087
5343051 98999901
48095208 772999227
19805205 326999673
5089329 94999905
12447267 210999789
54438258 872999127
39088077 630999369
50251845 806999193
27036282 440999559
41752158 672999327
10924935 186999813
20566371 338999661
24752784 404999595
37312023 602999397
20312649 334999665
49744401 798999201
19044039 314999685
10798074 184999815
25133367 410999589
25894533 422999577
21200676 348999651
44162517 710999289
49998123 802999197
46826598 752999247
37946328 612999387
53423370 856999143
37565745 606999393
16887402 280999719
268611 18999981
2932692 60999939
22088703 362999637
55960590 896999103
20058927 330999669
61035030 976999023
52154760 836999163
58244088 932999067
21581259 354999645
35535969 574999425
53677092 860999139
53296509 854999145
45811710 736999263
47460903 762999237
26909421 438999561
43147629 694999305
9402603 162999837
-492555 6999993
51647316 828999171
22215564 364999635
40356687 650999349
57229200 916999083
48222069 774999225
59385837 950999049
5850495 106999893
6611661 118999881
51266733 822999177
18409734 304999695
522333 22999977
24499062 400999599
43781934 704999295
24372201 398999601
12700989 214999785
14096460 236999763
6104217 110999889
36804579 594999405
12320406 208999791
7880271 138999861
20946954 344999655
51013011 818999181
6357939 114999885
28939197 470999529
-1253721 -4999995
58370949 934999065
1664082 40999959
40229826 648999351
37438884 604999395
14223321 238999761
59639559 954999045
4835607 90999909
25260228 412999587
49490679 794999205
23357313 382999617
44923683 722999277
8007132 140999859
16633680 276999723
38326911 618999381
34521081 558999441
31603278 512999487
19424622 320999679
50505567 810999189
8514576 148999851
32237583 522999477
1790943 42999957
57482922 920999079
7753410 136999863
53169648 852999147
32745027 530999469
19678344 324999675
2171526 48999951
7372827 130999869
25513950 416999583
20185788 332999667
13081572 220999779
4201302 80999919
3186414 64999935
24879645 406999593
27797448 452999547
57990366 928999071
36677718 592999407
50632428 812999187
25640811 418999581
22723008 372999627
44543100 716999283
16506819 274999725
30715251 498999501
30968973 502999497
776055 26999973
21961842 360999639
27543726 448999551
13335294 224999775
47714625 766999233
39722382 640999359
54818841 878999121
30588390 496999503
6231078 112999887
35282247 570999429
58497810 936999063
8387715 146999853
21454398 352999647
-1126860 -2999997
31983861 518999481
7626549 134999865
19932066 328999671
49871262 800999199
60527586 968999031
40102965 646999353
43020768 692999307
38961216 628999371
13842738 232999767
35409108 572999427
-111972 12999987
50759289 814999185
25006506 408999591
45431127 730999269
28685475 466999533
9148881 158999841
5723634 104999895
10290630 176999823
59005254 944999055
5977356 108999891
11812962 200999799
31349556 508999491
42640185 686999313
26401977 430999569
20693232 340999659
18790317 310999689
56087451 898999101
43655073 702999297
23230452 380999619
1537221 38999961
18282873 302999697
40864131 658999341
55072563 882999117
22342425 366999633
49236957 790999209
15491931 258999741
41371575 666999333
31222695 506999493
33633054 544999455
42893907 690999309
53803953 862999137
62303640 996999003
42513324 684999315
28178031 458999541
34901664 564999435
8895159 154999845
46065432 740999259
44289378 712999287
56214312 900999099
-619416 4999995
34013637 550999449
26782560 436999563
141750 16999983
47587764 764999235
50378706 808999191
61923057 990999009
41498436 668999331
23103591 378999621
57356061 918999081
36043413 582999417
395472 20999979
44416239 714999285
32618166 528999471
3947580 76999923
11939823 202999797
1156638 32999967
36297135 586999413
48475791 778999221
9910047 170999829
11559240 196999803
2044665 46999953
-238833 10999989
54945702 880999119
19297761 318999681
42386463 682999317
54057675 866999133
60654447 970999029
18917178 312999687
58878393 942999057
18029151 298999701
45177405 726999273
24625923 402999597
36550857 590999409
52281621 838999161
31476417 510999489
43401351 698999301
14857626 248999751
16253097 270999729
38580633 622999377
55833729 894999105
17014263 282999717
42005880 676999323
38200050 616999383
24245340 396999603
3693858 72999927
8260854 144999855
29066058 472999527
34647942 560999439
55706868 892999107
39849243 642999357
-539020249 -37089200
23737896 388999611
14984487 250999749
17267985 286999713
32998749 534999465
1410360 36999963
61415613 982999017
9529464 164999835
10671213 182999817
46192293 742999257
3313275 66999933
14730765 246999753
60781308 972999027
29827224 484999515
7119105 126999873
9022020 156999843
30842112 500999499
61796196 988999011
55326285 886999113
52408482 840999159
29573502 480999519
59132115 946999053
10417491 178999821
57863505 926999073
12066684 204999795
39595521 638999361
15618792 260999739
20439510 336999663
17521707 290999709
41625297 670999329
54184536 868999131
56468034 904999095
18663456 308999691
9783186 168999831
30461529 494999505
2805831 58999941
26528838 432999567
44669961 718999281
11178657 190999809
12827850 216999783
56848617 910999089
22596147 370999629
60400725 966999033
35916552 580999419
38707494 624999375
19170900 316999683
35028525 566999433
23484174 384999615
54565119 874999125
52535343 842999157
55580007 890999109
35789691 578999421
40610409 654999345
22469286 368999631
18156012 300999699
48729513 782999217
14889 14999985
6484800 116999883
21327537 350999649
25767672 420999579
51901038 832999167
23864757 390999609
45050544 724999275
1283499 34999965
9656325 166999833
49363818 792999207
16760541 278999721
50124984 804999195
53042787 850999149
48602652 780999219
6992244 124999875
41244714 664999335
10036908 172999827
47841486 768999231
49617540 796999203
46699737 750999249
56721756 908999091
46953459 754999245
60020142 960999039
12193545 206999793
40737270 656999343
17394846 288999711
34774803 562999437
55199424 884999115
7499688 132999867
19551483 322999677
59766420 956999043
-365694 8999991
46319154 744999255
60908169 974999025
41117853 662999337
13589016 228999771
2425248 52999947
58624671 938999061
-999999 -999999
62176779 994999005
47334042 760999239
14477043 242999757
4455024 84999915
45938571 738999261
2678970 56999943
-873138 999999
15872514 264999735
51774177 830999169
8133993 142999857
3566997 70999929
649194 24999975
9275742 160999839
4074441 78999921
27163143 442999557
38453772 620999379
21708120 356999643
36170274 584999415
14350182 240999759
43274490 696999303
2298387 50999949
33886776 548999451
27416865 446999553
52789065 846999153
53930814 864999135
2552109 54999945
28812336 468999531
43908795 706999293
45304266 728999271
59893281 958999041
33379332 540999459
