3285
-897164037 -246201984
-628601589 -172857616
-647603649 -178047076
-196621425 -54883892
-419578929 -115773556
-904131459 -248104786
-795503016 -218438373
-12934845 -4719112
-40487832 -12243829
-919016406 -252169863
-393609447 -108681294
-424962846 -117243903
-18952164 -6362441
-811971468 -222935905
-829073322 -227606419
2900205 -394562
-519656445 -143104712
-912682386 -250440043
-754965288 -207367525
-805954149 -221292576
-749581371 -205897178
-863277030 -236947447
-480702222 -132466319
-836674146 -229682203
-114595866 -32482723
-400576869 -110584096
-834140538 -228990275
-530740980 -146131897
-41754636 -12589793
-788535594 -216535571
-493370262 -135925959
-412294806 -113784263
-931684446 -255629503
-468350883 -129093170
-492103458 -135579995
-88626384 -25390461
-132014421 -37239728
-965254752 -264797549
-74691540 -21584857
39004119 9465412
-234308844 -65176321
-728679105 -200188772
-15785154 -5497531
-769216833 -211259620
-862643628 -236774465
-209606166 -58430023
-562094379 -154694506
-840474558 -230720095
-725828796 -199410353
-674206533 -185312320
-150066378 -42169715
-221007402 -61543699
-183319983 -51251270
-141198750 -39747967
-826539714 -226914491
-83559168 -24006605
-163051119 -45715846
-998191656 -273792613
-987107121 -270765428
-637785918 -175365855
-80708859 -23228186
-274529871 -76160678
-65823912 -19163109
-308100177 -85328724
-96860610 -27639227
-459799956 -126757913
-78491952 -22622749
-354655224 -98042901
-487986345 -134455612
-163684521 -45888828
-368590068 -101848505
-840157857 -230633604
-302082858 -83685395
-196938126 -54970383
-101294424 -28850101
-449982225 -124076692
-541192113 -148986100
-479752119 -132206846
-813871674 -223454851
-486402840 -134023157
-789802398 -216881535
-467400780 -128833697
-10084536 -3940693
-87992982 -25217479
-918383004 -251996881
-611816436 -168273593
-216256887 -60246334
-995658048 -273100685
-493053561 -135839468
-791702604 -217400481
-916482798 -251477935
-104144733 -29628520
-991224234 -271889811
-782201574 -214805751
-881012286 -241790943
-202638744 -56527221
-698592510 -191972127
-432880371 -119406178
27286182 6265245
-561777678 -154608015
-151966584 -42688661
-325202031 -89999238
-756548793 -207799980
-437947587 -120790034
-465183873 -128228260
-115862670 -32828687
-702709623 -193096510
-289098117 -80139264
38687418 9378921
-970638669 -266267896
-789485697 -216795044
-377140995 -104183762
-954170217 -261770364
-541825515 -149159082
-375557490 -103751307
-395509653 -109200240
-155450295 -43640062
-17368659 -5929986
-293531931 -81350138
-254894409 -70798236
-629551692 -173117089
-301132755 -83425922
38054016 9205939
-164951325 -46234792
-690041583 -189636870
-125046999 -35336926
-526940568 -145094005
-439531092 -121222489
-525357063 -144661550
-457583049 -126152476
-860110020 -236082537
-857893113 -235477100
-75641643 -21844330
-144365760 -40612877
-95593806 -27293263
-598514994 -164640971
-832557033 -228557820
-728045703 -200015790
-33520410 -10341027
-730262610 -200621227
-534541392 -147169789
-173185551 -48483558
-318868011 -88269418
-938968569 -257618796
-932001147 -255715994
-676423440 -185917757
-94327002 -26947299
-477851913 -131687900
-730579311 -200707718
30769893 7216646
-466133976 -128487733
-871194555 -239109722
-357188832 -98734829
-753698484 -207021561
-888929811 -243953218
-285614406 -79187863
-588063861 -161786768
-831290229 -228211856
-652037463 -179257950
-462966966 -127622823
-974439081 -267305788
-689724882 -189550379
-851559093 -233747280
-326468835 -90345202
-340720380 -94237297
-876578472 -240580069
-796453119 -218697846
-64240407 -18730654
-544992525 -150023992
-110162052 -31271849
-360672543 -99686230
-179202870 -50126887
-429396660 -118454777
-113329062 -32136759
-584580150 -160835367
-893046924 -245077601
-22119174 -7227351
1950102 -654035
-976022586 -267738243
-16101855 -5584022
-490203252 -135061049
366597 -1086490
-698275809 -191885636
-523773558 -144229095
38370717 9292430
-92110095 -26341862
-396459756 -109459713
-386325324 -106692001
-469300986 -129352643
25702677 5832790
-655204473 -180122860
-705243231 -193788438
-232725339 -64743866
-181736478 -50818815
-248243688 -68981925
-780618069 -214373296
-761616009 -209183836
-334386360 -92507477
-933584652 -256148449
-53789274 -15876451
-990274131 -271630338
-456949647 -125979494
-329952546 -91296603
-630501795 -173376562
-792336006 -217573463
-902231253 -247585840
-46505151 -13887158
-992807739 -272322266
-752431680 -206675597
-673573131 -185139338
-505088199 -139126126
-154500192 -43380589
-329319144 -91123621
-166218129 -46580756
-450615627 -124249674
-84509271 -24266078
-240959565 -66992632
-508571910 -140077527
-684340965 -188080032
-315067599 -87231526
-941185476 -258224233
-631768599 -173722526
-502871292 -138520689
-660905091 -181679698
-959237433 -263154220
-233042040 -64830357
-983940111 -269900518
-424646145 -117157412
-452832534 -124855111
-18318762 -6189459
-752114979 -206589106
-997241553 -273533140
-793602810 -217919427
-125997102 -35596399
-686874573 -188771960
-972538875 -266786842
-800570232 -219822229
-335969865 -92939932
-318551310 -88182927
-232091937 -64570884
-580146336 -159624493
-937701765 -257272832
-983623410 -269814027
-470884491 -129785098
-62023500 -18125217
-769533534 -211346111
-441431298 -121741435
-34153812 -10514009
-199471734 -55662311
-563994585 -155213452
-571912110 -157375727
-774284049 -212643476
22218966 4881389
-602632107 -165765354
-274213170 -76074187
-171918747 -48137594
-480068820 -132293337
-612766539 -168533066
-658688184 -181074261
-818622189 -224752216
-883545894 -242482871
-24969483 -8005770
-328369041 -90864148
-506355003 -139472090
-445548411 -122865818
-989957430 -271543847
-121246587 -34299034
-425596248 -117416885
-311583888 -86280125
18101853 3757006
-107945145 -30666412
-987740523 -270938410
-227024721 -63187028
-695742201 -191193708
-443648205 -122346872
-877211874 -240753051
-835090641 -229249748
37420614 9032957
-619100559 -170262886
-476901810 -131428427
-422745939 -116638466
-163367820 -45802337
-470567790 -129698607
-781251471 -214546278
-583506 -1345963
-619733961 -170435868
-527890671 -145353478
-645386742 -177441639
-70574427 -20460474
-551326545 -151753812
-387908829 -107124456
-137081637 -38623584
-155766996 -43726553
-708410241 -194653348
-486086139 -133936666
-419262228 -115687065
-917749602 -251823899
-733112919 -201399646
-719494776 -197680533
-985523616 -270332973
-208656063 -58170550
-393926148 -108767785
-776817657 -213335404
-472784697 -130304044
-396143055 -109373222
-229875030 -63965447
29503089 6870682
-195988023 -54710910
-301449456 -83512413
-887663007 -243607254
-764149617 -209875764
-521239950 -143537167
-845541774 -232103951
-663755400 -182458117
-305883270 -84723287
-515222631 -141893838
-545942628 -150283465
-415461816 -114649173
-564627987 -155386434
-697642407 -191712654
-275163273 -76333660
-374290686 -103405343
-302399559 -83771886
-944669187 -259175634
-574762419 -158154146
-783785079 -215238206
-69307623 -20114510
-488936448 -134715085
-888296409 -243780236
-732162816 -201140173
-595981386 -163949043
-211506372 -58948969
-414828414 -114476191
-608966127 -167495174
-708726942 -194739839
-967788360 -265489477
-10401237 -4027184
-740713743 -203475430
-170651943 -47791630
-291315024 -80744701
-45871749 -13714176
-184270086 -51510743
-384108417 -106086564
-392025942 -108248839
-144682461 -40699368
-413561610 -114130227
-642536433 -176663220
-487352943 -134282630
-364156254 -100637631
-136764936 -38537093
9867627 1508240
-766683225 -210567692
-850925691 -233574298
-964304649 -264538076
-94010301 -26860808
20635461 4448934
-935484858 -256667395
-894947130 -245596547
-887029605 -243434272
-925983828 -254072665
-498120777 -137223324
-120613185 -34126052
-758765700 -208405417
-322668423 -89307310
-590914170 -162565187
-202955445 -56613712
-910148778 -249748115
-924400323 -253640210
-907615170 -249056187
-924717024 -253726701
-971272071 -266440878
-654887772 -180036369
-494320365 -136185432
-745780959 -204859286
-530107578 -145958915
-43021440 -12935757
-869927751 -238763758
-863593731 -237033938
-35420616 -10859973
-880695585 -241704452
-22435875 -7313842
-246343482 -68462979
-706826736 -194220893
-471201192 -129871589
-450298926 -124163183
-433197072 -119492669
-441747999 -121827926
-168751737 -47272684
-923450220 -253380737
-123463494 -34904471
-81342261 -23401168
-983306709 -269727536
-907931871 -249142678
-346737699 -95880626
-443964906 -122433363
-650453958 -178825495
-162101016 -45456373
-198838332 -55489329
-722978487 -198631934
-283397499 -78582426
-591230871 -162651678
-382841613 -105740600
-48088656 -14319613
-803103840 -220514157
-607382622 -167062719
-961771041 -263846148
-994391244 -272754721
-865177236 -237466393
-407227590 -112400407
-923766921 -253467228
-111745557 -31704304
-306516672 -84896269
-794236212 -218092409
-488619747 -134628594
-805637448 -221206085
-666289008 -183150045
-665022204 -182804081
-754331886 -207194543
-686557872 -188685469
-750531474 -206156651
-674523234 -185398811
-646653546 -177787603
-687191274 -188858451
-892096821 -244818128
-949736403 -260559490
-595347984 -163776061
-867077442 -237985339
-177619365 -49694432
-172868850 -48397067
-557343864 -153397141
-384425118 -106173055
-80075457 -23055204
-532007784 -146477861
-737863434 -202697011
-2483712 -1864909
25069275 5659808
-449665524 -123990201
-464233770 -127968787
-899697645 -246893912
-672939729 -184966356
16201647 3238060
-853142598 -234179735
-48722058 -14492595
-267879150 -74344367
-276746778 -76766115
-326785536 -90431693
-252677502 -70192799
-704926530 -193701947
-547209432 -150629429
-337553370 -93372387
-165268026 -46321283
-920599911 -252602318
-949103001 -260386508
-363522852 -100464649
-40804533 -12330320
-100977723 -28763610
-963037845 -264192112
-146899368 -41304805
-629868393 -173203580
-919966509 -252429336
-782834976 -214978733
-198204930 -55316347
-494637066 -136271923
-181419777 -50732324
-25602885 -8178752
-192821013 -53846000
-770166936 -211519093
-893997027 -245337074
-132647823 -37412710
-787268790 -216189607
-134548029 -37931656
-960504237 -263500184
-293215230 -81263647
-729945909 -200534736
-56639583 -16654870
-966204855 -265057022
-388225530 -107210947
-654571071 -179949878
-849342186 -233141843
-780934770 -214459787
-636202413 -174933400
-525040362 -144575059
-881328987 -241877434
-266929047 -74084894
-273579768 -75901205
-436047381 -120271088
-560194173 -154175560
-482602428 -132985265
-514272528 -141634365
-533591289 -146910316
-606115818 -166716755
-64873809 -18903636
-631135197 -173549544
-322035021 -89134328
-251727399 -69933326
-11351340 -4286657
-551959947 -151926794
-309683682 -85761179
-928517436 -254764593
-772383843 -212124530
-695108799 -191020726
-797403222 -218957319
-718861374 -197507551
-802153737 -220254684
-653304267 -179603914
-887346306 -243520763
-226708020 -63100537
-340086978 -94064315
-554810256 -152705213
-743880753 -204340340
-592180974 -162911151
-419895630 -115860047
-455999544 -125720021
-44921646 -13454703
-13884948 -4978585
-953536815 -261597382
-760982607 -209010854
-99394218 -28331155
-948469599 -260213526
-995024646 -272927703
-531057681 -146218388
35203707 8427520
-827489817 -227173964
-697959108 -191799145
-775234152 -212902949
-157667202 -44245499
-75958344 -21930821
-379041201 -104702708
-838574352 -230201149
-134231328 -37845165
-59173191 -17346798
-252994203 -70279290
-945302589 -259348616
-722028384 -198372461
-323301825 -89480292
-604215612 -166197809
-773650647 -212470494
-392342643 -108335330
-996608151 -273360158
-726778899 -199669826
-683390862 -187820559
-814188375 -223541342
-423696042 -116897939
-143415657 -40353404
-575712522 -158413619
-491153355 -135320522
-254577708 -70711745
-406594188 -112227425
-288148014 -79879791
-784735182 -215497679
-725195394 -199237371
-588380562 -161873259
-56006181 -16481888
-367006563 -101416050
-455049441 -125460548
-461066760 -127103877
-195354621 -54537928
-562727781 -154867488
-570645306 -157029763
-8501031 -3508238
-517439538 -142499275
-52839171 -15616978
-44604945 -13368212
-659321586 -181247243
-749898072 -205983669
-962087742 -263932639
-296382240 -82128557
-402793776 -111189533
-511105518 -140769455
-174769056 -48916013
-905714964 -248537241
-228608226 -63619483
-758132298 -208232435
19051956 4016479
-281813994 -78149971
-614983446 -169138503
-801520335 -220081702
-954803619 -261943346
-774600750 -212729967
17151750 3497533
-237159153 -65954740
-658054782 -180901279
-810387963 -222503450
-291631725 -80831192
-664072101 -182544608
-354021822 -97869919
-212773176 -59294933
-617517054 -169830431
-993757842 -272581739
-767633328 -210827165
-409761198 -113092335
-917432901 -251737408
-719178075 -197594042
-651720762 -179171459
-90526590 -25909407
-74058138 -21411875
-816405282 -224146779
-628918290 -172944107
-347687802 -96140099
-863910432 -237120429
-379357902 -104789199
-635569011 -174760418
-140248647 -39488494
-402477075 -111103042
-397093158 -109632695
-160834212 -45110409
-971905473 -266613860
-519973146 -143191203
-389175633 -107470420
-631451898 -173636035
-59489892 -17433289
-489569850 -134888067
-996924852 -273446649
11451132 1940695
-589647366 -162219223
-630185094 -173290071
-627018084 -172425161
-771750441 -211951548
-589964067 -162305714
-407860992 -112573389
-954486918 -261856855
-900207 -1432454
-720761580 -198026497
-117762876 -33347633
-214356681 -59727388
-72791334 -21065911
-106361640 -30233957
-790752501 -217141008
-497804076 -137136833
-739446939 -203129466
-155133594 -43553571
-969371865 -265921932
-444598308 -122606345
-406910889 -112313916
-622900971 -171300778
-591547572 -162738169
-928834137 -254851084
-956703825 -262462292
-502237890 -138347707
-384741819 -106259546
-97494012 -27812209
-727729002 -199929299
-430663464 -118800741
-271996263 -75468750
-738180135 -202783502
-373973985 -103318852
-899380944 -246807421
-912365685 -250353552
-510155415 -140509982
-908248572 -249229169
-158300604 -44418481
-431296866 -118973723
-826223013 -226828000
24119172 5400335
-885446100 -243001817
-672306327 -184793374
-142782255 -40180422
-123146793 -34817980
-216573588 -60332825
-357505533 -98821320
-159884109 -44850936
-210239568 -58603005
-569061801 -156597308
-253310904 -70365781
-219423897 -61111244
-28453194 -8957171
-675790038 -185744775
-698909211 -192058618
-533907990 -146996807
-649187154 -178479531
-153550089 -43121116
-944985888 -259262125
-287197911 -79620318
-116496072 -33001669
12401235 2200168
-214039980 -59640897
-240642864 -66906141
-985206915 -270246482
-119979783 -33953070
-819572292 -225011689
-293848632 -81436629
-593447778 -163257115
-925350426 -253899683
-894313728 -245423565
-836990847 -229768694
-858843216 -235736573
-350538111 -96918518
-963987948 -264451585
-485769438 -133850175
-674839935 -185485302
-777451059 -213508386
-427179753 -117849340
-380624706 -105135163
-253627605 -70452272
-314117496 -86972053
-622584270 -171214287
-232408638 -64657375
-956070423 -262289310
-136131534 -38364111
-259644924 -72095601
-316334403 -87577490
-38587626 -11724883
-647920350 -178133567
-572228811 -157462218
-948152898 -260127035
-134864730 -38018147
-71524530 -20719947
-391392540 -108075857
-611183034 -168100611
-800253531 -219735738
-934218054 -256321431
-339453576 -93891333
-470251089 -129612116
20318760 4362443
-14518350 -5151567
-834773940 -229163257
-941502177 -258310724
-512689023 -141201910
-903181356 -247845313
-398993364 -110151641
-589013964 -162046241
-829706724 -227779401
-238742658 -66387195
-544359123 -149851010
-553860153 -152445740
12717936 2286659
-79758756 -22968713
-829390023 -227692910
-129164112 -36461309
-226391319 -63014046
-607065921 -166976228
-843958269 -231671496
-241909668 -67252105
-893363625 -245164092
-153866790 -43207607
-203588847 -56786694
-31936905 -9908572
-498437478 -137309815
-37004121 -11292428
-133281225 -37585692
-261861831 -72701038
-515856033 -142066820
-715377663 -196556150
-717911271 -197248078
-380941407 -105221654
-721394982 -198199479
12084534 2113677
-98444115 -28071682
-638102619 -175452346
-189020601 -52808108
3850308 -135089
-305249868 -84550305
-556393761 -153137668
-992491038 -272235775
-527573970 -145266987
-962404443 -264019130
-586480356 -161354313
-978239493 -268343680
-747997866 -205464723
-307150074 -85069251
-442064700 -121914417
-506038302 -139385599
-716961168 -196988605
-849025485 -233055352
-570962007 -157116254
-732479517 -201226664
-29719998 -9303135
-299549250 -82993467
-732796218 -201313155
-798036624 -219130301
-262495233 -72874020
-675473337 -185658284
-197254827 -55056874
-345154194 -95448171
-504771498 -139039635
-212456475 -59208442
-122513391 -34644998
-915532695 -251218462
-614350044 -168965521
-118079577 -33434124
-484185933 -133417720
-317284506 -87836963
-922816818 -253207755
-312850692 -86626089
-678323646 -186436703
-273896469 -75987696
-337236669 -93285896
-228291525 -63532992
-165584727 -46407774
-51889068 -15357505
-453465936 -125028093
-779034564 -213940841
-265662243 -73738930
-554493555 -152618722
-212139774 -59121951
-743247351 -204167358
-641269629 -176317256
-935168157 -256580904
20952162 4535425
-590280768 -162392205
-352755018 -97523955
-278013582 -77112079
-718227972 -197334569
-979189596 -268603153
-750214773 -206070160
-756232092 -207713489
-822739302 -225876599
-479118717 -132033864
-222907608 -62062645
-685291068 -188339505
1633401 -740526
-884812698 -242828835
-245076678 -68117015
-664388802 -182631099
-719811477 -197767024
-460116657 -126844404
9550926 1421749
-425912949 -117503376
-148482873 -41737260
-316651104 -87663981
-538975206 -148380663
-2167011 -1778418
-746414361 -205032268
-213406578 -59467915
-661855194 -181939171
-956387124 -262375801
-876895173 -240666560
-932951250 -255975467
-250460595 -69587362
-592497675 -162997642
-411978105 -113697772
-58539789 -17173816
13034637 2373150
-912048984 -250267061
-465817275 -128401242
-290048220 -80398737
-68990922 -20028019
11767833 2027186
-434147175 -119752142
-984573513 -270073500
-576345924 -158586601
-602315406 -165678863
-358138935 -98994302
-290681622 -80571719
-905398263 -248450750
-405960786 -112054443
-159250707 -44677954
-239376060 -66560177
-838891053 -230287640
-193137714 -53932491
-324251928 -89739765
-859159917 -235823064
-98127414 -27985191
-217523691 -60592298
-128530710 -36288327
-49988862 -14838559
-897480738 -246288475
-831606930 -228298347
-661538493 -181852680
-15468453 -5411040
-234942246 -65349303
-228924927 -63705974
-880378884 -241617961
-879112080 -241271997
-401843673 -110930060
-462333564 -127449841
-563677884 -155126961
-729629208 -200448245
-58856490 -17260307
-439847793 -121308980
-830023425 -227865892
-427813155 -118022322
-708093540 -194566857
-353388420 -97696937
-798986727 -219389774
-381891510 -105481127
-874361565 -239974632
4483710 37893
-701442819 -192750546
-468034182 -129006679
-587113758 -161527295
-341987184 -94583261
-23385978 -7573315
-715060962 -196469659
-963671247 -264365094
-968738463 -265748950
-779351265 -214027332
-3750516 -2210873
-177936066 -49780923
-179519571 -50213378
-623851074 -171560251
-919333107 -252256354
-835724043 -229422730
-331536051 -91729058
-994074543 -272668230
-803420541 -220600648
-324568629 -89826256
-440164494 -121395471
-229241628 -63792465
34570305 8254538
-861060123 -236342010
-938651868 -257532305
-632085300 -173809017
-324885330 -89912747
-936434961 -256926868
-108895248 -30925885
-640636227 -176144274
-332486154 -91988531
-109845351 -31185358
-193454415 -54018982
-356238729 -98475356
-878795379 -241185506
-248560389 -69068416
-359722440 -99426757
-778401162 -213767859
-605799117 -166630264
-292265127 -81004174
-551009844 -151667321
-806587551 -221465558
-243809874 -67771051
-557977266 -153570123
-482285727 -132898774
-422112537 -116465484
-487669644 -134369121
-17685360 -6016477
-582996645 -160402912
-308733579 -85501706
-200105136 -55835293
-411661404 -113611281
-273263067 -75814714
-558293967 -153656614
-688141377 -189117924
-783468378 -215151715
-893680326 -245250583
-625117878 -171906215
-846491877 -232363424
9234225 1335258
-118712979 -33607106
-430030062 -118627759
-915849396 -251304953
-379674603 -104875690
-596931489 -164208516
-520923249 -143450676
-801203634 -219995211
-763199514 -209616291
-727095600 -199756317
-745464258 -204772795
-271362861 -75295768
-296698941 -82215048
-620367363 -170608850
-734063022 -201659119
-149749677 -42083224
-976972689 -267997716
-333752958 -92334495
-271679562 -75382259
-812288169 -223022396
-101611125 -28936592
-24019380 -7746297
-616883652 -169657449
-616566951 -169570958
-47455254 -14146631
-310950486 -86107143
-844908372 -231930969
-626701383 -172338670
-260911728 -72441565
-464550471 -128055278
-57272985 -16827852
-438897690 -121049507
-85142673 -24439060
-539608608 -148553645
-344837493 -95361680
-810071262 -222416959
-889563213 -244126200
-608649426 -167408683
-93693600 -26774317
-2800413 -1951400
-69941025 -20287492
-15151752 -5324549
-820839096 -225357653
-111428856 -31617813
-916166097 -251391444
-272629665 -75641732
-463283667 -127709314
-37320822 -11378919
-691308387 -189982834
-606749220 -166889737
-651087360 -178998477
-855676206 -234871663
-828439920 -227433437
-494953767 -136358414
-418945527 -115600574
-587747160 -161700277
-203905548 -56873185
-423062640 -116724957
-900331047 -247066894
-927567333 -254505120
-459483255 -126671422
-352438317 -97437464
-32253606 -9995063
-264712140 -73479457
-50622264 -15011541
-413244909 -114043736
-475635006 -131082463
-58223088 -17087325
-743564052 -204253849
-692891892 -190415289
-304933167 -84463814
-329635845 -91210112
-405010683 -111794970
-842374764 -231239041
-165901428 -46494265
-278963685 -77371552
-529790877 -145872424
-855359505 -234785172
-559560771 -154002578
-926933931 -254332138
-297332343 -82388030
-263128635 -73047002
23485770 5227353
-89893188 -25736425
-782518275 -214892242
-379991304 -104962181
-854092701 -234439208
-285931107 -79274354
-367323264 -101502541
-334703061 -92593968
-403427178 -111362515
-914265891 -250872498
-929467539 -255024066
-827173116 -227087473
-214990083 -59900370
-178252767 -49867414
31086594 7303137
-86726178 -24871515
-221324103 -61630190
-499704282 -137655779
-13251546 -4805603
-438580989 -120963016
999999 -913508
-113012361 -32050268
-833823837 -228903784
-569695203 -156770290
-442698102 -122087399
-900964449 -247239876
-623217672 -171387269
-716327766 -196815623
6067215 470348
-21802473 -7140860
-660271689 -181506716
-457266348 -126065985
-73108035 -21152402
-597564891 -164381498
-841424661 -230979568
-224807814 -62581591
-508255209 -139991036
-334069659 -92420986
-323935227 -89653274
-385375221 -106432528
-231458535 -64397902
-793286109 -217832936
-517756239 -142585766
-799936830 -219649247
-747681165 -205378232
-849975588 -233314825
15251544 2978587
-919649808 -252342845
-811338066 -222762923
-390125736 -107729893
-43654842 -13108739
-6917526 -3075783
-24652782 -7919279
-263762037 -73219984
-838257651 -230114658
-211189671 -58862478
-707460138 -194393875
-466767378 -128660715
-614033343 -168879030
-197888229 -55229856
-436680783 -120444070
-635885712 -174846909
-148799574 -41823751
-817038684 -224319761
-101927826 -29023083
-781884873 -214719260
-104461434 -29715011
-682757460 -187647577
-984256812 -269987009
-254261007 -70625254
-587430459 -161613786
-431930268 -119146705
-79442055 -22882222
-91159992 -26082389
-939285270 -257705287
-185220189 -51770216
-489886551 -134974558
-798353325 -219216792
-343887390 -95102207
-748631268 -205637705
32353398 7649101
-114912567 -32569214
-199155033 -55575820
-94643703 -27033790
-170968644 -47878121
-102877929 -29282556
-369856872 -102194469
-684974367 -188253014
-549426339 -151234866
-189337302 -52894599
-190287405 -53154072
-356872131 -98648338
-431613567 -119060214
-180152973 -50386360
-415145115 -114562682
-714427560 -196296677
-519023043 -142931730
-113962464 -32309741
-903498057 -247931804
-61073397 -17865744
-428446557 -118195304
-950686506 -260818963
-727412301 -199842808
-279597087 -77544534
-321718320 -89047837
-21485772 -7054369
-822105900 -225703617
-452515833 -124768620
-808804458 -222070995
-671672925 -184620392
-704609829 -193615456
-624167775 -171646742
-591864273 -162824660
-292581828 -81090665
28869687 6697700
-199788435 -55748802
-999141759 -274052086
-376190892 -103924289
-236209050 -65695267
2583504 -481053
-696375603 -191366690
-414511713 -114389700
-218473794 -60851771
-653937669 -179776896
-974122380 -267219297
-870561153 -238936740
-435413979 -120098106
-605165715 -166457282
-626067981 -172165688
-790119099 -216968026
-371440377 -102626924
-952270011 -261251418
-346420998 -95794135
-219740598 -61197735
-462016863 -127363350
-355922028 -98388865
-322351722 -89220819
-603265509 -165938336
-549109638 -151148375
-524090259 -144315586
-378724500 -104616217
-180786375 -50559342
-460750059 -127017386
39954222 9724885
-960187536 -263413693
-275479974 -76420151
-440481195 -121481962
-55056078 -16222415
-300816054 -83339431
-398043261 -109892168
-735329826 -202005083
-167484933 -46926720
-61706799 -18038726
-523140156 -144056113
-678640347 -186523194
-918066303 -251910390
14301441 2719114
-528207372 -145439969
-1533609 -1605436
-794552913 -218178900
-332169453 -91902040
-374924088 -103578325
-102561228 -29196065
-210872970 -58775987
-190920807 -53327054
-585846954 -161181331
-690991686 -189896343
-314750898 -87145035
-988373925 -271111392
-592814376 -163084133
-703343025 -193269492
-579196233 -159365020
-97177311 -27725718
-194721219 -54364946
-417678723 -115254610
-215306784 -59986861
5750514 383857
-20218968 -6708405
-533274588 -146823825
-77858550 -22449767
-145949265 -41045332
-874044864 -239888141
-139931946 -39402003
-67090716 -19509073
-394876251 -109027258
-304616466 -84377323
-915215994 -251131971
-95277105 -27206772
-795186315 -218351882
-38904327 -11811374
-176352561 -49348468
-31303503 -9735590
-179836272 -50299869
-567478296 -156164853
-962721144 -264105621
-28769895 -9043662
-641586330 -176403747
-967471659 -265402986
-823689405 -226136072
-930100941 -255197048
-582363243 -160229930
-176035860 -49261977
-11668041 -4373148
-20852370 -6881387
-871827957 -239282704
-776184255 -213162422
-210556269 -58689496
-404060580 -111535497
-447765318 -123471255
-471834594 -130044571
-576029223 -158500110
-220057299 -61284226
-9451134 -3767711
-595664685 -163862552
-20535669 -6794896
-684024264 -187993541
-701126118 -192664055
-473101398 -130390535
-294482034 -81609611
-773967348 -212556985
-476585109 -131341936
-757182195 -207972962
-975705885 -267651752
-405644085 -111967952
-843008166 -231412023
-166534830 -46667247
-129797514 -36634291
-680540553 -187042140
-35103915 -10773482
-161467614 -45283391
-253944306 -70538763
-787585491 -216276098
-618783858 -170176395
-392976045 -108508312
-830656827 -228038874
-136448235 -38450602
-349904709 -96745536
-220690701 -61457208
-191870910 -53586527
-298282446 -82647503
33936903 8081556
-951636609 -261078436
-298599147 -82733994
-364789656 -100810613
-446815215 -123211782
-971588772 -266527369
-187437096 -52375653
-301766157 -83598904
-596614788 -164122025
-249827193 -69414380
-973488978 -267046315
-566211492 -155818889
15884946 3151569
-657421380 -180728297
-991857636 -272062793
-339770277 -93977824
-896213934 -245942511
-176985963 -49521450
-493686963 -136012450
-624484476 -171733233
-48405357 -14406104
-543092319 -149505046
-656787978 -180555315
-138031740 -38883057
-547526133 -150715920
-662805297 -182198644
-648553752 -178306549
-566528193 -155905380
-989324028 -271370865
-147532770 -41477787
-728362404 -200102281
-659638287 -181333734
-977289390 -268084207
-77541849 -22363276
-798670026 -219303283
-618150456 -170003413
401506821 -345255208
-410394600 -113265317
-845225073 -232017460
-513005724 -141288401
-243493173 -67684560
-873728163 -239801650
-389492334 -107556911
-711260550 -195431767
-436997484 -120530561
-944352486 -259089143
-693525294 -190588271
-568428399 -156424326
-788218893 -216449080
-325835433 -90172220
-303349662 -84031359
-187120395 -52289162
-330585948 -91469585
-480385521 -132379828
-583313346 -160489403
-16418556 -5670513
-528840774 -145612951
-922183416 -253034773
-543725721 -149678028
-897797439 -246374966
-817355385 -224406252
-397726560 -109805677
-896847336 -246115493
-867710844 -238158321
-693208593 -190501780
-931051044 -255456521
-56322882 -16568379
-207389259 -57824586
-864227133 -237206920
-918699705 -252083372
-514905930 -141807347
-177302664 -49607941
4167009 -48598
-475001604 -130909481
-64557108 -18817145
-8184330 -3421747
-412611507 -113870754
-454416039 -125287566
-581096439 -159883966
-81658962 -23487659
-50305563 -14925050
3533607 -221580
-943402383 -258829670
-937068363 -257099850
-770800338 -211692075
-970005267 -266094914
31403295 7389628
-615300147 -169224994
-545309226 -150110483
-280230489 -77717516
-839524455 -230460622
-194087817 -54191964
-257111316 -71403673
-776500956 -213248913
-255844512 -71057709
-696692304 -191453181
-762882813 -209529800
-290364921 -80485228
-988690626 -271197883
-336286566 -93026423
35520408 8514011
-990907533 -271803320
-406277487 -112140934
-426229650 -117589867
-789168996 -216708553
-574445718 -158067655
-520606548 -143364185
-370490274 -102367451
-157350501 -44159008
-621317466 -170868323
-281497293 -78063480
-679273749 -186696176
5117112 210875
-268195851 -74430858
-887979708 -243693745
-344204091 -95188698
-872144658 -239369195
-879428781 -241358488
-145315863 -40872350
-322985124 -89393801
-873411462 -239715159
-249510492 -69327889
-501921189 -138261216
-958604031 -262981238
-240009462 -66733159
-391709241 -108162348
-128214009 -36201836
-39854430 -12070847
-738813537 -202956484
-19268865 -6448932
-512055621 -141028928
-488303046 -134542103
-477535212 -131601409
-847441980 -232622897
-855992907 -234958154
-87042879 -24958006
-100661022 -28677119
-224174412 -62408609
-103511331 -29455538
-85776075 -24612042
-825589611 -226655018
-813554973 -223368360
39637521 9638394
-859793319 -235996046
-980773101 -269035608
-704293128 -193528965
-555126957 -152791704
-951953310 -261164927
-274846572 -76247169
-952903413 -261424400
-579512934 -159451511
-549743040 -151321357
-184586787 -51597234
23169069 5140862
-36054018 -11032955
36153810 8686993
37737315 9119448
-234625545 -65262812
-770483637 -211605584
-455366142 -125547039
-699859314 -192318091
-241592967 -67165614
-628284888 -172771125
-201688641 -56267748
-189970704 -53067581
-369223470 -102021487
-850608990 -233487807
-671356224 -184533901
-445865112 -122952309
-288781416 -80052773
-678006945 -186350212
-169701840 -47532157
-108578547 -30839394
-677373543 -186177230
-570328605 -156943272
-751798278 -206502615
-33203709 -10254536
-113645763 -32223250
-331219350 -91642567
32670099 7735592
-105728238 -30060975
-572862213 -157635200
-404693982 -111708479
-867394143 -238071830
19368657 4102970
-601365303 -165419390
-513639126 -141461383
-417362022 -115168119
-594081180 -163430097
-643486536 -176922693
-976339287 -267824734
-267562449 -74257876
-166851531 -46753738
-45555048 -13627685
-811021365 -222676432
-268512552 -74517349
-756865494 -207886471
-375874191 -103837798
-428763258 -118281795
-870877854 -239023231
30453192 7130155
-54422676 -16049433
-909832077 -249661624
-269779356 -74863313
-852509196 -234006753
26336079 6005772
-866127339 -237725866
-998508357 -273879104
-362889450 -100291667
-516172734 -142153311
-670722822 -184360919
-550693143 -151580830
-783151677 -215065224
-650770659 -178911986
-247926987 -68895434
-958287330 -262894747
-709360344 -194912821
-795819717 -218524864
-655837875 -180295842
-383158314 -105827091
-359089038 -99253775
-736913331 -202437538
-304299765 -84290832
-990590832 -271716829
-883229193 -242396380
-152599986 -42861643
-377457696 -104270253
-850292289 -233401316
-902864655 -247758822
-399943467 -110411114
-310000383 -85847670
-151649883 -42602170
-213723279 -59554406
-760032504 -208751381
-119663082 -33866579
-42704739 -12849266
-906348366 -248710223
-537075000 -147861717
-311267187 -86193634
-691625088 -190069325
-546259329 -150369956
-280863891 -77890498
-526623867 -145007514
-665972307 -183063554
-112378959 -31877286
-521556651 -143623658
-27503091 -8697698
-892730223 -244991110
-256161213 -71144200
-154183491 -43294098
-898430841 -246547948
-989007327 -271284374
-697009005 -191539672
-284981004 -79014881
-492420159 -135666486
-872461359 -239455686
-159567408 -44764445
-348321204 -96313081
-509205312 -140250509
-736596630 -202351047
-183636684 -51337761
-666605709 -183236536
-832240332 -228471329
14618142 2805605
-938018466 -257359323
-891463419 -244645146
-185853591 -51943198
-679590450 -186782667
-843324867 -231498514
-90209889 -25822916
-122196690 -34558507
-746731062 -205118759
-577612728 -158932565
-866760741 -237898848
-882912492 -242309889
-970321968 -266181405
-82292364 -23660641
-99077517 -28244664
-217840392 -60678789
23802471 5313844
-466450677 -128574224
-525673764 -144748041
-813238272 -223281869
-594397881 -163516588
-977922792 -268257189
-687824676 -189031433
-614666745 -169052012
-506988405 -139645072
-283080798 -78495935
-839207754 -230374131
-462650265 -127536332
-597248190 -164295007
-497170674 -136963851
-281180592 -77976989
-957970629 -262808256
15568245 3065078
-104778135 -29801502
-643803237 -177009184
-839841156 -230547113
-808171056 -221898013
-370173573 -102280960
-346104297 -95707644
-539925309 -148640136
-510788817 -140682964
-200421837 -55921784
-809437860 -222243977
-456316245 -125806512
-536124897 -147602244
-713160756 -195950713
-460433358 -126930895
-354971925 -98129392
-860426721 -236169028
-102244527 -29109574
-30670101 -9562608
-30986802 -9649099
-933267951 -256061958
-191237508 -53413545
-638736021 -175625328
-472151295 -130131062
-706193334 -194047911
-282447396 -78322953
-611499735 -168187102
-760349205 -208837872
-610866333 -168014120
-529474176 -145785933
-225441216 -62754573
-119029680 -33693597
-507305106 -139731563
-67724118 -19682055
-685607769 -188425996
-420845733 -116119520
-679907151 -186869158
-975389184 -267565261
-91476693 -26168880
-252044100 -70019817
-664705503 -182717590
-939601971 -257791778
-601048602 -165332899
-856309608 -235044645
-433830474 -119665651
-694792098 -190934235
-809121159 -222157486
-504138096 -138866653
-363839553 -100551140
-149116275 -41910242
-68674221 -19941528
-238109256 -66214213
-382524912 -105654109
-276113376 -76593133
-175719159 -49175486
-906981768 -248883205
-692258490 -190242307
-694158696 -190761253
-24336081 -7832788
8917524 1248767
-405327384 -111881461
-643169835 -176836202
-700809417 -192577564
-730896012 -200794209
-433513773 -119579160
-604532313 -166284300
-894630429 -245510056
-262178532 -72787529
-469934388 -129525625
-323618526 -89566783
-107628444 -30579921
-289731519 -80312246
-946569393 -259694580
-668189214 -183668991
-363206151 -100378158
-227341422 -63273519
-707776839 -194480366
-823056003 -225963090
-27186390 -8611207
7017318 729821
-125363700 -35423417
-55372779 -16308906
-216890289 -60419316
-785368584 -215670661
-714110859 -196210186
-755281989 -207454016
-710627148 -195258785
-960820938 -263586675
-188703900 -52721617
-484819335 -133590702
-833190435 -228730802
-224491113 -62495100
-388858932 -107383929
-438264288 -120876525
-620684064 -170695341
27602883 6351736
-125680401 -35509908
-420212331 -115946538
-65190510 -18990127
-135814833 -38277620
-227974824 -63446501
-168118335 -47099702
-29403297 -9216644
-711893952 -195604749
-426546351 -117676358
-18002061 -6102968
-214673382 -59813879
-532324485 -146564352
-157983903 -44331990
-458533152 -126411949
-347371101 -96053608
-475951707 -131168954
-258061419 -71663146
-5650722 -2729819
-966838257 -265230004
-636835815 -175106382
-699225912 -192145109
-474368202 -130736499
21585564 4708407
-568745100 -156510817
-169068438 -47359175
26019378 5919281
-613716642 -168792539
-511738920 -140942437
-123780195 -34990962
-286247808 -79360845
-986473719 -270592446
-62340201 -18211708
-796769820 -218784337
-828123219 -227346946
-65507211 -19076618
-295115436 -81782593
-412928208 -113957245
-809754561 -222330468
-35737317 -10946464
-448082019 -123557746
-768583431 -211086638
-73741437 -21325384
25385976 5746299
-914899293 -251045480
-297965745 -82561012
-45238347 -13541194
-851875794 -233833771
-358772337 -99167284
-127580607 -36028854
-921550014 -252861791
-841741362 -231066059
-505721601 -139299108
-947836197 -260040544
-78808653 -22709240
-223541010 -62235627
-567794997 -156251344
-57589686 -16914343
-982356606 -269468063
-936118260 -256840377
-385058520 -106346037
-559244070 -153916087
-566844894 -155991871
-815455179 -223887306
-327418938 -90604675
-886712904 -243347781
-175402458 -49088995
-361939347 -100032194
-71207829 -20633456
-162417717 -45542864
-613399941 -168706048
10501029 1681222
-844274970 -231757987
-386958726 -106864983
-32887008 -10168045
-309366981 -85674688
-914582592 -250958989
-158617305 -44504972
-37954224 -11551901
-670089420 -184187937
-658371483 -180987770
-717594570 -197161587
-539291907 -148467154
-564311286 -155299943
-40171131 -12157338
-793919511 -218005918
-261228429 -72528056
-771433740 -211865057
-576979326 -158759583
-258378120 -71749637
-343253988 -94929225
-265345542 -73652439
-981406503 -269208590
-603582210 -166024827
-873094761 -239628668
-315384300 -87318017
-243176472 -67598069
-315701001 -87404508
-452199132 -124682129
-277696881 -77025588
-720444879 -197940006
-63290304 -18471181
-677056842 -186090739
-612449838 -168446575
-186170292 -52029689
-348954606 -96486063
-620050662 -170522359
-705559932 -193874929
-435097278 -120011615
-509838714 -140423491
-307783476 -85242233
-644436639 -177182166
16835049 3411042
-735646527 -202091574
-586163655 -161267822
-249193791 -69241398
-994707945 -272841212
-929150838 -254937575
-878478678 -241099015
-973172277 -266959824
-535174794 -147342771
-83242467 -23920114
-624801177 -171819724
-895897233 -245856020
-342937287 -94842734
-864543834 -237293411
-910782180 -249921097
-240326163 -66819650
-97810713 -27898700
-513955827 -141547874
-336603267 -93112914
-135498132 -38191129
-132964524 -37499201
-515539332 -141980329
-503821395 -138780162
-330902649 -91556076
-593764479 -163343606
-383475015 -105913582
-608016024 -167235701
-933901353 -256234940
-641903031 -176490238
-202005342 -56354239
-394242849 -108854276
-7234227 -3162274
-129480813 -36547800
-530424279 -146045406
-716644467 -196902114
-430346763 -118714250
-310633785 -86020652
-764466318 -209962255
-522506754 -143883131
-368273367 -101762014
-398359962 -109978659
-913315788 -250613025
-86092776 -24698533
-94960404 -27120281
-731529414 -200967191
-807854355 -221811522
-583630047 -160575894
-146265966 -41131823
-792652707 -217659954
-285297705 -79101372
-834457239 -229076766
-264395439 -73392966
-561460977 -154521524
-164634624 -46148301
-769850235 -211432602
-926300529 -254159156
-454099338 -125201075
-512372322 -141115419
-981089802 -269122099
-630818496 -173463053
-765416421 -210221728
-600415200 -165159917
-837624249 -229941676
-59806593 -17519780
-974755782 -267392279
-499070880 -137482797
-131381019 -37066746
-862010226 -236601483
-509522013 -140337000
-397409859 -109719186
-694475397 -190847744
22535667 4967880
-126313803 -35682890
-648237051 -178220058
-768900132 -211173129
-126947205 -35855872
-667555812 -183496009
-291948426 -80917683
-416095218 -114822155
-439214391 -121135998
-86409477 -24785024
-676106739 -185831266
-186486993 -52116180
-890196615 -244299182
-786318687 -215930134
-802470438 -220341175
-442381401 -122000908
-951319908 -260991945
-585213552 -161008349
-495270468 -136444905
-272946366 -75728223
-147216069 -41391296
-957337227 -262635274
-248877090 -69154907
-947202795 -259867562
-185536890 -51856707
-451249029 -124422656
-106678341 -30320448
-703659726 -193355983
36787212 8859975
-649503855 -178566022
-585530253 -161094840
-599781798 -164986935
-840791259 -230806586
-92426796 -26428353
-683074161 -187734068
-754648587 -207281034
-716011065 -196729132
-9134433 -3681220
-400893570 -110670587
13351338 2459641
-950053104 -260645981
-490519953 -135147540
-205172352 -57219149
-32570307 -10081554
-665655606 -182977063
-88309683 -25303970
-141515451 -39834458
-810704664 -222589941
-497487375 -137050342
40270923 9811376
-360355842 -99599739
-702392922 -193010019
-446498514 -123125291
-583946748 -160662385
-997874955 -273706122
-966521556 -265143513
-619417260 -170349377
-62656902 -18298199
-709043643 -194826330
-46821852 -13973649
-444915009 -122692836
-542775618 -149418555
-201055239 -56094766
-317601207 -87923454
-847125279 -232536406
-115229268 -32655705
-449348823 -123903710
-370806975 -102453942
-9767835 -3854202
-618467157 -170089904
-945935991 -259521598
-260595027 -72355074
-411344703 -113524790
-763516215 -209702782
-701759520 -192837037
-742297248 -203907885
-524406960 -144402077
-969055164 -265835441
-416411919 -114908646
-882595791 -242223398
-91793394 -26255371
-681173955 -187215122
-916799499 -251564426
-92743497 -26514844
-482919129 -133071756
-895263831 -245683038
-547842834 -150802411
-269462655 -74776822
29186388 6784191
-683707563 -187907050
-556077060 -153051177
-131697720 -37153237
-349588008 -96659045
-143098956 -40266913
-550059741 -151407848
-167168232 -46840229
-341670483 -94496770
-443014803 -122173890
-458216451 -126325458
-970955370 -266354387
-366373161 -101243068
-779984667 -214200314
-157033800 -44072517
-75324942 -21757839
-404377281 -111621988
-862326927 -236687974
-581729841 -160056948
-548159535 -150888902
-733429620 -201486137
-735963228 -202178065
-479435418 -132120355
-739763640 -203215957
-536758299 -147775226
-881962389 -242050416
-150383079 -42256206
-236842452 -65868249
-675156636 -185571793
-154816893 -43467080
-901281150 -247326367
-389809035 -107643402
-560827575 -154348542
-223857711 -62322118
-955437021 -262116328
-688458078 -189204415
-342620586 -94756243
-554176854 -152532231
-865493937 -237552884
-182686581 -51078288
8284122 1075785
-661221792 -181766189
-76275045 -22017312
-540875412 -148899609
-393292746 -108594803
-140882049 -39661476
-380308005 -105048672
-195671322 -54624419
-871511256 -239196213
-741980547 -203821394
-67407417 -19595564
-680223852 -186955649
-386008623 -106605510
-330269247 -91383094
-160200810 -44937427
-353705121 -97783428
-297015642 -82301539
-998825058 -273965595
-504454797 -138953144
-609916230 -167754647
-401526972 -110843569
-786635388 -216016625
-399310065 -110238132
-634618908 -174500945
-11034639 -4200166
-831923631 -228384838
-381574809 -105394636
-82925766 -23833623
-667239111 -183409518
-758448999 -208318926
-558610668 -153743105
-852825897 -234093244
-192187611 -53673018
-137398338 -38710075
-192504312 -53759509
-868344246 -238331303
-272312964 -75555241
-447131916 -123298273
-392659344 -108421821
-843641568 -231585005
-443331504 -122260381
-700176015 -192404582
-139298544 -39229021
-221640804 -61716681
-633352104 -174154981
-17051958 -5843495
-610232931 -167841138
-351488214 -97177991
-282130695 -78236462
-375240789 -103664816
-252360801 -70106308
-464867172 -128141769
-357822234 -98907811
-68040819 -19768546
-126630504 -35769381
-314434197 -87058544
-522190053 -143796640
-39221028 -11897865
-622267569 -171127796
-682124058 -187474595
-888613110 -243866727
-1216908 -1518945
-108261846 -30752903
-572545512 -157548709
-127897308 -36115345
-484502634 -133504211
-563044482 -154953979
-221957505 -61803172
-490836654 -135234031
-721711683 -198285970
-912999087 -250526534
-407544291 -112486898
-672623028 -184879865
-373657284 -103232361
34887006 8341029
-310317084 -85934161
-353071719 -97610446
-280547190 -77804007
-877845276 -240926033
-853776000 -234352717
21902265 4794898
-830340126 -227952383
-109211949 -31012376
-295748838 -81955575
-687507975 -188944942
-26552988 -8438225
-832873734 -228644311
-560510874 -154262051
-825906312 -226741509
-557660565 -153483632
-663438699 -182371626
-190604106 -53240563
-277380180 -76939097
-940868775 -258137742
-472467996 -130217553
-208022661 -57997568
-992174337 -272149284
-63923706 -18644163
19685358 4189461
-275796675 -76506642
-786001986 -215843643
-723295188 -198718425
-476268408 -131255445
-469617687 -129439134
-30036699 -9389626
-81975663 -23574150
-327102237 -90518184
-6284124 -2902801
4800411 124384
-246660183 -68549470
-266612346 -73998403
-656471277 -180468824
-639686124 -175884801
-601682004 -165505881
-911415582 -250094079
-603898911 -166111318
-495903870 -136617887
-939918672 -257878269
-467717481 -128920188
-131064318 -36980255
-390759138 -107902875
-151333182 -42515679
-656154576 -180382333
-632402001 -173895508
-350221410 -96832027
-882279090 -242136907
-612133137 -168360084
-336919968 -93199405
-132331122 -37326219
-636519114 -175019891
-148166172 -41650769
-866444040 -237812357
-886396203 -243261290
-207072558 -57738095
-474051501 -130650008
-942768981 -258656688
-429079959 -118368286
-709677045 -194999312
-891780120 -244731637
-266295645 -73911912
-842691465 -231325532
-606432519 -166803246
-819888993 -225098180
-722345085 -198458952
-36370719 -11119446
-235575648 -65522285
-778717863 -213854350
-536441598 -147688735
-87359580 -25044497
-395826354 -109286731
-47771955 -14233122
-338186772 -93545369
-103828032 -29542029
-70891128 -20546965
-593131077 -163170624
-540558711 -148813118
-681490656 -187301613
-200738538 -56008275
-575395821 -158327128
-410711301 -113351808
-456632946 -125893003
-12618144 -4632621
-947519496 -259954053
-996291450 -273273667
-415778517 -114735664
-895580532 -245769529
-774917451 -212816458
-649820556 -178652513
-19585566 -6535423
-61390098 -17952235
-875628369 -240320596
24752574 5573317
-152916687 -42948134
18418554 3843497
-870244452 -238850249
11134431 1854204
-703026324 -193183001
-818938890 -224838707
-332802855 -92075022
-621950868 -171041305
-689091480 -189377397
-376507593 -104010780
-391075839 -107989366
-70257726 -20373983
-542142216 -149245573
-999458460 -274138577
-350854812 -97005009
-156400398 -43899535
-884495997 -242742344
-898747542 -246634439
-414195012 -114303209
-594714582 -163603079
-319818114 -88528891
-21169071 -6967878
-110795454 -31444831
-366689862 -101329559
-356555430 -98561847
-116812773 -33088160
-922500117 -253121264
-764783019 -210048746
-545625927 -150196974
-284664303 -78928390
-111112155 -31531322
-848708784 -232968861
-451565730 -124509147
-854726103 -234612190
-946886094 -259781071
-174452355 -48829522
-117446175 -33261142
-496853973 -136877360
-110478753 -31358340
-516489435 -142239802
-168435036 -47186193
-239692761 -66646668
-709993746 -195085803
-968421762 -265662459
-455682843 -125633530
-610549632 -167927629
-653620968 -179690405
5433813 297366
-944035785 -259002652
-229558329 -63878956
-345470895 -95534662
-358455636 -99080793
-507938508 -139904545
-846175176 -232276933
-616250250 -169484467
-634935609 -174587436
-773017245 -212297512
-386642025 -106778492
-378091098 -104443235
-152283285 -42775152
-598831695 -164727462
-597881592 -164467989
-164317923 -46061810
-938335167 -257445814
-969688566 -266008423
-806904252 -221552049
-552910050 -152186267
-164001222 -45975319
-885762801 -243088308
-206439156 -57565113
-759082401 -208491908
-44288244 -13281721
-968105061 -265575968
-38270925 -11638392
-51572367 -15271014
-568111698 -156337835
-135181431 -38104638
-77225148 -22276785
-23069277 -7486824
-436364082 -120357579
-934851456 -256494413
-875311668 -240234105
26969481 6178754
-500337684 -137828761
-29086596 -9130153
-468667584 -129179661
-766366524 -210481201
-982673307 -269554554
-289414818 -80225755
-728995806 -200275263
37103913 8946466
-518706342 -142845239
-43338141 -13022248
-902547954 -247672331
-12301443 -4546130
-780301368 -214286805
-923133519 -253294246
-496220571 -136704378
-53155872 -15703469
-786952089 -216103116
-343570689 -95015716
-211823073 -59035460
-517122837 -142412784
-268829253 -74603840
-198521631 -55402838
-49038759 -14579086
-335019762 -92680459
-292898529 -81177156
-106044939 -30147466
-608332725 -167322192
-700492716 -192491073
-345787596 -95621153
-371757078 -102713415
-175085757 -49002504
-828756621 -227519928
-62973603 -18384690
-33837111 -10427518
-313167393 -86712580
-978556194 -268430171
-723611889 -198804916
-605482416 -166543773
-751164876 -206329633
-26869689 -8524716
-555760359 -152964686
-696058902 -191280199
-473734800 -130563517
-341037081 -94323788
-78175251 -22536258
-66774015 -19422582
-105411537 -29974484
-874994967 -240147614
-303983064 -84204341
-910465479 -249834606
-854409402 -234525699
-755598690 -207540507
-183953385 -51424252
-735013125 -201918592
-984890214 -270159991
683298 -999999
-880062183 -241531470
-590597469 -162478696
-667872513 -183582500
-903814758 -248018295
-877528575 -240839542
-749264670 -205810687
-596298087 -164035534
-68357520 -19855037
-633668805 -174241472
-478802016 -131947373
-762249411 -209356818
-151016481 -42429188
-626384682 -172252179
-317917908 -88009945
-721078281 -198112988
-528524073 -145526460
-478168614 -131774391
-637152516 -175192873
-869611050 -238677267
-824322807 -226309054
-584263449 -160748876
-714744261 -196383168
-5967423 -2816310
-191554209 -53500036
-215623485 -60073352
-207705960 -57911077
-437630886 -120703543
-180469674 -50472851
-909198675 -249488642
-913632489 -250699516
-713477457 -196037204
-852192495 -233920262
-559877472 -154089069
-803737242 -220687139
-868977648 -238504285
-718544673 -197421060
-188070498 -52548635
-736279929 -202264556
-169385139 -47445666
-287514612 -79706809
-383791716 -106000073
-993441141 -272495248
-659954988 -181420225
-183003282 -51164779
-777767760 -213594877
-255211110 -70884727
-819255591 -224925198
-178569468 -49953905
-201371940 -56181257
-147849471 -41564278
-8817732 -3594729
-565578090 -155645907
-908881974 -249402151
-321401619 -88961346
-830973528 -228125365
-824639508 -226395545
-362256048 -100118685
-445231710 -122779327
-731846115 -201053682
-519339744 -143018221
-475318305 -130995972
-879745482 -241444979
-750848175 -206243142
-372707181 -102972888
-580779738 -159797475
-615616848 -169311485
-792019305 -217486972
-204538950 -57046167
-599465097 -164900444
-347054400 -95967117
-959554134 -263240711
-932634549 -255888976
-487036242 -134196139
-237475854 -66041231
-483552531 -133244738
-807220953 -221638540
16518348 3324551
-73424736 -21238893
-926617230 -254245647
-6600825 -2989292
-49355460 -14665577
-784418481 -215411188
-883862595 -242569362
-257428017 -71490164
-486719541 -134109648
-300182652 -83166449
-861376824 -236428501
-965888154 -264970531
-710943849 -195345276
-558927369 -153829596
-651404061 -179084968
-385691922 -106519019
-738496836 -202869993
-335653164 -92853441
-239059359 -66473686
-904448160 -248191277
-441114597 -121654944
-278646984 -77285061
-223224309 -62149136
-264078738 -73306475
-724561992 -199064389
-494003664 -136098941
-13568247 -4892094
-522823455 -143969622
-955120320 -262029837
-557027163 -153310650
-208339362 -58084059
-93060198 -26601335
-737230032 -202524029
-635252310 -174673927
-394559550 -108940767
-511422219 -140855946
-754015185 -207108052
-652354164 -179344441
-690358284 -189723361
-772700544 -212211021
-582679944 -160316421
-259961625 -72182092
-660588390 -181593207
-492736860 -135752977
-804053943 -220773630
-447448617 -123384764
-875945070 -240407087
-844591671 -231844478
-973805679 -267132806
-546576030 -150456447
36470511 8773484
-737546733 -202610520
-804370644 -220860121
-498754179 -137396306
-961137639 -263673166
-231141834 -64311411
-799620129 -219562756
-767950029 -210913656
-733746321 -201572628
-657738081 -180814788
-980456400 -268949117
-149432976 -41996733
-503187993 -138607180
-66457314 -19336091
-668505915 -183755482
-461700162 -127276859
-543409020 -149591537
-327735639 -90691166
-365739759 -101070086
-757815597 -208145944
10817730 1767713
-821472498 -225530635
-858526515 -235650082
-409127796 -112919353
-581413140 -159970457
28552986 6611209
-607699323 -167149210
-84192570 -24179587
-247610286 -68808943
-534224691 -147083298
-825272910 -226568527
-276430077 -76679624
-765099720 -210135237
-205489053 -57305640
-908565273 -249315660
-245710080 -68289997
-100027620 -28504137
6700617 643330
-811654767 -222849414
-817672086 -224492743
-942452280 -258570197
-993124440 -272408757
-524723661 -144488568
-351171513 -97091500
-632718702 -173981999
-348637905 -96399572
-571595409 -157289236
-768266730 -211000147
-309050280 -85588197
-416728620 -114995137
-195037920 -54451437
-980139699 -268862626
-741030444 -203561921
13668039 2546132
3216906 -308071
-712527354 -195777731
-565894791 -155732398
-953220114 -261510891
-52205769 -15443996
-478485315 -131860882
-868027545 -238244812
-57906387 -17000834
-518072940 -142672257
-570011904 -156856781
-600098499 -165073426
-676740141 -186004248
-835407342 -229336239
-532641186 -146650843
-693841995 -190674762
-627651486 -172598143
-398676663 -110065150
-820522395 -225271162
-842058063 -231152550
-905081562 -248364259
-51255666 -15184523
33303501 7908574
-599148396 -164813953
-601998705 -165592372
-54105975 -15962942
-326152134 -90258711
-230825133 -64224920
-354338523 -97956410
-638419320 -175538837
-862960329 -236860956
-424329444 -117070921
-669139317 -183928464
-139615245 -39315512
-577929429 -159019056
-269145954 -74690331
-408494394 -112746371
-815138478 -223800815
-238425957 -66300704
-260278326 -72268583
-977606091 -268170698
-300499353 -83252940
-325518732 -90085729
-544675824 -149937501
-551643246 -151840303
39320820 9551903
-144049059 -40526386
-30353400 -9476117
-644753340 -177268657
-821155797 -225444144
-242859771 -67511578
-579829635 -159538002
-432563670 -119319687
-66140613 -19249600
-7867629 -3335256
-377774397 -104356744
-451882431 -124595638
-4700619 -2470346
-500020983 -137742270
-245393379 -68203506
-837940950 -230028167
-5017320 -2556837
-868660947 -238417794
-206122455 -57478622
-320134815 -88615382
-218157093 -60765280
7967421 989294
-284030901 -78755408
-434463876 -119838633
-140565348 -39574985
-537708402 -148034699
-236525751 -65781758
-869294349 -238590776
-387275427 -106951474
-538341804 -148207681
-937385064 -257186341
32986800 7822083
-425279547 -117330394
-124730298 -35250435
-14835051 -5238058
-4383918 -2383855
-365106357 -100897104
-426863052 -117762849
-833507136 -228817293
-930417642 -255283539
-366056460 -101156577
-319501413 -88442400
-473418099 -130477026
-953853516 -261683873
-463917069 -127882296
-242543070 -67425087
-598198293 -164554480
-89576487 -25649934
-982039905 -269381572
-219107196 -61024753
-931367745 -255543012
-553226751 -152272758
-83875869 -24093096
-133597926 -37672183
-222590907 -61976154
-654254370 -179863387
-286881210 -79533827
-765733122 -210308219
-940552074 -258051251
-387592128 -107037965
-950369805 -260732472
-726145497 -199496844
-256794615 -71317182
-548792937 -151061884
-106995042 -30406939
-187753797 -52462144
-609599529 -167668156
-161150913 -45196900
-734696424 -201832101
-787902192 -216362589
-766999926 -210654183
-41437935 -12503302
-399626766 -110324623
-814505076 -223627833
-225757917 -62841064
-320451516 -88701873
-230191731 -64051938
-785051883 -215584170
-705876633 -193961420
-729312507 -200361754
-410077899 -113178826
-173818953 -48656540
-173502252 -48570049
-371123676 -102540433
-680857254 -187128631
-995341347 -273014194
-305566569 -84636796
-440797896 -121568453
-724245291 -198977898
-87676281 -25130988
-777134358 -213421895
-215940186 -60159843
-39537729 -11984356
-586797057 -161440804
-79125354 -22795731
-633035403 -174068490
-647286948 -177960585
-222274206 -61889663
-514589229 -141720856
-204222249 -56959676
-941818878 -258397215
-991540935 -271976302
-80392158 -23141695
-360989244 -99772721
-891146718 -244558655
-395192952 -109113749
-800886933 -219908720
-19902267 -6621914
-837307548 -229855185
-116179371 -32915178
-46188450 -13800667
-574129017 -157981164
-103194630 -29369047
-153233388 -43034625
-742613949 -203994376
-506671704 -139558581
-333436257 -92248004
-120296484 -34039561
-740397042 -203388939
-489253149 -134801576
-955753722 -262202819
-848075382 -232795879
-82609065 -23747132
-52522470 -15530487
-925667127 -253986174
-361305945 -99859212
-685924470 -188512487
-935801559 -256753886
-282764097 -78409444
-744514155 -204513322
-978872895 -268516662
-943719084 -258916161
-981723204 -269295081
-344520792 -95275189
-196304724 -54797401
-390442437 -107816384
-144999162 -40785859
-889246512 -244039709
-267245748 -74171385
-688774779 -189290906
-114279165 -32396232
-388542231 -107297438
-681807357 -187388104
-773333946 -212384003
-429713361 -118541268
-335336463 -92766950
-193771116 -54105473
-34470513 -10600500
-884179296 -242655853
-724878693 -199150880
-911098881 -250007588
8600823 1162276
-56956284 -16741361
-312533991 -86539598
-278330283 -77198570
-642219732 -176576729
-25286184 -8092261
-639369423 -175798310
-652670865 -179430932
-333119556 -92161513
-448398720 -123644237
-761299308 -209097345
-202322043 -56440730
-294798735 -81696102
-600731901 -165246408
-298915848 -82820485
-402160374 -111016551
18735255 3929988
-382208211 -105567618
-748947969 -205724196
-639052722 -175711819
-430980165 -118887232
-481652325 -132725792
-818305488 -224665725
-657104679 -180641806
-255527811 -70971218
-979506297 -268689644
-906031665 -248623732
-964938051 -264711058
-365423058 -100983595
-328685742 -90950639
-156083697 -43813044
-205805754 -57392131
-178886169 -50040396
-502554591 -138434198
-421795836 -116378993
-881645688 -241963925
-500971086 -138001743
-523456857 -144142604
-288464715 -79966282
-836040744 -229509221
-812604870 -223108887
-303666363 -84117850
-510472116 -140596473
-188387199 -52635126
-659004885 -181160752
-299865951 -83079958
49896 -1172981
-621000765 -170781832
-313800795 -86885562
-648870453 -178393040
-805004046 -221033103
-640319526 -176057783
-60123294 -17606271
-904764861 -248277768
-691941789 -190155816
27919584 6438227
-573495615 -157808182
6383916 556839
-924083622 -253553719
-928200735 -254678102
-360039141 -99513248
-797086521 -218870828
-231775236 -64484393
-634302207 -174414454
-762566112 -209443309
-860743422 -236255519
-637469217 -175279364
-989640729 -271457356
-146582667 -41218314
-27819792 -8784189
-95910507 -27379754
-739130238 -203042975
-75008241 -21671348
-808487757 -221984504
-548476236 -150975393
-474684903 -130822990
-302716260 -83858377
-328052340 -90777657
-3433815 -2124382
-418312125 -115427592
-230508432 -64138429
-907298469 -248969696
-279913788 -77631025
-182053179 -50905306
10184328 1594731
-746097660 -204945777
-505404900 -139212617
-936751662 -257013359
-535808196 -147515753
-816088581 -224060288
-338503473 -93631860
-141832152 -39920949
-525990465 -144834532
-209289465 -58343532
-10717938 -4113675
-417995424 -115341101
-172552149 -48310576
-14201649 -5065076
-848392083 -232882370
-760665906 -208924363
-921866715 -252948282
-297649044 -82474521
-403110477 -111276024
-845858475 -232190442
-822422601 -225790108
-646336845 -177701112
-920916612 -252688809
-50938965 -15098032
-662171895 -182025662
-18635463 -6275950
-294165333 -81523120
-655521174 -180209351
-689408181 -189463888
-629234991 -173030598
-321084918 -88874855
-899064243 -246720930
-823372704 -226049581
7334019 816312
-338820174 -93718351
-929784240 -255110557
-911732283 -250180570
-233358741 -64916848
-720128178 -197853515
-621634167 -170954814
-958920732 -263067729
-454732740 -125374057
-41121234 -12416811
-242226369 -67338596
-734379723 -201745610
-98760816 -28158173
-972222174 -266700351
-437314185 -120617052
-119346381 -33780088
-174135654 -48743031
-752748381 -206762088
-481969026 -132812283
-526307166 -144921023
-306199971 -84809778
-76591746 -22103803
-715694364 -196642641
-316017702 -87490999
28236285 6524718
-448715421 -123730728
-878161977 -241012524
-491786757 -135493504
-855042804 -234698681
-778084461 -213681368
-171602046 -48051103
-710310447 -195172294
-507621807 -139818054
-137715039 -38796566
-633985506 -174327963
-11984742 -4459639
-279280386 -77458043
-791069202 -217227499
-227658123 -63360010
-496537272 -136790869
-531691083 -146391370
-644119938 -177095675
-396776457 -109546204
-706510035 -194134402
-449032122 -123817219
-450932328 -124336165
-540242010 -148726627
-847758681 -232709388
-741347145 -203648412
-250143894 -69500871
-669772719 -184101446
-130114215 -36720782
-690674985 -189809852
-130430916 -36807273
-826856415 -227000982
-112695660 -31963777
-213089877 -59381424
-481335624 -132639301
-925033725 -253813192
-501604488 -138174725
-615933549 -169397976
-556710462 -153224159
-122830092 -34731489
-209922867 -58516514
-640952928 -176230765
-471517893 -129958080
-189654003 -52981090
-949419702 -260472999
-797719923 -219043810
-117129474 -33174651
-34787214 -10686991
-920283210 -252515827
-745147557 -204686304
-176669262 -49434959
-265978944 -73825421
-499387581 -137569288
-856943010 -235217627
-31620204 -9822081
-233992143 -65089830
-348004503 -96226590
-378407799 -104529726
-917116200 -251650917
-538025103 -148121190
-16735257 -5757004
-846808578 -232449915
-645070041 -177355148
-858209814 -235563591
-161784315 -45369882
-23702679 -7659806
-463600368 -127795805
-341353782 -94410279
-491470056 -135407013
-508888611 -140164018
-707143437 -194307384
-532957887 -146737334
-400260168 -110497605
-927250632 -254418629
-553543452 -152359249
-71841231 -20806438
-145632564 -40958841
-1850310 -1691927
-220374000 -61370717
-988057224 -271024901
-569378502 -156683799
-320768217 -88788364
-453782637 -125114584
-757498896 -208059453
-552276648 -152013285
-89259786 -25563443
7650720 902803
-130747617 -36893764
31719996 7476119
-965571453 -264884040
-170335242 -47705139
-318234609 -88096436
-124096896 -35077453
13984740 2632623
-246026781 -68376488
-796136418 -218611355
-995974749 -273187176
-812921571 -223195378
-563361183 -155040470
-967154958 -265316495
-677690244 -186263721
-575079120 -158240637
-673889832 -185225829
-109528650 -31098867
-986157018 -270505955
-851242392 -233660789
-270096057 -74949804
-459166554 -126584931
-703976427 -193442474
-578246130 -159105547
-584896851 -160921858
-311900589 -86366616
-799303428 -219476265
-422429238 -116551975
-421162434 -116206011
-788852295 -216622062
-771117039 -211778566
-546892731 -150542938
-684657666 -188166523
-588697263 -161959750
-885129399 -242915326
-529157475 -145699442
-542458917 -149332064
-617200353 -169743940
-461383461 -127190368
-316967805 -87750472
-815771880 -223973797
-424012743 -116984430
-959870835 -263327202
-435730680 -120184597
-481018923 -132552810
2266803 -567544
-63607005 -18557672
-932317848 -255802485
-604849014 -166370791
-814821777 -223714324
-408177693 -112659880
-513322425 -141374892
-646970247 -177874094
-373023882 -103059379
-726462198 -199583335
-671989626 -184706883
-550376442 -151494339
-645703443 -177528130
-364472955 -100724122
-792969408 -217746445
-801837036 -220168193
-308416878 -85415215
-712210653 -195691240
-712844055 -195864222
-352121616 -97350973
-872778060 -239542177
-697325706 -191626163
-483869232 -133331229
-625751280 -172079197
-518389641 -142758748
-741663846 -203734903
-171285345 -47964612
-816721983 -224233270
-573812316 -157894673
-53472573 -15789960
-671039523 -184447410
-88943085 -25476952
-420529032 -116033029
-36687420 -11205937
-167801634 -47013211
-244759977 -68030524
-184903488 -51683725
-856626309 -235131136
-650137257 -178739004
-349271307 -96572554
-562411080 -154780997
-804687345 -220946612
-578562831 -159192038
-4067217 -2297364
-892413522 -244904619
-580463037 -159710984
-54739377 -16135924
-225124515 -62668082
-642853134 -176749711
-662488596 -182112153
-921233313 -252775300
17468451 3584024
-361622646 -99945703
-836357445 -229595712
-609282828 -167581665
-534858093 -147256280
-96543909 -27552736
-753381783 -206935070
-197571528 -55143365
-940235373 -257964760
-465500574 -128314751
-218790495 -60938262
-942135579 -258483706
-5334021 -2643328
-772067142 -212038039
-699542613 -192231600
-312217290 -86453107
-413878311 -114216718
-244443276 -67944033
-72474633 -20979420
-403743879 -111449006
-997558254 -273619631
-355288626 -98215883
-418628826 -115514083
-329002443 -91037130
-775550853 -212989440
-627968187 -172684634
-876261771 -240493578
-127263906 -35942363
-55689480 -16395397
-467084079 -128747206
-744197454 -204426831
-805320747 -221119594
24435873 5486826
-158934006 -44591463
-874678266 -240061123
-740080341 -203302448
-751481577 -206416124
-577296027 -158846074
26652780 6092263
-900014346 -246980403
-582046542 -160143439
-571278708 -157202745
-964621350 -264624567
-673256430 -185052847
-417045321 -115081628
-342303885 -94669752
-963354546 -264278603
-120929886 -34212543
-900647748 -247153385
-307466775 -85155742
-96227208 -27466245
-457899750 -126238967
-124413597 -35163944
-340403679 -94150806
-235892349 -65608776
-181103076 -50645833
-421479135 -116292502
-295432137 -81869084
-138348441 -38969548
-372073779 -102799906
-821789199 -225617126
-930734343 -255370030
-849658887 -233228334
-262811934 -72960511
-668822616 -183841973
-890513316 -244385673
-753065082 -206848579
-943085682 -258743179
-251410698 -69846835
-565261389 -155559416
-827806518 -227260455
-485452737 -133763684
-785685285 -215757152
-203272146 -56700203
-713794158 -196123695
-890830017 -244472164
-820205694 -225184671
-434780577 -119925124
-367639965 -101589032
-763832916 -209789273
20002059 4275952
-806270850 -221379067
-952586712 -261337909
-313484094 -86799071
-602948808 -165851845
-613083240 -168619557
-485136036 -133677193
-259011522 -71922619
-7550928 -3248765
-263445336 -73133493
-652987566 -179517423
-986790420 -270678937
17785152 3670515
-172235448 -48224085
-93376899 -26687826
-283714200 -78668917
-458849853 -126498440
-296065539 -82042066
-555443658 -152878195
-266805 -1259472
-256477914 -71230691
-142465554 -40093931
-74374839 -21498366
-42388038 -12762775
-578879532 -159278529
34253604 8168047
-987423822 -270851919
-747047763 -205205250
-748314567 -205551214
-138981843 -39142530
-286564509 -79447336
-864860535 -237379902
-516806136 -142326293
-115545969 -32742196
-927884034 -254591611
-374607387 -103491834
-26236287 -8351734
-767316627 -210740674
-258694821 -71836128
-432246969 -119233196
-287831313 -79793300
-646020144 -177614621
-948786300 -260300017
-90843291 -25995898
30136491 7043664
1316700 -827017
-901914552 -247499349
-226074618 -62927555
-369540171 -102107978
-259328223 -72009110
-376824294 -104097271
-859476618 -235909555
-206755857 -57651604
-150699780 -42342697
-961454340 -263759657
-250777296 -69673853
-946252692 -259608089
-444281607 -122519854
-105094836 -29887993
-247293585 -68722452
-761932710 -209270327
-824956209 -226482036
-401210271 -110757078
-446181813 -123038800
-886079502 -243174799
-156717099 -43986026
-428129856 -118108813
-784101780 -215324697
-742930650 -204080867
-99710919 -28417646
-537391701 -147948208
-682440759 -187561086
-692575191 -190328798
-576662625 -158673092
-527257269 -145180496
-722661786 -198545443
-194404518 -54278455
-791385903 -217313990
-411028002 -113438299
-138665142 -39056039
-501287787 -138088234
-781568172 -214632769
-22752576 -7400333
-468984285 -129266152
-271046160 -75209277
-367956666 -101675523
-270412758 -75036295
-617833755 -169916922
-277063479 -76852606
-807537654 -221725031
-373340583 -103145870
-142148853 -40007440
-359405739 -99340266
-37637523 -11465410
-759715803 -208664890
-303032961 -83944868
-564944688 -155472925
35837109 8600502
-60439995 -17692762
-381258108 -105308145
14934843 2892096
-251093997 -69760344
-186803694 -52202671
-107311743 -30493430
-567161595 -156078362
-257744718 -71576655
-72157932 -20892929
-759399102 -208578399
-906665067 -248796714
-76908447 -22190294
-270729459 -75122786
-244126575 -67857542
-112062258 -31790795
-725512095 -199323862
-857259711 -235304118
-857576412 -235390609
-25919586 -8265243
-909515376 -249575133
-552593349 -152099776
-731212713 -200880700
-483235830 -133158247
-934534755 -256407922
-779667966 -214113823
-802787139 -220427666
-331852752 -91815549
-817988787 -224579234
-755915391 -207626998
-623534373 -171473760
-170018541 -47618648
-951003207 -260905454
-640002825 -175971292
-408811095 -112832862
-339136875 -93804842
-208972764 -58257041
-982990008 -269641045
-290998323 -80658210
22852368 5054371
-717277869 -197075096
-913949190 -250786007
-841107960 -230893077
-702076221 -192923528
-794869614 -218265391
-775867554 -213075931
-538658505 -148294172
-975072483 -267478770
-299232549 -82906976
-627334785 -172511652
-663121998 -182285135
-861693525 -236514992
-182369880 -50991797
-355605327 -98302374
-723928590 -198891407
-121563288 -34385525
-217206990 -60505807
-853459299 -234266226
-246976884 -68635961
-972855576 -266873333
-824006106 -226222563
-766049823 -210394710
-128847411 -36374818
-204855651 -57132658
-711577251 -195518258
-162734418 -45629355
-561144276 -154435033
-351804915 -97264482
-233675442 -65003339
-520289847 -143277694
-143732358 -40439895
-235258947 -65435794
-69624324 -20201001
-43971543 -13195230
-423379341 -116811448
-790435800 -217054517
-237792555 -66127722
29819790 6957173
-49672161 -14752068
-896530635 -246029002
-979822998 -268776135
-976655988 -267911225
-81025560 -23314677
-744830856 -204599813
-118396278 -33520615
-985840317 -270419464
-337870071 -93458878
-595031283 -163689570
-42071337 -12676284
-898114140 -246461457
-495587169 -136531396
-889879914 -244212691
-319184712 -88355909
-241276266 -67079123
-670406121 -184274428
21268863 4621916
-666922410 -183323027
-686241171 -188598978
-3117114 -2037891
-945619290 -259435107
-625434579 -171992706
-695425500 -191107217
-362572749 -100205176
-265028841 -73565948
-372390480 -102886397
-589330665 -162132732
-901597851 -247412858
-665338905 -182890572
-573178914 -157721691
33620202 7995065
-261545130 -72614547
-121879989 -34472016
-541508814 -149072591
-669456018 -184014955
-521873352 -143710149
-678957048 -186609685
32036697 7562610
-84825972 -24352569
-544042422 -149764519
-535491495 -147429262
-500654385 -137915252
-453149235 -124941602
-427496454 -117935831
-409444497 -113005844
-957020526 -262548783
-865810638 -237639375
-47138553 -14060140
-477218511 -131514918
-531374382 -146304879
-28136493 -8870680
-306833373 -84982760
-85459374 -24525551
-133914627 -37758674
-160517511 -45023918
-368906769 -101934996
-100344321 -28590628
-284347602 -78841899
-60756696 -17779253
-503504694 -138693671
-747364464 -205291741
-957653928 -262721765
