556
-64491856 550888119
-101175844 859975559
-109280446 928262319
-22049335 193281139
-28874263 250785779
-95204032 809658999
-92644684 788094759
-105228145 894118939
-17783755 157340739
-95417311 811456019
-86033035 732387139
-14158012 126791399
-111413236 946232519
-62785624 536511959
-117385048 996549079
-117171769 994752059
-57027091 487992419
-10958827 99836099
-8612758 80068879
-8826037 81865899
-102455518 870757679
-39751492 342433799
-36765586 317275519
-82407292 701837799
-115465537 980375899
-82194013 700040779
-44443630 381968239
-96696985 822238139
-64278577 549091099
-67477762 576046399
-73236295 624565939
-63212182 540105999
-51268558 439472879
-14371291 128588419
-50415442 432284799
-111626515 948029539
-18423592 162731799
-84966640 723402039
-70037110 597610639
-93284521 793485819
-31220332 270552999
-108640609 922871259
-55747417 477210299
-55534138 475413279
-19703266 173513919
-78141712 665897399
-24182125 211251339
-32073448 277741079
-34846075 301102339
-115038979 976781859
-9465874 87256959
-27807868 241800679
-43590514 374780159
-13944733 124994379
-48069373 412517579
-80487781 685664619
-79421386 676679519
-5626852 54910599
-21836056 191484119
-56813812 486195399
-109067167 926465299
-68117599 581437459
-113759305 965999739
-76008922 647927199
-77288596 658709319
-98189938 834817279
-54681022 468225199
771518 999999
-59586439 509556659
-33353122 288523199
-38471818 331651679
-53614627 459240099
-51481837 441269899
-26741473 232815579
-41671003 358606979
-71956621 613783819
-76435480 651521239
-20769661 182499019
-11598664 105227159
-61505950 525729839
-46789699 401735459
-49988884 428690759
-100962565 858178539
-99469612 845599399
-721435 13579139
-3494062 36940399
-32286727 279538099
-13731454 123197359
-99682891 847396419
-98616496 838411319
-24608683 214845379
-37192144 320869559
-72383179 617377859
-52548232 450254999
-41244445 355012939
-23968846 209454319
-107787493 915683179
-52761511 452052019
-67904320 579640439
-22902451 200469219
-57880207 495180499
-60866113 520338779
-76862038 655115279
-19276708 169919879
-34419517 297508299
-100749286 856381519
-37618702 324463599
-27168031 236409619
-104801587 890524899
-102028960 867163639
-80061223 682070579
-12451780 112415239
-35059354 302899359
-34206238 295711279
-3280783 35143379
-71103505 606595739
-42524119 365795059
-77075317 656912299
-70676947 603001699
-88805662 755748399
-93924358 798876879
-40817887 351418899
-63638740 543700039
-22262614 195078159
-85393198 726996079
-108000772 917480199
-59159881 505962619
-72169900 615580839
-107147656 910292119
-114399142 971390799
-4347178 44128479
-40604608 349621879
-17143918 151949679
-80914339 689258659
-103095355 876148739
-115252258 978578879
-45723304 392750359
-75369085 642536139
-20556382 180701999
-112479631 955217619
-64918414 554482159
-61932508 529323879
-11385385 103430139
-32713285 283132139
-76648759 653318259
-32500006 281335119
-69183994 590422559
-87525988 744966279
-67051204 572452359
-95630590 813253039
-3920620 40534439
-50202163 430487779
-2001109 24361259
-31860169 275944059
-21409498 187890079
-26101636 227424519
-24821962 216642399
-80274502 683867599
-52334953 448457979
-51055279 437675859
-101815681 865366619
-75155806 640739119
-83473687 710822899
344960 4594039
-97550101 829426219
-29940658 259770879
-86672872 737778199
-69823831 595813619
-25888357 225627499
-104161750 885133839
-47216257 405329499
-86886151 739575219
-107574214 913886159
-41031166 353215919
-78568270 669491439
-104588308 888727879
-114185863 969593779
-7759642 72880799
-42310840 363998039
-49775605 426893739
-53827906 461037119
-87739267 746763299
-25248520 220236439
-16504081 146558619
-115892095 983969939
-10318990 94445039
-17997034 159137759
-36978865 319072539
-38898376 335245719
-15864244 141167559
-104375029 886930859
-20982940 184296039
-6693247 63895699
-74515969 635348059
-35485912 306493399
-94564195 804267939
-85819756 730590119
-28447705 247191739
-23755567 207657299
-54894301 470022219
-78354991 667694419
-84753361 721605019
-12878338 116009279
-44230351 380171219
-30580495 265161939
-64705135 552685139
-60439555 516744739
632700822 585635630
-75582364 644333159
-48922489 419705659
-58306765 498774539
-106081261 901307019
-87312709 743169259
-47002978 403532479
-23542288 205860279
-57240370 489789439
-45936583 394547379
-65771530 561670239
-97123543 825832179
-68544157 585031499
-96270427 818644099
-65344972 558076199
-105867982 899509999
131681 6391059
-105654703 897712979
-88379104 752154359
-46363141 398141419
-29727379 257973859
-6053410 58504639
-31646890 274147039
-26954752 234612599
-74089411 631754019
-88165825 750357339
-81598 8188079
-7972921 74677819
-78994828 673085479
558239 2797019
-79847944 680273559
-101389123 861772579
-116531932 989360999
-74729248 637145079
-96483706 820441119
-73876132 629956999
-116318653 987563979
-44017072 378374199
-96910264 824035159
-101602402 863569599
-59799718 511353679
-32926564 284929159
-84326803 718010979
-90298615 768327539
-89018941 757545419
-74302690 633551039
-59373160 507759639
-74942527 638942099
-90725173 771921579
-30367216 263364919
-61719229 527526859
-99896170 849193439
-68757436 586828519
-2854225 31549339
-23115730 202266239
-81127618 691055679
-34632796 299305319
-49349047 423299699
-56387254 482601359
-90511894 770124559
-38685097 333448699
-82620571 703634819
-46576420 399938439
-61292671 523932819
-64065298 547294079
-42737398 367592079
-52974790 453849039
-7333084 69286759
-49562326 425096719
-13304896 119603319
-87099430 741372239
-36125749 311884459
-62572345 534714939
-25035241 218439419
-107360935 912089139
-81980734 698243759
-89658778 762936479
-6266689 60301659
-84540082 719807999
-83260408 709025879
-73449574 626362959
-5413573 53113579
-103948471 883336819
-71316784 608392759
-98403217 836614299
-91578289 779109659
-56600533 484398379
-25675078 223830479
-83047129 707228859
-89872057 764733499
-5200294 51316559
-79634665 678476539
-29300821 254379819
-45083467 387359299
-83900245 714416939
-10105711 92648019
-35699191 308290419
-115678816 982172919
-24395404 213048359
-53401348 457443079
-28021147 243597699
-15011128 133979479
-54467743 466428179
-66198088 565264279
-31433611 272350019
-66411367 567061299
-88592383 753951379
-72809737 620971899
-116958490 992955039
-73662853 628159979
-17570476 155543719
-114612421 973187819
-23329009 204063259
-29514100 256176839
-36552307 315478499
-111199957 944435499
-51695116 443066919
-4987015 49519539
-22475893 196875179
-94777474 806064959
-46149862 396344399
-92431405 786297739
-108427330 921074239
-113546026 964202719
-94137637 800673899
-65558251 559873219
-106934377 908495099
-66837925 570655339
-97763380 831223239
-4133899 42331459
-71530063 610189779
-61079392 522135799
-93497800 795282839
-81340897 692852699
-54041185 462834139
-108853888 924668279
-60652834 518541759
-16717360 148355639
-79208107 674882499
-71743342 611986799
-12238501 110618219
-99043054 842005359
-108214051 919277219
-15650965 139370539
-105441424 895915959
-19489987 171716899
-8186200 76474839
-102242239 868960659
-62145787 531120899
-94350916 802470919
-55320859 473616259
-67264483 574249379
-4560457 45925499
-934714 15376159
-16290802 144761599
-15224407 135776499
-22689172 198672199
-81554176 694649719
-112266352 953420599
-55960696 479007319
-48495931 416111619
-47642815 408923539
-70463668 601204679
-60012997 513150699
-58946602 504165599
-10532269 96242059
-93711079 797079859
-114825700 974984839
-29087542 252582799
-52121674 446660959
-102668797 872554699
-28234426 245394719
-7119805 67489739
-43803793 376577179
-93071242 791688799
-41884282 360403999
-8399479 78271859
-18850150 166325839
-116745211 991158019
-66624646 568858319
-45296746 389156319
-78781549 671288459
-110986678 942638479
-100109449 850990459
-3707341 38737419
-18210313 160934779
-15437686 137573519
-16077523 142964579
-2427667 27955299
-54254464 464631159
-87952546 748560319
-86459593 735981179
-39964771 344230819
-89445499 761139459
-36339028 313681479
-21196219 186093059
-73023016 622768919
-110773399 940841459
-38045260 328057639
-63425461 541903019
-508156 11782119
-106721098 906698079
-83686966 712619919
-44870188 385562279
-92004847 782703699
-96057148 816847079
-39324934 338839759
-65984809 563467259
-43377235 372983139
-55107580 471819239
-91791568 780906679
-5840131 56707619
-77501875 660506339
-19916545 175310939
-9892432 90850999
-9039316 83662919
-6479968 62098679
-109707004 931856359
-33992959 293914259
-1361272 18970199
-48282652 414314599
-14584570 130385439
-76222201 649724219
-25461799 222033459
-19063429 168122859
-57666928 493383479
-2640946 29752319
-58520044 500571559
-50842000 435878839
-33139843 286726179
-68330878 583234479
-45510025 390953339
-42097561 362201019
-51908395 444863939
-2214388 26158279
-40391329 347824859
-109920283 933653379
-91151731 775515619
-69397273 592219579
-105014866 892321919
-6906526 65692719
-13091617 117806299
-21622777 189687099
-7546363 71083779
-16930639 150152659
-112053073 951623579
-40178050 346027839
-28660984 248988759
-110346841 937247419
-26528194 231018559
-58733323 502368579
-3067504 33346359
-11811943 107024179
-75795643 646130179
-103521913 879742779
-56173975 480804339
-53188069 455646059
-30153937 261567899
-17357197 153746699
-43163956 371186119
-77928433 664100379
-57453649 491586459
-47856094 410720559
-27594589 240003659
-30793774 266958959
-35272633 304696379
-48709210 417908639
-49135768 421502679
-102882076 874351719
-33566401 290320219
-62359066 532917919
-26314915 229221539
-70890226 604798719
-77715154 662303359
-41457724 356809959
-38258539 329854659
-110560120 939044439
-103308634 877945759
-97336822 827629199
-11172106 101633119
-62998903 538308979
-99256333 843802379
-72596458 619174879
-4773736 47722519
-103735192 881539799
-67691041 577843419
-47429536 407126519
-35912470 310087439
-81767455 696446739
-60226276 514947719
-1787830 22564239
-9679153 89053979
-106507819 904901059
-85606477 728793099
-27381310 238206639
-1574551 20767219
-58093486 496977519
-84113524 716213959
-113972584 967796759
-95843869 815050059
-65131693 556279179
-112692910 957014639
-85179919 725199059
-70250389 599407659
-44656909 383765259
-86246314 734184159
-12665059 114212259
-100322728 852787479
-89232220 759342439
-12025222 108821199
-13518175 121400339
-39538213 340636779
-20129824 177107959
-9252595 85459939
-39111655 337042739
-90938452 773718599
-110133562 935450399
-112906189 958811659
-42950677 369389099
-90085336 766530519
-50628721 434081819
-31007053 268755979
-37831981 326260619
-98829775 840208339
-113119468 960608679
-33779680 292117239
-14797849 132182459
-1147993 17173179
-82833850 705431839
-37405423 322666579
-97976659 833020259
-63852019 545497059
-294877 9985099
-94990753 807861979
-100536007 854584499
-109493725 930059339
-92218126 784500719
-80701060 687461639
-116105374 985766959
-91365010 777312639
-92857963 789891779
-68970715 588625539
-10745548 98039079
-69610552 594016599
-18636871 164528819
-111839794 949826559
-106294540 903104039
-113332747 962405699
-20343103 178904979
