1219
-352218405 535125915
-55490105 83855865
-398076415 604867650
-309597431 470307126
-256725843 389899008
-198459195 301285980
-388365307 590098812
-441776401 671327421
-266976457 405488337
-3697529 5088729
-231908567 352156422
-387825801 589278321
-175799943 266825358
-637077573 968345163
-351139393 533484933
-482239351 732864246
-525939337 799324017
-265897445 403847355
-508135639 772247814
-498424531 757478976
-410485053 623738943
-356534453 541689843
-416419619 632764344
-57648129 87137829
-564783769 858399369
-652183741 991318911
-210867833 320157273
-383509753 582714393
-608483755 924859140
-177957967 270107322
-460659111 700044606
-325782611 494921856
-228132025 346412985
-33909865 51036225
-202235737 307029417
-439078871 667224966
-51174057 77291937
-582587467 885475572
-313373973 476050563
-199538207 302926962
-34449371 51856716
-409406041 622097961
-553993649 841989549
-398615921 605688141
-270752999 411231774
-565323275 859219860
-233527085 354617895
-511372675 777170760
-381351729 579432429
-458501087 696762642
-217881411 330823656
-5855553 8370693
-73833309 111752559
-298267805 453076815
-430446775 654097110
-601470177 914192757
-218420917 331644147
-482778857 733684737
-470909725 715633935
-107282681 162623001
-29593817 44472297
-578271419 878911644
-527557855 801785490
-468212195 711531480
-247554241 375950661
-453645533 689378223
-260502385 395642445
-264818433 402206373
-422354185 641789745
-86241947 130623852
-315531997 479332527
-345744333 525280023
-175260437 266004867
-203314749 308670399
-599851659 911731284
-306899901 466204671
-557770191 847732986
-604707213 919115703
-376496175 572048010
-631143007 959319762
-509754157 774709287
-305281383 463743198
-408327029 620456979
-435841835 662302020
-242159181 367745751
-25817275 38728860
-547519577 832143657
-403471475 613072560
-129941933 197083623
-471449231 716454426
-138034523 209390988
-276687565 420257175
-1539505 1806765
-447710967 680352822
-64661707 97804212
-611720791 929782086
-624668935 949473870
-274529541 416975211
-622510911 946191906
-39304925 59241135
-26896287 40369842
-36067889 54318189
-557230685 846912495
-98650585 149495145
-328480141 499024311
-564244263 857578878
-433144305 658199565
-347902357 528561987
-231369061 351335931
-438539365 666404475
-534031927 811631382
-221657953 336567093
-265357939 403026864
-142350571 215954916
-386746789 587637339
-590680057 897782937
-285319661 433385031
-122928355 186417240
-90018489 136367289
-278845589 423539139
-527018349 800964999
-303123359 460461234
-583666479 887116554
-418577643 636046308
-190366605 288978615
-654881271 995421366
-267515963 406308828
-120770331 183135276
-211407339 320977764
-109980211 166725456
-46318503 69907518
-644630657 979832037
-520544277 791119107
-417498631 634405326
-443934425 674609385
-609562767 926500122
-489252929 743530629
-80307381 121598451
-626826959 952755834
-636538067 967524672
-240540663 365284278
-178497473 270927813
-500582555 760760940
-116993789 177391839
-533492421 810810891
-593377587 901885392
-54411093 82214883
-251870289 382514589
-207091291 314413836
-16106167 23960022
-348981369 530202969
-612260297 930602577
-431525787 655738092
-358692477 544971807
-421275173 640148763
-461738123 701685588
-32830853 49395243
-235685109 357899859
-426670233 648353673
-60885165 92060775
-27435793 41190333
-494108483 750915048
-478462809 727120809
-209788821 318516291
-452566521 687737241
-371101115 563843100
-79228369 119957469
-380812223 578611938
-58187635 87958320
-397536909 604047159
-501122061 761581431
-549138095 834605130
-95413549 144572199
-582047961 884655081
-230290049 349694949
-483318363 734505228
-195222159 296363034
-295030769 448153869
-11250613 16575603
-396457897 602406177
-502201073 763222413
-441236895 670506930
-587443021 892859991
-67898743 102727158
-461198617 700865097
-143429583 217595898
-191445617 290619597
-495727001 753376521
-352757911 535946406
-329559153 500665293
-22580239 33805914
-497885025 756658485
-642472633 976550073
-99729597 151136127
-153140691 232364736
-34988877 52677207
-535650445 814092855
-71135779 107650104
-292333239 444051414
-187669075 284876160
-413722089 628661889
-368403585 559740645
-236764121 359540841
-324164093 492460383
-81386393 123239433
-2079011 2627256
-569099817 864963297
-244317205 371027715
-180655497 274209777
-220578941 334926111
-63043189 95342739
-133178969 202006569
-201696231 306208926
-30133323 45292788
-261581397 397283427
-284780155 432564540
-81925899 124059924
-91637007 138828762
-606325731 921577176
-491950459 747633084
-20422215 30523950
-310136937 471127617
-577192407 877270662
-639775103 972447618
-343046803 521177568
-530255385 805887945
-321466563 488357928
-62503683 94522248
-111059223 168366438
-570718335 867424770
-131020945 198724605
-234066591 355438386
-13408637 19857567
-555072661 843630531
-436920847 663943002
-418038137 635225817
-361929513 549894753
-364087537 553176717
-25277769 37908369
-187129569 284055669
-340349273 517075113
-341967791 519536586
-84083923 127341888
-145587607 220877862
-594996105 904346865
-475225773 722197863
-172562907 261902412
-477383797 725479827
-449329485 682814295
-115914777 175750857
-629524489 956858289
-581508455 883834590
-618194863 939627978
-121309837 183955767
-312834467 475230072
-278306083 422718648
-189287593 287337633
-94334537 142931217
-535110939 813272364
-161772787 245492592
-613878815 933064050
-561546733 853476423
-31212335 46933770
-347362851 527741496
-188748087 286517142
-181734509 275850759
-152601185 231544245
-222197459 337387584
-590140551 896962446
-24738263 37087878
-196840677 298824507
-139653041 211852461
-197380183 299644998
-599312153 910910793
-325243105 494101365
-423433197 643430727
-201156725 305388435
-469830713 713992953
-61964177 93701757
-236224615 358720350
-624129429 948653379
-41462949 62523099
-634380043 964242708
-240001157 364463787
-471988737 717274917
-299346817 454717797
-587982527 893680482
-245935723 373489188
-136955511 207750006
-56569117 85496847
-188208581 285696651
-115375271 174930366
-50634551 76471446
-437460353 664763493
-597693635 908449320
-288556697 438307977
-596075117 905987847
-197919689 300465489
-392141849 595842249
-225434495 342310530
-391062837 594201267
-630603501 958499271
-559388709 850194459
-17724685 26421495
-4237035 5909220
-610641779 928141104
-571257841 868245261
-165009823 250415538
-572876359 870706734
-632761525 961781235
-378654199 575329974
-276148059 419436684
-71675285 108470595
-422893691 642610236
-168246859 255338484
-594456599 903526374
-277766577 421898157
-125625885 190519695
-361390007 549074262
-232987579 353797404
-323624587 491639892
-239461651 363643296
-517307241 786196161
-477923303 726300318
-209249315 317695800
-17185179 25601004
-275608553 418616193
-147206125 223339335
-270213493 410411283
-635998561 966704181
-565862781 860040351
-77070345 116675505
-298807311 453897306
-79767875 120777960
-87320959 132264834
-238382639 362002314
-182813521 277491741
-476304785 723838845
-589061539 895321464
-252409795 383335080
-326322117 495742347
-296649287 450615342
-414261595 629482380
-138574029 210211479
-592838081 901064901
-415880113 631943853
-104045645 157700055
-194143147 294722052
-106203669 160982019
-419117149 636866799
-58727141 88778811
-211946845 321798255
-316071503 480153018
-234606097 356258877
-132639463 201186078
-167707353 254517993
-635459055 965883690
-388904813 590919303
-407248017 618815997
-575034383 873988698
-108901199 165084474
-131560451 199545096
-537268963 816554328
-272371517 413693247
-212486351 322618746
-600391165 912551775
-606865237 922397667
-248093747 376771152
-405629499 616354524
-481160339 731223264
-121849343 184776258
-617655357 938807487
-377035681 572868501
-159614763 242210628
-430986281 654917601
-195761665 297183525
-634919549 965063199
-28514805 42831315
-107822187 163443492
-491410953 746812593
-254028313 385796553
-466593677 709070007
-563165251 855937896
-150982667 229082772
-523241807 795221562
-592298575 900244410
-345204827 524459532
-317150515 481794000
-232448073 352976913
-314992491 478512036
-394839379 599944704
-502740579 764042904
-605246719 919936194
-89478983 135546798
-588522033 894500973
-353297417 536766897
-179036979 271748304
-237843133 361181823
-291793733 443230923
-219499929 333285129
-425051715 645892200
-653262753 992959893
-579889937 881373117
-415340607 631123362
-331717177 503947257
-392681355 596662740
-70596273 106829613
-193064135 293081070
-100269103 151956618
-499503543 759119958
-101348115 153597600
-227592519 345592494
-507056627 770606832
-552914637 840348567
-146127113 221698353
-282082625 428462085
-177418461 269286831
-442315907 672147912
-514609711 782093706
-473607255 719736390
-479541821 728761791
-161233281 244672101
-145048101 220057371
-551835625 838707585
-288017191 437487486
-155298715 235646700
-652723247 992139402
-384588765 584355375
-333335695 506408730
-327401129 497383329
-39844431 60061626
-196301171 298004016
-112677741 170827911
-24198757 36267387
-40923443 61702608
-13948143 20678058
-572336853 869886243
-119151813 180673803
-112138235 170007420
-241080169 366104769
-619813381 942089451
-96492561 146213181
-243238193 369386733
-470370219 714813444
-580429443 882193608
-255646831 388258026
-85162935 128982870
-387286295 588457830
-106743175 161802510
-517846747 787016652
-548598589 833784639
-643551645 978191055
-346283839 526100514
-257804855 391539990
-90557995 137187780
-46858009 70728009
-77609851 117495996
-126165391 191340186
-98111079 148674654
-254567819 386617044
-249712265 379232625
-202775243 307849908
-595535611 905167356
-47397515 71548500
-50095045 75650955
-463356641 704147061
-142890077 216775407
-558309697 848553477
-9092589 13293639
-141811065 215134425
-133718475 202827060
-72754297 110111577
-11790119 17396094
-354376429 538407879
-365706055 555638190
-556691179 846092004
-290714721 441589941
-440697389 669686439
-271832011 412872756
-654341765 994600875
-228671531 347233476
-56029611 84676356
-116454283 176571348
-451487509 686096259
-646249175 982293510
-16645673 24780513
-300425829 456358779
-59806153 90419793
-357073959 542510334
-411024559 624559434
-43081467 64984572
-156917233 238108173
-205472773 311952363
-560467721 851835441
-336572731 511331676
-384049259 583534884
-367864079 558920154
-385128271 585175866
-427749245 649994655
-580968949 883014099
-30672829 46113279
-285859167 434205522
-200077713 303747453
-157996245 239749155
-445552943 677070858
-213565363 324259728
-358152971 544151316
-541585011 823118256
-396997403 603226668
-627905971 954396816
-623050417 947012397
-399155427 606508632
-8013577 11652657
-144508595 219236880
-569639323 865783788
-53332081 80573901
-525399831 798503526
-148824643 225800808
-63582695 96163230
-92176513 139649253
-562625745 855117405
-318229527 483434982
-65740719 99445194
-359231983 545792298
-559928215 851014950
-428288751 650815146
-506517121 769786341
-602549189 915833739
-429907269 653276619
-334954213 508870203
-282622131 429282576
-413182583 627841398
-149364149 226621299
-489792435 744351120
-111598729 169186929
-614957827 934705032
-621971405 945371415
-54950599 83035374
-536729457 815733837
-160693775 243851610
-494647989 751735539
-532952915 809990400
-542124517 823938747
-119691319 181494294
-250251771 380053116
-649486211 987216456
-614418321 933884541
-184971545 280773705
-515149217 782914197
-312294961 474409581
-454185039 690198714
-524320819 796862544
-6934565 10011675
-353836923 537587388
-540505999 821477274
-404550487 614713542
-548059083 832964148
-526478843 800144508
-586364009 891219009
-44160479 66625554
-393760367 598303722
-68438249 103547649
-87860465 133085325
-534571433 812451873
-297728299 452256324
-262120903 398103918
-454724545 691019205
-974191207 -845783387
-510293663 775529778
-216262893 328362183
-334414707 508049712
-227053013 344772003
-64122201 96983721
-487094905 740248665
-185511051 281594196
-216802399 329182674
-84623429 128162379
-290175215 440769450
-286938179 435846504
-174720931 265184376
-248633253 377591643
-399694933 607329123
-412103571 626200416
-253488807 384976062
-465514665 707429025
-127244403 192981168
-26356781 39549351
-532413409 809169909
-498964037 758299467
-10171601 14934621
-338730755 514613640
-609023261 925679631
-522702301 794401071
-412643077 627020907
-308518419 468666144
-295570275 448974360
-633301031 962601726
-472528243 718095408
-42541961 64164081
-538887481 819015801
-648946705 986395965
-69517261 105188631
-174181425 264363885
-520004771 790298616
-206012279 312772854
-307978913 467845653
-281003613 426821103
-490331941 745171611
-626287453 951935343
-337651743 512972658
-332256683 504767748
-163930811 248774556
-213025857 323439237
-432065293 656558583
-633840537 963422217
-433683811 659020056
-342507297 520357077
-23119745 34626405
-640314609 973268109
-165549329 251236029
-416959125 633584835
-512451687 778811742
-432604799 657379074
-591759069 899423919
-117533295 178212330
-420196161 638507781
-293951757 446512887
-999999 986274
-118612307 179853312
-95953055 145392690
-22040733 32985423
-258344361 392360481
-573415865 871527225
-374877657 569586537
-168786365 256158975
-551296119 837887094
-552375131 839528076
-61424671 92881266
-584745491 888757536
-365166549 554817699
-620892393 943730433
-359771489 546612789
-15027155 22319040
-44699985 67446045
-503819591 765683886
-304202371 462102216
-45239491 68266536
-10711107 15755112
-521083783 791939598
-153680197 233185227
-97032067 147033672
-360850501 548253771
-38225913 57600153
-12329625 18216585
-468751701 712351971
-147745631 224159826
-434762823 660661038
-426130727 647533182
-508675145 773068305
-385667777 585996357
-330638165 502306275
-319308539 485075964
-257265349 390719499
-496266507 754197012
-558849203 849373968
-108361693 164263983
-123467861 187237731
-75991333 115034523
-149903655 227441790
-400234439 608149614
-78149357 118316487
-93255525 141290235
-327940635 498203820
-450948003 685275768
-32291347 48574752
-256186337 389078517
-307439407 467025162
-604167707 918295212
-544822047 828041202
-110519717 167545947
-637617079 969165654
-262660409 398924409
-544282541 827220711
-132099957 200365587
-335493719 509690694
-645709669 981473019
-310676443 471948108
-380272717 577791447
-137495017 208570497
-375956669 571227519
-576113395 875629680
-128323415 194622150
-630063995 957678780
-650025717 988036947
-80846887 122418942
-269134481 408770301
-210328327 319336782
-250791277 380873607
-229750543 348874458
-83544417 126521397
-474686267 721377372
-650565223 988857438
-136416005 206929515
-653802259 993780384
-208170303 316054818
-528097361 802605981
-605786225 920756685
-92716019 140469744
-220039435 334105620
-628984983 956037798
-114835765 174109875
-27975299 42010824
-18803697 28062477
-300965335 457179270
-568560311 864142806
-474146761 720556881
-427209739 649174164
-567481299 862501824
-362469019 550715244
-129402427 196263132
-74912321 113393541
-318769033 484255473
-457422075 695121660
-264278927 401385882
-294491263 447333378
-651104729 989677929
-238922145 362822805
-29054311 43651806
-402392463 611431578
-323085081 490819401
-389983825 592560285
-447171461 679532331
-243777699 370207224
-375417163 570407028
-411564065 625379925
-488173917 741889647
-381891235 580252920
-539966493 820656783
-35528383 53497698
-576652901 876450171
-648407199 985575474
-70056767 106009122
-176339449 267645849
-542664023 824759238
-154219703 234005718
-20961721 31344441
-550217107 836246112
-277227071 421077666
-291254227 442410432
-241619675 366925260
-456343063 693480678
-638156585 969986145
-113756753 172468893
-351678899 534305424
-509214651 773888796
-445013437 676250367
-286398673 435026013
-448250473 681173313
-611181285 928961595
-263199915 399744900
-556151673 845271513
-170404883 258620448
-166088835 252056520
-593917093 902705883
-386207283 586816848
-394299873 599124213
-314452985 477691545
-528636867 803426472
-99190091 150315636
-483857869 735325719
-349520875 531023460
-402931969 612252069
-344665321 523639041
-459040593 697583133
-289635709 439948959
-496806013 755017503
-186590063 283235178
-122388849 185596749
-4776541 6729711
-296109781 449794851
-519465265 789478125
-293412251 445692396
-428828257 651635637
-102427127 155238582
-284240649 431744049
-424512209 645071709
-566941793 861681333
-164470317 249595047
-437999859 665583984
-640854115 974088600
-484936881 736966701
-481699845 732043755
-631682513 960140253
-51713563 78112428
-395918391 601585686
-65201213 98624703
-421814679 640969254
-269673987 409590792
-194682653 295542543
-440157883 668865948
-23659251 35446896
-148285137 224980317
-475765279 723018354
-143969089 218416389
-379193705 576150465
-541045505 822297765
-500043049 759940449
-586903515 892039500
-464435653 705788043
-105664163 160161528
-193603641 293901561
-425591221 646712691
-462817135 703326570
-320387551 486716946
-67359237 101906667
-368943091 560561136
-146666619 222518844
-57108623 86317338
-198998701 302106471
-180115991 273389286
-6395059 9191184
-242698687 368566242
-235145603 357079368
-289096203 439128468
-215183881 326721201
-166628341 252877011
-372180127 565484082
-570178829 866604279
-330098659 501485784
-344125815 522818550
-339270261 515434131
-621431899 944550924
-281543119 427641594
-226513507 343951512
-156377727 237287682
-613339309 932243559
-287477685 436666995
-597154129 907628829
-275069047 417795702
-272911023 414513738
-603628201 917474721
-78688863 119136978
-467672689 710710989
-615497333 935525523
-317690021 482614491
-439618377 668045457
-505438109 768145359
-625747947 951114852
-407787523 619636488
-414801101 630302871
-485476387 737787192
-5316047 7550202
-301504841 457999761
-40383937 60882117
-530794891 806708436
-553454143 841169058
-516767735 785375670
-259962879 394821954
-114296259 173289384
-18264191 27241986
-531334397 807528927
-97571573 147854163
-59266647 89599302
-355455441 540048861
-94874043 143751708
-326861623 496562838
-390523331 593380776
-244856711 371848206
-33370359 50215734
-191985123 291440088
-357613465 543330825
-154759209 234826209
-19882709 29703459
-550756613 837066603
-555612167 844451022
-331177671 503126766
-561007227 852655932
-86781453 131444343
-75451827 114214032
-48476527 73189482
-446631955 678711840
-204393761 310311381
-103506139 156879564
-625208441 950294361
-224894989 341490039
-623589923 947832888
-510833169 776350269
-9632095 14114130
-355994947 540869352
-134257981 203647551
-486555399 739428174
-322545575 489998910
-311755455 473589090
-495187495 752556030
-159075257 241390137
-616576345 937166505
-224355483 340669548
-612799803 931423068
-574494877 873168207
-513530699 780452724
-173102413 262722903
-401313451 609790596
-320927057 487537437
-179576485 272568795
-354915935 539228370
-492489965 748453575
-523781313 796042053
-436381341 663122511
-338191249 513793149
-217341905 330003165
-263739421 400565391
-346823345 526921005
-203854255 309490890
-47937021 72368991
-38765419 58420644
-266436951 404667846
-370561609 563022609
-406708511 617995506
-497345519 755837994
-302044347 458820252
-641933127 975729582
-150443161 228262281
-507596133 771427323
-124546873 188878713
-645170163 980652528
-616036839 936346014
-591219563 898603428
-512991193 779632233
-31751841 47754261
-279924601 425180121
-585284997 889578027
-124007367 188058222
-66280225 100265685
-118072801 179032821
-339809767 516254622
-538347975 818195310
-372719633 566304573
-14487649 21498549
-279385095 424359630
-340888779 517895604
-490871447 745992102
-127783909 193801659
-378114693 574509483
-460119605 699224115
-21501227 32164932
-391602343 595021758
-628445477 955217307
-531873903 808349418
-102966633 156059073
-379733211 576970956
-455803557 692660187
-245396217 372668697
-37146901 55959171
-444473931 675429876
-476844291 724659336
-584205985 887937045
-268594975 407949810
-49016033 74009973
-521623289 792760089
-457961581 695942151
-221118447 335746602
-579350431 880552626
-182274015 276671250
-72214791 109291086
-657039295 998703330
-350060381 531843951
-140192547 212672952
-546980071 831323166
-249172759 378412134
-223276471 339028566
-617115851 937986996
-76530839 115855014
-603088695 916654230
-88399971 133905816
-408866535 621277470
-140732053 213493443
-456882569 694301169
-406169005 617175015
-655420777 996241857
-641393621 974909091
-125086379 189699204
-446092449 677891349
-336033225 510511185
-169865377 257799957
-214644375 325900710
-128862921 195442641
-420735667 639328272
-214104869 325080219
-343586309 521998059
-516228229 784555179
-259423373 394001463
-302583853 459640743
-186050557 282414687
-109440705 165904965
-607404743 923218158
-218960423 332464638
-350599887 532664442
-647867693 984754983
-573955371 872347716
-173641919 263543394
-332796189 505588239
-487634411 741069156
-160154269 243031119
-36607395 55138680
-183353027 278312232
-158535751 240569646
-192524629 292260579
-183892533 279132723
-251330783 381694098
-184432039 279953214
-529176373 804246963
-104585151 158520546
-443394919 673788894
-268055469 407129319
-467133183 709890498
-501661567 762401922
-151522173 229903263
-643012139 977370564
-511912181 777991251
-543743035 826400220
-230829555 350515440
-647328187 983934492
-452027015 686916750
-524860325 797683035
-393220861 597483231
-49555539 74830464
-8553083 12473148
-585824503 890398518
-562086239 854296914
-348441863 529382478
-155838221 236467191
-577731913 878091153
-404010981 613893051
-655960283 997062348
-141271559 214313934
-82465405 124880415
-503280085 764863395
-518925759 788657634
-126704897 192160677
-449868991 683634786
-292872745 444871905
-162851799 247133574
-464975159 706608534
-382970247 581893902
-515688723 783734688
-83004911 125700906
-598772647 910090302
-3158023 4268238
-134797487 204468042
-360310995 547433280
-493568977 750094557
-619273875 941268960
-37686407 56779662
-377575187 573688992
-309057925 469486635
-258883867 393180972
-639235597 971627127
-53871587 81394392
-419656655 637687290
-306360395 465384180
-324703599 493280874
-88939477 134726307
-369482597 561381627
-181195003 275030268
-646788681 983114001
-537808469 817374819
-455264051 691839696
-554533155 842810040
-463896147 704967552
-333875201 507229221
-539426987 819836292
-409945547 622918452
-366245561 556458681
-405089993 615534033
-85702441 129803361
-566402287 860860842
-337112237 512152167
-313913479 476871054
-261041891 396462936
-176878955 268466340
-163391305 247954065
-442855413 672968403
-73293803 110932068
-172023401 261081921
-518386253 787837143
-135336993 205288533
-207630797 315234327
-607944249 924038649
-450408497 684455277
-43620973 65805063
-45778997 69087027
-12869131 19037076
-208709809 316875309
-52792575 79753410
-568020805 863322315
-252949301 384155571
-504898603 767324868
-7474071 10832166
-545901059 829682184
-363008525 551535735
-395378885 600765195
-19343203 28882968
-68977755 104368140
-255107325 387437535
-434223317 659840547
-363548031 552356226
-304741877 462922707
-297188793 451435833
-549677601 835425621
-486015893 738607683
-113217247 171648402
-190906111 289799106
-373259139 567125064
-206551785 313593345
-225974001 343131021
-602009683 915013248
-299886323 455538288
-283701143 430923558
-382430741 581073411
-522162795 793580580
-627366465 953576325
-600930671 913372266
-589601045 896141955
-189827099 288158124
-271292505 412052265
-536189951 814913346
-484397375 736146210
-200617219 304567944
-247014735 375130170
-400773945 608970105
-303662865 461281725
-644091151 979011546
-311215949 472768599
-91097501 138008271
-152061679 230723754
-505977615 768965850
-435302329 661481529
-329019647 499844802
-319848045 485896455
-135876499 206109024
-316611009 480973509
-563704757 856758387
-42002455 63343590
-598233141 909269811
-322006069 489178419
-638696091 970806636
-493029471 749274066
-462277629 702506079
-280464107 426000612
-545361553 828861693
-466054171 708249516
-273450529 415334229
-374338151 568766046
-571797347 869065752
-237303627 360361332
-583126973 886296063
-60345659 91240284
-373798645 567945555
-366785067 557279172
-620352887 942909942
-389444319 591739794
-2618517 3447747
-222736965 338208075
-610102273 927320613
-546440565 830502675
-473067749 718915899
-130481439 197904114
-651644235 990498420
-167167847 253697502
-401852957 610611087
-469291207 713172462
-364627043 553997208
-246475229 374309679
-52253069 78932919
-169325871 256979466
-305820889 464563689
-529715879 805067454
-229211037 348053967
-543203529 825579729
-223815977 339849057
-74372815 112573050
-371640621 564663591
-273990035 416154720
-504359097 766504377
-459580099 698403624
-429367763 652456128
-139113535 211031970
-157456739 238928664
-618734369 940448469
-514070205 781273215
-480620833 730402773
-656499789 997882839
-341428285 518716095
-480081327 729582282
-575573889 874809189
-171483895 260261430
-423972703 644251218
-101887621 154418091
-632222019 960960744
-448789979 681993804
-596614623 906808338
-460493 165783
-215723387 327541692
-488713423 742710138
-93795031 142110726
-15566661 23139531
-578810925 879732135
-105124657 159341037
-367324573 558099663
-66819731 101086176
-162312293 246313083
-479002315 727941300
-170944389 259440939
-283161637 430103067
-204933267 311131872
-100808609 152777109
-120230825 182314785
-453106027 688557732
-370022103 562202118
