1024
469100833 -372622569
918633993 -729504369
905929795 -719418579
316650457 -251593089
494509229 -392794149
396784629 -315211149
95792861 -76255509
944042389 -749675949
220880349 -175561749
633278161 -502962009
988995705 -785364129
218925857 -174010089
376262463 -298918719
870748939 -691488699
85043155 -67721379
296128291 -235300659
941110651 -747348459
100679091 -80134659
353785805 -281074629
439783453 -349347669
777910569 -617784849
867817201 -689161209
160291097 -127460289
883453137 -701574489
703639873 -558821769
530667331 -421499859
424147517 -336934389
503304443 -399776619
9795213 -7982469
720253055 -572010879
866839955 -688385379
909838779 -722521899
722207547 -573562539
11749705 -9534129
342058853 -271764669
389943907 -309780339
250197729 -198836649
26408395 -21171579
436851715 -347020179
448578667 -356330139
563893695 -447878079
932315437 -740365989
478873293 -380380869
737843483 -585975819
392875645 -312107829
57680267 -45998139
779865061 -619336509
227721071 -180992559
27385641 -21947409
473009817 -375725889
216971365 -172458429
805273457 -639508089
68429973 -54532269
648914097 -515375289
896157335 -711660279
937201667 -744245139
958701079 -761313399
58657513 -46773969
747615943 -593734119
99701845 -79358829
447601421 -355554309
33249117 -26602389
206221659 -163924299
86997647 -69273039
119246765 -94875429
359649281 -285729609
63543743 -50653119
317627703 -252368919
185699493 -147631869
963587309 -765192549
452487651 -359433459
636209899 -505289499
83088663 -66169719
507213427 -402879939
259970189 -206594949
301991767 -239955639
159313851 -126684459
91883877 -73152189
960655571 -762865059
467146341 -371070909
897134581 -712436109
664550033 -527788569
668459017 -530891889
874657923 -694592019
575620647 -457188039
860976479 -683730399
318604949 -253144749
192540215 -153062679
876612415 -696143679
161268343 -128236119
28362887 -22723239
573666155 -455636379
231630055 -184095879
265833665 -211249929
32271871 -25826559
435874469 -346244349
51816791 -41343159
801364473 -636404769
463237357 -367967589
834590837 -662782989
842408805 -668989629
796478243 -632525619
561939203 -446326419
957723833 -760537569
863908217 -686057889
524803855 -416844879
964564555 -765968379
652823081 -518478609
677254231 -537874359
97747353 -77807169
506236181 -402104109
716344071 -568907559
682140461 -541753509
899089073 -713987769
629369177 -499858689
244334253 -194181669
938178913 -745020969
365512757 -290384589
301014521 -239179809
77225187 -61514739
773024339 -613905699
72338957 -57635589
82111417 -65393889
70384465 -56083929
819932147 -651145539
193517461 -153838509
839477067 -666662139
171040803 -135994419
792569259 -629422299
606892519 -482014599
285378585 -226766529
533599069 -423827349
662595541 -526236909
403625351 -320641959
199380937 -158493489
379194201 -301246209
189608477 -150735189
974337015 -773726679
232607301 -184871709
346945083 -275643819
322513933 -256248069
690935675 -548735979
859999233 -682954569
286355831 -227542359
744684205 -591406629
789637521 -627094809
410466073 -326072769
156382113 -124356969
880521399 -699246999
155404867 -123581139
284401339 -225990699
793546505 -630198129
406557089 -322969449
504281689 -400552449
294173799 -233748999
236516285 -187975029
123155749 -97978749
501349951 -398224959
552166743 -438568119
749570435 -595285779
81134171 -64618059
484736769 -385035849
209153397 -166251789
300037275 -238403979
461282865 -366415929
979223245 -777605829
194494707 -154614339
902998057 -717091089
175927033 -139873569
783774045 -622439829
197426445 -156941829
462260111 -367191759
98724599 -78582999
196449199 -156165999
276583371 -219784059
787683029 -625543149
666504525 -529340229
729048269 -578993349
477896047 -379605039
174949787 -139097739
12726951 -10309959
273651633 -217456569
698753643 -554942619
560961957 -445550589
166154573 -132115269
53771283 -42894819
756411157 -600716589
283424093 -225214869
395807383 -314435319
430988239 -342365199
550212251 -437016459
512099657 -406759089
929383699 -738038499
54748529 -43670649
222834841 -177113409
510145165 -405207429
61589251 -49101459
517963133 -411414069
650868589 -516926949
846317789 -672092949
25431149 -20395749
693867413 -551063469
831659099 -660455499
986063967 -783036639
738820729 -586751649
371376233 -295039569
813091425 -645714729
923520223 -733383519
568779925 -451757229
709503349 -563476749
460305619 -365640099
412420565 -327624429
657709311 -522357759
362581019 -288057099
879544153 -698471169
374307971 -297367059
217948611 -173234259
398739121 -316762809
774978831 -615457359
29340133 -23499069
475941555 -378053379
333263639 -264782199
111428797 -88668789
364535511 -289608759
921565731 -731831859
680185969 -540201849
234561793 -186423369
998768165 -793122429
473987063 -376501719
994859181 -790019109
611778749 -485893749
450533159 -357881799
667481771 -530116059
338149869 -268661349
871726185 -692264529
480827785 -381932529
22753 -224169
525781101 -417620709
42044331 -33584859
24453903 -19619919
618619471 -491324559
117292273 -93323769
349876821 -277971309
622528455 -494427879
920588485 -731056029
836545329 -664334649
489622999 -388914999
129019225 -102633729
770092601 -611578209
363558265 -288832929
344990591 -274092159
723184793 -574338369
635232653 -504513669
96770107 -77031339
732957253 -582096669
625460193 -496755369
702662627 -558045939
758365649 -602268249
954792095 -758210079
835568083 -663558819
675299739 -536322699
262901927 -208922439
925474715 -734935179
952837603 -756658419
837522575 -665110479
358672035 -284953779
258992943 -205819119
760320141 -603819909
297105537 -236076489
933292683 -741141819
205244413 -163148469
969450785 -769847529
854135757 -678299589
809182441 -642611409
402648105 -319866129
414375057 -329176089
769115355 -610802379
991927443 -787691619
149541391 -118926159
733934499 -582872499
15658689 -12637449
849249527 -674420439
391898399 -311331999
820909393 -651921369
946974127 -752003439
432942731 -343916859
997790919 -792346599
302969013 -240731469
699730889 -555718449
951860357 -755882589
543371529 -431585649
355740297 -282626289
242379761 -192630009
592233829 -470377149
553143989 -439343949
482782277 -383484189
945019635 -750451779
437828961 -347796009
956746587 -759761739
627414685 -498307029
721230301 -572786709
266810911 -212025759
158336605 -125908629
458351127 -364088439
955769341 -758985909
343036099 -272540499
790614767 -627870639
237493531 -188750859
976291507 -775278339
570734417 -453308889
173972541 -138321909
179836017 -142976889
872703431 -693040359
764229125 -606923229
794523751 -630973959
356717543 -283402119
786705783 -624767319
226743825 -180216729
440760699 -350123499
314695965 -250041429
142700669 -113495349
103610829 -82462149
519917625 -412965729
485714015 -385811679
942087897 -748124289
919611239 -730280199
996813673 -791570769
646959605 -513823629
980200491 -778381659
637187145 -506065329
687026691 -545632659
264856419 -210474099
930360945 -738814329
616664979 -489772899
497440967 -395121639
401670859 -319090299
201335429 -160045149
715366825 -568131729
247265991 -196509159
427079255 -339261879
697776397 -554166789
621551209 -493652049
388966661 -309004509
298082783 -236852319
204267167 -162372639
339127115 -269437179
542394283 -430809819
893225597 -709332789
681163215 -540977679
705594365 -560373429
470078079 -373398399
962610063 -764416719
306877997 -243834789
821886639 -652697199
992904689 -788467449
987041213 -783812469
915702255 -727176879
708526103 -562700919
360626527 -286505439
55725775 -44446479
875635169 -695367849
177881525 -141425229
982154983 -779933319
927429207 -736486839
566825433 -450205569
1977245 -1775829
277560617 -220559889
685072199 -544080999
240425269 -191078349
404602597 -321417789
366490003 -291160419
207198905 -164700129
323491179 -257023899
537508053 -426930669
104588075 -83237979
215016873 -170906769
67452727 -53756439
238470777 -189526689
136837193 -108840369
121201257 -96427089
601029043 -477359619
37158101 -29705709
215994119 -171682599
191562969 -152286849
483759523 -384260019
60612005 -48325629
532621823 -423051519
967496293 -768295869
332286393 -264006369
833613591 -662007159
253129467 -201164139
324468425 -257799729
578552385 -459515529
84065909 -66945549
315673211 -250817259
385057677 -305901189
495486475 -393569979
825795623 -655800519
35203609 -28154049
135859947 -108064539
505258935 -401328279
417306795 -331503579
137814439 -109616199
877589661 -696919509
541417037 -430033989
759342895 -603044079
545326021 -433137309
281469601 -223663209
150518637 -119701989
22499411 -18068259
661618295 -525461079
567802679 -450981399
599074551 -475807959
110451551 -87892959
248243237 -197284989
492554737 -391242489
334240885 -265558029
761297387 -604595739
40089839 -32033199
626437439 -497531199
256061205 -203491629
170063557 -135218589
740775221 -588303309
653800327 -519254439
384080431 -305125359
381148693 -302797869
500372705 -397449129
444669683 -353226819
852181265 -676747929
589302091 -468049659
815045917 -647266389
822863885 -653473029
148564145 -118150329
30317379 -24274899
434897223 -345468519
959678325 -762089229
673345247 -534771039
970428031 -770623359
90906631 -72376359
183745001 -146080209
858044741 -681402909
312741473 -248489769
623505701 -495203709
47907807 -38239839
465191849 -369519249
92861123 -73928019
936224421 -743469309
74293449 -59187249
660641049 -524685249
87974893 -70048869
598097305 -475032129
748593189 -594509949
400693613 -318314469
369421741 -293487909
313718719 -249265599
649891343 -516151119
630346423 -500634519
554121235 -440119779
178858771 -142201059
692890167 -550287639
246288745 -195733329
337172623 -267885519
415352303 -329951919
299060029 -237628149
451510405 -358657629
129996471 -103409559
556075727 -441671439
172018049 -136770249
481805031 -382708359
971405277 -771399189
604938027 -480462939
101656337 -80910489
241402515 -191854179
387012169 -307452849
717321317 -569683389
993881935 -789243279
172995295 -137546079
108497059 -86341299
892248351 -708556959
639141637 -507616989
587347599 -466497999
102633583 -81686319
499395459 -396673299
397761875 -315986979
116315027 -92547939
182767755 -145304379
423170271 -336158559
308832489 -245386449
803318965 -637956429
811136933 -644163069
304923505 -242283129
701685381 -557270109
765206371 -607699059
865862709 -687609549
579529631 -460291359
449555913 -357105969
884430383 -702350319
368444495 -292712079
420238533 -333831069
466169095 -370295079
887362121 -704677809
387989415 -308228679
989972951 -786139959
393852891 -312883659
913747763 -725625219
644027867 -511496139
146609653 -116598669
433919977 -344692689
572688909 -454860549
425124763 -337710219
43021577 -34360689
917656747 -728728539
167131819 -132891099
219903103 -174785919
78202433 -62290569
431965485 -343141029
154427621 -122805309
945996881 -751227609
7840721 -6430809
823841131 -654248859
859021987 -682178739
557052973 -442447269
564870941 -448653909
620573963 -492876219
965541801 -766744209
609824257 -484342089
828727361 -658128009
514054149 -408310749
643050621 -510720309
757388403 -601492419
544348775 -432361479
762274633 -605371569
908861533 -721746069
367467249 -291936249
41067085 -32809029
176904279 -140649399
468123587 -371846739
272674387 -216680739
453464897 -360209289
731980007 -581320839
214039627 -170130939
768138109 -610026549
752502173 -597613269
14681443 -11861619
634255407 -503737839
80156925 -63842229
516985887 -410638239
799409981 -634853109
188631231 -149959359
372353479 -295815399
591256583 -469601319
678231477 -538650189
735888991 -584424159
947951373 -752779269
210130643 -167027619
590279337 -468825489
48885053 -39015669
386034923 -306677019
843386051 -669765459
728071023 -578217519
981177737 -779157489
966519047 -767520039
184722247 -146856039
320559441 -254696409
89929385 -71600529
885407629 -703126149
261924681 -208146609
736866237 -585199989
151495883 -120477819
902020811 -716315259
593211075 -471152979
559984711 -444774759
928406453 -737262669
399716367 -317538639
271697141 -215904909
914725009 -726401049
357694789 -284177949
535553561 -425379009
255083959 -202715799
75270695 -59963079
751524927 -596837439
607869765 -482790429
520894871 -413741559
429033747 -340813539
269742649 -214353249
856090249 -679851249
350854067 -278747139
850226773 -675196269
213062381 -169355109
558030219 -443223099
268765403 -213577419
608847011 -483566259
658686557 -523133589
254106713 -201939969
490600245 -389690829
93838369 -74703849
138791685 -110392029
731002761 -580545009
845340543 -671317119
782796799 -621663999
551189497 -437792289
645982359 -513047799
36180855 -28929879
588324845 -467273829
689958429 -547960149
113383289 -90220449
527735593 -419172369
706571611 -561149259
243357007 -193405839
309809735 -246162279
683117707 -542529339
3931737 -3327489
290264815 -230645679
141723423 -112719519
5886229 -4879149
890293859 -707005299
610801503 -485117919
311764227 -247713939
143677915 -114271179
31294625 -25050729
684094953 -543305169
640118883 -508392819
713412333 -566580069
52794037 -42118989
511122411 -405983259
935247175 -742693479
130973717 -104185389
798432735 -634077279
430010993 -341589369
115337781 -91772109
144655161 -115047009
109474305 -87117129
988018459 -784588299
382125939 -303573699
347922329 -276419649
602006289 -478135449
763251879 -606147399
190585723 -151511019
978245999 -776829999
46930561 -37464009
617642225 -490548729
125110241 -99530409
743706959 -590630799
131950963 -104961219
615687733 -488997069
655754819 -520806099
940133405 -746572629
711457841 -565028409
260947435 -207370779
132928209 -105737049
595165567 -472704639
934269929 -741917649
628391931 -499082859
688981183 -547184319
287333077 -228318189
442715191 -351675159
352808559 -280298799
812114179 -644938899
502327197 -399000789
498418213 -395897469
904952549 -718642749
977268753 -776054169
776933323 -617009019
968473539 -769071699
536530807 -426154839
691912921 -549511809
641096129 -509168649
755433911 -599940759
784751291 -623215659
707548857 -561925089
734911745 -583648329
180813263 -143752719
44976069 -35912349
898111827 -713211939
292219307 -232197339
375285217 -298142889
531644577 -422275689
212085135 -168579279
446624175 -354778479
559007465 -443998929
730025515 -579769179
163222835 -129787779
348899575 -277195479
124132995 -98754579
753479419 -598389099
847295035 -672868779
157359359 -125132799
659663803 -523909419
270719895 -215129079
529690085 -420724029
249220483 -198060819
456396635 -362536779
862930971 -685282059
546303267 -433913139
778887815 -618560679
257038451 -204267459
686049445 -544856829
474964309 -377277549
585393107 -464946339
754456665 -599164929
605915273 -481238769
624482947 -495979539
895180089 -710884449
295151045 -234524829
882475891 -700798659
538485299 -427706499
576597893 -457963869
407534335 -323745279
774001585 -614681529
584415861 -464170509
719275809 -571235049
695821905 -552615129
718298563 -570459219
665527279 -528564399
126087487 -100306239
663572787 -527012739
321536687 -255472239
582461369 -462618849
795500997 -631749789
596142813 -473480469
390921153 -310556169
405579843 -322193619
288310323 -229094019
949905865 -754330929
999999 -999999
105565321 -84013809
824818377 -655024689
586370353 -465722169
869771693 -690712869
330331901 -262454709
840454313 -667437969
118269519 -94099599
62566497 -49877289
139768931 -111167859
472032571 -374950059
791592013 -628646469
912770517 -724849389
741752467 -589079139
488645753 -388139169
727093777 -577441689
522849363 -415293219
700708135 -556494279
66475481 -52980609
889316613 -706229469
122178503 -97202919
479850539 -381156699
13704197 -11085789
612755995 -486669579
694844659 -551839299
413397811 -328400259
603960781 -479687109
394830137 -313659489
891271105 -707781129
540439791 -429258159
4908983 -4103319
528712839 -419948199
221857595 -176337579
181790509 -144528549
336195377 -267109689
922542977 -732607689
233584547 -185647539
516008641 -409862409
459328373 -364864269
672368001 -533995209
351831313 -279522969
645005113 -512271969
861953725 -684506229
901043565 -715539429
903975303 -717866919
886384875 -703901979
712435087 -565804239
487668507 -387363339
10772459 -8758299
426102009 -338486049
486691261 -386587509
496463721 -394345809
638164391 -506841159
806250703 -640283919
94815615 -75479679
56703021 -45222309
79179679 -63066399
293196553 -232973169
983132229 -780709149
688003937 -546408489
781819553 -620888169
838499821 -665886309
307855243 -244610619
455419389 -361760949
594188321 -471928809
421215779 -334606899
985086721 -782260809
252152221 -200388309
614710487 -488221239
147586899 -117374499
43998823 -35136519
-897310121 -364261792
239448023 -190302519
153450375 -122029479
370398987 -294263739
948928619 -753555099
69407219 -55308099
772047093 -613129869
818954901 -650369709
780842307 -620112339
995836427 -790794939
202312675 -160820979
416329549 -330727749
975314261 -774502509
438806207 -348571839
278537863 -221335719
187653985 -149183529
515031395 -409086579
344013345 -273316329
953814849 -757434249
279515109 -222111549
409488827 -325296939
565848187 -449429739
651845835 -517702779
464214603 -368743419
64520989 -51428949
445646929 -354002649
950883111 -755106759
802341719 -637180599
600051797 -476583789
34226363 -27378219
943065143 -748900119
580506877 -461067189
816023163 -648042219
340104361 -270213009
548257759 -435464799
373330725 -296591229
331309147 -263230539
676276985 -537098529
120224011 -95651259
739797975 -587527479
454442143 -360985119
200358183 -159269319
714389579 -567355899
518940379 -412189899
228698317 -181768389
225766579 -179440899
411443319 -326848599
881498645 -700022829
8817967 -7206639
49862299 -39791499
16635935 -13413279
378216955 -300470379
878566907 -697695339
310786981 -246938109
282446847 -224439039
168109065 -133666929
345967837 -274867989
45953315 -36688179
71361711 -56859759
855113003 -679075419
107519813 -85565469
19567673 -15740769
419261287 -333055239
523826609 -416069049
726116531 -576665859
767160863 -609250719
613733241 -487445409
127064733 -101082069
335218131 -266333859
106542567 -84789639
319582195 -253920579
674322493 -535546869
521872117 -414517389
800387227 -635628939
229675563 -182544219
86020401 -68497209
549235005 -436240629
710480595 -564252579
775956077 -616233189
326422917 -259351389
408511581 -324521109
642073375 -509944479
471055325 -374174229
380171447 -302022039
924497469 -734159349
305900751 -243058959
203289921 -161596809
555098481 -440895609
198403691 -157717659
114360535 -90996279
939156159 -745796799
961632817 -763640889
868794447 -689937039
602983535 -478911279
140746177 -111943689
853158511 -677523759
829704607 -658903839
656732065 -521581929
491577491 -390466659
2954491 -2551659
457373881 -363312609
50839545 -40567329
133905455 -106512879
441737945 -350899329
361603773 -287281269
581484123 -461843019
235539039 -187199199
873680677 -693816189
224789333 -178665069
817000409 -648818049
274628879 -218232399
857067495 -680627079
169086311 -134442759
670413509 -532443549
990950197 -786915789
280492355 -222887379
704617119 -559597599
848272281 -673644609
195471953 -155390169
230652809 -183320049
428056501 -340037709
267788157 -212801589
972382523 -772175019
23476657 -18844089
39112593 -31257369
164200081 -130563609
814068671 -646490559
165177327 -131339439
742729713 -589854969
21522165 -17292429
17613181 -14189109
211107889 -167803449
827750115 -657352179
984109475 -781484979
258015697 -205043289
325445671 -258575559
245311499 -194957499
583438615 -463394679
830681853 -659679669
341081607 -270988839
251174975 -199612479
18590427 -14964939
476918801 -378829209
911793271 -724073559
145632407 -115822839
508190673 -403655769
679208723 -539426019
973359769 -772950849
134882701 -107288709
864885463 -686833719
275606125 -219008229
907884287 -720970239
785728537 -623991489
804296211 -638732259
632300915 -502186179
725139285 -575890029
750547681 -596061609
788660275 -626318979
926451961 -735711009
534576315 -424603179
128041979 -101857899
526758347 -418396539
38135347 -30481539
910816025 -723297729
724162039 -575114199
513076903 -407534919
631323669 -501410349
328377409 -260903049
291242061 -231421509
88952139 -70824699
894202843 -710108619
826772869 -656576349
65498235 -52204779
263879173 -209698269
807227949 -641059749
547280513 -434688969
327400163 -260127219
832636345 -661231329
539462545 -428482329
289287569 -229869849
569757171 -452533059
745661451 -592182459
931338191 -739590159
851204019 -675972099
808205195 -641835579
208176151 -165475959
746638697 -592958289
916679501 -727952709
844363297 -670541289
418284041 -332279409
817977655 -649593879
571711663 -454084719
574643401 -456412209
810159687 -643387239
73316203 -58411419
112406043 -89444619
6863475 -5654979
354763051 -281850459
223812087 -177889239
797455489 -633301449
493531983 -392018319
303946259 -241507299
162245589 -129011949
696799151 -553390959
654777573 -520030269
509167919 -404431599
443692437 -352450989
329354655 -261678879
771069847 -612354039
20544919 -16516599
577575139 -458739699
647936851 -514599459
888339367 -705453639
59634759 -47549799
906907041 -720194409
671390755 -533219379
186676739 -148407699
383103185 -304349529
562916449 -447102249
841431559 -668213799
766183617 -608474889
900066319 -714763599
597120059 -474256299
669436263 -531667719
422193025 -335382729
619596717 -492100389
377239709 -299694549
152473129 -121253649
76247941 -60738909
