-999530894 -757521154 969041768 131518007
100
-993873267 -395316477 496470476
-955441406 -145348128 -65154892
-936263085 302331897 462088179
-901599359 -196080231 54045031
-894340331 -879707901 465787751
-837740852 -454844840 246895103
-798701714 -629946079 423822420
-765108745 -897018837 862031989
-761099169 -892776184 106329606
-756255178 -39420990 804900652
-750819600 -848352056 854213227
-730983297 -273078941 947733068
-717823116 -405754064 49144436
-683324079 -541098719 -149025551
-678262436 571086094 777407319
-677021729 -746799858 260199128
-673276463 -768362258 -42402276
-648385136 -385748604 -200207
-603203479 -159823881 199472276
-597025771 -201945394 811910649
-596292009 -810813451 -405078554
-586749382 -158540978 586423933
-504117260 -974734156 -490468399
-503922149 95253161 265357324
-495305847 274575043 964502662
-460680997 -448649031 953612618
-457955178 -103767827 271839869
-457596884 -613134597 -32432841
-426950804 -188002610 477540564
-382404294 -467491848 892478713
-353921078 436485459 448621241
-332918157 -271589988 29892268
-324108725 -269700434 -67211059
-309127999 -644171213 655306807
-287946269 -125596964 811916248
-276710375 -846360270 -628414220
-246306081 -976345971 172829200
-234181585 585541160 742931869
-232931564 -741997912 32709351
-203168547 -907337727 88661877
-202743923 -538628160 92582038
-187565861 771189255 974949584
-167088473 -991026180 -895207243
-138591364 240368669 842125521
-100525560 -609149709 -452901016
-91734890 -968348472 694924675
-86262895 -966603039 602761281
-78041629 185507949 313163668
-76243363 -485964849 32779240
-69567212 -248027225 -175662658
-67281618 -481629777 -153647224
-56196269 -466075433 73687285
-38548256 430822849 518786802
-3392346 -713225330 960536651
-1874050 401243649 428126307
1031551 -121548364 880347444
46251300 -361641049 649560116
50019151 -909304513 757146503
73231786 -637728018 308205249
77260571 -696375581 -228122434
122996472 -997086626 -550458416
156182755 -819808662 355266783
164368133 -703687857 -1812236
226499559 405753725 623706385
252327555 -571573922 200734788
258327272 -32892602 724484105
265543531 485843045 826849211
287071871 -843995066 -74555196
289229913 -211094729 994536919
300256069 -571751440 -428704651
361973798 148827946 730713730
385018539 -790076635 749818005
389503541 -179544902 594273191
415034458 -745571430 500928472
457858242 866903114 967842325
484199513 -333395221 709637338
527069380 -81236603 275226046
529471218 -738457029 680259969
553978337 263032115 445650967
584949385 -530857503 160271521
606096855 -413044460 659699974
625240357 -537519238 -478676328
658576484 -793470529 829420687
660805818 -803647949 -265563569
695477215 -758510387 963388346
736289519 616181 59341869
746115397 -371521987 301067116
747553693 -299866596 -243780928
782645143 -619523066 -257825024
828769641 -411087410 745999925
835782367 -253280211 733267466
838502937 -436859766 879892657
843177269 -366887681 -148815635
854318784 -68175162 940346934
878461039 177348042 468657964
879880879 -502014061 342396244
884655807 -667754398 282712436
907899881 -881270920 80617668
946306964 -323906255 128283940
966235140 -196287964 177648672
