-999530894 -757521154
-993873267 -395316477
-955441406 -65154892
-936263085 302331897
-901599359 54045031
-756255178 -39420990
-683324079 -149025551
-678262436 571086094
-677021729 260199128
-673276463 -42402276
-603203479 -159823881
-597025771 -201945394
-596292009 -405078554
-586749382 -158540978
-504117260 -490468399
-503922149 95253161
-495305847 274575043
-457596884 -32432841
-353921078 436485459
-332918157 29892268
-324108725 -67211059
-287946269 -125596964
-276710375 -628414220
-246306081 172829200
-234181585 585541160
-232931564 32709351
-203168547 88661877
-202743923 92582038
-187565861 771189255
-167088473 -895207243
-138591364 240368669
-100525560 -452901016
-78041629 185507949
-76243363 32779240
-69567212 -175662658
-67281618 -153647224
-38548256 430822849
-1874050 401243649
77260571 -228122434
122996472 -550458416
226499559 405753725
252327555 200734788
265543531 485843045
300256069 -428704651
361973798 148827946
415034458 500928472
457858242 866903114
527069380 275226046
553978337 263032115
625240357 -478676328
736289519 616181
747553693 -243780928
782645143 -257825024
843177269 -148815635
878461039 177348042
907899881 80617668
969041768 131518007
