-997105687 -23165947
-996318633 -106745266
-992641307 451152723
-989109087 -461313829
-986149573 -134717916
-984865319 -220514814
-982545651 -8948568
-978610280 -201468902
-975496597 188705399
-975113839 321841035
-972405648 395096191
-971528802 131634875
-970149948 703896856
-968938643 -621739852
-967468756 122793931
-966661746 -52773985
-964366691 -646002765
-960461216 67276918
-948581589 -245282475
-943304793 536709593
-942402255 698530682
-940188321 554792783
-940065538 -324024471
-938458373 119981795
-936523245 -495714420
-934383671 51671937
-933586655 198648377
-930679933 -48503593
-928877253 -702365366
-927883561 -76074320
-926815474 -616927728
-924900169 -324847876
-918608403 -73080286
-911677551 555893667
-905559846 529928241
-902303790 633859522
-901746512 -48065392
-900502724 -49699647
-900393576 -79302590
-899414933 -42370067
-899143588 -250797958
-898920185 545807326
-897099817 153528908
-883124402 -162269109
-881640372 -72958047
-876782290 506070395
-876633699 -424635724
-873955992 653271636
-869672687 -393636682
-867316400 112569304
-861832485 -312939500
-856444006 3600267
-851844814 -9551168
-846431277 549220160
-845758409 -360487317
-839899016 -631194384
-837126367 -84686944
-834767713 -109117989
-823636523 -19277851
-814958897 239046156
-811800852 448613998
-809036937 201753684
-805436748 280685283
-804905821 276729106
-798688541 274564417
-798493268 -525078672
-796289881 324262390
-790115627 412492723
-789571739 -410828515
-789375300 480916321
-778998081 -202054329
-776291227 -405520015
-773950548 -436466773
-773357163 -363917199
-769698292 -188135211
-769588242 -467370395
-762141878 246594443
-750897589 -725122468
-748648781 -239930875
-744827239 -402023465
-740995938 -54098548
-738145805 -360833700
-737704844 -472422309
-737053567 -667729418
-734450304 90775613
-734449089 930916341
-729052331 259016577
-728078398 508214954
-727260920 721754858
-726540249 -738684471
-726510245 303288837
-721976504 145580866
-721106365 188150149
-720998477 462972927
-720578940 397244307
-718713700 3468960
-718215340 692144238
-718176626 -180133983
-717134306 -199912518
-714754808 370645493
-703701122 -93165094
-703490554 495918089
-698373206 -87097522
-696740048 295925918
-695183211 454280141
-693110474 50719560
-692900322 -192850324
-692280148 9393802
-672681858 443492186
-653478030 -591921638
-647557464 354892799
-645740086 688415427
-639237736 -73787476
-638240035 -478601372
-633422195 -939625918
-630685753 8611971
-625413070 -581377144
-623340414 443772415
-621313056 529742113
-616126043 -124798196
-615678533 -227903618
-607987246 -442663845
-601230645 -640555516
-600617016 -57070919
-598189348 -296058223
-594896957 872446147
-594393491 609653434
-582840828 -189412888
-577216777 -623041458
-566556404 -87069541
-556442381 270549611
-548867698 -442648229
-543584977 -451768346
-542498073 245577504
-541489695 525893797
-539164838 153615850
-522106497 237076200
-520738400 -879585589
-514798558 -385422615
-512669502 -348772487
-511796549 -113580189
-503909434 384037033
-502002431 -154952702
-499746658 -193267574
-497210162 205958421
-496518487 233122254
-495872305 157592462
-492498058 -323396326
-490729823 -47898505
-486836576 342566314
-484416722 92536832
-479308280 506086394
-478783675 272096097
-478298935 6344328
-473245431 73189274
-472950063 -863965415
-472077031 -147703093
-471032312 625434028
-470840808 479724697
-468350802 -583878653
-461800578 489251826
-461573193 372423421
-457076474 -97365006
-452991152 -21971527
-448828942 -443055732
-443884057 98446429
-441265555 -9468690
-435728206 707886841
-432850202 -594200854
-432055309 -376792773
-425545081 -391573028
-421328496 -99647142
-418610200 -19481648
-418000895 -772825776
-417746752 -698322939
-412242152 336410175
-410476214 -192592277
-407896951 -224856509
-407832684 -379912839
-405739386 489947328
-404563485 149850497
-402869337 725492193
-402811031 768347521
-402369034 199942141
-401079042 625950741
-398849986 456564745
-398459687 800089160
-397860167 358316225
-392215715 365279727
-385964989 601112575
-385246356 -168604416
-381334382 496455288
-373819175 515762870
-372782460 632750502
-371865086 146954608
-366779665 722340636
-366310201 -159278028
-365425913 17991756
-357965651 194128299
-354492318 -261010984
-353064994 83742470
-345776659 70641129
-345471165 138569389
-341225456 -153003217
-340351757 -776809898
-337696844 568058432
-337031911 -22951988
-331482739 307131654
-327743646 -217940476
-319656507 -406181564
-314862109 -439064767
-311817283 33308459
-311378391 327211627
-309881851 -315103482
-305427053 351827366
-294906575 -257798297
-294575331 -814915744
-287582933 40131747
-278369467 157426042
-277909924 -668470641
-276181874 -277406974
-272573133 -588906242
-272459462 -191112408
-270312793 322125127
-266979319 148683332
-264721651 220642860
-263988440 -39124775
-261861454 -95083210
-258161692 -243856378
-256488100 -518380474
-254691628 -225886424
-252217703 -537793903
-247016550 842550361
-246006619 868070191
-240284175 -668556311
-239360311 -311790539
-233375223 159621723
-232075367 -104379386
-222161281 -461959665
-221297411 -114337212
-216708450 -376483266
-212898345 -152437912
-199836583 -388229563
-198912315 -620356973
-198828674 233853926
-195881727 -327964538
-195068680 -211440316
-191911855 -738964494
-191127445 93814014
-189876666 305302873
-189005328 -324229027
-188390287 616506543
-182916909 7205577
-181911081 745677860
-171008063 -142290951
-159618571 21428755
-158956767 872072984
-158190547 -503249773
-155112308 -108483780
-153056191 414598115
-150766817 -267971785
-147109770 -485702747
-141076818 -449669722
-140745263 -315984502
-139278610 211954092
-133581793 -854458405
-133152189 -332647225
-129258300 -213817249
-127449209 746621038
-123218214 -651409668
-116110026 171456288
-115832506 570198355
-109906637 -352613465
-107519758 -633616745
-98314795 -579736835
-97205714 284072696
-96619143 -144524237
-92538292 -6118330
-86756099 -11286377
-83419631 547728508
-77658440 -659631699
-68606959 182524946
-56148514 230839813
-48029969 -481157527
-46895762 -497539547
-46720137 -850628359
-40503564 380577853
-36305075 403624914
-30886096 80509509
-30570218 572400562
-29058575 712627243
-26611318 -58332088
-16196023 -139755578
-14392312 -449425987
-8733557 243617241
-4492821 -44533744
1472913 -98715718
3315778 153583759
7411019 205377744
9080123 516635539
17106091 183934154
17732915 -820336801
18207680 -627103666
21186468 -293637127
22892981 -237816507
27567803 642202752
36144227 -193596597
62668794 -219284965
65591147 -78149918
70049283 112380148
70183553 -183273921
75881530 -415227211
77062493 -318260121
84473340 151525326
99877002 138477961
100855443 320308350
106187957 407550717
111177815 404607413
119920860 243370534
122270377 397443412
131258146 -830874280
131467628 199196579
135637209 371113977
147311131 476859726
156539915 -318314248
158883441 -71905262
162574570 -256625265
174542190 -48702504
178870967 54782663
189259835 -562673288
190686327 205296241
191538224 328585963
192354880 -743288501
193328418 106057593
200231856 196631699
206587497 -12854259
206776498 -153550448
207126036 -270802246
207784733 169387362
213949839 45501570
214501721 -889403354
217646854 -105334238
218728490 -187246630
221605461 -330167833
228780633 738644315
228820949 460612363
229823465 -296494353
230360171 297076345
232182874 -497864314
241687897 434425301
241782654 530411525
242213728 -314277068
243628454 60522350
245466272 41413920
251488318 331338453
253724915 -236018214
265369368 -359009336
266545747 368295984
268080960 -400824115
268113165 -652728812
272046899 211864014
272109758 -688203536
275524975 89514243
281056014 -438303231
281447880 -63190182
282101305 -45026856
286382674 -430358265
286801009 266172326
292524181 -97803698
295432919 343562897
295945223 -210907535
295984592 -568734499
296313188 685333445
301079432 114645533
307091539 332626194
308014170 587346859
308163906 551118816
310822064 246095533
332303231 321297585
333065219 -188075674
341198361 -625440502
355766606 286423605
357910183 -236008204
360863162 -149879500
368269039 703367454
368740895 40267499
372547573 -62856079
375481426 156878112
381908833 789781246
382014224 661097753
383949729 -29122504
384588254 -381459016
389254045 439380103
394976238 311645401
410995908 381660786
414716806 -695649343
415169236 20418703
415855397 -103179416
428580129 62532614
428941061 521368727
434994436 55707512
438321740 281181144
438755273 -530212201
440676872 -335906048
444869690 26058696
446820916 765984023
447364315 556041479
449662898 250214338
453529999 665156462
454060386 75668963
457281081 180253069
457869180 452354129
465675486 -318528214
468170032 -9133622
472676366 583218468
479534706 254877829
482700422 91028837
484251132 -35170439
489884566 837135154
489909913 -32213968
491401472 -303180127
491882545 -459319034
495056820 -31905812
505125024 -473370831
506317771 -798468647
508801221 -7018858
509906557 -737211469
510803436 -222861170
522817127 343105524
527279668 -12943509
529872125 298195330
530739295 208054330
533181951 -314928522
535008078 67961012
538065821 -113654938
541977529 113876896
543161412 -5387166
552960483 -414703853
554659621 -109377720
554839299 534178775
565446678 -428422130
571759793 -342771640
572860140 641664786
573098355 -565224298
573771431 -463467360
581313096 -708068184
583240702 -393861507
596407358 -23768105
603050727 -397444155
607291310 764014472
613270904 -733769377
615552352 149994524
616465638 578269914
618344363 -157392286
624200384 357459238
629041011 -354007714
638512690 -45906268
640231065 -437592209
645966572 -19855483
649039611 596273745
649041506 204706330
651109991 539055807
652902524 45244191
656017798 26404720
657237454 -334392200
659486735 -561276059
666989693 -286908665
673211377 -172501964
676075821 425552694
692918146 116095891
693666899 550998562
701732801 737627827
702280948 933301207
703852627 700203954
707712952 818125090
708469154 -588935535
711135812 969979316
716508958 -147676652
717412289 -73305439
721121762 111406650
726770379 -137416277
729105940 -429002204
735787270 -363411260
737156048 -562765351
738347229 -335918960
740204307 -54271474
740665090 -210222451
742125406 -357747954
744019729 -227297317
745699504 518621169
748310452 -79855305
749588704 -66388832
750384131 -492192465
752846893 689563425
754372702 528873858
762475286 -311374446
765162210 -300652242
765519305 -270054037
775249358 -263846085
777102155 284007872
791438085 199090117
800834769 89574206
801636241 72660499
802212842 142592603
803720125 514682419
807718875 125141323
810822184 706631339
813497427 456490668
823715073 -656098489
827194029 271794143
831764070 -124108920
839824903 -99849284
847049207 666422375
852616839 -794570908
854595968 -239899100
867530290 416195696
868354255 2464753
868798580 -305888378
869519341 -276601620
874120110 92424224
875748810 -337409477
883470580 -284441785
884512973 -298721035
885345726 221779349
888719181 -201938849
888754085 -222177859
890255193 -251532056
897219059 -241729229
897812677 572658712
899786204 338306841
900002370 -219503404
900320000 -71395860
903814568 -123156870
909954779 -1422499
909982795 937366799
914274953 -674247542
916050510 94906714
920789821 153940347
927187950 354807863
931801890 467248672
934401651 -306885770
936212857 172309322
938774598 -156517220
939587997 -125680500
941915812 -753071698
945005636 252038435
945253056 -177019934
946180667 681775509
951436580 -93615906
967877934 305733111
969121996 -309469046
974297807 -62963076
979731102 180737642
993813695 -460239948
995232561 107658676
999100288 482693523
