-997105687 -23165947 999100288 482693523
1000
-996318633 -451396714 -106745266
-994859611 -529625136 494035118
-992641307 451152723 688296865
-990760917 -302826740 816229618
-989109087 -639319846 -461313829
-987101013 -598774034 531162712
-986149573 -134717916 119126570
-985777440 -333475306 -100172763
-984865319 -525255644 -220514814
-983602885 -373542831 777399389
-983456800 -404840294 501811665
-982545651 -8948568 101436006
-978610280 -447448859 -201468902
-977183419 -181375570 702702355
-975496597 -177695750 188705399
-975341993 -615323334 648677559
-975113839 321841035 824219150
-972405648 395096191 666540331
-971528802 -410999364 131634875
-970149948 703896856 778010586
-968938643 -921413107 -621739852
-967468756 122793931 375116892
-966661746 -52773985 929680950
-964727953 -791287855 117581374
-964366691 -684796486 -646002765
-960461216 67276918 435170624
-960181430 -413857938 191460537
-948581589 -545474949 -245282475
-948422299 -925664858 286202456
-947001181 -213439971 448101386
-944174458 288626037 683881656
-943304793 -424498666 536709593
-942402255 698530682 762513933
-941262927 -705954819 682641132
-940188321 554792783 666374628
-940065538 -860976562 -324024471
-938602781 -145544222 723112692
-938458373 119981795 985023874
-936523245 -528796999 -495714420
-934383671 51671937 477596495
-933586655 198648377 886785538
-930679933 -48503593 441149134
-930431695 -617794199 493487240
-928877253 -776657133 -702365366
-928724949 -759975034 -426841889
-928322817 -941127052 597389878
-927883561 -76074320 976787797
-926815474 -782121517 -616927728
-924900169 -324847876 357270472
-921377654 -857402965 46764021
-918608403 -364216667 -73080286
-916163325 -77821588 488941500
-912461669 -555246819 731937621
-911677551 555893667 930731699
-905559846 -535540115 529928241
-902303790 633859522 652768258
-901746512 -858372663 -48065392
-900502724 -49699647 629914892
-900393576 -87565308 -79302590
-899414933 -42370067 771966867
-899143588 -683010485 -250797958
-898920185 545807326 891468025
-897775113 -96134333 755790505
-897099817 -127476163 153528908
-889474944 -71824134 839408453
-889073316 -856048833 286051584
-883124402 -184378054 -162269109
-881640372 -762107774 -72958047
-879731999 -70992218 705154972
-876782290 506070395 972937857
-876633699 -513109676 -424635724
-873955992 653271636 772565182
-871647426 -631898670 237295792
-869672687 -913757070 -393636682
-867316400 112569304 296655838
-861832485 -818357665 -312939500
-857762536 -950056594 777405937
-856444006 3600267 433936374
-854277175 -486532506 106580623
-851844814 -356620866 -9551168
-846431277 549220160 842082063
-845758409 -855784059 -360487317
-843426977 -723365170 245282317
-842930390 -619598346 -442062547
-839899016 -636710615 -631194384
-839768396 -698131243 -233211616
-837478774 -462964565 509244011
-837126367 -84686944 351464248
-836573836 -201706498 214201780
-834767713 -538021859 -109117989
-825410392 -45384841 122881013
-824352763 -40267929 347790814
-823636523 -598023990 -19277851
-817886528 -472800965 414941793
-817771990 -171599622 871169627
-815753496 -417150990 631115798
-814958897 -539474567 239046156
-811800852 448613998 676108207
-811650070 -376702628 735438104
-809036937 -955472669 201753684
-805436748 280685283 567877990
-804905821 -491513694 276729106
-798688541 274564417 664676618
-798493268 -528221607 -525078672
-796289881 324262390 842925727
-792341562 -222941800 589278773
-790115627 412492723 826405217
-789571739 -801231416 -410828515
-789375300 480916321 867345422
-788780299 -474371521 760818879
-778998081 -202054329 -129557718
-778275527 -899654726 184971309
-776291227 -479426145 -405520015
-775890979 -869407349 752588323
-775596344 -848481393 433086560
-774579521 -784833101 182317546
-773950548 -894416024 -436466773
-773357163 -363917199 810254926
-773254874 -808198109 184018582
-771145784 -585824735 -80602882
-771014580 -453111407 131416767
-769698292 -188135211 466203063
-769588242 -575784676 -467370395
-768153609 -806954074 366391998
-766707080 -542152664 69307283
-762423072 173607956 773717898
-762141878 246594443 921060937
-761100850 -301070916 656381714
-759393168 -286691293 120851082
-758166796 -843927728 468205975
-757636005 -992898314 432259934
-757386802 -811635324 673869365
-750897589 -748650237 -725122468
-748648781 -239930875 954286358
-746422797 -582984606 354671293
-745140357 -441627235 -371820562
-744827239 -502005083 -402023465
-740995938 -54098548 758025948
-740553713 -819757296 372052773
-738145805 -360833700 -77341419
-737704844 -472422309 -158834205
-737053567 -924382107 -667729418
-734450304 -682866455 90775613
-734449089 930916341 931428982
-729052331 -336689864 259016577
-728078398 464138680 508214954
-727260920 721754858 734439587
-726540249 -859304205 -738684471
-726510245 303288837 711512239
-724895920 -176712609 752659616
-724149183 -287016400 328032051
-721976504 -246595107 145580866
-721549917 -872452723 899636054
-721106365 77475011 188150149
-720998477 462972927 513854429
-720578940 397244307 896610460
-718713700 -851246681 3468960
-718215340 692144238 795947047
-718176626 -805565636 -180133983
-717367357 -352992158 261002328
-717134306 -980562222 -199912518
-715637430 -692811505 676844871
-714754808 370645493 873364089
-705424426 -482662945 929713526
-704746922 -561009257 839751026
-704488183 -798930301 515859963
-703701122 -792663567 -93165094
-703490554 495918089 659835483
-700608494 160724782 247017315
-698643216 -782093113 703129320
-698373206 -470297784 -87097522
-696740048 295925918 582190359
-696047794 258350925 917658434
-695200203 277632051 723868965
-695183211 454280141 898219298
-694838785 -867719261 846300664
-693110474 50719560 323898292
-692900322 -861560314 -192850324
-692280148 9393802 301681428
-691613558 -43230521 55249854
-687991367 -891642118 968787181
-679930146 68074772 976350920
-678276222 -975755101 718126816
-677647810 -361409206 696569858
-672681858 443492186 764851584
-668659260 -875442859 868226978
-666268477 -816899549 189287069
-664047786 -860911923 223342652
-662181270 -398240704 814716216
-659335082 -706595930 330943583
-653478030 -635191440 -591921638
-651642496 -694855243 666078771
-647557464 -611655473 354892799
-645740086 688415427 932237908
-641318314 -964574619 174623333
-639237736 -73787476 122960659
-638240035 -805219132 -478601372
-633422195 -985971283 -939625918
-630685753 8611971 30820927
-628790706 -623015817 512922739
-626989555 -662324320 445884069
-625487355 -610284680 100343021
-625413070 -820294370 -581377144
-623340414 443772415 747054755
-621313056 529742113 988789289
-619923619 -500565753 916553087
-617665460 10881985 359869227
-616126043 -124798196 72143385
-615678533 -516741428 -227903618
-607987246 -442663845 -86762119
-605510103 -897654486 -18194111
-602526882 -801246562 129675862
-601230645 -832225219 -640555516
-600617016 -57070919 26263917
-598189348 -316677914 -296058223
-595297378 331991715 816797400
-594896957 872446147 925916396
-594393491 -647734633 609653434
-594259907 -623526775 642995704
-589262494 -252967091 786095841
-582840828 -189412888 -131296544
-577216777 -991336554 -623041458
-575988820 -782143305 580082666
-575417583 -550101632 -525678933
-572871163 -721248835 198818295
-571499761 -896954430 92933018
-566556404 -87069541 7294451
-564798222 -215190833 35331879
-563448869 -271636048 314735180
-556442381 270549611 435955957
-553554943 -558938676 474543432
-550123724 -848235365 167586559
-548867698 -930475893 -442648229
-543584977 -460441911 -451768346
-542498073 245577504 918933117
-541489695 525893797 590217468
-539164838 -963716435 153615850
-533791228 -132037701 367010539
-531434921 -511490889 647711309
-522106497 237076200 465073894
-520738400 -986864489 -879585589
-519176745 -860015116 -212201484
-517708530 -819155699 -27520484
-514798558 -385422615 42295433
-512669502 -925449947 -348772487
-511796549 -113580189 976873535
-509298825 -268404465 72446746
-507871724 -933775671 854030851
-507136633 129511866 747849606
-506459922 45942341 393938281
-505824016 -835464579 561058411
-504527914 281054989 415986196
-503909434 384037033 625134455
-502002431 -459311612 -154952702
-499746658 -248493647 -193267574
-497210162 205958421 842798888
-496518487 233122254 845370051
-496264036 -963422706 982173522
-496007230 -640722982 941938529
-495872305 157592462 425404457
-494795128 -545216788 657538432
-494569037 -769309676 529654447
-492498058 -385945620 -323396326
-490729823 -47898505 145250799
-486836576 342566314 743054661
-484416722 -744952991 92536832
-479308280 506086394 747099877
-478783675 272096097 864892691
-478298935 -674112970 6344328
-473363092 -220110054 556993982
-473245431 73189274 890291949
-472950063 -958171947 -863965415
-472077031 -147703093 368074177
-471032312 625434028 626198289
-470840808 369141530 479724697
-470817710 -783848027 499672422
-468350802 -774812822 -583878653
-463102723 -705285409 448527057
-462783701 -290571840 723631728
-462706510 -842646684 978619174
-461800578 489251826 964207950
-461573193 175414270 372423421
-461241610 -895278786 601072141
-457076474 -921613842 -97365006
-455500727 -724263160 38505667
-454478291 -750850893 893254892
-452991152 -21971527 491829522
-448828942 -918396189 -443055732
-443884057 98446429 235106639
-441941600 -66862570 994247151
-441739903 -623260935 458473953
-441265555 -239810888 -9468690
-435728206 707886841 920463611
-432850202 -626427226 -594200854
-432055309 -376792773 -59669469
-431986380 -593619324 587223679
-425545081 -425608078 -391573028
-421328496 -99647142 552183553
-418610200 -19481648 608558695
-418000895 -961530528 -772825776
-417746752 -698322939 898939251
-415449174 -730480731 5110742
-412242152 336410175 448171563
-410476214 -457071463 -192592277
-407896951 -224856509 896504700
-407832684 -771416960 -379912839
-405739386 489947328 837638376
-404563485 -17158564 149850497
-403994406 -523890789 693666067
-402869337 560724884 725492193
-402811031 768347521 947166843
-402421398 -438182531 532206132
-402369034 -901188238 199942141
-401079042 625950741 680489718
-399347544 -938484454 602456367
-398995005 100282836 535292357
-398849986 -930812935 456564745
-398459687 800089160 818691998
-397860167 278540295 358316225
-392215715 -263366670 365279727
-385964989 601112575 975586711
-385246356 -906732038 -168604416
-384198337 -45521230 96108854
-383893381 -31791292 841240489
-381334382 496455288 902435333
-373819175 -974164206 515762870
-372782460 632750502 673581163
-371865086 -661049845 146954608
-371021906 -559073188 683348207
-369142505 223556236 459783476
-369033396 254238787 595711831
-366779665 722340636 755005533
-366310201 -667135959 -159278028
-365425913 17991756 516367142
-363677547 -743285768 757156134
-357965651 194128299 309337040
-357485713 -74975205 568841646
-354492318 -861040171 -261010984
-353064994 83742470 202026915
-346552456 -933339107 557230090
-345776659 -424289368 70641129
-345471165 138569389 801423858
-343531619 -494437063 361207664
-341225456 -153003217 864053780
-340351757 -964444348 -776809898
-339569119 -447564928 -109911150
-338644991 -274651686 90318609
-337696844 568058432 947461594
-337433706 -631587988 751060426
-337031911 -514390592 -22951988
-336039511 -683637503 526611955
-331482739 307131654 824714067
-328819535 -325883070 855405949
-327743646 -724438802 -217940476
-319656507 -780137345 -406181564
-314862109 -776364464 -439064767
-313306790 -641996604 -46166963
-311817283 -747187422 33308459
-311378391 327211627 514674697
-309881851 -377062413 -315103482
-308790162 -790794132 850515600
-307166956 79966861 555222711
-305724574 -433540099 615580639
-305469267 -587938535 982667707
-305427053 351827366 653671458
-299330382 -142149804 442171152
-296142649 -712986204 315733508
-296128111 -456782127 183121861
-294906575 -257798297 124658757
-294575331 -986735533 -814915744
-289078014 -861458919 287809431
-287858357 -297712026 671850630
-287582933 40131747 814177579
-282301367 -142967817 993516987
-279955956 -745745490 831085941
-279728564 -934602803 977713498
-278369467 157426042 243717581
-277909924 -887191313 -668470641
-276181874 -277406974 991426272
-275421380 -396958021 446362561
-272573133 -916291389 -588906242
-272459462 -191112408 -46643842
-271429101 -869387990 909335013
-270312793 322125127 877007612
-269395229 164708899 526760736
-266979319 -507880749 148683332
-264721651 220642860 791762680
-263988440 -956941097 -39124775
-261861454 -95083210 831815773
-258161692 -243856378 89380053
-256488100 -888672535 -518380474
-254691628 -225886424 -134765647
-253381273 -932477019 361312222
-252919991 -516370368 173594740
-252217703 -846883885 -537793903
-250168168 -965720553 416299733
-247016550 842550361 867267267
-246006619 868070191 971567043
-245335729 671303786 966415321
-245092470 180896505 866341899
-240343940 -979167855 91911804
-240284175 -998500729 -668556311
-239360311 -311790539 -226559159
-238085939 -743681641 589389357
-233375223 159621723 691049665
-232075367 -312607526 -104379386
-230505214 -613213549 322659098
-222177610 -684731274 972158952
-222161281 -836155098 -461959665
-221297411 -114337212 591214947
-216708450 -407856156 -376483266
-213653713 -635553813 184057414
-212898345 -152437912 760385399
-208086139 -932947061 370765657
-206664402 -979703966 850189095
-206290310 -678625602 843905977
-205919513 -965950705 -163481670
-205055905 -748930665 707815740
-204344437 -736122492 717827870
-199836583 -388229563 679261168
-198912315 -904019450 -620356973
-198828674 233853926 934112692
-195881727 -390816606 -327964538
-195068680 -211440316 613926632
-195046326 -800094930 671657943
-194158505 -403778086 -307903653
-191911855 -987338331 -738964494
-191127445 93814014 759831364
-189876666 305302873 575802137
-189005328 -559021671 -324229027
-188390287 616506543 958941367
-182916909 -188171556 7205577
-181911081 745677860 786537111
-178149158 -646915690 909376241
-175999994 -708819130 437904064
-175981627 -27423353 477720676
-172682280 -632230241 891146045
-171008063 -636680323 -142290951
-168454421 -125287154 648293764
-165301497 -773189259 659222811
-159618571 -315630065 21428755
-158956767 872072984 899078352
-158753943 -629078164 676558017
-158190547 -932770998 -503249773
-155890734 -306378922 283105399
-155112308 -555497616 -108483780
-153226888 137817129 432427249
-153056191 414598115 456649181
-150766817 -710865564 -267971785
-147109770 -498525440 -485702747
-141076818 -778211650 -449669722
-140745263 -315984502 270914244
-139278610 211954092 528547619
-133581793 -976983317 -854458405
-133152189 -332647225 88453894
-132949721 -750220516 353479244
-129258300 -234649373 -213817249
-127449209 746621038 802324032
-124234205 -964358641 173168626
-123218214 -931576492 -651409668
-120682946 -748762810 -300308728
-119826011 -284086014 541730909
-116184599 -734342329 460961388
-116110026 -700627256 171456288
-115832506 570198355 967196914
-113143263 -707906849 436647550
-110501363 -395151682 197830869
-109906637 -511290660 -352613465
-107519758 -735857509 -633616745
-98314795 -719559006 -579736835
-97205714 284072696 349001171
-96619143 -626490876 -144524237
-96072754 -975005030 27942931
-92538292 -6118330 565947859
-91836052 -345823020 398880217
-90017621 -280468544 65137764
-89812075 -262518697 786487196
-88625091 -608526075 17277613
-87637989 -69464745 865587062
-86756099 -55639878 -11286377
-86421789 -132532435 365679630
-83419631 547728508 754076404
-79341564 -498370118 -269394286
-77658440 -989938012 -659631699
-76522852 -810027983 709207858
-72701194 -980931894 397725307
-72562483 -996492017 883098725
-71681041 -740455247 482276520
-70757875 -24034159 850667702
-70368436 -577253294 385724075
-68606959 182524946 331875217
-63846054 -246183457 466910007
-58541555 -912654451 222218797
-58103858 -322886237 793440139
-56148514 230839813 311095121
-48029969 -552749976 -481157527
-46895762 -497539547 753029857
-46720137 -949771202 -850628359
-45620619 -652139909 950734332
-44694152 -634051993 -82648036
-40503564 380577853 401826403
-36305075 403624914 629489410
-33066315 -866570514 667073842
-32468424 -178707432 838961332
-30886096 -525522010 80509509
-30570218 572400562 844884361
-29058575 712627243 726138669
-27849036 230735254 774104478
-26611318 -604352283 -58332088
-26466710 -298963283 796367620
-20953085 -479648688 816874893
-20226498 -508899215 412082644
-17019433 -926551716 756157754
-16196023 -139755578 621962262
-14392312 -828784852 -449425987
-9233044 158397908 987173531
-8733557 243617241 291809765
-4492821 -140550011 -44533744
1472913 -513146621 -98715718
1949106 -612686042 800409099
3315778 153583759 795201144
4980205 -613861205 669487478
5633767 -195946692 755747081
7411019 -603771237 205377744
9080123 516635539 842458183
17106091 183934154 737274956
17732915 -864460170 -820336801
18207680 -627103666 -556600280
20862191 -684422104 247130218
21186468 -293637127 157435587
22600990 -343841691 682377690
22892981 -323908288 -237816507
24184827 -447260406 562191749
27567803 642202752 774932382
27898539 -85888274 786663741
33967891 -972392342 468595583
36144227 -537114395 -193596597
54688030 -341792035 191208106
57303464 -667817361 538500836
60426694 -952720043 181805305
62668794 -407710693 -219284965
63673724 -386267383 -75714845
65591147 -78149918 873521018
67713441 -496613817 298013924
70049283 112380148 872905620
70183553 -672868699 -183273921
72993187 -876225676 776621161
75881530 -449866863 -415227211
77062493 -318260121 742531804
77419182 -426386428 -175326432
82392425 -210793055 230686763
82872119 -796798504 231716992
84473340 151525326 352391473
90778668 -318036826 679515147
90820392 -700997238 726914437
91463983 7333018 975732012
91502145 -525600821 404286199
96158218 -679293258 512454955
99877002 -976119060 138477961
100790969 86269708 924669314
100855443 320308350 339681694
103111341 349245308 403761403
105533179 -627968243 453098988
106187957 407550717 416642027
108395234 -625904825 864051411
108749274 -100404737 516713841
111177815 404607413 696670260
111875718 -701990673 475220198
118449988 -842727087 713170847
119920860 -830312866 243370534
122270377 397443412 769535900
124095763 -817518346 986705815
124795869 25725577 746585519
125440386 -843216756 491371245
127488817 -417701983 274889261
131258146 -953984997 -830874280
131467628 199196579 884971288
133820431 -976797209 767994040
135637209 371113977 856697551
144486358 -760510210 841032700
147311131 476859726 526889215
154506988 -764766769 644870461
156539915 -362891415 -318314248
158883441 -71905262 246787897
160511872 -605705840 205741940
162574570 -755862290 -256625265
163640829 -238980101 348751072
164767648 -587468057 199991065
170925234 -827361395 450758900
174048725 -548605479 -45902674
174542190 -345093291 -48702504
178870967 54782663 189093447
181863048 -205865288 7534088
189259835 -874659423 -562673288
190686327 205296241 666510658
191538224 328585963 572948108
192354880 -927351549 -743288501
192848270 -514213015 -19687433
193328418 106057593 299218545
200231856 196631699 673706068
200501763 -646746890 616276754
206535468 -89572941 440184048
206587497 -12854259 429827955
206776498 -566282229 -153550448
207126036 -409233467 -270802246
207784733 169387362 398187291
209508062 -805279212 800448299
211222411 -804475057 267800013
212210510 -50372941 878873545
213949839 45501570 487960009
214501721 -994311127 -889403354
217646854 -105334238 918284287
218728490 -648133702 -187246630
219834899 -264689280 783697858
219944914 -948254289 223291894
221605461 -754110981 -330167833
223037231 -898967157 399295873
228780633 738644315 899339745
228820949 73029222 460612363
229823465 -584080069 -296494353
230360171 297076345 925638899
232182874 -608528137 -497864314
236908449 -614878778 677433441
237139920 -876399059 687034552
239844268 -988727491 537376558
241687897 -678537941 434425301
241782654 530411525 585463719
242213728 -515649281 -314277068
243628454 60522350 815298627
245366026 -962801405 314530443
245466272 -338732276 41413920
249905182 -894159104 436090391
250417624 -680767350 854918976
251273053 -575248615 649247860
251488318 331338453 916416323
252658655 -583639375 278278571
253724915 -378821882 -236018214
265369368 -927705330 -359009336
266545747 368295984 472441553
267216767 -766725164 975832948
267651623 -933625225 388020818
267675512 -397169969 423911229
268080960 -400824115 122696152
268113165 -981201131 -652728812
272046899 211864014 795333450
272109758 -736030019 -688203536
275524975 89514243 239588429
277897478 -319279690 112400178
278342883 -931149310 -178911959
281056014 -935082125 -438303231
281447880 -63190182 666395497
282101305 -45026856 48081725
286382674 -879938254 -430358265
286801009 266172326 592667774
288311250 27008377 748548051
292524181 -867302358 -97803698
293792621 -778108805 633354319
295432919 343562897 919863624
295945223 -210907535 280968645
295984592 -621499985 -568734499
296313188 685333445 695726099
298293039 -719999143 519041324
300748535 -893620628 951072964
301079432 -610971709 114645533
301436953 -915492392 707394870
304066213 -911560925 765942425
307091539 -276387445 332626194
308014170 587346859 719993780
308163906 202777268 551118816
310822064 -46107872 246095533
315978166 -11392905 536268054
318543055 -924625615 688795120
324709882 -687174254 495180324
332303231 321297585 425136033
333065219 -714271027 -188075674
337448638 -560168908 -139512939
341198361 -645288433 -625440502
349980866 -846468424 129709819
353382963 -382129283 949204566
355766606 286423605 938799085
355884716 -708579705 313360457
357333857 -927796409 653539540
357910183 -275301272 -236008204
359944052 -777237430 811986501
360863162 -922935368 -149879500
361089812 -822924491 260553856
361899627 -880596722 595793055
366841014 -92439203 991886467
368269039 703367454 775734878
368576120 -75316004 592098737
368740895 -529364586 40267499
372547573 -140052527 -62856079
374903584 -919342891 475138876
375421484 151567119 356904736
375481426 -382151480 156878112
380506473 632713722 731044873
381908833 789781246 811788872
382014224 -400434719 661097753
383949729 -29122504 580288764
384588254 -785819459 -381459016
384906328 -767486845 260874266
387542591 -116135360 203982854
389254045 439380103 988932388
394456140 -445708163 569721691
394976238 -468573692 311645401
400551944 -160538159 545476313
410995908 381660786 870034141
411573066 -950589230 985194981
411632304 -52843544 677861691
414716806 -944051996 -695649343
415169236 20418703 647664253
415855397 -298994697 -103179416
416933925 -378986912 769834999
421819457 -594769299 903520257
423695872 -546034571 257896124
423929068 -814763219 582900904
425582839 -634111070 297675264
425624018 -113565443 207869245
426529426 -197586340 973756945
428155145 41289679 387509932
428580129 -969787752 62532614
428941061 521368727 740633528
434916662 -553838559 504562269
434994436 -538415097 55707512
435001768 -938127718 638514738
438321740 281181144 889680331
438755273 -945098843 -530212201
440676872 -335906048 684442160
440801204 -571504712 513429165
443706686 -437346476 -65709930
443818798 -252962314 22271856
444869690 -819658455 26058696
446820916 765984023 773933629
447364315 -632836679 556041479
447819832 -352341060 604560414
449662898 149934270 250214338
453529999 665156462 935985886
454060386 -202826252 75668963
457281081 -34314412 180253069
457869180 452354129 897466071
458093980 -20516093 932723814
460184460 -686070590 648418159
461653834 -391782545 444812250
465675486 -635905692 -318528214
468170032 -980337851 -9133622
468957093 -530684319 991746703
471434801 -391921094 536863307
472676366 583218468 650769156
474281959 400146356 785601581
476646878 -199073554 480217285
476709690 -849459128 719025640
477144115 -501208571 827833967
479534706 254877829 697418127
480087606 -82789741 329683062
482700422 91028837 587302189
484251132 -365304708 -35170439
489884566 837135154 937653619
489909913 -471096117 -32213968
491401472 -303180127 -233539761
491882545 -924906531 -459319034
495056820 -31905812 482106523
495904903 -198044561 731275551
503949861 -715792772 437556482
505125024 -473370831 -270209550
505718502 -891983156 186761353
506317771 -929130172 -798468647
508801221 -7018858 772629405
509906557 -774845254 -737211469
510803436 -222861170 -186569001
519326551 -634644129 731668813
522817127 343105524 979795346
523021937 31634319 893143980
526010669 -234416829 751148338
527279668 -738383098 -12943509
529872125 298195330 361767559
530739295 208054330 255093054
533181951 -912805754 -314928522
535008078 67961012 833156350
537653991 -118793628 781387260
538065821 -402833077 -113654938
540424545 -729071991 413641571
541404132 -447999019 619410552
541660443 -68278183 892349530
541977529 113876896 427439554
543161412 -788149370 -5387166
547468152 -693796659 125743004
547669449 -578257114 455671298
549077299 -480946297 -174109958
551580183 -659861466 -50316254
552175767 -595302676 -99734663
552960483 -863018091 -414703853
553202561 -710104407 135786867
554659621 -857908665 -109377720
554839299 534178775 754026713
559834321 -240798127 227909836
560959029 -736138843 871672503
561343677 -898780064 854838286
562248485 -530640851 731288979
565446678 -984724480 -428422130
571759793 -666274167 -342771640
572860140 641664786 942548252
573098355 -684522960 -565224298
573771431 -463467360 841504052
575744033 -875376865 156425361
581075440 -905798948 -348442462
581313096 -777277280 -708068184
583240702 -393861507 475320700
587479798 -943036398 366959533
587958757 -990945874 158843274
588170927 -763231257 759203527
595040993 -950457589 1265030
596407358 -23768105 622688796
601844389 -717114035 242099306
602259089 -712871472 498927297
603050727 -661773893 -397444155
603980899 -187119133 17400271
607062494 263473109 910189340
607291310 764014472 867742855
613136403 -849516869 840912375
613270904 -779296473 -733769377
615433168 -396949719 321337075
615552352 -729785737 149994524
615630193 -952721540 313197213
616465638 578269914 908972791
616744584 -943516567 833354000
618344363 -802938367 -157392286
624200384 357459238 969295662
625689779 -73713528 613469661
629041011 -531654901 -354007714
634396819 -974613737 815445261
637880186 -451502202 119093089
638512690 -45906268 919994751
640231065 -816563049 -437592209
644060882 -509136039 151934991
645966572 -739359496 -19855483
648418364 -246936897 845666921
649039611 596273745 666240706
649041506 71098506 204706330
651033375 -852839899 808207539
651109991 539055807 856971278
652902524 -413706637 45244191
653136100 -664553736 551730218
654098217 -537938348 918713642
656017798 26404720 813252368
657237454 -447770611 -334392200
659002025 -645428531 -203333182
659486735 -602194161 -561276059
665803756 -585644023 296208618
666989693 -286908665 960524338
673211377 -944060137 -172501964
676075821 425552694 597931524
692918146 -605503371 116095891
693666899 550998562 965027633
697160252 560557047 653276966
700411412 -984921058 944511689
701732801 334235519 737627827
702280948 933301207 991290003
703852627 -839745010 700203954
707712952 818125090 894973485
708469154 -699205755 -588935535
711135812 969979316 990743088
711804077 -709006255 867807065
716508958 -497569738 -147676652
717412289 -73305439 40119385
721121762 111406650 565007842
722435155 -987297036 289512056
726770379 -137416277 273047187
729105940 -626425601 -429002204
732021070 -714675855 346523956
732958449 -877606629 706817271
735787270 -363411260 41355915
737156048 -916613299 -562765351
738347229 -335918960 929981072
740204307 -54271474 612685445
740665090 -688034604 -210222451
742125406 -528084504 -357747954
743444029 -927378100 117686318
744019729 -552249273 -227297317
745389214 -91969552 948296064
745699504 518621169 739048052
748310452 -585627753 -79855305
749588704 -66388832 186652074
750384131 -823907036 -492192465
750632349 -615545705 200247463
752846893 689563425 885186366
753965905 415962428 726098256
754372702 237507583 528873858
757982389 -962747672 394302249
759556877 -17333449 694794230
759872782 -180872731 540856252
762475286 -691008584 -311374446
763120618 -857473165 613679650
764632274 -719023995 20811774
765162210 -475902642 -300652242
765409733 -308278573 325954092
765519305 -270054037 -212020804
773751216 -847803986 -25974826
775249358 -597406926 -263846085
777102155 284007872 996312941
786110187 -904387393 467884451
787852551 -529829826 435251415
791213362 -54193134 999365255
791438085 199090117 790447479
799100676 -754536412 908783869
799642181 -941183444 852001329
800834769 89574206 313943927
801636241 -626324958 72660499
802212842 133906029 142592603
803720125 514682419 971687449
804203712 -2564699 588551634
807718875 -141948539 125141323
810822184 706631339 711828962
813497427 456490668 748498692
814387244 -811344725 659937899
821955372 -730297740 49822590
823715073 -962890235 -656098489
827194029 271794143 915347235
831764070 -565728158 -124108920
832306184 -500383304 730502586
839824903 -598086617 -99849284
839928828 -940659366 -61306112
847049207 666422375 974190430
852616839 -876610398 -794570908
854595968 -239899100 -161808152
857630110 -825192972 -79883630
867530290 416195696 573688100
868354255 2464753 274715327
868798580 -539597301 -305888378
869519341 -511102892 -276601620
870444419 -841812367 738520611
872269326 -755678016 160048868
873024237 -700640646 747884895
874120110 92424224 267642069
874766869 -87406175 754631942
875748810 -913615050 -337409477
876256868 -743090519 973104282
876386859 -511077933 88581306
876586010 -353785779 92640283
878445582 -647309923 163524402
881193295 -661885504 591911518
882181972 -824144967 -232717719
883470580 -284441785 423586276
884512973 -828088923 -298721035
885345726 221779349 309049628
887112156 -991010728 555755795
888719181 -201938849 153178569
888754085 -567186064 -222177859
890255193 -746498741 -251532056
890347054 -692293960 923581582
895685189 -921016851 968895645
897219059 -677555913 -241729229
897812677 572658712 934327977
898217637 296918384 841203676
899786204 338306841 992422946
900002370 -878587177 -219503404
900320000 -71395860 613083265
903814568 -152462182 -123156870
904161421 -670886804 793529999
909954779 -920676148 -1422499
909982795 937366799 995283610
912271816 -252328135 628773680
914274953 -745534869 -674247542
916050510 94906714 469167479
920789821 -351946449 153940347
927187950 354807863 906856012
927676057 -588043333 492547372
927890389 -595713481 844370459
931801890 467248672 578214102
934401651 -867770091 -306885770
935065949 -498751522 408333370
936212857 172309322 309402176
938774598 -410183768 -156517220
939434005 -855331527 -105814677
939587997 -125680500 -17664596
941915812 -769677178 -753071698
944230253 -569134819 333853300
945005636 252038435 975510021
945253056 -869707132 -177019934
946180667 681775509 939268480
949819930 -892322837 168308000
951436580 -230582194 -93615906
959768841 -691952108 839307632
967877934 305733111 353007649
969121996 -314143114 -309469046
971928365 -874550997 -74480996
972394482 -281037548 767673379
973524939 -570200751 661995413
974297807 -62963076 454939292
975400187 -924180374 757554487
976447984 -558503808 568339355
976777436 17041689 656439502
979166147 -113414981 881920420
979731102 180737642 955799617
980323428 101097604 904174060
982867729 -804930808 606129345
985215203 -631370144 300897676
993813695 -767030373 -460239948
994619655 -773461516 -133543344
995232561 107658676 113026477
996442334 -637222346 415267046
