-997048170 781027699 999502262 958147170
2345
-995226485 -689291585 453583085
-993414892 -894026054 588665624
-993299980 747226 645828694
-992323349 203187701 901545019
-992310034 -554734057 878871635
-992010280 246529583 467589523
-991618138 787107743 991854002
-991475920 -61941084 471732421
-991412587 -969265855 835835381
-989975308 -792764987 -222073741
-989812938 -455733990 -184315668
-989447065 -795117324 695532928
-988977467 -911793916 714476107
-988452799 -436665348 -221193289
-986982029 -905383236 430877454
-986296139 -174402267 892127694
-986282513 152993569 782463935
-985756588 -330396052 709142916
-985660322 -207100663 -115853353
-985527792 240823735 357191683
-985494431 -944664454 263544359
-984931069 -434491422 594020211
-984779989 -10108870 615298677
-983610821 -666763610 346959972
-983248047 -528632960 972498198
-983185727 -898932213 257595206
-980740593 -944834703 -763027549
-980125587 207538252 746514686
-980076518 -451791633 947262561
-979430795 -893632481 699906287
-979405915 454782337 843278744
-979131839 -111275677 889645191
-978963482 -68108442 451311088
-978490794 111421175 704397702
-977693186 37199820 869572896
-977507068 -935812543 380325903
-977453562 -584484818 48335673
-977073567 -505181497 -326998175
-976191853 -428722975 12712734
-973703414 -448287168 575860120
-973291175 348895624 349804207
-972328913 491201418 637284357
-970872565 -876251892 -665584310
-970378104 531890686 579135929
-967671299 -703020560 327375563
-966892312 -400763312 -190676427
-964684796 -222306326 251144785
-962943734 -206065261 98039784
-962760912 -40130826 851098633
-960684862 -418930747 131458161
-960623122 -135817048 51807484
-959453363 -897117321 -335410214
-959314737 153965767 456940416
-957291007 -829656814 -128914095
-956890359 -638115434 101317943
-956839641 -735582888 90974733
-955902912 -75935627 300724271
-955374630 -840597095 456515449
-955042683 -150222924 185593712
-953732191 148085589 950872284
-952008380 -945339949 -564071958
-951654255 -596544793 318362144
-950718580 -862327947 532805912
-949961861 -870051467 -93308872
-948761816 -20008614 561111394
-948179473 -35736553 188405614
-946788791 231040633 813990990
-945957471 853241336 892899717
-945683278 226648164 466997496
-943834883 -84395736 609278600
-943772758 -24488272 820745399
-942678170 -910665232 45757389
-941668345 54788791 981501664
-941618755 -981180359 881627092
-941140815 -239459989 697135715
-939781444 474427202 527151220
-939258029 165087088 540467919
-936912698 -53258475 739111629
-935098088 -411094589 515577662
-934673749 269921419 504055609
-930507742 656890079 723527301
-928736157 -312753346 797268707
-928422189 -216754238 446095618
-928382203 672776410 788491574
-928041202 -994513305 996991145
-925917904 -964464076 374170832
-925530666 -652830811 536127886
-925499388 -372804607 319045441
-924960686 -341239721 322658235
-922575604 -453959243 814591831
-921149523 -403767177 992661497
-921062053 20828910 627718121
-919331205 171986164 324271184
-919131796 -908672594 -736518538
-918792720 -615604678 451625754
-917045059 -464812898 496030428
-914936487 -679495541 678710734
-913910470 -103621104 546576090
-911492374 -980641876 225930187
-910802576 -639839669 384745802
-910272842 -794548994 -195901464
-909987728 -310756692 -273849572
-907999866 -472665109 508592028
-904441868 142340966 389910500
-903380050 -155746783 60080500
-902871920 -472722614 820616311
-901851875 414889815 867306405
-901019343 -683946084 173682328
-900299684 249821663 254133809
-899738939 -644463030 684198669
-899200753 -921888011 424624028
-899015271 -668084492 879991030
-898479079 -407862538 312516246
-897731792 -36461088 904522978
-897056118 -881182069 741392705
-896322787 -110798966 469223489
-895899833 -542107432 785427706
-894432906 -474142270 251145206
-894022505 -788041890 -8071048
-893959110 -385527905 -11616327
-893888271 499503187 974043964
-893195959 -72091767 949505479
-893160616 -543036739 252741192
-893084663 -909017524 -455082773
-892928857 282779906 681960180
-889979498 -79410564 148719726
-886372016 -354056431 741213581
-885842364 -771763860 148950633
-885711399 -163000152 770065873
-882845707 6350635 803310922
-882763752 -567975532 -63827181
-882740759 -816867845 175213620
-881591293 -886225956 720036952
-880258905 -830108641 504263141
-878616057 -738926898 151448579
-878261255 20238575 75189979
-875499421 -702844899 999362626
-873858926 -854771394 -650801767
-873159290 -976397763 89820065
-872953860 -65843764 208862344
-872070286 -494565286 -180501593
-871217244 241881769 683078065
-870240024 -464880179 -281744538
-870200790 -264497890 958579542
-869473152 -884383380 432981832
-867938485 63677097 814900534
-866573129 -544892988 189109724
-866492001 369057727 907388725
-864861917 -867594783 163295224
-863962723 632113407 819514848
-863381383 629027939 644918497
-863304302 408091598 417274629
-862758037 265287033 483432673
-861733740 567062153 874056722
-861631240 389030183 959682288
-860810275 -871317896 -111542529
-859668723 55726950 92996796
-857820214 -988174450 -578797064
-856483211 -890226594 -344060635
-856012440 -867148448 -832184689
-855360945 460984881 947371564
-854784618 -890224167 -307761848
-852924153 -420244570 894895979
-852589730 -756745562 -268576331
-852338369 -616453074 538032260
-851167115 -544416552 -394316098
-849639317 -922423264 993622705
-848773906 -983074224 -65582829
-848457695 113790722 253187552
-845264150 -190251845 333343386
-845129016 -809336932 423115995
-843735187 -483234045 -74326262
-843574489 -344939152 313211990
-842857029 -637894593 504441723
-841391943 -749248690 604486573
-841321915 -762573638 987491078
-841201686 -935756761 421795675
-840932165 -157769483 92300794
-838209321 -908882800 -625265671
-837912023 -704364088 -225224173
-837480312 244270912 931889897
-835675537 -644701380 442579217
-834104542 -869138753 470933850
-833977688 -319513313 800777622
-832453160 -151173535 369786053
-832331871 -961769118 654419434
-832326675 196391483 661948360
-832010172 -974150253 645310393
-831478228 -377572624 78482920
-831422665 -339531758 751400608
-830365556 166028162 355029333
-830054387 -67593873 892844276
-829730940 -654577736 614940855
-829406724 454053088 542015234
-829285566 91049421 638371258
-828625358 -395077498 415203859
-828480635 -461943694 -206156559
-828069319 270142335 683875812
-825113116 -235976177 963817510
-823753722 175352208 962264316
-822993660 -200558758 326470417
-820485237 439500810 456050218
-820291255 -256170856 723761493
-820099671 -925278000 796725355
-820032810 -796021226 -722613449
-818727631 -199024052 799042112
-818452075 473735700 888984827
-817995821 -331563673 974503627
-816727036 -718863720 949240507
-815903604 -915837335 -114531566
-815782197 -805963164 446789152
-815204401 -760023234 419305135
-814318878 -857713593 767052191
-812199714 -129409225 877091639
-811986111 58134198 381668685
-811632844 -846769586 -434600562
-808349178 -636944669 507012113
-807459876 -823676442 826768610
-805299510 -922105806 35117326
-804673462 -356936001 429623585
-804421612 -263147590 95148556
-803923572 -303342381 -109284741
-803864973 -575957965 -528834827
-803827425 -909014054 426222786
-803163474 626252654 937821119
-803119142 -354196202 -62286420
-798128482 -970680291 -818656576
-797557014 -579765628 -191911498
-797008217 159449204 791016076
-796911546 55832687 556765282
-796833547 500859394 663866279
-796315900 -836111852 717982013
-795828579 -784388250 -719749830
-795632656 -444976922 -237338057
-795034309 14888633 97185088
-793943521 -162141622 871305383
-793491617 -309150049 118441080
-792109410 -227677376 505994404
-791387307 -755599306 661943710
-791060469 382827394 465159884
-790722519 -915318299 254293445
-789216456 -915555946 901092436
-788594645 -770363630 -479550008
-787947321 -275917547 -211060743
-787931360 -484574711 552801703
-785851002 -206536184 363400194
-785494562 -19410960 930691421
-785100944 79756234 950451466
-784270836 -243843180 266390988
-783045453 905482394 957204025
-782766861 -212403259 967593342
-782495205 -876963205 373317667
-781946902 -411499111 226484296
-781450153 -914276851 517870751
-776225290 -30817229 869897511
-775512778 -460591279 186954137
-775326169 -820788837 153929509
-775198699 -978830877 -628100798
-774987460 -226234196 990129561
-772975749 -672204750 212445256
-772774206 -771357431 -505281619
-772764473 -891556593 913184783
-772640419 -929615030 16672025
-772521730 -649842138 -500124143
-771526051 -644600920 608357719
-771492983 -919455253 241915129
-770693711 -913127850 -823731037
-770531749 412378528 575122644
-769558615 -946919448 -571213765
-768659334 -266609294 225069874
-768345233 -541679591 -139131413
-768212363 -900440776 425086296
-768053876 -49364923 931625222
-767931294 -709844327 -409881166
-767768369 -838680666 169560784
-767747925 181206983 424630565
-766283413 -601346804 290118191
-765286177 -610336224 -137243377
-764727112 -537016466 191509407
-762894925 -677134451 766321857
-762618050 52276655 417650750
-762106091 -671670219 -230987705
-761724562 -503230141 -336751503
-761206330 -934699656 840379876
-759768185 -436321472 398546675
-759092585 290320939 514279642
-759028135 -65490162 826522324
-756948237 -592243265 722894492
-755960483 -638328654 -581024940
-755431877 -458488301 -109376025
-755420976 -117856545 968865354
-755238615 284851548 630799671
-753363924 -946478443 19384580
-752630246 -80340607 -19354684
-752292564 -6755249 661715764
-751000266 -182944867 615422751
-750935507 -839314253 -805682997
-749710188 -644868047 -257719617
-747541230 253709923 410959457
-746866950 478360353 817948623
-746635625 -812047947 -530850820
-746499815 -580105477 357139863
-746006830 -550068936 -467501500
-745303418 257841266 627851914
-743730283 20305163 554958464
-743270912 -131857017 205278583
-743008620 -794854339 212965496
-742996368 -678798205 696092202
-741960532 -923988492 134145386
-741939521 -891872427 814795767
-741304731 -973976529 -232828542
-740920358 -206989398 696744568
-739685079 -660028715 153251726
-739106039 -907868391 430319728
-738859883 -689615097 878684919
-738450992 -119362280 555971522
-737901727 9588861 860809521
-737063577 -140408337 374380677
-734997223 -847108977 -286753454
-733537009 205235978 519314413
-733157525 791542377 794694464
-732567299 -628967302 113844211
-731411142 -766389780 -647254067
-730645054 -735119925 937220308
-729961548 -241842661 484550134
-729877419 -896574216 -282525767
-728039826 250135183 359127798
-727779533 471733561 909610513
-726461570 -953318943 709985999
-724626412 601103646 671582274
-724187635 -666370440 254480401
-723930815 -530805287 -139130156
-722093281 255656531 296658775
-722027969 -883723907 103337104
-719985924 -566830223 235241325
-719329982 -612674264 -525269862
-719123892 -783158243 356038666
-718970868 830152764 861495615
-718501229 -993551326 428864145
-718302706 390860842 714348218
-717522474 -129476130 326761312
-716143203 450478282 870793703
-714936403 27142259 662680782
-714847431 -121973696 86348263
-713327964 -515200303 9013972
-712315068 238633449 603787162
-712273618 -955669979 -111397798
-712108326 -688285012 186683838
-711678474 -812708349 -52388212
-709718915 63653396 398095237
-704331862 -275752903 363546872
-702901977 -755841565 471526981
-700741871 -559767456 -291958478
-698046986 -638363942 600609346
-697918818 543918095 665414209
-695980971 -588973551 -101258615
-695895112 -555120054 -257109901
-695762443 -464124599 925770169
-695380567 -694454427 -63185750
-695190863 876160512 881463403
-695152326 -910434747 -266699798
-694111044 -984706865 -172382422
-691790709 -962223861 144178471
-691644780 -531693717 252297003
-690454146 -344193434 425213965
-690001877 -830141634 -145619587
-689874813 -927836710 183153689
-689570395 -480960837 -461754581
-688601229 -116438388 867037757
-687972361 -995580373 -904521808
-687785820 -420868530 590975029
-683931984 -281626361 849956130
-682896808 -704246508 452625406
-682274405 -752032745 535798259
-681246710 -679351676 847955990
-680454063 -934860578 29836508
-680453070 -614500486 132832859
-679695199 -682813483 875074897
-679601983 -363656509 754975530
-679277804 -931195692 -799692002
-678245711 -734016076 867141099
-677712725 -36918039 422598136
-676840784 -62102189 751916757
-676129525 -483052347 211876327
-676095522 -410591540 -380499037
-675780458 -128276049 386002740
-674016225 -586815597 141251520
-673582264 -544378636 947916364
-672505765 -685270020 436312818
-671749258 -209899907 540470946
-669986030 841526356 850657248
-669976515 -983653777 621263460
-669005572 -803293824 745893007
-668316014 -445205666 -281709462
-668241472 -904679423 981292645
-666290434 252095315 744077953
-663900600 -225600492 419811702
-660193203 445405957 458854272
-660051977 -848193444 -197733904
-659543150 -748928476 631234156
-658909896 216875058 546536305
-658778401 -720815321 520657233
-655865583 -678391373 255420218
-654249258 -384042387 617526990
-653602980 -52801095 620626225
-652521044 -961110016 -873705710
-652210758 -539052624 532488754
-651154906 829705213 914151814
-649877963 -970830497 641156589
-649283772 369471204 722276772
-648552097 -522254055 865432514
-645190279 349599871 504533898
-645163633 819083047 885848053
-645055326 -723041417 -207994943
-644346596 -933493667 -80423941
-643462388 214633037 898122783
-643089522 47609293 982494147
-642758854 -693829206 733521530
-639783240 -497797389 -38380589
-639577482 55724725 542669156
-638574412 -647279292 -83834146
-638374760 -552221213 400824628
-632601449 -580486412 -477719340
-630233323 -842150779 -430964539
-629605856 -990637450 731113737
-629435057 -957861550 -539671392
-626564522 -11582308 455774605
-626448642 -781443001 -233156214
-626006442 -534127325 677026672
-624196983 54980781 571738069
-623736785 -402120448 -123200065
-623678259 -252010922 184745251
-622016578 -747942547 652390991
-621703005 -710499797 -308859261
-621130922 -919382508 -704067992
-620855193 -468722313 944947019
-619880520 -152404473 485442671
-619455640 -273702902 -177893607
-619025443 -189856973 650401601
-618185114 397166237 694197007
-617290238 -341304334 -258555801
-615806607 36785512 809661062
-615337787 -971595689 630980691
-615249671 -830170424 -507425124
-614369162 -976234120 965671940
-610901240 -959425704 641671961
-607785136 -439000167 -227790127
-605013327 -791953800 294013187
-604337966 -666861379 721060936
-602656270 -232114836 370831433
-602115551 726531118 866257465
-601520959 74823428 401106957
-601337797 -890049006 -565268383
-601067698 909762784 999198798
-599864052 -10537605 721228267
-597893286 617142503 664725154
-597808399 -952242292 -304201975
-597466826 -309248794 485899997
-595912258 238896599 726106250
-594134843 -258932229 338879677
-593941956 -726420727 708499779
-593826881 -712893443 19180455
-590751780 -354372941 342136760
-590586477 -892962968 -534486795
-590236380 117546193 536129938
-588739049 -786806937 -64457031
-587901478 -910494171 168599694
-587526130 -258936990 -44426108
-585837705 -952251904 997171405
-585333019 -293272560 951611156
-584980591 699600845 828630413
-584641290 -819454751 330421098
-583530466 -505191142 484001455
-582640618 -618548637 230199922
-579143647 614518107 620370188
-578502295 -969218800 -938041082
-578423825 -407790167 921858140
-578035115 -738495019 -494081866
-577446033 -178744263 741491653
-575878886 -470618689 -433798607
-575809516 -59625646 139547210
-575463390 -757427553 817819131
-574098766 171348027 919440788
-573647084 -508250583 613931314
-572029203 282845425 809110065
-572009579 -796175793 56190859
-571714036 -684349465 105045231
-571656879 -810881162 875380627
-571542823 -725908085 658369411
-569996590 -957933731 -690099588
-568760181 -393707124 -380851681
-563515207 -163822001 43771775
-562030286 252243275 451477400
-561982231 519766932 658420594
-560846029 23651550 298463627
-559768926 -545224628 -520359929
-558385189 -955926656 787597603
-557681802 -527411451 -229016152
-557158026 -975949456 -685711662
-557115115 62591528 212496358
-556870049 -612281086 451242190
-556742841 -506697513 -306048241
-556269935 43649455 915190032
-556160770 -513254866 -487641370
-555176607 103310505 173555798
-554938713 -480627995 959276726
-554017442 -888981166 820954356
-553773918 -230860196 191452932
-551477847 24764712 58694062
-551284301 -345316291 -323599933
-550645212 -478063442 63941112
-550357479 -845166894 992735808
-550213216 -605835532 -371348682
-548406158 20300746 797454491
-546287747 177550643 202228799
-545845747 -69500413 636562925
-544702635 142970894 990169160
-543092611 329195962 782148842
-542923708 -954851563 -720024089
-541626394 457825357 785011351
-536917044 -73786136 337846620
-536130416 -437568653 541620375
-534989367 -929944938 -711600458
-534072169 -415371812 299249654
-534015913 -429633031 5517457
-533086951 -691252441 700694560
-532294980 -257416533 448029974
-530306699 121558751 492508391
-527742723 -570976773 -474856399
-527490528 820792827 945712738
-527363254 -221114634 461875008
-527046657 -38767485 742843965
-526647854 -954972751 396641690
-526434177 -319711667 -125986782
-526337739 -443141906 458158818
-526272449 -168246490 227155700
-525670289 -753751769 283902232
-522819758 218093276 614004057
-522791398 -26322314 134755990
-522195782 -788044385 379911074
-521996229 546314941 550509476
-521144347 -460697858 965708910
-520620786 -52722860 548715432
-519146730 -297325657 -16922567
-518776467 -685366211 377812058
-518545073 -12106093 598458390
-518373993 -907991728 -439976508
-517436335 162002942 744729403
-517327710 318949215 701785477
-516356902 -429252832 795801618
-515886730 -830654087 -397961253
-514834538 -848867500 539805370
-510064630 769059757 993612429
-508236279 -713959709 33947856
-507767639 475524985 596979410
-505088819 -597333282 780727029
-503499839 -707715847 272853397
-502598396 -249384896 -159332126
-502039431 -693420457 407155407
-501202100 -772786576 637416340
-500477392 -526689609 531032482
-499770801 376960850 383469262
-499287952 396478687 503057438
-499152526 -865975635 -34069618
-498966910 -755672049 70958024
-498320805 35672660 110904798
-497838907 894201537 964862521
-496658102 -257954819 830085900
-496382483 -220326575 881705761
-496172397 -336453231 -114232022
-496134417 -349072812 548231455
-495251921 38986238 99081809
-495136018 242788867 830826981
-494692505 -624694387 -550020864
-493656429 -529442792 -393726525
-492850579 262075004 685601341
-492182032 -259969820 -138071615
-492161335 -917116197 -425634680
-490088811 432176696 719018982
-488778752 -905640873 69015323
-488487288 -797173180 253036423
-488121256 676776035 773504568
-488014150 -693109514 991018955
-487751700 -377387893 -109590738
-487064432 -856936564 -811685418
-486190832 72978043 764228274
-485038430 -961936433 145859987
-483944546 45942146 819454249
-483801300 -237222334 644735161
-480868275 -323492818 337099790
-479546925 -457054058 409581837
-478494907 -908935158 473501450
-478470809 -906177098 162763123
-478118256 -108789187 -5518835
-478104690 263827078 585178868
-477939953 -347908995 529021439
-477602664 -449525100 840876236
-476501351 -508143256 410305649
-475872374 428170995 940083823
-475823743 413368183 824086198
-475193960 -731896317 822709548
-474757741 -42437659 202047719
-473717583 -926553754 100835954
-473336074 -94497895 148718192
-472609948 319734830 962734308
-472287690 -620721611 -297118748
-471377097 25762957 176250156
-471359305 -581218236 707082835
-471077693 -940125102 -912585515
-470614968 -721769800 -217754573
-470383048 -100058988 955368946
-470329199 -290550786 629307461
-467952488 -291421700 474820573
-467328940 -691548026 -342724408
-466525951 -461580014 -302542584
-466461041 -933024659 808016498
-465866125 79521133 262536679
-465500769 -908236576 -376899854
-465257629 -187989978 623047706
-464882038 -414385335 464802702
-464722685 -878375327 -436036158
-462725898 -360962579 174658577
-462723015 -946177797 745824361
-462710543 465520566 655049789
-458621411 -844521283 -592921925
-458592204 -246857657 -113143219
-458262194 -829789735 -472472852
-456428829 211141082 288840364
-456106126 220340349 312003366
-454766913 -242063629 -173179538
-453608799 628369833 825542248
-453322133 -77507353 597589297
-453319297 -875905511 -616221399
-452992365 -955945264 -107539305
-452135712 -78192553 313422777
-451757271 -379851359 827873451
-447920519 -504794985 795208498
-447765285 -302751344 229174312
-447730355 269325863 333781906
-447530751 -378737950 477541077
-447326518 39807613 389030141
-447151978 -698323504 -610739895
-446684728 364770411 764015844
-446206800 511150639 665133756
-446008062 -245313520 915706430
-445424893 580429752 920074711
-443419749 -966467230 523343646
-442349842 -825627585 -128079431
-441229921 -441786252 994184949
-441063437 279378170 877466450
-439651468 622033431 627477141
-439028826 -370782109 695872052
-438443800 -854991943 356519628
-438129242 -469740030 477132795
-437405406 -846550684 -460652204
-437305932 -887586183 -578188298
-436742591 -527816291 572835564
-435739250 -895012999 -513034890
-434857877 -816418798 -668284442
-434294338 -741248341 395072107
-433450669 -575217111 145082214
-432412304 -939809766 238585777
-432334907 -718221075 789080938
-432025708 -704542486 -587873023
-431796731 -365376992 519242699
-431710848 -905921191 -342751451
-431446413 -607722733 -556998596
-430882178 -697444439 -162333438
-429838639 -327857426 642531521
-429074054 -980929025 -829219775
-427900730 -377619005 55432839
-426178881 120330099 987266299
-425694225 -292910328 371377516
-425535932 -382361360 594953016
-424429370 -150516167 938441258
-422814279 -551136292 82271242
-421913925 625651212 754916600
-421776045 519175991 706864876
-420737578 -838979961 639752447
-420146949 45480409 920925519
-419746987 -845570493 -206190514
-418706956 -297682030 668131108
-418586105 -837895827 252361108
-417822163 -207242781 598244712
-416385228 -953853313 -202588063
-416286832 -345973757 372385595
-414601791 -578150819 238946391
-412661457 -496072674 14072655
-411037952 -730604152 129409758
-409914330 -375185371 917883384
-409433454 -949163798 709436768
-408934106 -132284572 525109716
-408805199 -806518536 654406512
-406730334 -888487721 842809962
-406663239 -870629233 236648097
-405981877 -164311758 743981532
-405242493 -202225192 258013391
-399623941 -375112662 276725655
-399578239 102136688 747162033
-398763551 -81452416 632471836
-398414178 -250044894 2906384
-395216196 -708473682 -645487807
-394934209 -838225212 -289685206
-393586830 -485820480 571885950
-393323264 46226594 488430627
-393217665 -605049835 -472047757
-393132432 -843221936 -158036891
-392989360 -580741938 -299032488
-392794790 -623765067 -325412338
-392241576 -950885911 792398701
-392095909 -369419914 676490930
-391347794 -616046764 -284394428
-390370063 -848228209 719315649
-388741389 348796889 534653236
-388558563 -15707104 634261644
-387589352 229559817 933752650
-387252646 -836786071 -544993903
-386205577 -143507604 -59627935
-386195753 -452596751 579373908
-385550271 -753650519 -58810124
-381272997 -385051413 -46243504
-380501904 -789961382 -483495136
-380237214 412948911 977860362
-379049329 -661501825 -244493572
-378895589 311760126 830964493
-378267110 -986470817 77270337
-378155110 -812902184 -103548074
-377039888 -499387689 950406917
-376734797 -789285009 -180398104
-375584483 -887101096 -850013379
-375483285 -790983629 -614957669
-374683358 -642493071 325363469
-374002614 -933517294 478192266
-373883832 -37938645 863253074
-372639778 -728247315 -424189473
-371923334 -389279446 743037150
-371021000 258972302 737831974
-370538218 -815160861 -621789428
-368854656 608136871 869587418
-365435287 -899959037 512711894
-365288067 121140543 281065203
-365111276 -184495339 215869323
-365083824 -40146998 206895810
-364062133 264387415 935635334
-363112264 -619330739 -220842627
-362819838 -141694049 -97720811
-362761575 -893013763 652909461
-362696146 -837511088 100100341
-361563536 -931092400 539862643
-360693949 -473451571 -277395428
-360205183 329983019 771789665
-360096342 -252895013 -35391733
-359464989 -420863517 -120277451
-357873700 247925374 373535635
-356662104 -509524904 997499526
-356228372 -718079278 -201983711
-354896122 -634802743 15056462
-354159410 -530479790 211902130
-353652775 834727269 933574915
-352831050 274245185 677989527
-351663777 -379728450 217202806
-351239402 -882966436 351476049
-349971339 421252433 556377119
-348847699 548921476 960414147
-348416261 -777128116 -545860394
-347248064 -810206991 385222795
-346300700 135193489 202036055
-345445391 -609697291 -373681355
-345190178 -413857975 670042490
-344404692 -476455300 -303191914
-342566691 -790351597 324903333
-342435704 -648983253 -636285156
-341041897 -441704894 -115598086
-339834830 -522590671 -101219449
-338749517 -666659237 468090696
-337978922 -189991825 438378206
-337959791 -218797897 708351627
-337414792 -229686218 381624466
-337125719 -978903000 113146499
-336561856 -237986186 -222228555
-336190262 -859179156 711258730
-334588940 661280692 806520348
-333839557 -408298292 -24508303
-333547497 -512666134 7253166
-332323807 386282742 655708458
-330960015 -566840150 -281973623
-330645382 -855631697 970125981
-330028788 -64478140 59089203
-328309674 -863071753 744246040
-327536125 -278192634 793046713
-327239296 97745064 228054388
-327201548 -232947186 488144342
-326088100 -401489745 490658307
-324953091 -346721828 -265500158
-324321307 -150896872 -19124691
-323159090 109677541 864396660
-321453983 -309937209 -224434228
-320505906 164562075 401147209
-319903567 -389639985 -195208885
-318773823 -932284337 -165132037
-318541743 -260836547 -7522032
-316685136 -374457345 858916540
-316141205 -892545800 821525446
-316058221 -768538521 -461746397
-315985450 -382577159 133707531
-314608573 -979203276 -236779932
-314596323 72744199 283678701
-313540875 -121032056 531980518
-313363821 -422522713 -12418650
-313087102 -780733986 665850304
-310913137 -766661584 -271842894
-309398598 -867025834 -507318379
-307350644 -607574738 -528063356
-307185457 -482859229 -190367659
-305829054 -118063260 946707329
-304735627 -766308211 478751123
-304626887 -773977560 109813898
-304509839 725143028 812900945
-304382254 -441209695 471404209
-303466724 -603602555 826949993
-303104926 827277948 934057434
-302527386 -103911882 844509831
-301592169 268940613 968432638
-300317237 -913651529 56861758
-299610534 818707919 920763438
-299584949 -588808574 -538531222
-299037828 -568159914 629494536
-298968675 -839121239 105808510
-298298112 151929752 316188759
-298183614 -757417707 403798642
-297931847 -770436548 124641618
-297041383 -120025431 165389759
-297028714 461726436 920477903
-296823868 -967710850 547692491
-296573146 -672506009 -654379139
-296069118 264495729 886102055
-295015976 -527305211 755929538
-292457389 -650723138 -69252352
-292439885 -454223985 354151136
-292306717 452230983 969389104
-292133400 304065121 999401823
-290832775 -764715491 -376998714
-290206907 -797273094 -124236127
-290031990 -665722029 991910430
-289423470 536351859 621196958
-287989443 268851470 356851415
-286591694 195298093 335440059
-286574511 -550320763 84768982
-286544010 -895131618 190738722
-286064863 -309790995 38982062
-284846295 -52885283 365609505
-284545117 574792233 673581537
-284538577 -192347425 551896065
-284433193 -669926846 699201815
-282683985 -406135765 47845891
-281862560 436105931 748978714
-281435345 -121632863 162038406
-281428227 35960325 718718296
-281204878 85349442 125685123
-280473559 -527490222 531497557
-280115466 -971420899 860191901
-278462299 -710210498 605680679
-277772601 -623594581 367029965
-276581811 597725389 696804395
-275574301 -229007764 714880566
-275551831 -390508403 -93673332
-275448157 528505936 916555775
-275285763 -217044940 670216832
-275005541 155032671 171949101
-271613131 93149291 270708705
-271287538 -361937227 742604729
-270625036 -919451248 -355250738
-269657129 -696590617 392471699
-266366391 10696510 112975700
-266259669 -458811975 401759579
-265445198 354809619 645309864
-265323267 -185723838 323997660
-264138144 -870320811 979438423
-262482851 148613691 981342972
-262221197 -264782406 254795818
-261206910 -664266373 -27179555
-258160714 -639082704 -339647600
-257308943 -91365517 -16524345
-256897022 -733993657 268136874
-256166321 -284401920 782617719
-255014361 -672218510 888072987
-254458733 -995602724 9506513
-253614178 -625364059 -192834323
-253044926 -105186138 824121745
-251941638 -896607721 -811630228
-250373833 11429445 911702630
-249011411 -859122347 852805368
-248604066 -512655527 205844822
-247075070 748648709 897341888
-246023400 -232436851 914137947
-245629628 18301063 93701403
-245279523 356065037 699721126
-245216698 -508054403 564109753
-245039571 758686706 857416482
-245038802 -767820494 -564590323
-244114761 -71440844 943235283
-243298021 377507920 762463366
-242440747 -538298853 802486760
-241901853 178205907 634179943
-241782079 -343857186 -306318009
-241560376 614800219 789710708
-241513997 169885173 933651327
-241245950 183266969 703312734
-240841202 720614562 735133486
-240494789 603129595 861411245
-238197957 279131157 365899141
-237790811 -157240728 103496648
-237488205 -52601927 125502077
-236318972 302923283 967127441
-234642276 38764929 544697949
-234079105 -417861140 35444874
-231077294 -993929753 -694975521
-229477188 -69438346 950105613
-228570815 -967783143 160527630
-227740464 466512564 466935497
-225234253 -565461145 872651112
-225226266 -10047003 150685294
-224134894 352411332 698663945
-223561031 3992451 189410681
-223261136 245848819 686487205
-223103134 -873393615 190573465
-222386044 -764440971 2299188
-220481887 -189065624 814346809
-218206980 -181011153 793604962
-216129829 -654024164 -466560547
-215676463 -367261508 304433504
-213092144 279794637 853383552
-212664606 -480297254 828852111
-209561377 -291605058 152309386
-209234177 263593381 824096600
-207119589 453599796 770173632
-207091958 -696886559 183660904
-206486681 -937725019 940501023
-206219642 -609440472 870368368
-206050677 -59623508 933350538
-203917694 4994883 854515848
-203036363 -875138387 969399922
-202479446 -222357928 207248967
-200718677 -166813089 944821119
-200420188 -412719025 293544952
-199867375 189418508 855635828
-197711962 -923539669 -159513708
-196268237 -802310499 -113649611
-196230420 -972630363 271966147
-195611050 125463068 304619765
-194833665 -747071780 -41725489
-192915628 85509895 710792557
-192747950 -91351141 762825674
-192712237 -687804084 904399644
-192405707 -686487736 928768240
-192231237 -710662905 -214551981
-192030216 -140449145 806303143
-191777758 66615016 410020508
-191480353 -788415968 215608425
-191099363 -700000506 624491840
-189411401 -799629968 789354222
-188350359 -541728807 716870982
-187901302 -607850176 -341666367
-187473046 540920139 650828266
-186280262 368029496 452481918
-186180992 -901429975 -163057636
-185770930 -984064193 964442334
-185009084 214015398 427548873
-184936065 527278901 724226388
-184566055 -506526621 54216449
-183285404 -702752 670419270
-183139754 182769137 319792861
-182907230 -764152220 892001098
-182724726 -954128968 -598187559
-182715325 -92157191 796245372
-182436910 -43020392 28747659
-182124283 -450185891 74013515
-181258155 -479405613 -372395156
-180526282 -360784761 -161090024
-180407827 650706061 667152333
-180356301 -994461748 -295481317
-180017114 -5864708 847180211
-177515535 -94173379 774413609
-177231872 -600620416 499099910
-176691541 -925274346 858633308
-175223988 334437781 895842514
-172609631 -891818850 -124801907
-171155367 -302859997 409058191
-170586867 -955696611 -445545529
-170425515 -680179602 815310471
-169523857 -248599285 838117461
-169157029 172481077 990162498
-167749593 -848432578 -628829828
-166772681 -740656045 228432598
-165769490 -983302930 -964371173
-165518119 81295953 421652509
-164535616 -689550507 663491972
-160770533 351031467 644824343
-157877848 -168242446 -31353741
-157145802 -913572831 -420443974
-156005965 -917883328 963671234
-155136067 -327994386 -89871143
-154090637 197945436 533330767
-153214809 -437518913 -337264448
-153011732 -780379161 -513613539
-152899189 97505545 602208457
-152702469 -345599279 940541177
-152516114 258123624 450432497
-152509924 -630241662 -252319307
-151754798 -323135299 680059898
-150551971 -963398389 564126339
-149851011 -673586174 -662094424
-149663553 127213075 628374598
-149369025 -497362978 -312180500
-146768825 242540064 362868612
-146731146 -46390023 257022278
-146247643 -333759852 878166533
-144352418 -171888998 -102984561
-143939269 -946483964 27300395
-141767937 715922132 877422183
-141761093 -897866505 684578319
-141511673 -58233261 329042185
-141286683 285246941 619371394
-139480532 518420462 743272553
-139340312 -294613458 -114094171
-138605112 -381205154 -268675673
-138062624 -542693171 -47008365
-137994840 -73135679 428962594
-137868279 -894535854 907804492
-137741374 -551052253 560295302
-137372555 -947198737 688999617
-136878091 -504653859 494695101
-136809527 -488077870 286905017
-136736728 -360578739 516592489
-135409064 -528607625 926573296
-135049841 -913079054 -15335146
-133326648 -591788243 194868036
-132226825 206382159 958536067
-130926102 -925844151 -879662888
-130472326 -802798658 -194522220
-129495806 114790468 242712340
-127891834 -535158416 760165653
-127656533 -619958734 421018294
-126179221 -339566505 -198704158
-125224612 -695104568 -301562453
-122751459 197741426 692503300
-122500411 -41673522 -20775845
-122300364 -114400490 964154177
-121906578 371519752 919875910
-120569585 -752882112 -294422026
-119647851 -77033463 929603760
-119481584 699183476 805288406
-119436441 -730760925 440548868
-118720427 -33878580 321721069
-118084259 -87928199 207409599
-117990748 -726646821 -23195802
-117630417 -763074443 401590737
-117198265 -945648566 -170123376
-116482845 -352295488 -17313906
-116356488 64078042 571354757
-116163636 183308324 725781550
-114811170 -24021148 432129637
-113738039 -341081115 969742363
-113465230 -563793175 12626611
-113216540 -992701390 26542289
-112548789 963198075 978787343
-111767557 -495869337 -263193899
-110601770 -84867727 692716820
-106905127 741821642 770873331
-106883362 -908490739 389315318
-104987916 -1034014 454575035
-103471505 -300178976 252236258
-102160798 -616418384 876153349
-101910024 436405194 613535685
-101860161 -923565599 342966373
-100562660 -750071721 973285497
-100448802 -546279506 284815845
-99107307 -687017020 570162054
-98218017 -371268042 -30634350
-98216474 -908215743 -763780446
-97164151 -63553168 580901371
-96937784 -894505969 130754939
-96414952 -801347390 -668144759
-96034568 -215586651 726501885
-96011187 -240627989 114448769
-95907216 -443866311 -113342876
-95867734 230545687 696304786
-95368725 -716149642 749860259
-95243110 -632493815 335340854
-94877764 -394444655 773818433
-94868432 -573065538 877325622
-94365288 -838115344 -87943299
-93345334 -270102537 -153913261
-92600843 -673855154 -261616000
-90596756 518298104 663505031
-89719225 25712242 226983451
-87651070 -383926479 153928362
-87615681 -380464335 830769647
-86633886 -887594284 -745270060
-84513333 -500976009 -448903598
-83340766 184770281 972284459
-82672405 -560720230 107336446
-81478898 -782785821 -732051842
-78138488 -445179885 -273168061
-77894064 395447171 836427997
-76868135 207615446 683856336
-76708958 -399373533 -98127105
-75578814 34176507 680584207
-74866706 -892813794 688243013
-74756125 420882215 501853278
-74633377 749484951 914244075
-74622310 -593688377 -155313699
-73676700 -913887711 -384607831
-72881409 63536909 490212779
-72539499 -208277441 316307568
-71211699 -661228789 739145469
-69656078 -165982005 -1101360
-69298667 -580614271 646000401
-69135402 -65637553 557326564
-68416296 -251959507 874215745
-68347002 -695046140 -373504904
-67550539 -341861977 -242833082
-67488931 439135745 611698459
-65783711 -393989310 917920656
-64187413 -696017424 -229641397
-63964690 -405025945 588218549
-63525887 -345178781 -48972724
-62510462 -895931958 -566602235
-61821896 164233684 404060775
-60808027 -114983014 513587243
-60086712 -959493885 722352207
-58425389 215706594 391149169
-58318625 -361187135 -216697353
-57856224 -133659497 572417017
-56926049 248342917 272144941
-56643402 -905412082 251552217
-55755456 132158192 989102267
-55422311 -610178803 -76357717
-55409706 -88200946 891686668
-54660190 -314339357 476076055
-53627589 -863174813 -741402927
-51824914 -284484799 74690803
-51426582 -117539422 660353559
-50891644 108736049 175437642
-50137736 -666718842 960636351
-49940345 -772179939 754220872
-48907365 -385789192 -2833092
-47912334 272060672 751136875
-47451234 -868148445 -465375785
-46840082 -829033907 245689801
-46373772 846818892 937733696
-46162776 -349467850 170032489
-45858185 -598829496 203276245
-45186464 -849685313 644811725
-45096880 246003870 372449326
-45082911 -892990146 691869237
-40603372 -876303276 -545211131
-40079956 -85342925 747501797
-39806615 -224694931 113936527
-39715957 -814447695 -743170848
-39124382 -720782385 -251697275
-36751418 -936843148 92046921
-34545020 650539942 797948855
-34186377 -623118091 -450945978
-33884730 -603373737 -353357153
-32457699 -769913557 376880759
-31900793 321526831 485812265
-31050807 -955379438 403564254
-30349898 -472280850 -398953013
-29861635 -413852219 -143572435
-29143593 492181239 862756784
-28182868 -613328111 -239813399
-28010011 -194062814 99695645
-27398949 410660132 523717996
-26538295 -13819537 916974752
-25095151 -518135598 540637616
-24801308 -183086116 722447272
-22896845 601789111 965536410
-22686922 -105219128 443792688
-22037860 672650131 756408961
-21373694 -66124452 680020660
-21322148 -629177202 -12048043
-19372974 -379679247 757983917
-19360213 -656568010 808487837
-19259802 66043865 370111458
-18275648 359959953 408741835
-17988813 -904590997 -106480275
-17856647 245253771 429051613
-17481461 -897789756 -329986163
-16287339 417818364 432352012
-16096790 -718052755 342056975
-15706262 -265112147 100947270
-14102023 278305383 746048753
-14006738 -607735532 656853167
-13706513 -805955322 349161170
-12233836 -517523485 322027269
-12219668 -718243927 -516240948
-11543751 -657890422 272093543
-11019377 -450262310 415963891
-9589232 -961891956 310027654
-9456625 -337856192 421060499
-9096352 -657791094 -59910679
-8307890 -669321294 990634305
-2452720 288091196 351110944
-640262 -951185930 -869307253
621218 -384941012 348317423
1113286 -756205408 -704675767
2198451 -159164285 372962333
2373941 -968665496 964643661
2971849 -528468471 412963799
4096327 -394176227 -98489255
4248083 -58161373 47034860
4423409 357022352 591488313
4601179 279919268 729872096
4742989 -386996420 210231572
5190788 -549955220 -509726112
6005583 122997596 568865948
6279755 -584657802 -482458330
7826381 -141855608 44767049
9229458 -726867961 899565394
10119366 -875578214 969136961
10452256 -425523172 -110062952
10507573 46805301 201889136
13516567 -940133248 701376447
13566325 620031560 724092491
14281317 -653832078 -561227630
14437240 -235483781 126624251
15268203 -611039933 683646035
15275779 -210173522 949183375
16517514 -122665401 -12618826
17058612 -240666032 791838498
18428429 -980316991 634798040
19020768 -814311938 -80827697
19192384 -628087963 -176129670
21461489 -38048178 416066056
21915830 -151475423 239088369
22646299 95683196 792519875
22711612 -429649580 -77159401
24072785 -780345808 -308047914
26406641 46903570 182122768
26490676 -706477667 400421663
27006942 111026348 530713211
28418556 -712407007 349800626
28571096 -971268531 -125263136
28751462 -817823495 -767458611
29029615 -988307580 117803632
32084911 195759210 786455206
32158363 -895012657 587714785
32612863 -790302853 -262592613
32648144 -917848209 -902352131
33090855 -222956801 668795865
35315180 -499536421 -481087095
36603067 -600029343 -75041318
36889880 -930569660 557650640
37389004 171829918 260666041
40180155 -957873296 608759770
41445953 -847848750 -740451671
42120365 667277377 876336414
42600381 193183536 503804842
43284646 774311395 793652098
43416090 184147037 304677116
44290045 -306630676 83407950
48363402 -716575800 151262394
49439200 -28681151 49864134
50668357 -182192099 476166040
50712247 -990101787 472741849
51911241 -604058129 942491570
53052127 -250510710 919153398
53309557 -421188642 -174210783
53926452 -510060351 38184041
54446974 -125187775 427231533
55783835 -812352993 -804572682
56580399 94438977 302539502
57469308 -43202187 643039282
58814320 -990655163 322677796
59998186 -803522300 858367480
60066904 -583269143 -276371939
60995929 -220540754 313604911
61074009 205769235 381090002
61934147 -901093963 -536188672
63012959 -305235267 652657121
63169845 -242889544 471265516
65936664 -671047203 25939578
66863193 200217115 886989195
67743225 -269902710 803858843
68454005 -808235273 385976783
70716244 -787065669 -198906020
71138446 -165195446 853023989
71288605 528158867 598056268
72175397 -950483908 556840589
72222556 668546976 965034878
72808957 124814877 668705142
72977927 -815373743 314281184
73028514 -479925233 105043340
73331122 -416715272 124148364
74163852 -382697201 -276890240
75027617 -339128833 120281912
75200775 -909573612 310674626
75801220 -920349241 64559021
76042957 -365200808 747094125
76455981 -906682064 -545008416
76955470 62434687 243307372
77387083 -213913746 797651402
77987440 -502288798 -305987009
78543631 -887866148 -526884512
80131857 -314123550 787858501
80140343 -561878412 46173316
80749782 -666760097 -256361628
81298989 -524852088 992081373
81705908 -506312683 -190263373
82269514 -711054579 -197218330
84345841 -895119222 336655488
84980441 -922512167 198426566
85151126 -66382628 583583689
85931985 -151963475 135011515
86180966 -795272029 -466328853
86550248 -827704392 710835845
87143110 -848461578 -57086688
88538834 -263427311 437488720
90059496 211978710 443886864
90076670 -744286168 716131170
90987617 -397724482 610321994
91358536 -524687286 556163797
93528167 -500341635 -136022950
95822379 -700545356 330406797
96086751 -418967518 799521719
96804780 -275414921 965797560
98606972 -896734855 517943187
99389366 -572755601 -492511817
99408577 -511922810 730197092
99972653 -247850751 813998746
100155376 -225899746 961722717
100261172 167610336 746714042
100539360 -106179439 203982637
102065956 -464166490 623960276
102198374 -982932090 -339276358
103312463 -953698892 -634713814
104679437 8788169 451752755
106890297 -838510085 -24769805
108636113 -810832693 616077297
109550625 -772991928 556661872
109560114 539916347 876230497
109867672 -333409983 686955786
111771668 -640958379 70405097
111901212 -729285231 414581381
112444697 -50887765 679303438
114467829 -871343158 -758819078
114955888 535023948 728887464
115496034 -751595644 -724947221
115923771 -531831401 978425890
118737002 -911298278 160590619
120768774 -591961827 157366296
121456958 -930826120 515308060
123635559 -201226289 898920728
125979203 -533071855 896133046
126648159 -643789191 -584929951
126653329 -75796715 477058349
127711748 -468716031 583761602
127864979 113115115 243413765
128131533 -943895165 -692267445
128665290 -397836046 873473867
129313140 -756088668 -389109023
129571744 -267453553 154972777
129815826 -939718231 -365822996
130704151 -819301873 399949726
131212266 -167982902 103530517
131885710 -386467904 -329718581
133653608 -85819147 697475535
135475432 -818591318 -174014564
135941167 -348028426 -109923436
137483901 -740668997 -184585841
138583335 -694058746 780525580
140850082 -730341637 148366593
144096571 -241014359 801075574
144227790 63582441 230614944
144298041 -122207440 389957650
144894330 709277753 902475315
147034494 -686381568 651830627
147108267 -752580076 358847153
147111551 -877882859 -48428775
148128716 463243184 468005263
148408786 419487292 689645044
149333584 -417653662 -258480279
150104720 -871048566 131349178
150405115 -513636995 -315297095
150424724 -701582260 325382630
150577855 -434429501 850891344
150720682 -495807778 828677015
152189344 -870975603 908786190
153986721 -844743564 -141235834
154716624 830565437 830877062
154884445 11660687 891989777
155200733 134297284 509029618
157575424 -43713505 986716446
157862359 -476625494 591001051
157904130 21617557 800917712
158628553 63643436 483098394
161300107 -529113604 -253111572
161316933 -193305503 552017514
161868691 253258869 713913325
162728707 154536135 671456803
165818211 -636505934 955733630
166168002 21409684 217572458
166326229 -639111494 719910205
167105472 -694595101 689519085
168154752 687222678 767954290
169974530 535566971 821126296
171269760 -338322499 -135569429
172749593 183569878 421281895
172879353 -641290172 -574651238
173111357 -270873387 433195817
174040790 263644221 940948079
174255243 763363276 842147358
174410657 -868370306 735996030
175417214 -402933135 642276174
178008232 -882387362 475288900
178601573 706854881 710916938
179789425 -398728411 741271883
179806160 -754751236 527532004
183751362 -284078251 111286009
186169292 -953718152 13066407
190625375 -30610471 685518421
190725314 129452585 889503933
192249202 -941392387 463010115
192933434 -708158042 909022857
195504074 -224458370 -193796189
195790293 -487223727 -233483618
195799699 -867828450 676657515
195861181 -424785629 -305750177
196543253 -865835176 -349874514
196889184 -89497330 995066056
196985734 -599915675 73633006
197318757 -986199721 -336066327
197466265 -758238182 351704529
197626311 -918418800 -658142020
197759890 -293478324 731910020
198335835 -394586794 541245366
198961056 195813116 596684872
200747584 25009778 644915171
201105345 -11642343 261246550
201238571 558654105 707305104
202164095 -791093566 -368703652
202584048 -840126458 299710250
202650362 52067975 224210383
204916884 -608605244 -356825272
206497823 631521257 694990077
207778513 -49998034 370649860
211093808 188673548 256764315
211141034 256091371 757546258
211760060 -716033991 777884500
214250988 -348394094 899119949
214743720 -968104026 993064674
215028439 -942917894 991360483
216093937 -480787906 261926133
217261027 39554093 268376350
218716130 -995850674 3007563
218808727 -974888778 -86092180
219889146 -774668451 -588019016
220530430 -941258212 -187130682
220771366 -12385411 810959299
221806083 -530564287 325441478
222193173 -381560116 916309635
222933822 -96616654 563222477
224711893 -994589946 732278243
227418468 -130783286 -117369606
227873717 -230063428 445948440
228196426 -200374050 107393356
228457351 109864732 810422246
228708665 105059410 730788116
230721467 339392473 961301385
231672671 174492178 309966258
232194644 104768713 844593854
234037439 -936899594 399336612
234039042 -172203791 440630383
234422073 175531080 427702186
236622140 -383973578 -306758530
237682743 -777221471 898138369
238655265 -531993576 718998004
238806489 63464011 595283864
239963260 -175842064 647726078
240279031 -59720840 71573666
241574030 -460965229 843406547
241601870 -944845688 63999604
243788977 -497986792 704126139
246018013 -332768133 879488422
246058878 -181955414 22544681
246517401 -789963556 -520440032
247155868 -525878693 -182555263
247377956 -239156091 -15004870
247642587 -749918181 644076295
248131599 -947123610 301476794
248733050 118178797 616247145
248893945 9832070 57027554
250773683 -872998532 -648619272
251629834 -83493712 338604676
251966915 -668041042 421911813
253323590 -693471647 -435495447
254725271 -694172146 188000083
255632913 -594114810 657345266
255781944 -779356118 294443849
259282773 153110264 254750575
259747079 -570545102 391294309
262981969 -701809346 -448263487
263093250 -534195022 -92153286
263213006 -968619829 -569879766
264728607 305762728 561997052
264979595 497617277 916387593
266149029 245902320 890816274
266317233 -899006897 -416069141
266361668 -608981348 64610493
266876517 -325194912 418474892
267278807 -647134116 912857174
269200446 134496781 422896723
270331048 -67356864 744201991
271083530 -430991348 863260593
271372629 -25735571 458364263
272909298 -318728466 -76568014
273676856 -208383951 641380964
276094537 571064658 919327589
276392754 -931289286 -609459936
277292852 -571130891 90602277
279501996 -207574310 427111508
280358699 -344295656 852234575
281295522 556287551 898355841
286241789 -651270773 678664882
286315276 -561481054 -323512571
286698077 -775104474 -273539418
287843106 -32813847 703514173
288491977 -93997467 86767863
289605022 -273591902 313305213
290146276 -200245480 96844360
291707636 -998003456 -859172208
292478696 -587561943 -276617236
292519003 380915301 762058231
295716704 -959758583 -937018740
296091564 -824918175 674330762
297062086 -198925310 303536190
297470050 -897155548 61325663
297507805 -839478098 34457281
298003863 -198155996 379764937
298470780 215464833 656155707
300190735 103425245 557361772
300826389 132278171 643906943
301929156 72575241 890176450
302606728 -774618642 628364229
302909371 -267018758 122494027
302992525 126203948 375995878
303880361 -532469014 -295332501
304254406 -652656366 -623443013
304686865 708746842 844385659
306870675 -517872237 -112152475
308614776 -943588335 762421984
309968592 -617628603 -386790425
314583593 -466820287 622440258
315605878 188047552 475270772
315834199 -869434246 -331493331
318612461 -242773530 273260149
319682003 -690326782 871311369
323392839 -717751883 -634739988
325991462 -409666827 -97479741
327435688 -80345518 530655691
329310879 27338534 150995315
329882886 -224977480 -62554056
330882972 -81322406 -28219169
331116671 1336971 896120391
333350186 -561742639 55824883
333862342 -498563932 969524179
334928100 -791537150 976982782
337512366 -329754708 -241270708
337573116 -844661109 715902379
337599720 -414505003 132461276
338725493 -28354656 323476595
338926650 -308749202 15047591
339039813 565460751 805754784
339961624 28177954 110977371
340119614 -819701944 -37765148
340210481 116554493 284362898
340486368 -373582561 368784539
340802495 -928337501 170099868
341526965 -392831668 493379833
342843597 -812456566 135997096
343803718 505316971 649395709
344661381 -407609952 570160098
346060006 211245156 443567141
350269587 -662032935 768821011
350629066 -861425913 -643685523
352567880 -399024811 449241336
352612507 284136205 697231276
354680269 -570610783 614654624
358287258 850761746 866188244
358502172 501119506 891535095
359346619 -638662546 121606238
360039756 -75747820 888665027
360500812 -466215646 -313342574
360811773 -494127020 198952834
361390438 -677561352 374675059
361565775 -679801084 29480121
362256195 -319998694 613338671
363204712 296555948 408949982
364088769 -958999335 -783806267
366089705 -625704489 -137116676
368638383 -577203716 -358670812
368912813 -169006406 545162704
369059457 -135144760 134623946
369583693 -821159904 766592270
369983801 -956423576 -57975136
370960937 -479446479 230236709
371455021 -894678388 -751479719
372943065 -317205995 325717956
373438043 -320729451 487529752
374069416 -689183103 55348998
375096260 -395608431 609994769
375103584 -149661989 686588656
375346419 -66764091 626258112
376145116 -858336628 -301796055
377107412 -646404435 182534867
377473274 -714034767 -553559525
378840411 -805610274 980189708
378942310 -426700653 367773786
379349611 -458277699 398316921
381578643 -905963107 175425076
382195637 -882681482 -287046996
382398362 -148779847 -46715666
382844142 -612350173 -190352567
382900583 117957678 926637180
384092196 -481666306 845526055
384129102 -549255578 425915195
386683859 -145586648 824227556
387036697 -729009515 661034453
387912674 -305863430 138239392
388730507 148247702 299446476
389830291 301225988 552304464
390759065 -516047478 790789184
390844809 -732786481 -187151101
393995234 -291943211 -250269303
394431166 -726653847 -206423466
394455210 -947295316 842274808
394525805 -674015520 222970738
394555109 -481360510 730870405
394735248 -540861996 885113265
396931477 -942416486 -226090642
397027173 -864925332 778699209
398077252 -124180594 41849389
398771488 -548719774 -46826538
399481240 454646202 893110435
399689405 148092223 991034170
401154412 -129251376 985179948
401609586 863251182 972406884
401891649 -658057123 -251215996
402612411 -831597645 -405260941
403548489 -415245885 -233704021
403606452 -839056979 -546103078
404460160 4093699 298111741
406199299 -486022155 185711746
408818244 -690370435 -623534861
409827530 -928802171 -502588308
410567546 137800494 837199788
410798152 255475612 673982684
411277619 17658599 52131338
411618181 -365779423 132759503
411741577 229964641 465851119
412847475 -536416117 974030015
413874441 -651172791 975036104
414110813 -804154364 -261760620
414581425 485150277 529725344
414732247 -478246834 734421724
416740831 290410044 388040180
418716922 -535197383 754843792
420122480 -524911492 636235667
421002034 -48636172 471979525
421736625 -907247198 -641760775
421743550 264154329 673415534
423459121 -920663281 48979157
423547035 -783495828 420387298
423989048 -642145898 -290979673
424510399 96952481 817713732
424622142 -981470970 -795392829
425218193 761734983 822780883
428892959 -597980374 827533669
429483415 -211508356 938747309
429738546 -692450967 553742667
429863860 -334475128 90264081
430076636 353862267 845616812
430587455 -189644702 223165748
431441663 -736300338 965245232
434250433 279427825 659125128
434784847 -611097996 454066137
434790118 -224634765 569369377
435013382 9719810 760195566
435581740 -353984279 537861561
435672528 -818602087 278785074
438713555 -643521052 -584346019
438920485 130099083 767080027
442256755 663584076 793395551
446129065 -158357065 468367499
446228628 438560487 504858276
446455641 -329612512 621906238
446599133 -328819534 -242962318
447669457 369591909 526683583
448458823 -685227724 -60292158
449797259 14112464 197595537
450648416 -966785441 -267294852
452499600 -116511673 864076177
454369536 -831357774 267117773
454413583 -144829245 771549152
455554038 -55058320 292945359
455697564 -164830575 800163027
456008192 -827301027 578050423
456175086 422487651 495613367
456614402 -730300340 341822980
457091991 70597866 180552695
457123079 139563968 553355644
457320368 -425755810 765927647
457387998 -755701457 -616825139
457429142 -667278769 -221100243
458457767 -848182752 456912050
460862428 78397191 543831895
461012609 -594885122 -299490682
461988533 182814892 516385210
463415466 117174170 651509350
463422218 -987577739 636658098
463981291 -336743072 138788939
464550431 507678173 597470233
464901804 -601477993 814345000
466124328 -568504509 148608260
466197361 707665470 802977078
466585747 -389087992 223938898
466702361 -834256849 -248591404
467346632 -601891020 -582692113
468874821 -793618020 -609524501
469085093 -503883727 209967098
469498167 -859583113 -297893598
469623037 -799799168 149596585
469990905 -733478816 886990197
470531218 98329109 510239144
471438752 -757646830 59408950
471629942 -464538785 588832829
472459935 -924367724 191697739
472487919 -853824720 494438374
474788985 -878259243 279570086
475343542 -391321659 -76123706
476875985 -665468254 198699276
478606005 -647510103 -359526232
478721652 231649309 964982408
479235012 307232469 696737488
481427252 -843772093 -119484816
481554892 -633681808 -152324111
481774076 -71168878 580469319
482327945 -395438608 422456662
482495079 -965157441 431529206
482854973 4718028 975764749
482858554 -610962256 806952534
483137355 -874411806 932146080
483622694 142072613 671499704
484371412 905864910 974542930
485863225 201682182 716774780
486877429 590301333 726921281
487169695 -408323151 25024008
487281154 -968279731 -802274395
487302480 -32127478 189045045
488309090 -562016597 -263430982
488395031 -941702034 65221389
488826344 -587575425 347834175
491579263 -743405481 -462391669
491704585 -288513718 -224625380
494711328 150058896 911418735
495830110 512757963 604234121
498772697 -613719552 371614154
499181401 -794435687 217092209
501499637 231617440 863332218
501659109 -876193401 668546542
503210699 -540869450 217059342
504867525 -983844345 364477693
508387571 -889663 108940167
508834963 -862762614 -56472898
509771614 248604107 799078869
509987026 -34930422 785399092
510585923 -145978577 891400690
510705784 234592436 512960522
510779515 -640060223 601349804
511159723 573206606 814903546
511262120 122849425 473376240
515035020 101533146 244404121
515558006 544648505 658026567
518488354 -429840117 970742497
518614586 -941566301 805682002
519646592 -348177042 686343693
520964233 286638446 619931332
521817667 -634951405 828504336
522440954 -772478605 945226399
522486903 -562547778 369354978
523228968 -941384633 -31794636
523592758 167688109 174805831
523885935 -793442216 567818395
524232720 -456776044 517232733
525240176 -190233290 472785668
526909343 -414795220 457750210
527126336 -762061346 -468778761
528476690 -252250391 556878977
528763738 -139355341 468774072
528985115 287307491 751880476
529285116 -539689364 -18305483
533382177 -276058737 -240287678
534208247 -612416703 -442453948
534621561 209726239 247673306
535859132 74434102 268324100
536375484 -539589623 799581350
536437206 -198495353 664089653
536650801 -323613776 208679921
536700388 271618929 671137777
537245836 -897381366 -92324424
537573478 -343070974 255734143
537866321 -826584005 561007979
537996407 -919421443 803395058
538064876 -931452690 -574768034
538948706 -752454398 210025137
539174802 -775994536 910698508
539692944 -972194896 548556093
540842688 687778554 780628219
545215898 -150235826 270793897
545722419 -864973448 56659491
546247023 -951786802 -614137274
546695132 32482933 365988471
547554689 -668452225 -411639662
548123394 19517872 980229597
548882608 -818783344 -243651539
550182627 -451583470 319384379
551309664 -574910602 -244603417
551452499 -14319078 601285816
552763029 -747481324 280234500
552991604 -570861243 -91600838
553007854 -849016996 26434020
553519038 -678932357 867202657
554259740 -144497492 316490108
554276671 46260197 455063934
557023930 -404265110 202859184
558822957 242657851 438072185
561108213 -828701611 222901887
562560489 -629238729 308608730
563170691 -881610362 608767049
563352311 80571199 320459938
564090716 -209500973 253078912
565719483 -67293919 642470723
566105029 -472661633 966800726
566984637 216792127 852039729
569351883 -777697969 707594511
569441474 -206488006 927098768
572109735 -194361036 206526712
572863726 -318548641 519055539
573892352 3023008 485358458
574174294 -784293887 -393682236
574999443 -383527776 -306737851
576320610 -950475695 941933817
576951155 -12828666 539171887
577155553 275032868 317611821
578445591 -500452015 768315246
578558473 -967864818 -756733333
579650584 -318570648 249334957
579724846 613337231 704849671
581803575 635787054 675052244
581859680 -930875269 427212961
582359587 376093570 429774743
582624530 -553185423 842171327
584162447 -801352098 -595676195
585105384 -849143890 -808049289
585163965 149906766 593613993
586694016 -356192125 748812874
588744218 -70005082 316500374
589196830 -862413502 654998093
589503648 -161181939 901066646
589878504 -36317904 853124369
590751384 38351456 234796570
591364241 -866923216 -405815453
591510534 -487791357 -352214631
591922223 769559294 964778774
591977446 -631213248 877646352
593153866 -28689557 933816570
594573298 -511469549 -187041496
594618429 -856861772 600732163
594721575 -865226161 856537465
596046988 -380862599 672747397
596294071 -223021321 -86246949
597939044 -916435616 -369214304
599457431 -355955538 804146110
600660721 262837249 681444462
600865346 -253246024 -36714521
602497425 -707383527 829751603
603408846 -83414867 910196727
605555980 -978539014 6867495
605674538 -566380319 -318071295
605922985 -479494418 419907043
608586480 -266541634 263492720
611704172 817234891 826713204
612074379 -667190824 824876468
614172787 -569592517 -225075483
615169879 -604104610 -328630186
615341278 -512220191 690159296
615537801 133548245 677512716
617642050 -621389718 562353265
618506813 -718005473 11025273
619161432 -743774485 760369169
619326930 204958790 344053573
620882903 -714303156 -562344234
621071322 -581825242 -268766975
621978681 -532520402 866074087
622043352 -660560720 649995219
622889685 -536500783 305314736
623383178 -482732009 557334573
623674360 -784032160 634512147
625987769 -368450261 622975151
626171121 -797643860 894639237
626473929 -376434545 268218409
626644656 -793528474 92531525
627709723 136737855 501829380
628347408 -805611306 173235345
629204260 662990826 950169931
630645120 -957881902 -108756007
630787150 -100109275 932788390
631088195 -774416193 680270699
631294633 -34862884 744273494
632250203 -68395088 237828732
632935153 282621537 381662623
633276503 125216690 755031113
634652226 308754180 427642502
636310189 -589237755 -289303846
636366601 -815673316 -415557537
639785622 -629104686 823784614
639849262 -432707281 927217614
643034464 -962000999 431481417
643576412 -528058033 706869200
643839067 -110730830 459626127
645877291 -929513650 559341318
646175365 -658332718 -497859931
646268311 -691847379 611484020
647507021 -276141733 652979864
648196423 -807224434 772292838
649057497 -114063600 935407899
649182324 -737918759 914026626
650907318 -597341924 -385324663
652458885 -637841262 289219382
652726202 724623687 888125734
654055305 -751495830 909100716
654315415 547226912 689765828
654460235 338290581 391589213
654941548 737116536 847934153
656068134 -633315045 -82705941
656704659 440813432 593343967
656879932 -202019421 52935119
657165389 -78597526 283562421
657736952 -824777016 -531731264
657759314 -311225160 516562053
659096942 -893005756 -545711660
659487731 -801103480 677147977
659570146 303233845 953946415
660730939 -638890946 338321021
661750950 16564508 88242860
663940007 -446495187 884269807
664045654 886448839 899837838
664502512 -598462533 136453659
664702568 423616245 484854971
667656367 -659940663 385324404
668861510 -927596309 402048884
669613689 -191895752 581360114
669702995 -331300594 -132315757
670047845 -595326593 965243697
670091901 -816021027 329282228
671279680 600267074 803402839
672022678 -954545054 647609569
673811585 -173349695 -122000318
676453784 675960044 986466292
677521005 -952193225 614538044
679018224 -76569682 954427586
681123281 -878565612 -784122043
681907321 -307390244 917493669
681997466 -904061913 -818061248
682502853 -278261664 848529347
684091342 -869151819 659285762
685181936 -263665238 964985166
685205739 -989330515 300657067
685307818 -720453626 204088338
686236219 130076754 336923470
686479965 -702698862 -488414489
686776798 -474123612 144098812
690648285 31602551 430054854
693142572 93319613 431761077
693478096 -603907079 997865952
698325040 -911622882 163645314
699482216 -621314603 103421477
701887211 354138508 654475848
702212241 402111994 635433618
704592040 326233027 429777280
705997187 -27338565 508162382
706968961 -984070491 645305781
707525714 -482134236 -446116109
709683683 -524973671 706216814
709740516 -847208540 670974300
709990391 -467793043 681091595
710682812 259644292 669371879
712457769 307434659 665106965
712977168 -526353601 504869128
715317814 -482154632 -312975522
715353726 -702812977 473652044
715500294 681205274 784319241
715658053 150600778 731569937
716509113 -844171719 567246700
716870057 -139573939 -116427077
720266107 -760464463 919948413
721335803 -851697374 -368634161
721703925 -897743901 315739735
721793841 123359403 261519308
722219235 -627159474 585220815
723605845 62437393 214568933
724263078 -172472048 246300277
724673389 -498630355 911072336
724788020 -858405000 -332956105
726199230 -777552511 812527787
726634385 17033996 734684773
727390543 -931236921 223055041
728604766 389289677 865606503
728832100 -439298024 -10826914
729092190 -552528730 460612524
733262483 -416125439 244458062
734727866 -858702832 -457846920
738966341 -795546132 -381268264
739184973 -584521265 334965751
740684412 -477573439 -49232214
742973051 -513482345 87956194
743127680 -310085589 397684506
743816685 343771173 533630107
744155487 8986926 520868192
745120092 -977963416 525668789
745904093 36167028 238829912
746329167 -478724963 -131765964
746611829 576289672 637018357
746788097 40331622 651131903
746971615 -741487842 268068122
747661865 -182988946 712864075
749000153 -518825347 -313788739
749705587 -464459075 998159153
750165950 855405074 956101247
751673715 -599746996 941364842
752484902 -969871483 683744798
752509415 -392909954 836116097
752563996 774352878 814381808
753523240 -482556376 244887112
753949700 -882000810 698843507
756410752 -567951289 553706614
757243922 -748363662 -682213461
758362931 -98745226 882370456
759659053 645376366 667230411
759761766 -765002306 147118569
760490770 360747629 847441061
760929287 -410813845 175132657
761339177 -625303472 515989646
762752469 394160286 667323208
763306059 -803589714 553731150
763817755 590968853 629588719
764287081 122626039 718619860
764597349 -437550033 880779259
766147815 -279118977 759018098
766491542 -486928255 107023034
767698896 -414797841 758441720
770215235 -932129517 -484709599
770622535 -772429732 -770655463
771551858 -991621126 166170340
771560065 -421709005 855768481
772541258 273097048 677456897
772635588 589693860 994929261
773036451 -205464439 300464855
773928228 859048648 990527009
774518953 -751794476 328966010
774623614 -607013187 -387066526
777481664 -490177186 905990803
778695953 -619853784 784690265
779238236 -878891454 228149555
779254935 600952802 899513143
779588055 -931945953 -255713591
780508148 -898428938 882308438
781279449 -289188834 633024694
781423692 121195006 126771876
781931854 -884740294 -254285592
782105833 -732793625 67609700
783333054 604086032 918032167
787794361 -612082499 762968821
789894461 -661038252 774461283
790223484 -913816297 -614636589
790891538 -476718064 715715422
791410882 -414547084 931904217
792339362 156168617 331382160
792983081 -285506490 -77584315
793831198 -434023969 228406107
794507039 -488416760 353905101
795196051 -285733374 530472786
796382592 -817395239 -802051894
797178840 -465518194 4395675
797181916 -925482827 -151405559
797255064 699560920 739711342
797351279 -710704843 572760981
798011432 -285233676 -56821821
800512869 -269825155 637890276
800619252 -605382651 -530604023
800771923 -505308654 -398390170
801253824 -350878438 797800036
801265349 -38966057 144979276
802189563 955941687 959767238
803853649 57353660 506994801
805893088 -912790105 -666539244
806174530 -873748027 -612583149
806536064 -494297953 972550877
807095654 -377975704 -252648504
807810618 -803393401 90510824
809535231 -236080909 -63935075
811411265 -975412097 -247682848
812259574 -838708436 215774969
815518345 7223290 953319118
816492405 -951348896 -291329974
819058341 -621210090 -521311407
819382750 -284803974 689267437
819755094 43714529 691633709
825102732 -225820919 851406213
825184547 -107396188 791627443
826085253 -447034753 851679113
827888747 -950255104 -16256382
827943589 362076777 976908576
829472524 -465465403 -228069874
829661174 -357018932 509674509
830480182 -301250363 122656769
831591465 -385669208 933001400
831660073 -382703755 -110985910
831840199 -431873034 -54135941
832209139 25698284 613787249
832425184 -714317900 566986949
833903799 345399571 870227579
834812415 -471257871 712278991
835379148 -772524288 -450060149
838030812 -178801699 695537155
838331705 -299499009 639935123
838381677 508839486 513973979
838532705 -574990620 -34354373
839445915 -988556584 -870882465
839906328 375223634 802664734
841219209 -391110832 425358103
841226878 -459105607 138153498
842679298 -684774470 94658339
842704704 -163972711 -88284034
843549195 678298257 995259245
843591380 -609246357 188896482
845426282 -904600200 -898448130
846897907 708169586 774666650
850205070 -223019308 134735618
850287462 -51740371 231333523
851049538 -648239117 62553785
852533505 -240523642 957047661
852949583 -140656854 433890626
857661930 -97832612 652656521
857727851 -696668043 -517186314
858817516 191818162 470167958
859027928 -695978547 524733313
859489905 634566000 734083788
859835715 -780141802 -415379296
860019249 223074956 451663014
860325872 420508877 762326051
860617844 -811305151 -665723413
861046156 582525092 991164505
863254259 -21050941 22608012
863340092 463329053 900284178
863571837 -290393365 33916649
867318054 -775713912 333073278
867524113 -868478348 382176695
868328858 -250632615 842822798
869533017 -55205076 358982687
869586335 -858284833 566997684
869851161 -525408410 899134184
870167149 -222769369 244360232
871000657 -833721983 512616031
871362336 -832141855 81199769
872220681 -748520831 -723939743
872250572 -400097862 556094972
875573584 -639047824 -196809127
876537342 -547340969 536105909
877117787 -466805177 -325228203
877261465 -363338127 -137066281
877723806 -317672635 708916032
879559112 -391251787 -310904181
879849411 -930145026 -363911614
880498116 -490772785 796396096
880597912 893639271 905302577
883095445 483569253 792660163
883202608 -883232999 181386542
884051364 -588649102 -298401592
885006622 -736791115 334880052
885310145 -115893887 64467032
885313039 -64375992 635943328
885971924 -180932270 889938699
886529671 -125355118 748129519
887059752 -409787851 -62329081
887987738 -570976487 -230127919
888775636 -587060201 381918937
889438753 -994258050 -623976504
889876042 -924983646 -591523328
892020641 -236804268 489741609
892115656 -529585180 354317747
892295627 -830357895 805218142
892993456 -906798630 334310844
893830579 -924075075 737341096
894526428 -989939070 211196363
897180101 -178231451 706001879
897831398 -323264183 -112629759
897849100 -603279147 749491304
898793250 -111771855 310480990
900759780 -160353231 658995087
900777547 169630566 218276608
901243853 -894305639 -80051580
902651107 -250971405 383626453
903126526 -971094459 912818805
903198247 -535324468 923543152
903529304 92701282 232253162
903930287 1590889 818159923
904127774 -564706638 -348637895
904701750 555537185 799187399
904755069 -411985707 189757225
904765964 -992852451 -827874590
905809641 370762506 649556883
906240309 -840604111 -121923151
909048317 -507983500 533013119
909113065 -554036202 356574348
909223784 294965287 821459217
910652656 343619091 515701155
911203055 -634834236 -180673858
911904998 -595157637 -227735559
912568252 -312984229 413655587
912641019 -970042238 -180579024
915164922 -793743844 111261591
915177172 -912058366 -764880458
916241615 -956358063 -191446516
916851188 -885227344 313057408
917184925 -849028077 9089880
918562283 -314632379 570339006
918808855 -268089577 931413482
920016254 489648423 749096392
922845208 219207369 642921003
923858748 -439685316 -157867133
924229198 -203035385 455755681
925068024 -909023571 926146903
925243821 -210044730 66361142
925255425 -541856090 -436388638
925749756 -114283383 675930992
926215649 -199472854 -137401790
926596885 -87397501 43595374
927145791 -805745387 848931625
927746237 -701230988 -675779826
929415671 -358095941 254842950
929437018 -791760756 764712552
930027439 -819423827 -222623887
930387866 -174978744 -66167595
930460552 -138096327 958268947
930783654 -565652646 694302617
930891703 -355243856 277943048
931369275 -552690079 844749853
933367990 -880804728 -572256060
933834524 -764027651 950463832
933839642 -794062506 764158653
934018080 -769248117 -405072542
935204906 448521394 571982143
935300918 -537426530 -222610286
938448002 -466666673 513115044
938570779 -627963119 681676920
939155214 -976459430 -393548574
940292387 -672744974 -411233740
942969807 -9126151 391677322
944310569 -905233131 982755022
944387561 521741201 755645159
945037738 75077573 885328909
945452905 -370849809 733239623
946894215 -666262880 -426285297
948427177 -958982034 201957054
948684990 -458259696 -422869704
950271560 -192861238 -63354550
950999246 -751531177 892421684
951758806 -420729030 -305181682
954607528 38605014 486127653
954899665 -814749976 542638875
955030688 -48978358 -37176796
955157746 -248629340 -119293506
955170054 -676137911 931105985
955643578 -807603304 -184169911
957382723 410350279 908369463
958433784 20417070 766205377
958480118 -579500240 464766478
958926270 -909351949 275573154
959735906 -658591238 191547750
959856607 -313904831 -48932957
960254159 641837083 686831152
960746529 -821561471 -683730920
961684967 -284704897 -192980656
961828274 -153310940 743927243
962324939 -884514267 -319387609
964224640 549817704 783626051
964832448 -799722424 186976105
965447194 -795415923 -437194033
966184416 -350347846 881681658
967044792 426971260 665782710
967123495 -865760950 983041597
967309348 -859289140 399782023
968898008 -248531508 -239586725
969614399 -858011860 -25515310
970412311 193996543 692660885
972120176 -98513683 533744081
972821451 -470562835 -199661737
973220156 -364000139 -262892266
974678779 -219345514 590180226
975435930 680819036 696747132
976300925 56225046 63127851
976414361 -328522316 266690884
976690896 -705444102 507277087
977759313 -93679865 667828127
978074942 -894844905 -40659029
978894583 511038130 931615086
978899059 -752761454 391735196
979010120 -133478447 863383984
979171026 -399153474 793339496
980680089 172431868 350041245
981392733 -772363153 -424780280
983865601 137571407 731488226
983936709 -670663967 873039770
986823384 -653014570 -27554855
990665540 -241834502 197105765
990767229 462194101 987546327
991194241 46523225 493645870
991426097 -396577905 -20046872
991445513 -903676384 -46874541
991938331 -35216895 915076004
993017414 -423026615 695129772
993140102 -811143748 97900166
993678333 -338437217 845176324
993797494 -117604834 852424351
994071775 -615696580 291968
994375239 -356799204 231613999
994612869 -974840136 -662983888
995999757 -612447344 -575464316
996171535 -74660058 981316912
996188889 -2334083 458835398
996952859 570636716 874747329
997284807 37692428 780967664
999144875 -446384976 36239189
