-997048170 781027699
-995226485 453583085
-992010280 467589523
-991618138 787107743
-991475920 471732421
-989975308 -222073741
-988452799 -221193289
-986282513 152993569
-985660322 -115853353
-985527792 240823735
-980740593 -763027549
-980125587 207538252
-979405915 454782337
-977693186 37199820
-977073567 -326998175
-973291175 348895624
-972328913 491201418
-970872565 -665584310
-970378104 531890686
-966892312 -190676427
-962760912 -40130826
-960623122 -135817048
-959453363 -335410214
-959314737 153965767
-957291007 -128914095
-953732191 148085589
-952008380 -564071958
-948179473 188405614
-945957471 853241336
-945683278 466997496
-942678170 45757389
-939781444 474427202
-934673749 504055609
-930507742 656890079
-928422189 446095618
-928382203 672776410
-925499388 319045441
-919331205 171986164
-919131796 -736518538
-918792720 -615604678
-913910470 -103621104
-909987728 -273849572
-904441868 142340966
-903380050 60080500
-901851875 414889815
-901019343 173682328
-900299684 249821663
-893959110 -11616327
-893888271 499503187
-893195959 -72091767
-893084663 -455082773
-892928857 282779906
-889979498 148719726
-882845707 6350635
-882763752 -63827181
-878261255 20238575
-873858926 -650801767
-872953860 -65843764
-872070286 -180501593
-871217244 241881769
-870240024 -281744538
-870200790 -264497890
-867938485 63677097
-866573129 189109724
-866492001 369057727
-864861917 163295224
-863962723 632113407
-863381383 629027939
-863304302 417274629
-861733740 567062153
-860810275 -111542529
-859668723 55726950
-857820214 -578797064
-856012440 -832184689
-855360945 460984881
-854784618 -307761848
-851167115 -394316098
-848773906 -65582829
-848457695 113790722
-843735187 -74326262
-840932165 -157769483
-838209321 -625265671
-837480312 244270912
-832326675 196391483
-831478228 78482920
-829406724 454053088
-828480635 -206156559
-828069319 270142335
-822993660 326470417
-820485237 439500810
-820032810 -722613449
-818452075 473735700
-815903604 -114531566
-811986111 58134198
-811632844 -434600562
-804421612 -263147590
-803923572 -303342381
-803864973 -528834827
-803163474 626252654
-803119142 -62286420
-798128482 -818656576
-796833547 500859394
-795828579 -719749830
-795632656 -444976922
-795034309 14888633
-793491617 118441080
-791060469 382827394
-790722519 254293445
-788594645 -479550008
-787947321 -275917547
-784270836 266390988
-783045453 905482394
-782495205 373317667
-781946902 226484296
-776225290 -30817229
-775198699 -628100798
-774987460 -226234196
-772774206 -505281619
-771526051 -644600920
-770693711 -823731037
-770531749 412378528
-769558615 -571213765
-768053876 -49364923
-767931294 -409881166
-767747925 181206983
-765286177 -137243377
-762618050 52276655
-762106091 -230987705
-761724562 -336751503
-759092585 290320939
-755960483 -581024940
-755431877 -109376025
-755238615 284851548
-753363924 19384580
-752630246 -19354684
-752292564 -6755249
-751000266 -182944867
-750935507 -805682997
-746866950 478360353
-746635625 -530850820
-746006830 -467501500
-745303418 257841266
-741304731 -232828542
-737901727 9588861
-734997223 -286753454
-733537009 519314413
-733157525 791542377
-732567299 113844211
-731411142 -647254067
-729961548 -241842661
-729877419 -282525767
-728039826 359127798
-727779533 471733561
-724626412 601103646
-723930815 -139130156
-722093281 255656531
-722027969 103337104
-719329982 -525269862
-718970868 830152764
-718501229 428864145
-717522474 326761312
-716143203 450478282
-714847431 86348263
-713327964 9013972
-712315068 238633449
-712273618 -111397798
-709718915 63653396
-700741871 -291958478
-697918818 543918095
-695895112 -257109901
-695380567 -63185750
-695190863 876160512
-695152326 -266699798
-690454146 -344193434
-689570395 -461754581
-688601229 -116438388
-687972361 -904521808
-687785820 -420868530
-683931984 -281626361
-679601983 -363656509
-679277804 -799692002
-677712725 -36918039
-676840784 -62102189
-676095522 -380499037
-675780458 -128276049
-674016225 141251520
-669986030 841526356
-669976515 621263460
-668316014 -281709462
-666290434 252095315
-660193203 445405957
-660051977 -197733904
-658909896 216875058
-653602980 -52801095
-652521044 -873705710
-651154906 829705213
-649877963 641156589
-645190279 504533898
-645163633 819083047
-645055326 -207994943
-644346596 -80423941
-643462388 214633037
-639783240 -38380589
-639577482 55724725
-638574412 -83834146
-632601449 -477719340
-629435057 -539671392
-626564522 -11582308
-626448642 -233156214
-624196983 54980781
-623736785 -123200065
-621130922 -704067992
-620855193 -468722313
-619880520 -152404473
-619455640 -177893607
-618185114 397166237
-617290238 -258555801
-615806607 36785512
-615249671 -507425124
-607785136 -227790127
-602656270 370831433
-602115551 726531118
-601520959 74823428
-601337797 -565268383
-601067698 909762784
-599864052 721228267
-597893286 617142503
-597808399 -304201975
-595912258 238896599
-590751780 -354372941
-590586477 -534486795
-590236380 117546193
-588739049 -64457031
-587526130 -44426108
-584980591 699600845
-584641290 330421098
-582640618 230199922
-579143647 614518107
-578502295 -938041082
-578423825 -407790167
-578035115 -494081866
-577446033 -178744263
-575878886 -433798607
-575809516 -59625646
-574098766 171348027
-572029203 282845425
-572009579 56190859
-569996590 -690099588
-568760181 -393707124
-563515207 43771775
-562030286 451477400
-561982231 519766932
-560846029 23651550
-559768926 -520359929
-557681802 -527411451
-557158026 -685711662
-557115115 62591528
-556742841 -306048241
-556269935 43649455
-556160770 -487641370
-555176607 103310505
-551477847 24764712
-551284301 -323599933
-550213216 -371348682
-548406158 20300746
-546287747 177550643
-543092611 329195962
-542923708 -720024089
-541626394 457825357
-536917044 -73786136
-534989367 -711600458
-534072169 -415371812
-530306699 121558751
-527742723 -474856399
-527490528 820792827
-527363254 461875008
-526434177 -125986782
-522819758 218093276
-522791398 134755990
-522195782 379911074
-521996229 546314941
-519146730 -16922567
-518545073 -12106093
-518373993 -439976508
-517327710 318949215
-515886730 -397961253
-510064630 769059757
-508236279 33947856
-507767639 475524985
-502598396 -159332126
-499770801 376960850
-499287952 396478687
-499152526 -34069618
-498320805 110904798
-497838907 894201537
-496172397 -114232022
-495251921 99081809
-495136018 242788867
-494692505 -550020864
-493656429 -393726525
-492850579 262075004
-492182032 -259969820
-492161335 -425634680
-490088811 432176696
-488778752 69015323
-488487288 253036423
-488121256 676776035
-487751700 -109590738
-487064432 -811685418
-486190832 72978043
-478118256 -5518835
-478104690 263827078
-475872374 428170995
-474757741 202047719
-473717583 100835954
-473336074 148718192
-472609948 319734830
-472287690 -297118748
-471377097 25762957
-471077693 -912585515
-470383048 -100058988
-467952488 -291421700
-467328940 -342724408
-466525951 -302542584
-465866125 79521133
-465500769 -376899854
-465257629 -187989978
-464722685 -436036158
-462725898 174658577
-462710543 465520566
-458621411 -592921925
-458592204 -246857657
-458262194 -472472852
-456428829 211141082
-456106126 220340349
-454766913 -173179538
-453608799 628369833
-453322133 -77507353
-453319297 -616221399
-452135712 -78192553
-447765285 229174312
-447730355 269325863
-447326518 39807613
-447151978 -610739895
-446684728 364770411
-446206800 511150639
-445424893 580429752
-442349842 -128079431
-441063437 279378170
-439651468 622033431
-437305932 -578188298
-436742591 -527816291
-434857877 -668284442
-433450669 -575217111
-432025708 -587873023
-431796731 -365376992
-431446413 -556998596
-429838639 -327857426
-429074054 -829219775
-427900730 -377619005
-426178881 120330099
-422814279 82271242
-421913925 625651212
-420146949 45480409
-419746987 -206190514
-416385228 -202588063
-399578239 102136688
-395216196 -645487807
-393323264 46226594
-393217665 -472047757
-391347794 -284394428
-388741389 348796889
-387589352 229559817
-387252646 -544993903
-386205577 -143507604
-381272997 -385051413
-380501904 -483495136
-380237214 412948911
-379049329 -244493572
-378895589 311760126
-378155110 -103548074
-375584483 -850013379
-375483285 -790983629
-373883832 -37938645
-372639778 -424189473
-371021000 258972302
-370538218 -621789428
-368854656 608136871
-365083824 206895810
-364062133 264387415
-363112264 -220842627
-362819838 -141694049
-360693949 -277395428
-360205183 329983019
-360096342 -35391733
-359464989 -120277451
-357873700 247925374
-356228372 -201983711
-354896122 15056462
-354159410 211902130
-353652775 834727269
-351663777 217202806
-349971339 421252433
-348847699 548921476
-348416261 -545860394
-346300700 135193489
-345445391 -373681355
-342435704 -636285156
-341041897 -441704894
-337978922 -189991825
-336561856 -222228555
-334588940 661280692
-333839557 -24508303
-333547497 7253166
-332323807 386282742
-330960015 -281973623
-330028788 -64478140
-327239296 97745064
-324953091 -265500158
-323159090 109677541
-321453983 -224434228
-320505906 164562075
-319903567 -195208885
-318541743 -260836547
-316685136 -374457345
-316058221 -461746397
-315985450 -382577159
-314608573 -236779932
-314596323 72744199
-309398598 -507318379
-307350644 -528063356
-307185457 -482859229
-305829054 -118063260
-304626887 109813898
-304509839 725143028
-304382254 471404209
-303104926 827277948
-300317237 56861758
-299610534 818707919
-299584949 -538531222
-298298112 151929752
-297931847 124641618
-297041383 165389759
-297028714 461726436
-296573146 -654379139
-296069118 264495729
-292457389 -69252352
-292306717 452230983
-290832775 -376998714
-290206907 -124236127
-289423470 536351859
-287989443 356851415
-286591694 195298093
-286574511 84768982
-286064863 38982062
-284846295 365609505
-284545117 574792233
-284538577 551896065
-282683985 47845891
-281862560 436105931
-281435345 162038406
-281204878 125685123
-277772601 367029965
-276581811 597725389
-275551831 -93673332
-275448157 528505936
-275005541 171949101
-271613131 93149291
-270625036 -355250738
-266366391 112975700
-265445198 354809619
-265323267 323997660
-262482851 148613691
-261206910 -27179555
-258160714 -339647600
-257308943 -91365517
-253614178 -192834323
-253044926 -105186138
-251941638 -811630228
-250373833 11429445
-248604066 205844822
-247075070 748648709
-245629628 93701403
-245039571 758686706
-245038802 -564590323
-243298021 377507920
-241901853 178205907
-241782079 -306318009
-241560376 614800219
-240841202 720614562
-238197957 279131157
-237790811 103496648
-237488205 125502077
-236318972 302923283
-234642276 38764929
-231077294 -694975521
-229477188 -69438346
-228570815 160527630
-227740464 466512564
-225226266 150685294
-224134894 352411332
-223561031 189410681
-223261136 245848819
-223103134 190573465
-222386044 2299188
-218206980 -181011153
-216129829 -466560547
-213092144 279794637
-209561377 152309386
-209234177 263593381
-207119589 453599796
-207091958 183660904
-199867375 189418508
-197711962 -159513708
-196268237 -113649611
-195611050 125463068
-194833665 -41725489
-192915628 85509895
-192231237 -214551981
-191777758 66615016
-187901302 -341666367
-187473046 540920139
-186280262 368029496
-186180992 -163057636
-185009084 427548873
-184936065 527278901
-184566055 54216449
-183139754 182769137
-182724726 -598187559
-182715325 -92157191
-182436910 -43020392
-181258155 -372395156
-180526282 -161090024
-180407827 650706061
-180356301 -295481317
-180017114 -5864708
-175223988 334437781
-172609631 -124801907
-171155367 -302859997
-170586867 -445545529
-169157029 172481077
-167749593 -628829828
-166772681 -740656045
-165769490 -964371173
-165518119 81295953
-160770533 351031467
-157877848 -168242446
-157145802 -420443974
-155136067 -89871143
-154090637 197945436
-153011732 -513613539
-152899189 97505545
-152516114 258123624
-152509924 -252319307
-151754798 -323135299
-149851011 -662094424
-149663553 127213075
-149369025 -312180500
-146768825 242540064
-144352418 -102984561
-143939269 27300395
-141767937 715922132
-141761093 684578319
-141511673 329042185
-139480532 518420462
-139340312 -114094171
-138605112 -268675673
-137994840 -73135679
-135049841 -15335146
-132226825 206382159
-130926102 -879662888
-129495806 114790468
-125224612 -301562453
-122751459 197741426
-122500411 -20775845
-121906578 371519752
-120569585 -294422026
-119481584 699183476
-119436441 440548868
-117990748 -23195802
-117198265 -170123376
-116482845 -17313906
-116356488 64078042
-116163636 183308324
-113465230 12626611
-113216540 26542289
-112548789 963198075
-111767557 -263193899
-106905127 741821642
-106883362 389315318
-103471505 252236258
-101910024 436405194
-101860161 342966373
-98218017 -371268042
-98216474 -763780446
-97164151 -63553168
-96414952 -668144759
-96034568 -215586651
-95907216 -113342876
-95867734 230545687
-94365288 -87943299
-92600843 -261616000
-90596756 518298104
-89719225 226983451
-87615681 -380464335
-86633886 -745270060
-84513333 -448903598
-83340766 184770281
-81478898 -732051842
-78138488 -273168061
-77894064 395447171
-76868135 207615446
-76708958 -98127105
-74756125 501853278
-74633377 749484951
-74622310 -155313699
-73676700 -384607831
-72881409 63536909
-69135402 -65637553
-68416296 -251959507
-68347002 -373504904
-67550539 -242833082
-67488931 439135745
-64187413 -229641397
-63525887 -345178781
-62510462 -566602235
-61821896 164233684
-58425389 215706594
-58318625 -216697353
-56926049 248342917
-55755456 132158192
-55422311 -76357717
-54660190 -314339357
-53627589 -741402927
-50891644 108736049
-48907365 -2833092
-47912334 272060672
-47451234 -465375785
-46840082 245689801
-46373772 846818892
-46162776 170032489
-45096880 246003870
-40603372 -545211131
-40079956 -85342925
-39806615 -224694931
-39715957 -743170848
-34545020 650539942
-34186377 -450945978
-33884730 -353357153
-31900793 321526831
-30349898 -398953013
-29861635 -143572435
-29143593 492181239
-28182868 -239813399
-27398949 410660132
-22896845 601789111
-22686922 443792688
-22037860 672650131
-21322148 -12048043
-18275648 359959953
-17988813 -106480275
-17856647 245253771
-17481461 -329986163
-16287339 417818364
-15706262 100947270
-14102023 278305383
-12219668 -516240948
-2452720 288091196
-640262 -869307253
621218 -384941012
1113286 -704675767
2198451 -159164285
4096327 -98489255
4248083 47034860
4423409 357022352
4601179 279919268
5190788 -509726112
6005583 122997596
6279755 -482458330
7826381 -141855608
10452256 -110062952
10507573 46805301
13566325 620031560
14281317 -561227630
14437240 -235483781
16517514 -122665401
19192384 -176129670
22646299 95683196
22711612 -77159401
24072785 -308047914
26406641 46903570
27006942 111026348
28751462 -767458611
32084911 195759210
32612863 -790302853
32648144 -902352131
33090855 -222956801
35315180 -481087095
37389004 171829918
41445953 -740451671
42120365 667277377
42600381 503804842
43284646 774311395
43416090 304677116
44290045 83407950
49439200 -28681151
53309557 -174210783
54446974 -125187775
55783835 -804572682
56580399 94438977
60066904 -276371939
61074009 205769235
61934147 -536188672
63169845 -242889544
65936664 25939578
66863193 200217115
70716244 -198906020
71288605 528158867
72175397 556840589
72222556 668546976
73028514 105043340
74163852 -276890240
76042957 -365200808
76455981 -545008416
76955470 62434687
78543631 -526884512
80131857 -314123550
85151126 -66382628
85931985 -151963475
86180966 -466328853
90059496 211978710
93528167 -136022950
96804780 -275414921
99389366 -492511817
100261172 167610336
103312463 -634713814
104679437 8788169
106890297 -24769805
109560114 539916347
111771668 70405097
112444697 -50887765
114467829 -758819078
114955888 535023948
115496034 -724947221
115923771 -531831401
123635559 -201226289
126648159 -584929951
126653329 -75796715
127864979 113115115
128131533 -692267445
128665290 -397836046
129313140 -389109023
129571744 -267453553
129815826 -365822996
131212266 -167982902
131885710 -329718581
133653608 -85819147
135475432 -174014564
137483901 -184585841
144227790 230614944
144894330 709277753
147111551 -48428775
148128716 463243184
148408786 419487292
149333584 -258480279
150405115 -315297095
153986721 -141235834
154716624 830565437
155200733 509029618
161300107 -253111572
161316933 -193305503
161868691 253258869
166168002 217572458
168154752 687222678
169974530 535566971
171269760 -135569429
172749593 183569878
172879353 -574651238
173111357 -270873387
174255243 763363276
174410657 735996030
175417214 642276174
178008232 475288900
178601573 706854881
179806160 527532004
183751362 111286009
186169292 13066407
190725314 129452585
195504074 -224458370
195861181 -305750177
196543253 -349874514
196889184 -89497330
197626311 -658142020
197759890 -293478324
198961056 195813116
201105345 261246550
201238571 558654105
202164095 -368703652
202650362 52067975
204916884 -356825272
206497823 631521257
207778513 370649860
211093808 256764315
211141034 256091371
217261027 39554093
219889146 -588019016
220530430 -187130682
220771366 -12385411
227418468 -117369606
228457351 109864732
230721467 339392473
234422073 175531080
236622140 -306758530
238806489 63464011
246058878 -181955414
246517401 -520440032
247377956 -239156091
248733050 118178797
248893945 57027554
250773683 -648619272
251629834 -83493712
253323590 -435495447
259282773 153110264
263093250 -534195022
263213006 -569879766
264979595 497617277
266149029 245902320
266317233 -416069141
269200446 134496781
272909298 -76568014
276094537 571064658
276392754 -609459936
281295522 556287551
286315276 -323512571
286698077 -273539418
287843106 -32813847
290146276 -200245480
291707636 -859172208
292478696 -276617236
292519003 380915301
295716704 -937018740
297062086 -198925310
298470780 215464833
302909371 122494027
302992525 126203948
304254406 -623443013
304686865 708746842
306870675 -112152475
309968592 -386790425
315605878 188047552
315834199 -331493331
318612461 -242773530
323392839 -634739988
327435688 -80345518
329310879 27338534
329882886 -62554056
330882972 -28219169
331116671 1336971
337512366 -241270708
338926650 15047591
339039813 565460751
340119614 -37765148
340210481 116554493
342843597 135997096
343803718 505316971
346060006 211245156
350629066 -643685523
352612507 284136205
358287258 850761746
359346619 121606238
360039756 -75747820
360500812 -313342574
363204712 296555948
364088769 -783806267
368638383 -358670812
368912813 -169006406
369059457 -135144760
370960937 -479446479
371455021 -751479719
372943065 -317205995
375346419 -66764091
376145116 -301796055
377473274 -553559525
378942310 -426700653
382195637 -287046996
382398362 -148779847
382844142 -190352567
382900583 117957678
387912674 138239392
389830291 301225988
390844809 -187151101
393995234 -250269303
396931477 -226090642
398771488 -46826538
399481240 454646202
401609586 863251182
401891649 -251215996
402612411 -405260941
403548489 -415245885
403606452 -546103078
404460160 4093699
408818244 -623534861
409827530 -502588308
410567546 137800494
410798152 255475612
411277619 52131338
411618181 132759503
411741577 229964641
414110813 -261760620
414581425 485150277
421002034 -48636172
421736625 -641760775
421743550 264154329
423989048 -290979673
424510399 96952481
424622142 -795392829
425218193 761734983
429863860 90264081
430076636 353862267
430587455 223165748
434250433 279427825
438713555 -584346019
438920485 130099083
442256755 663584076
446228628 438560487
446599133 -242962318
447669457 369591909
448458823 -60292158
449797259 14112464
450648416 -267294852
455554038 292945359
456175086 422487651
457123079 139563968
457387998 -616825139
460862428 78397191
461012609 -299490682
461988533 182814892
463981291 138788939
464550431 507678173
466124328 148608260
466197361 707665470
466702361 -248591404
467346632 -582692113
468874821 -609524501
469085093 -503883727
470531218 98329109
478606005 -359526232
478721652 231649309
479235012 307232469
481554892 -152324111
484371412 905864910
485863225 716774780
486877429 590301333
487169695 -408323151
487281154 -802274395
487302480 -32127478
488309090 -263430982
491579263 -462391669
491704585 -288513718
495830110 512757963
499181401 217092209
501499637 231617440
508387571 -889663
508834963 -56472898
509771614 248604107
511159723 573206606
511262120 473376240
515035020 244404121
515558006 544648505
520964233 286638446
523228968 -31794636
523592758 167688109
526909343 -414795220
527126336 -468778761
528985115 287307491
529285116 -18305483
533382177 -276058737
534208247 -442453948
534621561 209726239
536650801 208679921
536700388 271618929
537245836 -92324424
538064876 -574768034
540842688 687778554
545215898 -150235826
546247023 -614137274
546695132 32482933
547554689 -411639662
548123394 19517872
548882608 -243651539
551309664 -244603417
551452499 -14319078
552991604 -91600838
554276671 46260197
558822957 242657851
561108213 222901887
566984637 216792127
573892352 3023008
574174294 -393682236
574999443 -306737851
577155553 275032868
578445591 -500452015
578558473 -756733333
579650584 249334957
579724846 613337231
581803575 635787054
581859680 427212961
582359587 376093570
584162447 -595676195
585105384 -808049289
585163965 149906766
590751384 38351456
591364241 -405815453
591510534 -352214631
591922223 769559294
594573298 -187041496
596294071 -223021321
597939044 -369214304
600660721 262837249
600865346 -36714521
603408846 -83414867
605674538 -318071295
611704172 817234891
614172787 -225075483
615169879 -328630186
615537801 133548245
618506813 11025273
619326930 204958790
620882903 -562344234
627709723 136737855
628347408 173235345
629204260 662990826
630645120 -108756007
632935153 282621537
634652226 308754180
636366601 -415557537
643839067 -110730830
646175365 -497859931
647507021 -276141733
649057497 -114063600
650907318 -385324663
652458885 289219382
652726202 724623687
654315415 547226912
654460235 391589213
654941548 737116536
656068134 -82705941
656704659 440813432
656879932 52935119
657165389 -78597526
657736952 -531731264
657759314 -311225160
659096942 -545711660
659570146 303233845
661750950 88242860
664045654 886448839
664502512 136453659
664702568 423616245
669702995 -132315757
671279680 600267074
673811585 -122000318
676453784 675960044
679018224 -76569682
681123281 -784122043
681907321 -307390244
681997466 -818061248
682502853 -278261664
686236219 130076754
686479965 -488414489
690648285 31602551
693142572 93319613
699482216 103421477
702212241 402111994
704592040 326233027
705997187 -27338565
707525714 -446116109
710682812 259644292
712457769 307434659
715317814 -312975522
715500294 681205274
716870057 -116427077
721335803 -368634161
721793841 123359403
723605845 62437393
724788020 -332956105
726634385 17033996
728604766 389289677
728832100 -10826914
734727866 -457846920
738966341 -381268264
742973051 87956194
743816685 343771173
745904093 36167028
746329167 -131765964
746611829 576289672
746971615 268068122
749000153 -313788739
750165950 855405074
752484902 683744798
752563996 774352878
753523240 244887112
757243922 -682213461
759659053 645376366
759761766 147118569
760490770 360747629
760929287 175132657
763817755 590968853
770622535 -770655463
772635588 589693860
773036451 300464855
773928228 859048648
774623614 -387066526
779238236 228149555
779254935 600952802
779588055 -255713591
781423692 121195006
781931854 -254285592
783333054 604086032
790223484 -614636589
792339362 156168617
792983081 -77584315
795196051 -285733374
796382592 -802051894
797181916 -151405559
797255064 699560920
797351279 572760981
798011432 -56821821
800512869 -269825155
800619252 -530604023
800771923 -398390170
802189563 955941687
805893088 -666539244
806174530 -612583149
806536064 -494297953
807095654 -377975704
809535231 -236080909
811411265 -247682848
815518345 7223290
816492405 -291329974
819058341 -521311407
819755094 43714529
827888747 -16256382
827943589 362076777
829472524 -228069874
831660073 -110985910
832209139 25698284
833903799 345399571
835379148 -450060149
838381677 508839486
838532705 -34354373
839445915 -870882465
839906328 375223634
841226878 138153498
842704704 -88284034
843549195 678298257
843591380 188896482
845426282 -898448130
846897907 708169586
850205070 134735618
851049538 62553785
857661930 -97832612
857727851 -517186314
859489905 634566000
859835715 -415379296
860019249 223074956
860325872 420508877
860617844 -665723413
861046156 582525092
863254259 22608012
863340092 463329053
863571837 33916649
869533017 -55205076
872220681 -723939743
872250572 -400097862
877723806 -317672635
879849411 -363911614
880597912 893639271
883095445 483569253
883202608 181386542
884051364 -298401592
885313039 -64375992
886529671 -125355118
889438753 -623976504
889876042 -591523328
892020641 -236804268
897831398 -112629759
900777547 169630566
901243853 -80051580
903529304 92701282
903930287 1590889
904127774 -348637895
904701750 555537185
904755069 -411985707
904765964 -827874590
905809641 370762506
906240309 -121923151
909223784 294965287
910652656 343619091
911203055 -180673858
912568252 -312984229
915177172 -764880458
920016254 489648423
922845208 219207369
923858748 -157867133
925243821 -210044730
925255425 -436388638
925749756 -114283383
926215649 -137401790
926596885 -87397501
927746237 -675779826
930460552 -138096327
933367990 -572256060
934018080 -405072542
935204906 448521394
935300918 -222610286
939155214 -393548574
940292387 -411233740
944387561 521741201
946894215 -426285297
948684990 -422869704
950271560 -192861238
951758806 -305181682
954607528 38605014
955030688 -48978358
955157746 -119293506
955643578 -184169911
957382723 410350279
959856607 -48932957
960254159 641837083
960746529 -683730920
961828274 -153310940
962324939 -319387609
964224640 549817704
965447194 -437194033
967044792 426971260
968898008 -239586725
970412311 193996543
972821451 -199661737
973220156 -262892266
975435930 680819036
976300925 63127851
978074942 -40659029
978894583 511038130
978899059 391735196
980680089 172431868
981392733 -424780280
983865601 137571407
986823384 -27554855
990665540 197105765
990767229 462194101
991445513 -46874541
991938331 -35216895
993797494 -117604834
994375239 -356799204
994612869 -662983888
995999757 -575464316
996188889 -2334083
996952859 570636716
999144875 36239189
999502262 958147170
