1000
-275191 -999993 -422873 999993
999993 -501424 -999993 -527661
-999993 -396357 999993 -341853
-728974 -999993 -764012 999993
-920065 -999993 -949063 999993
-165122 -999993 -274914 999993
505206 -999993 373545 999993
999993 814863 -999993 821552
-999993 821552 999993 817702
999993 667100 -999993 686590
-122895 999993 72858 -999993
999993 -280579 -999993 -366602
508577 999993 652761 -999993
-663693 999993 -580011 -999993
-999993 -134099 999993 -104923
-999993 2860 999993 26660
999993 -829034 -999993 -834864
-999993 68597 999993 38607
404688 -999993 289107 999993
-999993 567221 999993 545270
-999993 853220 999993 820699
-999993 706503 999993 693969
602776 -999993 462942 999993
-999993 483852 999993 453091
999993 424843 -999993 395756
-967322 999993 -932449 -999993
-999993 -320039 999993 -255026
-999993 505015 999993 462017
-999993 -707590 999993 -608197
999993 -56826 -999993 -66045
515833 -999993 389840 999993
-999993 809080 999993 813261
-146426 999993 30002 -999993
999993 -791685 -999993 -772196
-999993 991207 999993 972639
999993 165823 -999993 190292
999993 425557 -999993 404528
-999993 86268 999993 80868
979025 -999993 990763 999993
-999993 686590 999993 687090
-774005 999993 -731337 -999993
44395 999993 178362 -999993
999993 -597374 -999993 -671709
-900683 999993 -851519 -999993
30002 -999993 -139500 999993
-817188 999993 -773277 -999993
999993 -537865 -999993 -599195
110438 999993 249284 -999993
-999993 743373 999993 748794
-942068 -999993 -968418 999993
919234 -999993 914351 999993
-999993 527380 999993 471624
-432538 -999993 -547166 999993
999993 453091 -999993 489009
444558 999993 595893 -999993
999993 -178990 -999993 -226356
-243668 999993 -121107 -999993
999993 -504380 -999993 -537554
153331 -999993 20709 999993
-991365 999993 -978588 -999993
999993 80868 -999993 93125
-575678 999993 -473964 -999993
-276197 999993 -165122 -999993
-862342 -999993 -900683 999993
-338966 999993 -223936 -999993
999993 -315237 -999993 -388717
-445532 999993 -275191 -999993
-999993 -606203 999993 -537882
-999993 530749 999993 482867
373509 999993 505206 -999993
999993 813261 -999993 819084
999993 441920 -999993 447522
-264380 999993 -137048 -999993
999993 -896098 -999993 -875532
668522 999993 763847 -999993
999993 -640819 -999993 -709769
999993 165189 -999993 166674
-999993 489009 999993 457795
706773 999993 775154 -999993
-999993 234842 999993 257772
-999993 322974 999993 381553
993809 -999993 990999 999993
-999993 -336948 999993 -260759
462910 999993 602776 -999993
-490296 999993 -347311 -999993
-949063 999993 -905988 -999993
420071 999993 578371 -999993
778042 999993 816350 -999993
-999993 197621 999993 198562
-999993 -102745 999993 -91976
916946 -999993 894523 999993
-374488 -999993 -494696 999993
841856 999993 878232 -999993
276592 999993 391500 -999993
-171267 999993 -1841 -999993
-92378 -999993 -213129 999993
774949 -999993 706773 999993
-999993 122645 999993 103366
-999993 -501373 999993 -462934
-999993 145276 999993 143150
-999993 272597 999993 302359
94013 999993 190206 -999993
-819779 999993 -779054 -999993
999993 713556 -999993 730356
999993 -546022 -999993 -612278
-967564 -999993 -979501 999993
891315 -999993 888867 999993
725960 -999993 626117 999993
-999993 -999647 999993 -998782
351630 999993 456366 -999993
118334 -999993 -32527 999993
-999993 -612278 999993 -539618
-999993 873125 999993 834197
999993 803348 -999993 803291
195637 999993 323969 -999993
999993 315786 -999993 295708
-999993 906771 999993 876072
878232 -999993 857318 999993
96921 999993 207107 -999993
180961 -999993 91202 999993
999993 814593 -999993 820731
999993 281322 -999993 267715
174508 -999993 38437 999993
389840 999993 516040 -999993
-139500 999993 46616 -999993
-796562 -999993 -846434 999993
-265162 -999993 -388594 999993
519679 999993 669184 -999993
-649007 -999993 -691159 999993
-591775 999993 -511480 -999993
-105940 999993 94615 -999993
999993 757929 -999993 768058
-999993 281384 999993 304927
999993 -741865 -999993 -742401
-999993 362146 999993 410447
-999993 -39728 999993 17063
-742438 999993 -687870 -999993
914351 999993 919481 -999993
-470179 -999993 -553273 999993
-999993 -943401 999993 -955759
-999993 129624 999993 133039
-999993 772384 999993 774591
279913 999993 400878 -999993
-494696 999993 -374076 -999993
999993 17151 -999993 -18709
-999993 -999993 999993 -999993
-999993 -482681 999993 -451935
-535710 999993 -384495 -999993
838058 999993 869325 -999993
738909 -999993 656441 999993
999993 -201372 -999993 -260013
-999993 421933 999993 438472
999993 -218660 -999993 -264511
-999993 820731 999993 814863
-999993 -864760 999993 -865107
-999993 646396 999993 593186
-999993 626005 999993 571113
826032 -999993 783013 999993
999993 791960 -999993 777177
-328363 -999993 -480026 999993
238371 -999993 103180 999993
999993 -457905 -999993 -482681
-999993 574445 999993 553115
-691159 999993 -631001 -999993
999993 817702 -999993 836200
-59773 -999993 -175644 999993
781616 999993 819040 -999993
-999993 707561 999993 708577
-890572 999993 -845457 -999993
533714 999993 693069 -999993
999993 835166 -999993 885815
-999993 -341221 999993 -263164
-999993 730356 999993 725490
-939055 -999993 -967322 999993
610677 -999993 487716 999993
181327 999993 294926 -999993
999993 687090 -999993 706503
-422873 999993 -273847 -999993
693069 -999993 549008 999993
999993 693969 -999993 707561
-999993 -602263 999993 -537865
-497250 -999993 -587660 999993
-999993 -448847 999993 -399013
-517872 -999993 -602395 999993
999993 -586206 -999993 -656347
-773277 -999993 -816108 999993
-999993 -379173 999993 -300158
-999993 634969 999993 585468
771423 -999993 701210 999993
-999993 -865783 999993 -866059
999993 148425 -999993 155849
-160868 999993 20080 -999993
942495 999993 934952 -999993
888867 999993 891470 -999993
-250422 -999993 -356762 999993
-999993 -545723 999993 -516231
-655534 -999993 -697289 999993
-128248 -999993 -247487 999993
268461 -999993 136580 999993
-999993 -10210 999993 21723
-999993 225242 999993 230173
999993 -516231 -999993 -544661
-705653 -999993 -750963 999993
739359 999993 786202 -999993
661567 999993 747696 -999993
-121107 -999993 -231696 999993
999993 -225748 -999993 -280697
-999993 -134483 999993 -118779
-687653 999993 -626010 -999993
-999993 -556344 999993 -517889
999993 -175171 -999993 -205887
888748 -999993 887582 999993
-999993 682619 999993 663859
-999993 684971 999993 667100
-228363 -999993 -340640 999993
361559 999993 479767 -999993
-999993 576309 999993 556734
999993 38607 -999993 74707
999993 -555648 -999993 -623186
999993 259343 -999993 255571
-999993 -925253 999993 -950545
999993 103366 -999993 127610
-788497 -999993 -838961 999993
-999993 104591 999993 90014
240309 999993 359214 -999993
-869705 999993 -804694 -999993
-473964 -999993 -559690 999993
-999993 315601 999993 358033
-999993 -891108 999993 -940304
-999993 431966 999993 441920
999993 561156 -999993 608876
999993 -950247 -999993 -918594
999993 -955759 -999993 -937684
999993 -597189 -999993 -656839
999993 -341853 -999993 -389963
-999993 -599195 999993 -534138
-999993 295708 999993 323116
373545 999993 505844 -999993
-999993 924214 999993 892282
-999993 155849 999993 150205
-585691 -999993 -669431 999993
-999993 55954 999993 27039
314756 -999993 195637 999993
-580011 -999993 -641770 999993
999993 -104923 -999993 -109908
887582 999993 890510 -999993
97699 999993 222628 -999993
999993 282207 -999993 272597
-475009 -999993 -575678 999993
999993 -517889 -999993 -545723
-999993 -881242 999993 -896098
715167 -999993 625858 999993
999993 471624 -999993 530749
999993 -119391 -999993 -134483
811454 -999993 778042 999993
30268 999993 174508 -999993
656441 999993 745977 -999993
999993 276181 -999993 263330
-980627 999993 -967564 -999993
-999993 -484828 999993 -457905
329941 999993 449477 -999993
999993 786311 -999993 773604
999993 -661548 -999993 -723798
186130 -999993 94013 999993
-999993 206271 999993 211203
-999993 317985 999993 364169
-491161 999993 -373177 -999993
524443 999993 686875 -999993
999993 -195487 -999993 -251177
745977 -999993 661567 999993
444898 -999993 329941 999993
56164 -999993 -122927 999993
-999993 -358606 999993 -267431
-999993 -727552 999993 -661548
999993 -955321 -999993 -925253
999993 521841 -999993 567221
-384495 -999993 -523052 999993
890510 -999993 888537 999993
-999993 -527661 999993 -493197
999993 -451935 -999993 -464793
322570 999993 433161 -999993
999993 -300158 -999993 -367226
322562 999993 430875 -999993
999993 -248932 -999993 -286508
-999993 -699176 999993 -607423
999993 -309320 -999993 -379173
-905988 -999993 -924165 999993
-999993 819084 999993 814593
-752533 999993 -705653 -999993
-999993 -890021 999993 -938003
-447741 999993 -281820 -999993
-999993 599880 999993 559613
-175644 999993 -53135 -999993
999993 -958993 -999993 -957600
100685 999993 238371 -999993
-489680 999993 -338880 -999993
249284 -999993 125695 999993
999993 -364876 -999993 -397845
999993 501098 -999993 556358
999993 921264 -999993 965809
232006 999993 349940 -999993
-553273 999993 -459566 -999993
669184 -999993 524443 999993
999993 708577 -999993 721044
-387873 999993 -256088 -999993
838878 -999993 817075 999993
-999993 -260013 999993 -195487
796817 -999993 768912 999993
891470 -999993 893803 999993
999993 426701 -999993 410713
-999993 -505460 999993 -472140
419130 -999993 322562 999993
-999993 771123 999993 769475
544836 -999993 406843 999993
893803 999993 916946 -999993
-999993 74714 999993 50393
-622372 -999993 -675670 999993
999993 447451 -999993 455049
999993 556734 -999993 599880
178362 -999993 70060 999993
999993 -124239 -999993 -165041
999993 193851 -999993 197621
-697289 999993 -649007 -999993
-128937 -999993 -253214 999993
-589538 999993 -497250 -999993
-192641 -999993 -287602 999993
-111 999993 148338 -999993
999993 -761951 -999993 -746429
-806860 -999993 -869705 999993
999993 452594 -999993 483852
999993 -42454 -999993 -44487
-999993 676131 999993 649240
-511480 -999993 -589538 999993
-579633 -999993 -640364 999993
-547166 999993 -428605 -999993
-130845 999993 56164 -999993
999993 -277786 -999993 -358606
-6619 999993 146347 -999993
941202 -999993 978966 999993
999993 -118779 -999993 -134099
701210 999993 772807 -999993
-999993 404528 999993 426701
-64845 -999993 -183518 999993
827533 -999993 792684 999993
449477 -999993 351630 999993
999993 568215 -999993 626005
-999993 345839 999993 385333
999993 -938003 -999993 -886361
-999993 539634 999993 501098
999993 -76123 -999993 -97978
-231696 999993 -100961 -999993
-89532 999993 100076 -999993
-999993 -426957 999993 -379849
999993 -37096 -999993 -39728
-923018 999993 -886828 -999993
-999993 916369 999993 882031
-255988 -999993 -369014 999993
999993 774591 -999993 772412
3639 999993 153331 -999993
559626 -999993 417811 999993
-999993 -635700 999993 -578038
-999993 -18709 999993 17688
137387 999993 285463 -999993
-137993 999993 55906 -999993
-137048 -999993 -260219 999993
-999993 902583 999993 865681
412975 -999993 321085 999993
999993 385333 -999993 357089
999993 410447 -999993 384157
-846434 999993 -788497 -999993
999993 312937 -999993 291555
-999993 799999 999993 803201
686875 -999993 531917 999993
-273847 -999993 -417877 999993
-83952 999993 104568 -999993
999993 912244 -999993 938621
-999993 384296 999993 424843
-480026 999993 -296393 -999993
999993 -416273 -999993 -448847
-999993 -795901 999993 -810393
222628 -999993 99007 999993
-305705 999993 -198473 -999993
-999993 -204838 999993 -161445
999993 342322 -999993 312586
-257321 999993 -128937 -999993
698369 -999993 581654 999993
884031 999993 888748 -999993
-838314 999993 -780094 -999993
-999993 983269 999993 932675
400878 -999993 288036 999993
-183518 999993 -62489 -999993
-999993 -778809 999993 -806620
-999993 -772196 999993 -791130
999993 882031 -999993 924214
-122927 999993 61783 -999993
38437 999993 176879 -999993
-999993 200328 999993 204193
359214 -999993 255659 999993
392949 999993 536517 -999993
-188744 -999993 -287177 999993
-999993 -334277 999993 -255357
285061 -999993 137387 999993
-999993 801076 999993 803348
999993 547271 -999993 574445
4304 -999993 -160868 999993
55906 -999993 -130845 999993
398742 999993 544836 -999993
999993 641777 -999993 676131
-731337 -999993 -769363 999993
-253214 999993 -128248 -999993
999993 -942252 -999993 -891108
999993 17688 -999993 -10210
-750963 999993 -695393 -999993
28207 -999993 -146426 999993
-999993 -749177 999993 -761951
-978588 -999993 -980627 999993
-999993 -264511 999993 -201372
999993 -641462 -999993 -716957
-174999 999993 -5298 -999993
-958272 999993 -920065 -999993
289107 999993 411765 -999993
308021 -999993 189457 999993
-713663 -999993 -752533 999993
999993 -377574 -999993 -406530
-567828 -999993 -627279 999993
-543851 999993 -407837 -999993
999993 -866059 -999993 -864760
888537 999993 891315 -999993
-999993 721044 999993 713556
-999993 -937684 999993 -955321
-999993 -366602 999993 -277786
772807 -999993 701692 999993
-999993 -66895 999993 -56826
-849708 -999993 -895076 999993
990763 999993 993809 -999993
-899756 999993 -849708 -999993
999993 -975180 -999993 -967097
-999993 -770644 999993 -780539
-769363 999993 -728974 -999993
-117442 999993 73991 -999993
943466 -999993 984685 999993
-999993 -709769 999993 -613809
999993 -96299 -999993 -102745
-999993 650177 999993 615704
-999993 -716516 999993 -640819
-999993 883300 999993 835166
-256088 -999993 -371537 999993
999993 -607423 -999993 -698261
-999993 -967097 999993 -972153
701692 999993 774949 -999993
-999993 -909070 999993 -942252
-760395 999993 -713663 -999993
999993 60459 -999993 86268
999993 802086 -999993 799999
-999993 567777 999993 547271
-999993 222102 999993 220382
-534383 -999993 -620534 999993
999993 211203 -999993 222102
-924165 999993 -901540 -999993
999993 155027 -999993 159759
329107 999993 444898 -999993
-895076 999993 -847492 -999993
-374076 -999993 -491161 999993
999993 748794 -999993 753746
-999993 -367052 999993 -280579
-999993 960116 999993 921264
999993 -451647 -999993 -462848
999993 -882561 -999993 -865783
-847492 -999993 -890572 999993
-296393 -999993 -452155 999993
-999993 677714 999993 661231
100076 -999993 -83952 999993
-490122 -999993 -586526 999993
-885019 999993 -806860 -999993
-552616 999993 -432538 -999993
27154 999993 169142 -999993
257989 -999993 132068 999993
-999993 410713 999993 431367
-260219 999993 -132549 -999993
-999993 -109908 999993 -96299
-999993 284559 999993 312937
61783 -999993 -122895 999993
999993 462017 -999993 527380
621431 999993 715167 -999993
999993 39287 -999993 74714
-999993 -436027 999993 -394401
-999993 608876 999993 568215
231963 -999993 100685 999993
999993 505747 -999993 557491
-347311 -999993 -489680 999993
-999993 -957600 999993 -956411
966938 999993 941202 -999993
-774313 999993 -734854 -999993
999993 -812389 -999993 -795901
-98829 999993 97771 -999993
-999993 -723798 999993 -641462
195543 999993 314756 -999993
-525705 -999993 -612008 999993
984685 999993 966263 -999993
169142 -999993 30268 999993
-999993 -205887 999993 -170868
602079 -999993 462910 999993
999993 86123 -999993 101890
649660 -999993 508577 999993
782252 -999993 739359 999993
-932449 -999993 -958272 999993
-999993 -406530 999993 -364876
841437 999993 872987 -999993
999993 907903 -999993 932746
999993 615704 -999993 655702
255659 999993 362123 -999993
-62489 -999993 -179363 999993
129460 -999993 -6619 999993
-204763 999993 -68109 -999993
-219780 -999993 -305705 999993
-179046 -999993 -276197 999993
999993 878353 -999993 916369
-164393 -999993 -264380 999993
375363 999993 512197 -999993
-999993 891109 999993 862642
786202 -999993 747328 999993
148338 -999993 3639 999993
451707 999993 602079 -999993
-780094 -999993 -819779 999993
999993 -815062 -999993 -798181
999993 -972153 -999993 -962421
999993 663859 -999993 684971
-999993 -406933 999993 -377574
999993 27039 -999993 68597
-999993 -746429 999993 -741865
-523052 999993 -380811 -999993
-999993 557491 999993 521841
-999993 -75678 999993 -62184
935137 999993 934327 -999993
-947620 -999993 -976941 999993
-999993 -292771 999993 -248932
-999993 -280697 999993 -218660
715426 999993 782252 -999993
-999993 -999647 999993 981289
-79113 -999993 -204763 999993
999993 -852071 -999993 -845198
-31587 999993 129460 -999993
-483126 999993 -328363 -999993
999993 86332 -999993 104591
999993 17063 -999993 -33351
-631001 -999993 -687653 999993
103180 999993 241565 -999993
-677031 999993 -622372 -999993
-999993 -918594 999993 -949595
-816108 999993 -757707 -999993
999993 661231 -999993 682619
-459566 -999993 -552616 999993
-999993 -886361 999993 -926995
999993 972639 -999993 994167
819040 -999993 782331 999993
-999993 -962421 999993 -958993
-162769 999993 4304 -999993
595893 -999993 451707 999993
-999993 -976708 999993 -980210
-580655 -999993 -663693 999993
505844 -999993 375363 999993
999993 -582870 -999993 -635700
999993 571113 -999993 634969
-999993 885815 999993 837726
652761 -999993 519679 999993
817075 999993 848334 -999993
-452155 999993 -284350 -999993
487716 999993 622695 -999993
999993 -828752 -999993 -799682
999993 397654 -999993 362146
-999993 455049 999993 452594
581317 -999993 444558 999993
-999993 291555 999993 315786
999993 -950545 -999993 -920223
-979501 999993 -947620 -999993
-999993 127610 999993 122410
574747 -999993 420071 999993
-999993 -999993 -999993 999993
-999993 536966 999993 485681
999993 220382 -999993 225242
999993 -154362 -999993 -187657
999993 198562 -999993 200328
113262 -999993 -52358 999993
-999993 93125 999993 86123
999993 -846543 -999993 -845033
999993 825489 -999993 873125
-999993 -656347 999993 -582870
-217633 999993 -92378 -999993
-517292 -999993 -591775 999993
999993 417626 -999993 384296
-999993 194759 999993 192640
-753463 -999993 -805503 999993
72858 -999993 -117442 999993
-838961 999993 -788172 -999993
872987 -999993 841856 999993
999993 932675 -999993 983483
999993 -840253 -999993 -840158
999993 50393 -999993 77327
934327 -999993 942495 999993
99007 999993 231963 -999993
999993 482867 -999993 536966
-687870 -999993 -732143 999993
-999993 384157 999993 417626
512197 -999993 385091 999993
-329093 -999993 -483126 999993
173959 999993 292228 -999993
70060 999993 180961 -999993
-999993 -656839 999993 -586206
107719 -999993 -59328 999993
-999993 -834864 999993 -828752
999993 143150 -999993 154833
132068 999993 268461 -999993
-999993 448011 999993 447451
185872 999993 308021 -999993
999993 26660 -999993 55954
462942 999993 604284 -999993
999993 -267431 -999993 -341221
433161 -999993 329107 999993
-223936 -999993 -336738 999993
91202 999993 186130 -999993
617698 999993 710676 -999993
-999993 447522 999993 447304
-999993 166674 999993 165823
999993 649240 -999993 677714
999993 559613 -999993 606681
-999993 77327 999993 60459
-247487 999993 -124266 -999993
506693 999993 649660 -999993
-999993 930427 999993 907903
-872712 -999993 -910615 999993
882494 -999993 884031 999993
-626010 -999993 -677031 999993
625858 999993 725960 -999993
626117 999993 738909 -999993
645028 -999993 506693 999993
-999993 856925 999993 823414
710676 -999993 621431 999993
103417 999993 247934 -999993
-999993 -884614 999993 -921472
999993 545270 -999993 567777
-132549 -999993 -257321 999993
-999993 -388717 999993 -309320
-225199 999993 -93430 -999993
-999993 -775845 999993 -791685
-805503 999993 -737235 -999993
146347 -999993 -111 999993
-914358 999993 -872712 -999993
999993 820699 -999993 856925
999993 768486 -999993 771123
920797 -999993 932002 999993
999993 -62184 -999993 -66895
-999993 -920223 999993 -950247
-999993 997255 999993 981289
493402 999993 645028 -999993
-999993 -66045 999993 -42454
-999993 763863 999993 756184
479767 -999993 365951 999993
-484522 -999993 -582868 999993
189457 999993 314509 -999993
999993 -91976 -999993 -98989
999993 -608197 -999993 -699176
-281820 -999993 -445532 999993
20080 -999993 -147827 999993
999993 -791130 -999993 -771474
-999993 -397845 999993 -345331
816350 -999993 781616 999993
783013 999993 827533 -999993
-815392 999993 -753463 -999993
-369014 999993 -250422 -999993
-999993 -845033 999993 -840253
-999993 -165041 999993 -119391
999993 756184 -999993 767500
-999993 -98989 999993 -76123
999993 90014 -999993 122645
-999993 257016 999993 276181
999993 -474423 -999993 -505460
125695 999993 257989 -999993
999993 -379849 -999993 -406933
406843 999993 555441 -999993
747696 -999993 664011 999993
-999993 -771474 999993 -790575
303405 999993 412975 -999993
999993 -763515 -999993 -749177
999993 192472 -999993 194759
-999993 312586 999993 355227
-602395 999993 -517292 -999993
-732143 999993 -681421 -999993
-999993 -798181 999993 -812389
321085 999993 419130 -999993
-901540 -999993 -923018 999993
-999993 -537554 999993 -501424
-629476 999993 -567828 -999993
747328 999993 791173 -999993
604284 -999993 486580 999993
-999993 -522983 999993 -474423
-999993 -203480 999993 -154362
999993 865681 -999993 906771
999993 -399013 -999993 -448720
747431 999993 796817 -999993
830638 999993 855341 -999993
-675565 999993 -585691 -999993
750999 -999993 668522 999993
420323 999993 581317 -999993
999993 837726 -999993 891109
999993 -810393 -999993 -778809
-559690 999993 -470179 -999993
999993 639614 -999993 675062
-999993 675062 999993 641777
-417877 999993 -265162 -999993
-999993 318793 999993 366495
-999993 772412 999993 786311
-204303 999993 -64845 -999993
-999993 -840158 999993 -829034
-82763 999993 107719 -999993
-999993 -799682 999993 -815062
486580 999993 610677 -999993
999993 -956411 -999993 -943401
-999993 255571 999993 273595
869325 -999993 841437 999993
-338880 -999993 -489198 999993
430875 -999993 322570 999993
999993 -417088 -999993 -456271
362300 -999993 276592 999993
999993 -345331 -999993 -396357
999993 -539618 -999993 -606203
-999993 768058 999993 768486
999993 949074 -999993 991207
999993 -865107 -999993 -854959
-52358 999993 118334 -999993
-999993 767500 999993 757929
-999993 -758690 999993 -763515
-999993 -324486 999993 -255044
-587660 999993 -490122 -999993
999993 133039 -999993 145276
-428605 -999993 -543851 999993
104568 -999993 -82763 999993
-999993 -97978 999993 -69354
999993 -394401 -999993 -426957
417532 999993 559626 -999993
-999993 -544661 999993 -504380
894523 999993 919234 -999993
417811 999993 574747 -999993
-999993 -389963 999993 -315237
999993 862642 -999993 902583
-179363 999993 -59773 -999993
-999993 -623186 999993 -546022
-999993 932746 999993 912244
-53135 -999993 -174999 999993
-115710 999993 79056 -999993
-999993 -970484 999993 -975180
999993 358033 -999993 317985
999993 -980210 -999993 -970484
999993 750458 -999993 763863
-981172 -999993 -991365 999993
999993 122410 -999993 129624
391500 -999993 279913 999993
999993 438472 -999993 431966
999993 -472140 -999993 -501373
-999993 773604 999993 791960
-612008 999993 -517872 -999993
999993 -641246 -999993 -716516
999993 -170868 -999993 -204838
-291903 999993 -192641 -999993
999993 -790575 -999993 -770644
966263 -999993 990009 999993
-999993 -716957 999993 -641246
516040 -999993 392949 999993
456366 -999993 361559 999993
-968418 999993 -939055 -999993
999993 -998782 -999993 -994477
46616 -999993 -137993 999993
-999993 -632452 999993 -555648
-213129 999993 -79113 -999993
362123 -999993 258405 999993
-999993 606681 999993 561156
-641770 999993 -579633 -999993
999993 -69354 -999993 -75678
-999993 803291 999993 809091
999993 -806620 -999993 -775845
999993 769475 -999993 772384
-999993 -319190 999993 -249902
999993 -780539 -999993 -758690
288036 999993 404688 -999993
999993 355227 -999993 315601
673477 999993 771423 -999993
-999993 190292 999993 192472
-757707 -999993 -815392 999993
79056 -999993 -105940 999993
-999993 -187657 999993 -133270
999993 302359 -999993 281384
999993 -255044 -999993 -320039
690840 -999993 533714 999993
-999993 -854959 999993 -852071
-620534 999993 -525705 -999993
-999993 254285 999993 259343
323969 -999993 232006 999993
999993 273595 -999993 257016
999993 204193 -999993 206271
-999993 156910 999993 155027
314509 -999993 195543 999993
934411 999993 933060 -999993
855341 -999993 834163 999993
-868124 999993 -796562 -999993
-1841 -999993 -162769 999993
-999993 -698261 999993 -599812
932002 999993 927901 -999993
999993 -998441 -999993 -976708
-627279 999993 -562289 -999993
999993 257772 -999993 254285
285463 -999993 173959 999993
73991 -999993 -115710 999993
-999993 -676276 999993 -597374
-407837 -999993 -535710 999993
-336738 999993 -219780 -999993
-371537 999993 -255988 -999993
-804694 -999993 -868124 999993
999993 978438 -999993 997255
999993 -283039 -999993 -367052
999993 823414 -999993 869708
999993 366495 -999993 322974
-147827 999993 28207 -999993
934952 -999993 966938 999993
-274914 999993 -164393 -999993
999993 323116 -999993 305579
-576832 -999993 -629476 999993
999993 -40432 -999993 -42338
999993 -249902 -999993 -292771
701092 -999993 617698 999993
-999993 74707 999993 39287
999993 -940304 -999993 -890021
999993 -599812 -999993 -676276
176879 -999993 44395 999993
-226454 -999993 -338966 999993
-764012 999993 -718147 -999993
-198473 -999993 -291903 999993
-999993 -251177 999993 -178990
119757 -999993 -31587 999993
999993 834197 -999993 883300
791173 -999993 747431 999993
487476 -999993 373509 999993
999993 150205 -999993 156910
-721983 999993 -655534 -999993
-999993 -586886 999993 -530965
782331 999993 826032 -999993
775154 -999993 715426 999993
-999993 267715 999993 282207
999993 -263164 -999993 -336948
859114 -999993 838058 999993
-999993 777177 999993 802086
-999993 101890 999993 86332
999993 -613809 -999993 -707590
999993 447304 -999993 448011
-586526 999993 -484522 -999993
-845457 -999993 -885019 999993
-124266 -999993 -243668 999993
-999993 994167 999993 978438
999993 -537882 -999993 -602263
999993 -733646 -999993 -727552
-999993 -671709 999993 -597189
555441 -999993 417532 999993
-999993 -464793 999993 -451647
-999993 -286508 999993 -225748
-999993 -367226 999993 -283039
97771 -999993 -89532 999993
999993 876072 -999993 914939
999993 364169 -999993 318793
999993 21723 -999993 2860
848334 -999993 830638 999993
-5298 -999993 -171267 999993
-287177 999993 -179046 -999993
365951 999993 487476 -999993
-512606 999993 -374488 -999993
-609054 -999993 -675565 999993
999993 192640 -999993 197111
-999993 983483 999993 949074
999993 999993 -999993 999993
768912 999993 811454 -999993
-779054 -999993 -817188 999993
294926 -999993 185872 999993
999993 -949595 -999993 -909070
-999993 965809 999993 925192
792684 999993 838878 -999993
917767 999993 920797 -999993
622695 -999993 493402 999993
999993 553115 -999993 576309
999993 914415 -999993 960116
94615 -999993 -98829 999993
-388594 999993 -257645 -999993
-999993 -448720 999993 -396341
999993 999993 999993 -999993
-622955 999993 -534383 -999993
999993 -255357 -999993 -324486
-999993 -462848 999993 -417088
999993 803201 -999993 801076
999993 -161445 -999993 -203480
999993 593186 -999993 650177
919481 -999993 917767 999993
207107 -999993 97699 999993
-999993 -33351 999993 17151
-999993 -742401 999993 -737285
763847 -999993 673477 999993
20709 999993 154910 -999993
-582868 999993 -475009 -999993
-999993 197111 999993 193851
-999993 -42338 999993 -37096
-93430 -999993 -217633 999993
-718147 -999993 -760395 999993
-788172 -999993 -838314 999993
999993 -534138 -999993 -586886
999993 -255026 -999993 -319190
999993 230173 -999993 234842
154910 -999993 27154 999993
385091 999993 515833 -999993
999993 381553 -999993 345839
-284350 -999993 -447741 999993
-999993 869708 999993 825489
-100961 -999993 -225199 999993
536517 -999993 398742 999993
990009 999993 979025 -999993
292228 -999993 181327 999993
-851519 -999993 -899756 999993
-32527 999993 119757 -999993
411765 -999993 303405 999993
-356762 999993 -228363 -999993
999993 -530965 -999993 -556344
-999993 154833 999993 148425
-737235 -999993 -774313 999993
258405 999993 362300 -999993
-999993 655702 999993 639614
-562289 -999993 -622955 999993
349940 -999993 240309 999993
933060 -999993 935137 999993
999993 925192 -999993 983269
-640364 999993 -576832 -999993
999993 -737285 -999993 -730825
-999993 -730825 999993 -733646
-340640 999993 -226454 -999993
999993 809091 -999993 809080
-999993 357089 999993 397654
999993 -133270 -999993 -184522
-257645 -999993 -387873 999993
-999993 753746 999993 750458
-999993 914939 999993 878353
857318 999993 882494 -999993
-681421 -999993 -721983 999993
-999993 159759 999993 165189
999993 725490 -999993 743373
-999993 556358 999993 505747
-695393 -999993 -742438 999993
999993 485681 -999993 539634
999993 818119 -999993 853220
247934 -999993 110438 999993
-999993 -456271 999993 -416273
978966 999993 943466 -999993
241565 -999993 103417 999993
-734854 -999993 -774005 999993
-910615 999993 -862342 -999993
834163 999993 859114 -999993
-999993 938621 999993 914415
999993 457795 -999993 505015
999993 -921472 -999993 -881242
999993 304927 -999993 284559
-999993 305579 999993 342322
578371 -999993 420323 999993
999993 -260759 -999993 -334277
927901 -999993 934411 999993
549008 999993 698369 -999993
-999993 -994477 999993 -998441
-886828 -999993 -914358 999993
190206 -999993 96921 999993
-287602 999993 -188744 -999993
999993 431367 -999993 421933
999993 -396341 -999993 -436027
-976941 999993 -942068 -999993
999993 -493197 -999993 -522983
-373177 -999993 -490296 999993
581654 999993 701092 -999993
531917 999993 690840 -999993
-59328 999993 113262 -999993
-999993 -226356 999993 -175171
-999993 836200 999993 818119
-999993 263330 999993 281322
-999993 -845198 999993 -846543
-999993 -44487 999993 -40432
136580 999993 285061 -999993
999993 -926995 -999993 -884614
999993 585468 -999993 646396
-981172 -999993 990999 999993
-669431 999993 -580655 -999993
999993 -462934 -999993 -484828
-489198 999993 -329093 -999993
-68109 -999993 -204303 999993
-999993 -184522 999993 -124239
-675670 999993 -609054 -999993
-380811 -999993 -512606 999993
999993 -578038 -999993 -632452
999993 892282 -999993 930427
-999993 395756 999993 425557
-999993 -875532 999993 -882561
664011 999993 750999 -999993
