1000
-943067 543599 746640 487202
-484608 -186622 235120 -966597
-656883 -792552 896199 -379513
-937041 -923213 -144425 560843
-560554 37653 109817 -918062
-598723 -153818 -656510 -517159
371756 199175 52309 -805140
-786688 565712 -200136 815739
587432 -352378 -181698 -433914
-910334 -704605 -920963 527641
-191952 -287904 148187 159805
275280 -296399 292885 -672834
516082 -419593 431545 -706226
911406 -8094 601284 320671
-62760 -561470 -300255 449459
205494 -347364 985874 566011
921467 414507 753342 -306495
419810 752213 991345 -43932
-549432 923984 -13307 852351
828420 976579 -99370 -977118
449642 -569852 -366370 443584
-554040 688318 70043 -319857
-461107 870065 -7837 50563
-437332 20093 -877663 117494
943446 380065 -285565 190999
154141 39603 365297 168685
285768 -455557 834541 -117334
-466237 -144111 -583286 -413240
751152 757889 921467 414507
391286 -63925 -917793 886317
-119420 320778 -945908 -845914
475403 -292825 574962 489249
-18777 967050 -694431 972592
-46603 477639 659146 564034
-504330 78415 244862 38877
-894982 -420816 597490 -104813
172411 953278 -704568 -566055
792753 -596671 26256 -963328
-814031 327059 -638173 -907547
977920 -488594 -278835 193925
844509 -529541 986107 -511503
-628733 -847957 275280 -296399
431545 -706226 -990910 854973
-637781 -640712 253486 636628
-4002 747121 720059 -396895
664072 289384 252947 927532
-46753 669126 17208 -804955
63037 -512517 863232 643233
882519 -710403 304513 789720
61656 -369974 -83231 94264
9505 901862 -278347 -393133
866974 -885435 -495497 15461
244868 870604 768221 669496
972917 -958302 771247 -770403
410964 29500 -598723 -153818
-656510 -517159 643241 644318
81465 265144 -257278 -6407
-926781 954544 -387435 -4650
-251588 382763 -635350 -334267
989015 -302758 -962670 -111497
26256 -963328 493029 908198
365297 168685 685488 811816
200003 702866 -93898 283070
-286369 545646 -809063 -459684
-922313 963416 -738455 -72908
117399 -951968 730337 219181
-926462 469060 -821228 -692176
914784 22873 375246 -270507
259147 -215746 -66147 -480998
84784 -438769 266837 631033
559187 564735 -339767 -98747
167857 278577 -14923 -447432
-938812 604942 989015 -302758
-286800 30212 725371 673803
-690602 -31859 771164 276796
-982432 -410736 159552 -408943
469181 -698592 -105162 -621952
-366370 443584 936274 -611639
-196329 -354289 730793 158393
-350041 -179869 -528152 -339505
-831351 -779729 492796 647565
374258 -789173 -959649 441828
-909636 736060 9505 901862
207619 -362424 -362344 834348
-703063 -49057 -175526 -290490
748629 646270 218891 424112
726535 188225 -560112 -15278
529093 493206 206256 174690
46086 30900 -250622 143270
989767 -614885 -26483 293874
29087 508314 -286369 545646
834207 -285666 319164 -364614
192397 -812650 -869521 -168491
-784979 716772 699985 610923
219371 98386 -148950 227162
267460 -247446 -395988 -263293
228708 357393 -803000 -815833
986107 -511503 -964278 427662
-426741 296996 220209 455063
-786122 -720067 -605157 286297
176151 322868 135437 -770655
573704 -323980 269140 -797343
-846081 -426565 744745 -655524
136225 -593257 -769936 657477
53787 750488 784730 -864775
-955159 -351504 -623370 964580
-916689 -582482 -922497 634493
738214 -668425 -874583 195828
-481300 -66454 692841 784123
-892677 890951 27800 -693690
10835 -547322 209012 -217985
-274395 -102557 117399 -951968
896199 -379513 -687260 673778
-204490 -25420 407593 972662
266821 -490463 108337 -742967
-422733 375860 865606 -231206
88786 976841 460815 169494
975801 714172 -656916 899196
29049 972104 -948982 174067
-431516 456655 -379148 -515247
668751 394562 -347847 -92252
464806 -451274 943446 380065
209012 -217985 674157 -886782
-728680 308682 -118064 -724024
-657615 532443 150652 -233977
-440830 -386564 511801 -210953
237974 -206338 616837 261780
-706657 -17640 -65432 744208
-628177 918635 791651 -990858
-777894 -464520 -120496 -89580
863232 643233 -910334 -704605
-732900 -757019 -599161 -224104
136522 109385 159710 -759704
-282785 503363 -172000 316645
610144 -79803 303173 78006
749443 500359 -442837 571683
-810679 415123 260157 297350
-623370 964580 -327582 888402
-638173 -907547 986363 -278002
-864511 -61724 -17378 -139015
-990910 854973 531626 658850
98346 980986 -72335 965169
-292642 -280299 753381 -238033
-653816 -385434 426313 -474515
804707 784637 635222 -763427
715984 -5914 -780773 939344
135437 -770655 200003 702866
304015 573620 876456 -260462
408907 -894951 119831 -487602
-124533 -405021 -99742 -491994
-382679 -103621 -166287 776565
705054 974050 172411 953278
-72335 965169 101626 571570
-347721 636638 145643 -838862
-806185 738573 -232555 996027
-995876 -921416 -741169 -680659
-400120 165640 -325079 -494990
530071 420536 -750136 -922505
-736300 -383809 745889 -163561
-94592 -849833 644910 171083
-7837 50563 -907202 -941648
-300255 449459 378815 -925255
-650112 613748 -652825 274977
145260 -445805 -997389 871447
-534132 488006 -748283 125127
687645 -281473 -329980 173148
413766 550854 -802588 292356
754894 901730 -577453 -420914
-120496 -89580 -251923 229798
-817233 492918 684542 -776579
-854190 878218 701630 627754
616837 261780 297755 -424252
-384492 231584 -362259 459157
-506588 -382630 -790764 -461481
-366173 -384131 -415541 558520
206429 251755 -977796 204899
-984150 -904431 266069 8183
799170 -763289 252064 -104838
296651 -84119 882519 -710403
573754 970350 266821 -490463
551183 74731 -187527 -225119
496436 614738 -382679 -103621
-173251 735912 -407250 -252944
491548 707170 -620993 326408
-694632 506121 -173646 -443140
-877692 -180423 -796531 -906916
261280 541439 -220903 850878
-462324 -58585 -810679 415123
-704568 -566055 -884130 -908258
371948 506763 -501016 -629501
991835 -606382 212714 333901
646739 982605 766266 827406
-555683 -211218 -122448 -678820
739921 -772412 -39592 -567919
-907202 -941648 -323276 -756363
-110268 -986074 136478 557790
-480625 -726559 694938 272753
-563079 875690 519613 -678325
813440 -265131 487386 -147693
-329980 173148 -313391 98262
506650 -847281 618715 -782257
-225185 -730350 -426741 296996
476018 -434945 -466237 -144111
101626 571570 44723 387903
-817845 -859111 9032 -968835
876926 -592973 230033 649183
730793 158393 -130955 12871
-118674 118119 668751 394562
-591589 -573630 -916689 -582482
213455 -154732 -427986 33970
-541935 640608 749443 500359
885340 663226 -780143 -131342
114264 286672 492160 -504515
370230 -189429 748629 646270
730530 488960 186646 -775135
999065 -328607 819127 -228803
96662 -189079 516082 -419593
129145 727054 722313 125124
473910 -930976 -336724 190266
54752 -454891 -8118 -397108
-917793 886317 757800 -710817
-861786 -966545 591453 820787
-761520 314033 551183 74731
-389244 861385 -820599 689415
604667 352956 -953737 263703
482778 -774175 50201 552267
-194137 -580515 57059 440345
93339 -651567 800923 -402694
529245 171244 -266810 178853
-334190 103679 -312639 -241229
-266663 331643 475403 -292825
-226673 353767 935748 770550
-600809 245701 -4002 747121
-309503 223223 -292642 -280299
397000 615109 259147 -215746
564915 326691 335005 -19010
-635270 450495 -975760 -76666
-327582 888402 32264 300857
-769936 657477 559806 -644362
-95530 532491 -486880 126899
150652 -233977 -935316 -780735
303173 78006 550879 -685279
169244 955863 -18777 967050
24191 -143512 -861786 -966545
661330 -345485 -690602 -31859
-395885 -506110 735486 -396870
586660 -848080 389866 -882610
301750 640136 -469661 183888
286840 -186177 212273 305342
867107 528127 -476397 -570391
903685 -151431 -405944 -504623
-250539 209423 178357 -16538
414759 103081 -982265 126745
212714 333901 -358070 442644
151049 -463930 101088 -815696
330321 -112063 -26430 -259321
-555040 97543 -614323 496961
766266 827406 -440830 -386564
-713115 674067 -601112 -891630
70043 -319857 -271308 263428
266670 -230280 -124533 -405021
-197479 -508200 -563079 875690
-8118 -397108 30113 -908807
-334293 627785 206429 251755
701047 -807529 -308912 422890
-119327 -702163 739921 -772412
690513 -780605 -462324 -58585
492796 647565 109683 804144
-569185 660287 345360 -417533
-312639 -241229 60733 -533049
576445 -202385 844509 -529541
657937 397944 784754 632476
-945908 -845914 -694632 506121
-378024 472360 544744 -846891
-39592 -567919 535786 -869301
195474 -917679 -383195 510910
238855 -4305 -868254 990493
-798484 -719998 701047 -807529
-885139 -195462 -249840 -341378
-729944 725283 340409 -758228
-895767 -843691 -297959 -787189
548850 631043 985902 -469506
711032 483284 -437678 -72192
-347847 -92252 -585599 991744
636130 -618740 -779944 -157306
768682 -163790 -614268 -792552
-923005 213003 -588 -252322
-982265 126745 -853336 769425
-812856 -187072 828420 976579
-414651 -512747 -110642 -744197
555900 -991703 856802 640203
333512 -609110 924858 541607
-877663 117494 742740 -34439
-717840 20238 -756706 -595365
678732 523795 996146 -477916
-633495 -124445 205494 -347364
-278835 193925 -920963 -711431
-234375 -133352 -289383 13451
-821228 -692176 -1393 -838067
81293 40847 -316397 -18776
-540827 64562 661330 -345485
519613 -678325 892419 -331684
624076 -293839 736982 -207305
-614323 496961 8186 -299144
293460 -391126 -564786 -445872
-13307 852351 586660 -848080
268627 208656 10835 -547322
448043 -579855 306154 941822
-251923 229798 699198 491606
359543 -452050 184469 872543
-442837 571683 -673241 750776
198555 -611691 97096 123497
727358 808367 -938812 604942
373417 -51838 491548 707170
-91629 -694563 -204490 -25420
-220903 850878 -431516 456655
-614268 -792552 893516 -498868
666798 -764325 724059 540949
-182393 -597970 371948 506763
50201 552267 88786 976841
893516 -498868 225278 401166
819127 -228803 -967556 272076
-480386 699976 734287 -616521
814605 52546 -728680 308682
-65432 744208 -777894 -464520
834109 -559205 -484608 -186622
-460607 -5377 815381 -962297
-588 -252322 -676421 973351
196004 -484416 606954 -273022
-310531 416491 -503395 -144087
-223395 442057 -505675 -94372
-528152 -339505 -187418 818362
-744976 -832137 95982 -48764
-883569 -664006 -52006 -221443
456494 423838 38880 317785
835351 573722 -58140 90736
403103 159993 -814031 327059
-555525 628081 -378024 472360
237889 981718 -978469 -738599
932586 265643 228708 357393
-130955 12871 502291 483019
-706052 -151077 461651 -201473
303597 -701708 -428180 455270
255819 193170 -82369 151732
95982 -48764 792753 -596671
820428 -210123 -851394 -197262
543016 866725 -812103 356543
789943 -57004 -858743 263553
-232555 996027 240885 757847
-523131 262494 4550 -739975
753381 -238033 371756 199175
589485 -960691 687645 -281473
-291570 -359128 -841240 -779397
-314197 76 156867 203296
635222 -763427 746261 409391
-997389 871447 -993029 -481142
-503923 328409 589485 -960691
613799 243162 -334239 -844807
-219502 -365595 -173251 735912
595200 44229 727358 808367
-561922 -294536 -872546 18521
730337 219181 -831351 -779729
140389 -65086 105202 780902
-920963 527641 -350041 -179869
-428180 455270 469181 -698592
-986042 156781 610144 -79803
447790 947077 -995876 -921416
678780 -42755 -986042 156781
-729872 -188560 -182325 -635612
-276002 -805370 -883569 -664006
-405870 622452 -591892 916474
-903115 308865 903685 -151431
-148950 227162 496436 614738
-330567 810054 766946 352454
580772 -177468 195474 -917679
-14923 -447432 245448 816713
-498063 374146 8912 992
228473 984875 -432350 567420
222298 -554742 86435 700914
-319053 33952 506650 -847281
-362344 834348 -204919 -59021
-595338 -562712 163787 -75462
-765591 667294 -830305 105274
985902 -469506 187378 187837
-805721 891703 -585368 -201361
5876 -929607 167857 278577
-601112 -891630 -119327 -702163
996146 -477916 224420 235258
-115786 -349060 -47389 -518309
461651 -201473 -115786 -349060
559806 -644362 628770 801055
644910 171083 -757159 938422
389866 -882610 776417 754854
-583286 -413240 690513 -780605
252064 -104838 476018 -434945
41081 584801 -535195 157881
694938 272753 789943 -57004
-323276 -756363 434782 356623
-584705 409015 147468 513491
121194 155814 -595320 -763473
-979311 448492 636130 -618740
606954 -273022 -934001 -131082
3647 -839557 308743 951218
684542 -776579 -16729 594832
-588897 -155192 -309503 223223
375406 115350 -946403 113420
195676 376912 894052 376094
417767 -349934 -829042 -660530
108337 -742967 -901495 513614
-221095 -812239 419810 752213
-413777 -866662 -330567 810054
-323997 -845011 -225185 -730350
-739171 816144 914784 22873
-570297 -256442 26912 -695109
506733 -86756 -234036 41172
-754128 833115 543016 866725
-122448 -678820 114253 649331
-953737 263703 -869876 -644551
546657 982649 402096 -40343
643195 936088 646739 982605
-83231 94264 -202877 -481935
-291586 -484098 555900 -991703
38880 317785 397000 615109
876456 -260462 375406 115350
260157 297350 -877692 -180423
762072 922824 -94592 -849833
140907 222288 -427499 718244
467054 100980 -926779 -40420
-187418 818362 -334293 627785
-78197 174524 -422548 -469691
-253101 -398561 802607 -70478
245448 816713 -926462 469060
186646 -775135 -196329 -354289
-813922 141239 437758 746906
-605157 286297 293460 -391126
975683 238687 576445 -202385
-175526 -290490 584569 -103072
920102 242933 903250 256974
834307 -599547 -659951 -204594
806764 462004 235352 -48476
784730 -864775 237974 -206338
252947 927532 358610 75651
-26134 452808 885340 663226
-790764 -461481 863811 -469020
865597 152484 -291586 -484098
639752 -172902 -284267 778376
106090 -468332 81465 265144
598889 -552654 -250539 209423
-99742 -491994 -234375 -133352
319164 -364614 -15631 -211341
-676421 973351 46086 30900
407593 972662 -2711 -93772
987939 872729 -754128 833115
402096 -40343 440284 147889
892419 -331684 -854190 878218
-883974 277645 -26134 452808
-344547 -975993 53787 750488
9032 -968835 200385 151083
323640 -909240 3647 -839557
96527 151812 813440 -265131
-15631 -211341 -826631 164710
335005 -19010 -480625 -726559
63380 332363 121306 -824107
482227 -116968 -732900 -757019
699198 491606 641310 -448917
-503395 -144087 345883 -878369
745889 -163561 546657 982649
835584 787014 -559341 763740
70806 -947109 447790 947077
574962 489249 -59927 -34379
725371 673803 32354 156667
-816285 -406626 -127404 264066
306154 941822 428183 285617
-329746 -327528 921694 792048
340409 -758228 -987224 -552257
143307 -923114 -75264 944879
938393 -716545 677775 -628760
677775 -628760 548850 631043
-380588 -142037 -523131 262494
378815 -925255 814605 52546
-712931 -841460 388524 580321
428183 285617 -46603 477639
-858743 263553 -117148 472717
-951414 -702206 -713115 674067
352928 723546 762072 922824
-203927 955547 -360983 374937
-77661 -75221 999065 -328607
312373 746260 530071 420536
388524 580321 93021 -641851
32354 156667 -706052 -151077
130216 118822 -314197 76
658937 297457 -145938 -909070
-450803 583180 -903115 308865
8186 -299144 106090 -468332
877076 991398 639752 -172902
856802 640203 494331 -718485
268257 11163 -896772 -781683
319528 -61014 613799 243162
-827698 -735933 -541935 640608
335914 51961 911406 -8094
-615817 -431765 536364 28652
-673241 750776 -560554 37653
-418630 -371076 -984150 -904431
240885 757847 604747 919735
136478 557790 -464097 332065
-249840 -341378 -319053 33952
-204919 -59021 5876 -929607
200385 151083 975683 238687
-501651 -652843 369867 -61927
-486880 126899 467054 100980
-59927 -34379 -310531 416491
-786042 66431 -71759 -769583
-874583 195828 238855 -4305
-518311 992620 -418630 -371076
-360983 374937 24191 -143512
-956399 -346287 -955159 -351504
746640 487202 -437332 20093
-687260 673778 43036 -584385
145643 -838862 -275158 780470
-802588 292356 -798484 -719998
768221 669496 138083 973093
-117148 472717 -847270 -498275
-755638 -129214 -468327 422581
32264 300857 466499 358487
297755 -424252 -245247 -485181
409778 -165475 834109 -559205
-937965 -748502 330321 -112063
972408 -607097 666798 -764325
-66628 482032 754894 901730
-166287 776565 -504330 78415
-829042 -660530 -413777 -866662
-202877 -481935 -203927 955547
187378 187837 126733 -852145
-560112 -15278 -182393 -597970
800923 -402694 145260 -445805
803133 -841604 705054 974050
597490 -104813 34525 -214305
42823 -137405 -405870 622452
-2711 -93772 -277280 -252182
-642751 -252880 -666432 -907814
266837 631033 881552 -153469
-991774 -100693 -943335 182923
798015 -816097 -502717 -951768
544744 -846891 136522 109385
174560 -426383 -817845 -859111
334339 772283 -55332 403054
-308912 422890 137250 994303
700697 301823 597505 464814
-327670 -359010 834307 -599547
-519651 -351872 30505 -124609
-313391 98262 93339 -651567
289662 -156422 440300 -335089
494331 -718485 -956399 -346287
-26430 -259321 -656883 -792552
-275158 780470 -977087 -765451
-95352 -336731 -764580 406168
-323264 -22296 -951414 -702206
815142 -775714 -561922 -294536
-82369 151732 475185 -517895
699985 610923 876178 324014
-497736 -690356 -615817 -431765
829433 618618 -77661 -75221
-220856 812550 -703063 -49057
732044 -964083 176151 322868
-872546 18521 -967441 -568126
-170451 -875602 -118292 -43341
931427 12946 564915 326691
345883 -878369 938393 -716545
-932382 75123 987083 438538
742648 -659798 708480 -332970
-508499 -171576 -111508 -995920
447272 -876964 -549432 923984
-750136 -922505 806764 462004
970264 -282110 699553 812538
-772879 73997 121194 155814
-608879 995914 820428 -210123
865606 -231206 390462 960212
618715 -782257 408907 -894951
475185 -517895 -608879 995914
-383195 510910 482778 -774175
-796531 -906916 -982432 -410736
701630 627754 -186129 726583
744745 -655524 154141 39603
951214 -759258 -540827 64562
-869876 -644551 620299 113514
156867 203296 -38834 470306
935748 770550 140389 -65086
27800 -693690 -633495 -124445
-284267 778376 920102 242933
-110642 -744197 -806185 738573
345360 -417533 -712931 -841460
117621 89564 373417 -51838
323761 538509 319528 -61014
-585599 991744 -628733 -847957
-38834 470306 880221 203140
142225 905785 42823 -137405
487386 -147693 -384492 231584
909068 -291194 -461107 870065
-92916 174343 -729944 725283
390462 960212 -565368 -185459
121306 -824107 268257 11163
685488 811816 -740261 -874599
-266810 178853 -746012 629105
366309 -390551 664072 289384
-469661 183888 261280 541439
437758 746906 228473 984875
57059 440345 -772879 73997
-219933 787180 -591589 -573630
-144425 560843 -765591 667294
-464097 332065 313984 14694
987083 438538 96527 151812
-187527 -225119 -755638 -129214
92576 513888 -62760 -561470
-384657 908639 595200 44229
-757159 938422 -219066 736090
-826631 164710 133812 -564283
93456 832803 81293 40847
-653228 604111 -892677 890951
584569 -103072 251308 347555
-200136 815739 157153 72028
753342 -306495 -555040 97543
-427264 875233 426399 -145193
26912 -695109 140907 222288
-784841 34182 -91629 -694563
-271027 -37422 374258 -789173
528902 -893996 -509245 786484
-830305 105274 -276002 -805370
-297959 -787189 -508499 -171576
358610 75651 836883 -413058
-316397 -18776 -894982 -420816
575006 -843975 643195 936088
801272 -506692 573754 970350
742868 628828 -266663 331643
641310 -448917 978120 -976572
157153 72028 464806 -451274
-431620 460511 972917 -958302
-895358 -867095 503056 -208291
-234036 41172 -506588 -382630
159710 -759704 -876954 -5020
-58140 90736 -251588 382763
444993 972257 301750 640136
-920963 -711431 28767 -471081
936146 -971880 -223395 442057
734287 -616521 337918 711726
493029 908198 -216285 350096
-216285 350096 843344 -377581
-713593 778543 835584 787014
-740261 -874599 989767 -614885
-3858 -309425 -163604 -206090
60733 -533049 -864511 -61724
-702927 792471 803133 -841604
-922497 634493 -334190 103679
-505675 -94372 725994 -865480
244862 38877 213455 -154732
859951 -474721 -519651 -351872
43036 -584385 -279490 474126
591453 820787 -410593 -627604
-565368 -185459 410964 29500
-711087 -234205 703817 386690
-182325 -635612 281761 447165
978120 -976572 -895767 -843691
-896772 -781683 -883974 277645
178357 -16538 -282785 503363
369867 -61927 -555683 -211218
531626 658850 -569185 660287
466499 358487 -389244 861385
-841240 -779397 -301917 532328
292885 -672834 61656 -369974
-367997 -991301 687596 540475
696506 -280218 266670 -230280
-250622 143270 29087 508314
-461245 503548 867107 528127
536364 28652 -95352 -336731
-930254 -224083 -422733 375860
435992 879717 -291570 -359128
692841 784123 -761520 314033
304513 789720 -554040 688318
860091 -304338 624076 -293839
651995 121807 -191952 -287904
-228778 443574 -942122 980478
-336724 190266 -427264 875233
17208 -804955 -829256 482194
-271308 263428 694137 -989232
735486 -396870 799170 -763289
694137 -989232 -888213 155434
-876954 -5020 117621 89564
834541 -117334 444993 972257
-627762 -627880 98346 980986
880221 203140 -63337 -813107
308743 951218 529245 171244
983368 116559 456494 423838
-163604 -206090 526373 -584662
230033 649183 -184773 461826
-476397 -570391 -481300 -66454
-790901 -452859 174560 -426383
-517374 -492380 -813922 141239
-145756 137069 449642 -569852
235352 -48476 678732 523795
-277280 -252182 -606097 -449974
736982 -207305 413766 550854
109817 -918062 -344009 -89487
-553479 96003 559187 564735
133812 -564283 96662 -189079
-519747 338285 -595338 -562712
-780773 939344 -931336 571061
-509245 786484 -786688 565712
30113 -908807 -729872 -188560
-468327 422581 933055 -636789
94768 -161964 -17953 66366
-717150 -563926 604667 352956
4550 -739975 696506 -280218
950222 906692 575006 -843975
-516705 691774 700697 301823
-277690 573810 -816285 -406626
836883 -413058 -958611 711271
-888213 155434 -450803 583180
254345 -240010 950222 906692
-741169 -680659 -922313 963416
-748283 125127 829433 618618
-325079 -494990 414759 103081
-704213 22192 -510614 316762
-16729 594832 -386395 74059
-226611 600103 801272 -506692
766946 352454 222298 -554742
620299 113514 -932382 75123
-339767 -98747 -219502 -365595
-257278 -6407 -31363 560908
-868254 990493 -943067 543599
-503744 426173 286840 -186177
-812103 356543 -555525 628081
-465226 89193 403557 -295008
-184773 461826 -503744 426173
628770 801055 255819 193170
-26483 293874 -858160 12707
426399 -145193 -605052 -996125
440300 -335089 359543 -452050
-676505 -818199 540407 -643079
281761 447165 932586 265643
137250 994303 195676 376912
-307135 322970 987939 872729
933055 -636789 -923005 213003
-219066 736090 -717150 -563926
781902 -473677 29049 972104
-643621 -740844 380208 -878870
419758 -440258 -805721 891703
206256 174690 925576 894137
30505 -124609 573704 -323980
159552 -408943 296651 -84119
-853336 769425 -220856 812550
-987224 -552257 219371 98386
403405 -795535 -676505 -818199
105202 780902 -85534 -98847
601284 320671 726535 188225
505545 -31434 -123368 -750084
-245247 -485181 -653816 -385434
-362259 459157 -465226 89193
224420 235258 -979311 448492
-173185 -819166 -637781 -640712
158420 925923 473910 -930976
-234883 508756 41081 584801
-158835 638122 -78197 174524
742740 -34439 323640 -909240
595687 956914 107478 975277
-931336 571061 -584705 409015
-414282 -878290 -123882 -818223
-656916 899196 435992 879717
-694431 972592 -937965 -748502
-829256 482194 796953 -745682
251308 347555 49783 -935912
-993029 -481142 54752 -454891
-851394 -197262 -744976 -832137
-123882 -818223 -588897 -155192
-99370 -977118 268453 -766848
876178 324014 -827698 -735933
-564786 -445872 244868 870604
757800 -710817 -226673 353767
-55332 403054 312373 746260
-338143 639940 -706657 -17640
-523406 529823 -148416 885268
266069 8183 -519747 338285
-746012 629105 648758 804415
-599161 -224104 -118674 118119
-148416 885268 -503923 328409
-495497 15461 -328325 -885442
440284 147889 151049 -463930
125900 16471 738214 -668425
116154 -735464 -327670 -359010
863811 -469020 -517374 -492380
-926779 -40420 -650112 613748
-958611 711271 -827121 -622878
-17378 -139015 207619 -362424
699553 812538 93456 832803
434782 356623 742648 -659798
-437678 -72192 419758 -440258
-606097 -449974 -384657 908639
-66147 -480998 -425365 234219
-395988 -263293 116154 -735464
-684096 518965 -713593 778543
-5264 747105 651995 121807
-977087 -765451 267460 -247446
535786 -869301 -930254 -224083
-387435 -4650 951214 -759258
724059 540949 -991774 -100693
-978469 -738599 711032 483284
687596 540475 -323264 -22296
881552 -153469 742868 628828
-328325 -885442 804707 784637
-93898 283070 323761 538509
776417 754854 117656 -583086
-666432 -907814 815142 -775714
-85534 -98847 -234883 508756
-806253 -870979 -31706 -17025
-559341 763740 448043 -579855
22034 -49906 -5264 747105
-884130 -908258 237889 981718
-942122 980478 -221095 -812239
492160 -504515 409778 -165475
380208 -878870 84784 -438769
-595320 -763473 -158835 638122
-127404 264066 -253101 -398561
986363 -278002 638036 660369
313984 14694 -347721 636638
225278 401166 -420455 777675
-780143 -131342 -480386 699976
597505 464814 -498063 374146
-407250 -252944 -926781 954544
-415541 558520 136225 -593257
659146 564034 866974 -885435
-756706 -595365 158420 925923
-1393 -838067 196004 -484416
-289383 13451 -3858 -309425
349996 337454 -119420 320778
-635350 -334267 -684096 518965
268453 -766848 -909636 736060
502291 483019 -627762 -627880
-432350 567420 -573563 -371104
-803000 -815833 -145756 137069
-427986 33970 877076 991398
-61964 -953652 943789 489043
119831 -487602 -414282 -878290
-343350 84151 -460607 -5377
-858160 12707 425885 -843133
-405944 -504623 -941390 881721
-75264 944879 891070 -913333
-758925 770162 835351 573722
425885 -843133 403103 159993
471670 679003 -600809 245701
126733 -852145 198555 -611691
-63337 -813107 -307135 322970
163787 -75462 977920 -488594
-738455 -72908 -329746 -327528
97096 123497 70806 -947109
-186129 726583 -246430 666742
643241 644318 -806253 -870979
985874 566011 -226611 600103
936274 -611639 709478 -663220
955597 752162 -395885 -506110
709478 -663220 -736300 -383809
771247 -770403 983368 116559
34525 -214305 -277690 573810
-344009 -89487 -173185 -819166
-959649 441828 -895358 -867095
-379148 -515247 860091 -304338
943789 489043 -92916 174343
28767 -471081 876926 -592973
-111508 -995920 333512 -609110
220209 455063 -786042 66431
-502717 -951768 -170451 -875602
253486 636628 781902 -473677
279816 -156849 -271027 -37422
-422548 -469691 -657690 -493577
93021 -641851 -885139 -195462
49783 -935912 -937041 -923213
-145938 -909070 -274395 -102557
540407 -643079 936146 -971880
52309 -805140 -704213 22192
-31363 560908 447272 -876964
74166 -396534 898350 -778629
802607 -70478 -534132 488006
903250 256974 732044 -964083
-386395 74059 -643621 -740844
720059 -396895 -431620 460511
791651 -990858 730530 488960
-573563 -371104 391286 -63925
708480 -332970 -461245 503548
114253 649331 -635270 450495
86435 700914 865597 152484
725994 -865480 842701 660797
148187 159805 798015 -816097
-334239 -844807 -758925 770162
117656 -583086 -702927 792471
218891 424112 -846081 -426565
-425365 234219 335914 51961
-555553 -757247 -653228 604111
703817 386690 751152 757889
784754 632476 715984 -5914
-118292 -43341 129145 727054
503056 -208291 743990 -672142
-935316 -780735 834207 -285666
178098 240654 285768 -455557
101088 -815696 303597 -701708
-975760 -76666 -553479 96003
-285565 190999 639285 934973
-301917 532328 -366173 -384131
948174 305487 289662 -156422
-31706 -17025 -286800 30212
107478 975277 955597 752162
-172000 316645 334339 772283
-276011 -591556 -812856 -187072
891070 -913333 169244 955863
-591892 916474 -66628 482032
8912 992 931427 12946
-279490 474126 125900 16471
-943335 182923 -472289 -437308
-967556 272076 -516705 691774
674157 -886782 349996 337454
-123368 -750084 471670 679003
-358070 442644 403405 -795535
337918 711726 657937 397944
-510614 316762 970264 -282110
-888535 104432 -194137 -580515
722313 125124 -197479 -508200
-934001 -131082 63380 332363
-585368 -201361 -276011 -591556
-809063 -459684 254345 -240010
898350 -778629 -61964 -953652
991345 -43932 -497736 -690356
-779944 -157306 505545 -31434
184469 872543 279816 -156849
-47389 -518309 94768 -161964
-118064 -724024 587432 -352378
-948982 174067 178098 240654
190301 -291438 114264 286672
269140 -797343 -338143 639940
815381 -962297 859951 -474721
-652825 274977 -786122 -720067
648758 804415 -219933 787180
638036 660369 658937 297457
796953 -745682 -784979 716772
-181698 -433914 -555553 -757247
842701 660797 143307 -923114
-246430 666742 -344547 -975993
-501016 -629501 972408 -607097
604747 919735 -717840 20238
-605052 -996125 -657615 532443
483760 -104611 -46753 669126
-17953 66366 -817233 492918
-967441 -568126 -95530 532491
426313 -474515 975801 714172
-962670 -111497 352928 723546
-820599 689415 268627 208656
-472289 -437308 -110268 -986074
743990 -672142 482227 -116968
235120 -966597 370230 -189429
550879 -685279 948174 305487
-659951 -204594 483760 -104611
894052 376094 529093 493206
921694 792048 909068 -291194
-946403 113420 -784841 34182
-847270 -498275 528902 -893996
843344 -377581 192397 -812650
138083 973093 311559 -417898
403557 -295008 142225 905785
639285 934973 -204232 772014
212273 305342 304015 573620
924858 541607 -323997 -845011
147468 513491 -518311 992620
511801 -210953 -523406 529823
-901495 513614 -894366 -796366
-964278 427662 598889 -552654
-52006 -221443 599133 651203
-427499 718244 -367997 -991301
311559 -417898 -888535 104432
526373 -584662 -228778 443574
-535195 157881 595687 956914
-278347 -393133 -414651 -512747
746261 409391 190301 -291438
109683 804144 130216 118822
-105162 -621952 92576 513888
44723 387903 -570297 -256442
-620993 326408 417767 -349934
375246 -270507 -790901 -452859
-894366 -796366 -400120 165640
-941390 881721 366309 -390551
-204232 772014 22034 -49906
-577453 -420914 -343350 84151
599133 651203 768682 -163790
-410593 -627604 -501651 -652843
460815 169494 506733 -86756
-977796 204899 -739171 816144
925576 894137 991835 -606382
771164 276796 -304384 943802
-71759 -769583 -628177 918635
-827121 -622878 -380588 -142037
-173646 -443140 -642751 -252880
-764580 406168 -711087 -234205
-869521 -168491 74166 -396534
-657690 -493577 678780 -42755
-420455 777675 580772 -177468
-304384 943802 63037 -512517
