1000
-355772 810131 508062 -831645
155809 212820 826264 93797
49036 -794833 81270 98997
625245 -152556 78205 593505
45666 523162 851536 564125
371126 514735 -376538 -404124
759943 876179 328169 -769130
-472416 647526 291505 -259560
-534088 -651828 58293 677564
669912 -332822 768344 -592382
-753193 -397288 -110307 -607686
-611226 609812 590094 -701072
-696770 -142177 904159 235475
811133 93650 -413718 -43395
-405522 -988710 351320 212098
554286 639204 -391019 -203702
413652 -385727 828141 -627636
-382971 729957 -573742 197512
-870636 -327369 240243 850878
-511764 739560 302392 -108102
330289 -115523 -943229 -649430
705813 -322680 908045 -1244
-962511 528696 123902 -82622
827154 859790 212592 -702350
-123882 -186306 -766917 -213023
559538 -294998 44927 -317361
454413 672972 -476834 770985
165421 -465380 415210 381366
3718 -298152 -176076 607204
539508 -351908 -244883 755272
698560 25349 -91647 -818634
-475798 -631119 375143 593983
-744278 -825107 79486 124177
-695525 -158868 637877 -114710
291505 -259560 -235966 843408
-940068 -749948 -555735 -193411
785129 311880 276435 -636072
694475 662952 -328673 -371047
555228 -326660 -686766 757351
818154 747920 710459 -570539
-174058 -726472 514925 824178
-35466 -855430 899250 793840
499532 3293 -859643 748219
-129502 -14534 -702807 -94978
157414 -200931 448749 -110109
-794321 763235 -101123 510304
-401037 595749 -620474 401920
-642701 -903309 -884910 -546535
-766917 -213023 759943 876179
824427 -699152 -732676 -417471
-499890 768143 860739 527277
-627862 962521 -52472 896682
-623015 -496877 942232 -711131
677109 -332635 396798 788808
-881524 -662379 -126578 397864
16487 846159 109025 -922982
558541 -210334 -82825 -641556
591446 -604577 -321731 869896
-908252 429365 951091 386244
637877 -114710 345604 -297311
533272 784587 299971 -390841
238570 -878068 -112055 -889469
413834 -722953 -700663 -945407
-808706 -244473 778146 797868
-138246 -970678 -477838 -522720
-788788 493456 -258361 161015
-846680 565016 -729701 583972
955607 34557 127363 -142040
617361 -147357 -386285 -681260
-972454 11078 666118 -580530
-925772 -597640 -590693 -912918
-251352 -368349 564603 372533
148618 -843502 530245 333679
442629 -539365 777834 908487
-843068 576851 -372687 -930972
362122 921999 -253462 -206952
575810 977964 142357 339940
-900225 -799284 -534088 -651828
-745943 -114029 851870 143345
-244249 689730 -7730 -723638
810391 -376209 722580 -245875
-366881 -15227 -596491 -670255
942171 82401 -21309 -417570
-892535 431613 -29196 344617
-608474 -709216 415725 -158976
666118 -580530 917668 -560113
-33748 -386516 -252889 -561327
-714512 347530 117978 -205759
-741437 -25685 -702384 16859
-573390 869145 406717 -680741
-311455 287233 31346 -249436
-382748 -713297 157414 -200931
-378146 722782 334411 -719348
632838 -393455 405359 203155
-904074 -559688 -7007 -832027
613488 -640245 -818039 -572681
877200 -529039 -292040 621970
-750956 -185514 -188048 -389195
610164 172675 -750956 -185514
985806 -203445 -654807 -726645
-583510 169458 217139 254779
916844 -870250 -806440 -199727
522612 -721642 698560 25349
109025 -922982 -271291 -322250
-784464 -954654 -321987 33522
902770 -114050 591446 -604577
17318 -224584 808234 644778
-273139 -319605 213404 -637068
-552302 170732 165421 -465380
-488302 558146 630356 605630
415210 381366 362122 921999
-689604 -514383 972639 -657726
148062 714786 911170 873423
-370677 286585 -144916 -699360
-372687 -930972 558919 -85477
936221 573703 -472416 647526
-893614 305063 300063 -691226
-131482 307133 -813593 672761
-880816 728864 -123318 59812
-592176 -764994 -493467 -806079
-877609 -749359 452852 -608168
263426 -414889 587808 -530196
-187950 758705 -357098 -232711
950548 -607002 43338 381688
564603 372533 492625 789816
936682 468048 989952 -940693
-645276 -702803 810927 197001
854506 -446111 -13265 -233318
870361 -964850 -898041 -203810
-521957 -584399 -243794 -836199
-376538 -404124 975212 -430863
633240 -336927 -530321 792085
-522859 -623309 -250265 495593
127363 -142040 91864 -68711
160596 -63559 -511059 761903
494419 63102 -138246 -970678
-59057 -692693 95860 587270
348371 -225571 -360921 95590
-898041 -203810 -910084 655098
664183 -654495 979947 192748
-729701 583972 559538 -294998
218065 -671623 -272389 -552012
-994458 126901 442629 -539365
785895 979987 924573 59214
-477838 -522720 578824 -786785
76652 841600 -855259 -260566
-883334 348438 977516 -22819
-464317 302278 -601214 -139867
688380 248325 109164 170330
-682571 -179659 -623015 -496877
-545795 615686 298718 -118274
904159 235475 710285 436717
958577 -474583 -382841 -872846
-534271 137111 892009 713199
-914452 -255800 -152965 188291
227939 833070 796227 565863
-321987 33522 24355 11058
194158 62376 937993 -783768
17121 833958 12371 962899
74086 354212 101688 874541
-500404 223743 -472676 484965
-394097 457948 121949 422391
-869425 -388140 823533 -890302
-925542 -274197 -267824 29719
981065 955662 941256 930548
574004 196588 -868791 477099
-445769 -38166 -803883 105195
-394296 -259858 -21138 11974
-712220 417946 -949309 815771
-292040 621970 -865968 -383163
116575 189726 -189555 -449097
-176076 607204 -379036 -523393
901715 -958296 417279 485557
-250265 495593 470760 -848506
280453 275391 -355772 810131
-750970 -17148 -712799 -173198
-915424 285321 -479030 540798
-781384 -957412 505232 367578
-924947 420107 -143586 -39439
399063 -760297 320274 -17872
-620474 401920 -232566 93380
-950791 582028 828251 -857897
-225324 377665 -706091 343964
142357 339940 -206487 -521288
-739716 -10858 459738 953688
-328673 -371047 -504267 465217
-901972 -39385 426096 -70530
-319445 -95347 265254 282330
923924 -944600 -739716 -10858
-590693 -912918 -806308 -916596
211852 -701170 -443333 -174893
-500121 782162 -316205 280500
474687 -937544 105293 685942
238413 -764838 625245 -152556
-775515 -120210 916844 -870250
107416 -808968 -962511 528696
-165877 -187870 -415621 659989
-443333 -174893 162265 581809
153252 167147 -984997 903345
-373901 -895776 310905 -356383
61454 -619049 -808706 -244473
604571 -39099 545769 -610030
265156 -348506 -388641 -827065
164389 711009 194853 -441714
212592 -702350 -904074 -559688
-123887 124784 785129 311880
-396408 811677 255613 168586
-7730 -723638 -828315 -123886
384099 -45789 -925244 -21731
803181 -520788 -526183 772478
-153852 700865 -608474 -709216
-746671 677053 -304028 -150793
496852 767146 -940068 -749948
-952846 513028 826585 -504495
888838 -424120 -402894 475042
12371 962899 877200 -529039
-7007 -832027 54550 482987
-700663 -945407 734246 -732388
370672 -639227 319195 271142
-317533 -642980 -969442 -863128
-52472 896682 371126 514735
610822 502102 -706002 -904984
127387 728676 -496411 -927450
-244883 755272 -699629 -348465
777834 908487 -33748 -386516
-784582 -255627 -388409 -530675
-143586 -39439 479032 341452
-378073 316962 -603319 601558
-358785 -689538 -642701 -903309
308666 784243 -214634 -122035
-762921 693212 811133 93650
299971 -390841 -212094 -953316
-638909 141488 -583270 740241
101688 874541 330289 -115523
-884910 -546535 -952505 664380
-360921 95590 -647657 15850
779180 962845 -714512 347530
860739 527277 -709727 95360
-932159 -807400 -155635 888173
917668 -560113 -701158 572428
-379036 -523393 539508 -351908
25160 140022 -799672 -727185
-851905 -732523 62805 761044
-936108 -197255 -897620 -681102
-818453 -221864 -341816 -757808
-30760 -898413 263426 -414889
144988 -162190 985806 -203445
-734085 -68916 413652 -385727
-749856 -270396 936682 468048
611475 -80375 107416 -808968
-952505 664380 -480763 -623329
904774 46427 -474333 588861
-214881 -314204 -259278 -49288
278025 850201 137317 -617326
-951112 773789 -497817 310184
-253462 -206952 -244249 689730
12200 -725956 -469696 102683
-924749 -715651 312549 -319566
20137 395626 -713409 -77790
523117 -619361 -428607 546916
-570332 -700193 -914452 -255800
-260132 -70376 543254 -307804
581640 -493549 575810 977964
218923 513290 742079 411689
-431071 -660334 -598342 -464191
740559 -357349 -484856 -924572
851536 564125 164389 711009
465763 450033 238413 -764838
-918521 157433 -846650 -637739
869463 -752387 276392 574844
-588330 404863 -121367 -667714
819967 154482 -140522 -304130
44927 -317361 106980 -800066
-987460 -616978 -649122 817071
-600927 -104701 -326691 -505193
-998063 -415602 -260471 -270324
370111 843577 -353439 -42382
32300 562545 -920476 -23897
-459716 -128703 326743 -937133
746777 554656 958152 -541587
-589523 742926 -645296 -163722
-645296 -163722 -337912 -902664
223587 -43942 -802085 52799
-706002 -904984 -174058 -726472
192252 -951440 -785324 -881187
455941 -268179 -445769 -38166
162265 581809 998350 218701
-214212 -700964 74086 354212
-514729 -783511 196045 -212181
-966567 515860 582059 313650
322004 184969 -370677 286585
-904833 -322289 917694 -531596
654771 -704337 -75666 578233
339414 -554668 610822 502102
-742249 994532 279656 808252
-573742 197512 -378146 722782
823533 -890302 -38235 -316062
-859643 748219 795822 897851
982964 960473 -664269 177783
-74119 -372527 392320 -638325
-812210 -907553 918501 669046
225336 -228843 20137 395626
215818 -195027 664183 -654495
-557410 -559664 388112 -236998
-124087 594715 -710358 964709
826264 93797 922871 333085
826585 -504495 -218814 180559
-665437 -383415 -936108 -197255
-231514 -951291 -123887 124784
659112 -49101 275550 -960118
-144916 -699360 -187950 758705
-476834 770985 991803 -569881
812607 503199 160596 -63559
899250 793840 -968531 722589
410512 246723 533272 784587
722580 -245875 229 954613
-399764 233801 322004 184969
479032 341452 793746 128024
924573 59214 -803006 151368
-196081 -790698 -401037 595749
595975 184574 -788788 493456
-633915 -7356 -712497 477337
-218814 180559 -14910 474300
-886651 343646 -146740 -731519
405359 203155 499532 3293
852933 -762461 -237987 433483
7219 567609 -908252 429365
-77955 794740 961762 405086
-683388 191416 496852 767146
-187793 -338510 -568332 -657213
-322923 859149 -71541 -690683
-71541 -690683 46660 42283
-601214 -139867 -396408 811677
895059 531586 -925542 -274197
-784608 816250 669912 -332822
344180 992177 -545795 615686
693984 -429640 282799 682184
81270 98997 -293753 -743475
322871 -659620 -521957 -584399
-865968 -383163 852933 -762461
-245768 -386955 384099 -45789
-584781 478907 -152099 -714640
948182 6252 -420976 -426335
664136 766953 -382748 -713297
-268887 -827678 -501596 -788732
-479607 851489 -750970 -17148
535028 -104425 -741437 -25685
117978 -205759 830712 -481691
220205 -401224 774707 -524534
50716 -89970 479648 152200
-530321 792085 693005 547012
-182874 -956296 -398794 -147874
112021 135669 -932159 -807400
-402894 475042 -74222 -774881
-130068 -500330 -325534 774375
-799062 821437 707590 -564253
310253 261583 361309 791499
146897 132080 698615 -183224
184042 -755947 -514729 -783511
334411 -719348 930252 -370640
442258 -671799 -394296 -259858
58293 677564 -444609 -518471
369072 -259311 934939 947697
-925244 -21731 82020 550588
213404 -637068 567196 719577
104166 104995 427922 782711
617871 -74802 478608 -674777
576992 586497 -717573 -691303
-293753 -743475 -582058 -520894
922871 333085 -611226 609812
-818039 -572681 -432067 493904
276435 -636072 -415562 -193270
109164 170330 -72693 882174
707590 -564253 -892535 431613
-110307 -607686 835421 -817053
-832434 -206271 -484306 894667
673939 -88984 -263633 823460
598030 -586246 -451006 -303201
-346715 -321457 -776736 922380
-252889 -561327 -499890 768143
937993 -783768 199225 -544662
-828315 -123886 491927 -167608
302392 -108102 -418915 107145
265254 282330 -682571 -179659
-857961 12804 688380 248325
-382766 -774763 -620636 377044
187243 -60884 299298 881712
-239513 -452898 268216 532484
-181174 59530 -512931 -382014
721129 -143720 944972 -605205
476770 371142 339414 -554668
448749 -110109 -100443 -18209
-258961 -748799 -239513 -452898
516072 -567318 -391764 665370
-996332 -781579 -87302 -877161
-16042 601191 -901405 -417542
-657131 -306171 -196281 994628
514925 824178 -426552 289671
320274 -17872 915848 -295672
31346 -249436 -783825 -815163
-855259 -260566 -139015 -454203
-434340 782439 -451272 -854527
79486 124177 -216064 526273
-153391 -887355 -488302 558146
-266170 166720 300113 935978
742079 411689 572689 347629
754763 -818127 -787449 591697
-706091 343964 827154 859790
326743 -937133 -964689 163517
-640741 -203690 520915 -674924
600287 486429 501494 10967
964032 -293835 -904833 -322289
-123580 436061 29234 323674
464080 437598 -928816 -955508
242647 382946 812607 503199
-918529 -652649 -600927 -104701
451967 637588 -190617 905987
-237987 433483 -782726 943302
-649218 -753845 530917 210132
-521574 900722 585098 72764
-214634 -122035 994952 647614
-424142 52067 -153391 -887355
-4589 312509 -769698 497072
251137 827537 -922695 -507954
946636 455587 -373559 -941105
543254 -307804 -960628 161604
-613716 519777 -214212 -700964
-38235 -316062 767046 -516901
-842047 908495 -726650 771827
-152965 188291 -511764 739560
-775393 -983013 -131482 307133
585098 72764 -873788 -735917
-469696 102683 -16042 601191
-112055 -889469 -992535 71703
217142 509696 522612 -721642
982606 488539 -484671 499855
194973 458257 953515 50284
-114820 -551018 681069 939163
-825753 34969 -346251 -328505
29234 323674 614146 -15264
850647 -835752 610164 172675
120984 563946 -187793 -338510
-128900 431429 309838 -666711
935318 -710635 399063 -760297
-785324 -881187 132109 933374
78205 593505 741607 561377
279656 808252 -925772 -597640
-67775 -489168 -479607 851489
-171534 -153775 811035 -565683
851894 163710 -649218 -753845
-583479 -917443 16487 846159
-771225 170744 624471 -499190
592276 211351 -619952 745222
-555735 -193411 595975 184574
710285 436717 -418316 412938
194853 -441714 818154 747920
-945700 534687 -996063 -379004
-391764 665370 -620487 -564932
-267824 29719 515169 25222
-649122 817071 576992 586497
7784 203064 995483 609524
-48630 -979048 409556 553860
831271 422521 343040 -372048
-873788 -735917 523914 656240
-496411 -927450 300929 -725894
975212 -430863 -224315 251230
-710358 964709 -583510 169458
349321 -748657 238810 -280572
961762 405086 850785 596925
-713409 -77790 581640 -493549
-694275 -152854 686316 914026
930252 -370640 789669 -632274
-969442 -863128 754763 -818127
540262 347108 -399764 233801
275797 -6 146897 132080
491229 -217177 -989714 999334
582059 313650 -181174 59530
121949 422391 950548 -607002
300113 935978 615742 -452801
810927 197001 -570332 -700193
-196281 994628 -297813 268670
321057 -297751 -133346 -799472
-603319 601558 730548 775388
-474278 783184 379851 396127
24355 11058 399756 -78351
-943229 -649430 -841339 809881
-373559 -941105 -530805 708053
-304028 -150793 24616 659481
-75666 578233 -972454 11078
-846650 -637739 935318 -710635
830990 -828491 -492674 429961
307981 725752 604571 -39099
492007 352431 -633915 -7356
998350 218701 -589523 742926
686316 914026 905992 505270
991803 -569881 -784582 -255627
811035 -565683 -67775 -489168
-21309 -417570 491229 -217177
-219121 -103118 -251352 -368349
-361101 -456215 632838 -393455
841033 -928351 494419 63102
565546 -954221 -883677 -645132
-868098 118528 -916270 -615053
183978 675772 244129 402436
51135 -259066 740559 -357349
-454304 383636 148062 714786
530245 333679 -65687 958913
-15687 943571 278025 850201
82020 550588 -35074 -815084
-335216 109102 -222233 -528386
-207756 301167 -319445 -95347
-74222 -774881 211852 -701170
627675 845691 455941 -268179
101227 75512 -945700 534687
-601150 706029 449291 914421
-287772 -959152 383441 -740492
-374727 281693 454413 672972
-968531 722589 307981 725752
-867955 -465920 552884 29869
432760 814068 904774 46427
567196 719577 -30760 -898413
734246 -732388 45666 523162
-709727 95360 -347256 -605299
175410 -679750 -881524 -662379
-242869 -724054 330241 -692965
-386285 -681260 -734085 -68916
303168 599499 592276 211351
659104 47292 472333 -158944
166827 -288906 -665437 -383415
-833791 105925 -358785 -689538
-432067 493904 -883334 348438
-392886 789472 -394263 744003
54115 660196 -464317 302278
76425 356075 -728246 49762
-326691 -505193 -254627 -507570
-366227 -347824 -762921 693212
-892587 330381 -509411 -6610
615742 -452801 -609842 653149
342525 -762896 -242869 -724054
464503 -70493 -124087 594715
-484856 -924572 -317533 -642980
-787449 591697 746777 554656
373048 -556460 -733626 -519699
553704 316909 626493 643019
-203476 -649486 516072 -567318
-14910 474300 127387 728676
509613 106982 -766359 539829
240243 850878 -366881 -15227
557454 -572707 944445 -184688
-583270 740241 259606 -703928
-450983 531698 387107 645835
62805 761044 -825753 34969
481302 674891 942171 82401
-531874 -442912 611475 -80375
336074 -240897 721129 -143720
-852523 -854213 58561 403870
-235966 843408 787930 -1114
-332211 329294 303168 599499
-504864 -723373 -846680 565016
345604 -297311 -296278 -894837
249228 686115 627675 845691
-938788 488149 47854 321529
600923 -547793 453357 -574434
396798 788808 -802891 744295
-701922 -891685 779180 962845
-232566 93380 826977 634852
-686766 757351 -860269 -508421
58561 403870 8012 88573
-35679 -272853 225336 -228843
905992 505270 50716 -89970
-696453 693603 -852523 -854213
767046 -516901 -771225 170744
-65005 -118525 464503 -70493
508062 -831645 509613 106982
4010 140283 -873987 -517481
693005 547012 -996332 -781579
330241 -692965 -225324 377665
137317 -617326 308666 784243
927621 -16469 -857961 12804
453357 -574434 -53093 -319926
917694 -531596 555228 -326660
-472676 484965 -160885 986022
-258361 161015 499536 718245
546755 -327864 831271 422521
-450961 -123820 -123580 436061
729087 -29159 218923 513290
624471 -499190 851894 163710
-819992 154123 613488 -640245
-949309 815771 -394097 457948
938370 -824527 241323 24039
268216 532484 -695525 -158868
57203 22566 -382971 729957
-51095 479123 358066 913261
362640 554128 -62029 -787609
-254627 -507570 -500404 223743
-343874 816231 -496091 -357902
19641 148480 200276 436829
-553001 257180 -588330 404863
217139 254779 54115 660196
933507 383067 464080 437598
-915108 41273 -258961 -748799
91864 -68711 -629189 -837968
309838 -666711 -321779 364617
-89383 179587 -273139 -319605
800203 -682145 -868976 -538527
-316205 280500 484037 -186196
-920476 -23897 950738 307148
-901405 -417542 -522859 -623309
259606 -703928 884068 374872
-311676 250823 -604641 -582605
134129 659612 -213512 94476
-384654 613544 -573887 461197
892009 713199 706899 -73212
-53093 -319926 523117 -619361
-573887 461197 148618 -843502
830712 -481691 809584 212452
-296278 -894837 -151207 915042
-263633 823460 -196081 -790698
46660 42283 -521574 900722
-388026 765755 569248 -101936
417279 485557 705813 -322680
-801435 -94309 7219 567609
-401468 148015 -932975 -147656
-165677 815781 -123882 -186306
-910084 655098 704539 969967
-868791 477099 -125002 258092
6 669215 -405522 -988710
-712799 -173198 -700650 -983869
796227 565863 517709 -995847
423428 -339554 936221 573703
980301 -641892 342525 -762896
424475 -624814 333134 833020
-336139 -804799 330808 160120
-964689 163517 484574 763903
275550 -960118 -601150 706029
328169 -769130 -557410 -559664
43338 381688 -892587 330381
828251 -857897 -332211 329294
74653 633576 -114820 -551018
-271291 -322250 32300 562545
406717 -680741 275797 -6
809584 212452 370672 -639227
-341816 -757808 -621010 -55549
884068 374872 -35466 -855430
-508839 483794 731062 487
704539 969967 -520731 825796
731062 487 -640741 -203690
-121367 -667714 -873592 -937422
-87302 -877161 824427 -699152
244129 402436 -450983 531698
986666 94362 420940 752527
-526183 772478 -869425 -388140
713819 900996 -784464 -954654
459738 953688 849253 -621684
545769 -610030 893311 231965
409556 553860 -832434 -206271
-566047 -14007 654771 -704337
989952 -940693 -819992 154123
918357 -999088 -744278 -825107
227820 82739 888838 -424120
279139 -708012 -979041 606252
-133346 -799472 -508839 483794
704045 425163 -268887 -827678
-873592 -937422 691403 -851393
-717573 -691303 -338763 -3666
385325 707074 664136 766953
-451006 -303201 194973 458257
-398794 -147874 366736 -603775
-82825 -641556 565546 -954221
808234 644778 -336139 -804799
695823 -633181 134129 659612
587942 261577 -99803 -561236
-728246 49762 -384654 613544
241323 24039 424475 -624814
979947 192748 249228 686115
-923726 -306064 782101 -340112
-511059 761903 -880816 728864
-155635 888173 495808 465492
472333 -158944 657164 459582
-984739 -649261 -918529 -652649
-388409 -530675 -474278 783184
107951 41507 529249 -10972
-382841 -872846 -900225 -799284
452852 -608168 -781384 -957412
-364853 283329 605447 -900103
-444609 -518471 472564 350911
-492674 429961 633240 -336927
-733626 -519699 -794321 763235
-806440 -199727 -479287 137651
298718 -118274 -574382 66838
-13265 -233318 -915424 285321
-325534 774375 -638909 141488
-719247 773151 -915108 41273
958152 -541587 902637 21347
-160885 986022 -145975 539812
282799 682184 -553001 257180
552884 29869 -182874 -956296
-67430 514835 373048 -556460
953515 50284 841033 -928351
-989714 999334 322871 -659620
-312642 535356 -459716 -128703
-86677 136566 694475 662952
408154 265943 -893614 305063
-550524 -152444 492007 352431
-101123 510304 558541 -210334
501494 10967 -199002 303956
-62029 -787609 -427740 -801193
974172 -324148 -749856 -270396
691403 -851393 -388341 258242
-29196 344617 729087 -29159
423121 -124065 554286 639204
828141 -627636 183978 675772
-806308 -916596 -581591 360882
298125 753504 598030 -586246
415725 -158976 -613716 519777
944445 -184688 -870636 -327369
938707 175225 87473 260622
300063 -691226 -745943 -114029
455936 -536695 227820 82739
-512931 -382014 -461527 -472948
-369728 -64699 144988 -162190
-451272 -854527 370111 843577
-145975 539812 557454 -572707
-581591 360882 -584781 478907
-868976 -538527 408154 265943
470760 -848506 413834 -722953
-418316 412938 -597539 -876672
276392 574844 901715 -958296
-100443 -18209 276692 -211068
-496091 -357902 819967 154482
196045 -212181 -598894 932292
-726650 771827 -473356 901866
-509411 -6610 76652 841600
995483 609524 3718 -298152
515169 25222 455936 -536695
-259278 -49288 585948 468434
-189555 -449097 -534271 137111
47854 321529 964032 -293835
-702807 -94978 -918521 157433
-413875 -187272 155809 212820
-353439 -42382 -801435 -94309
578824 -786785 -683388 191416
-609842 653149 -67430 514835
449291 914421 852938 -241864
-474333 588861 -366227 -347824
96547 601350 902770 -114050
-897620 -681102 -137252 -431045
523914 656240 535028 -104425
-292513 -482740 348371 -225571
343040 -372048 350946 -912750
-91647 -818634 153252 167147
213901 -335515 -15687 943571
849253 -621684 982606 488539
605447 -900103 -231514 -951291
-574382 66838 933507 383067
51920 268977 104166 104995
366736 -603775 -203476 -649486
-270634 -469308 -630520 -37098
851870 143345 96547 601350
54550 482987 166827 -288906
-472711 -645805 -799062 821437
484574 763903 869463 -752387
-501596 -788732 -843068 576851
-137252 -431045 116575 189726
290001 243959 -842047 908495
918501 669046 -292513 -482740
-620636 377044 -335216 109102
-803883 105195 6 669215
-347256 -605299 12200 -725956
321809 834844 -128900 431429
-479030 540798 -998063 -415602
-916270 -615053 17318 -224584
774707 -524534 -784608 816250
24616 659481 49036 -794833
-873987 -517481 290351 -405094
105293 685942 355290 -750822
-224315 251230 57203 22566
-568332 -657213 451967 637588
300929 -725894 617871 -74802
520915 -674924 927621 -16469
972639 -657726 -266170 166720
529249 -10972 486248 -769852
486248 -769852 -287772 -959152
472564 350911 830990 -828491
-619952 745222 410512 246723
964626 267474 4010 140283
911170 873423 -504864 -723373
-629189 -837968 -48630 -979048
-126578 397864 -245768 -386955
517709 -995847 51920 268977
793746 128024 276792 869748
-585707 -70644 349321 -748657
768344 -592382 -472711 -645805
-213512 94476 964626 267474
-21138 11974 754599 -677038
74189 -870170 -775515 -120210
-530805 708053 -984337 -706548
585948 468434 336074 -240897
-783825 -815163 677109 -332635
350946 -912750 958577 -474583
358066 913261 192252 -951440
706899 -73212 695823 -633181
730548 775388 -952846 513028
-802085 52799 -431071 -660334
657164 459582 74653 633576
491927 -167608 399025 -100852
262289 -233532 540262 347108
-321779 364617 192974 -401223
-992535 71703 -877609 -749359
-860269 -508421 -566047 -14007
-388341 258242 810391 -376209
-281526 447817 854506 -446111
-984997 903345 -312642 535356
754599 -677038 -109790 121688
-243794 -836199 -812210 -907553
238810 -280572 850647 -835752
902637 21347 -987460 -616978
-642849 856642 -833791 105925
-743243 296183 385325 707074
495808 465492 -746671 677053
782101 -340112 321809 834844
505232 367578 -701922 -891685
787930 -1114 923924 -944600
-480763 -623329 76425 356075
-664269 177783 19641 148480
-520731 825796 175410 -679750
-497817 310184 673939 -88984
-68280 -465225 679007 -653011
835421 -817053 -742249 994532
-190617 905987 -378073 316962
355290 -750822 -153852 700865
941256 930548 -381773 -274584
778146 797868 187243 -60884
-297813 268670 852183 -682233
-125002 258092 -585707 -70644
-984337 -706548 -454304 383636
200276 436829 478211 99726
-940608 -485193 -68280 -465225
95860 587270 112021 135669
-338763 -3666 704045 425163
-654807 -726645 279139 -708012
951091 386244 -714420 -146613
-647657 15850 600923 -547793
893311 231965 948182 6252
-776736 922380 -62401 363045
399025 -100852 649674 -39857
-922695 -507954 -59057 -692693
-604641 -582605 -719247 773151
-260471 -270324 194158 62376
-109790 121688 215818 -195027
-415562 -193270 -627862 962521
290351 -405094 981065 955662
387107 645835 74189 -870170
319195 271142 -214881 -314204
-932975 -147656 775077 -465910
-621010 -55549 -298865 -381360
-701158 572428 61454 -619049
87473 260622 280453 275391
-596491 -670255 -354487 905484
312549 -319566 -401468 148015
388112 -236998 659104 47292
426096 -70530 -889398 -719910
915848 -295672 262289 -233532
229 954613 617361 -147357
530917 210132 -382766 -774763
-357098 -232711 7784 203064
630356 605630 -219121 -103118
852938 -241864 -322923 859149
-346251 -328505 -369728 -64699
-479287 137651 -923726 -306064
-298865 -381360 423428 -339554
131555 -228819 218065 -671623
587808 -530196 344180 992177
-388641 -827065 895059 531586
479648 152200 -281526 447817
994952 647614 476770 371142
-123318 59812 -388026 765755
-782726 943302 -874742 -502039
558919 -85477 982964 960473
-928816 -955508 -886651 343646
687372 600212 -450961 -123820
420940 752527 -696453 693603
950738 307148 17121 833958
-874742 -502039 -129502 -14534
310905 -356383 -645276 -702803
430799 552300 -689604 -514383
-65687 958913 -373901 -895776
379851 396127 -130068 -500330
-598342 -464191 442258 -671799
-426552 289671 693984 -429640
-418915 107145 251137 827537
-883677 -645132 -583479 -917443
-769698 497072 -364853 283329
944972 -605205 974172 -324148
-732676 -417471 227939 833070
908045 -1244 -966567 515860
-35074 -815084 -35679 -272853
-484671 499855 870361 -964850
572689 347629 938370 -824527
741607 561377 -696770 -142177
-960628 161604 25160 140022
276692 -211068 574004 196588
679007 -653011 207647 -767062
427922 782711 -743243 296183
-700650 -983869 213901 -335515
114542 417878 645127 937696
106980 -800066 -775393 -983013
399756 -78351 -311676 250823
-420976 -426335 298125 753504
-391019 -203702 290001 243959
823957 -820237 -86677 136566
-484306 894667 986666 94362
-140522 -304130 -984739 -649261
375143 593983 800203 -682145
8012 88573 51135 -259066
-766359 539829 -311455 287233
484037 -186196 -851905 -732523
192974 -401223 -951112 773789
207647 -767062 -924947 420107
649674 -39857 220205 -401224
-152099 -714640 120984 563946
626493 643019 430799 552300
-415621 659989 101227 75512
-799672 -727185 -531874 -442912
478608 -674777 -392886 789472
-841339 809881 -361101 -456215
-216064 526273 369072 -259311
-802891 744295 -500121 782162
789669 -632274 -413875 -187272
-99803 -561236 -260132 -70376
-321731 869896 223587 -43942
-428607 546916 -657131 -306171
-199002 303956 659112 -49101
-260173 -153273 -930793 913847
-714420 -146613 -89383 179587
850785 596925 687372 600212
590094 -701072 918357 -999088
-427740 -801193 -924749 -715651
-699629 -348465 265156 -348506
132109 933374 -573390 869145
-620487 -564932 -818453 -221864
-803006 151368 -868098 118528
361309 791499 -343874 816231
-139015 -454203 -940608 -485193
-413718 -43395 -65005 -118525
330808 160120 432760 814068
-979041 606252 -165877 -187870
-381773 -274584 878469 449005
-702384 16859 -642849 856642
-212094 -953316 242647 382946
878469 449005 823957 -820237
255613 168586 -260173 -153273
775077 -465910 955607 34557
-582058 -520894 107951 41507
392320 -638325 546755 -327864
-889398 -719910 -346715 -321457
-222233 -528386 -753193 -397288
795822 897851 946636 455587
-337912 -902664 587942 261577
681069 939163 184042 -755947
826977 634852 474687 -937544
351320 212098 -592176 -764994
-473356 901866 362640 554128
276792 869748 -550524 -152444
852183 -682233 -374727 281693
492625 789816 -434340 782439
478211 99726 553704 316909
614146 -15264 785895 979987
-504267 465217 -867955 -465920
383441 -740492 -270634 -469308
-188048 -389195 713819 900996
-712497 477337 321057 -297751
-354487 905484 -901972 -39385
-272389 -552012 803181 -520788
199225 -544662 -165677 815781
-62401 363045 -994458 126901
-206487 -521288 217142 509696
645127 937696 -51095 479123
499536 718245 -938788 488149
942232 -711131 114542 417878
-461527 -472948 -552302 170732
-996063 -379004 -77955 794740
-151207 915042 131555 -228819
-930793 913847 -4589 312509
-598894 932292 481302 674891
-394263 744003 -171534 -153775
569248 -101936 -694275 -152854
299298 881712 -475798 -631119
934939 947697 -74119 -372527
-597539 -876672 -207756 301167
333134 833020 -950791 582028
698615 -183224 310253 261583
710459 -570539 980301 -641892
-630520 -37098 238570 -878068
-813593 672761 -424142 52067
-493467 -806079 938707 175225
-146740 -731519 600287 486429
123902 -82622 -712220 417946
977516 -22819 423121 -124065
-72693 882174 465763 450033
