100
891391 70586 897090 -582194
-467111 232578 -273350 -315222
464594 409314 -463331 -90970
-748175 -906350 216180 662382
284879 960270 -943344 875016
-842654 -443835 -900517 798706
849215 584374 -692319 60945
767247 -507754 329510 -921767
-601429 -161901 400639 -767474
-676291 396369 -467111 232578
-571685 -427058 -307832 563796
967637 -685798 -775073 -481503
664814 129321 636505 -965434
757307 -822229 284879 960270
216180 662382 -916113 213909
-529856 -190054 967637 -685798
230369 -214109 -282381 430448
-532606 -267374 -177109 24964
6263 -977979 470686 -267279
-730040 -641657 -877937 232723
-900517 798706 -532606 -267374
-877937 232723 18705 -601454
215729 995057 -571685 -427058
329510 -921767 -553389 -580113
628820 -933029 870475 -791824
308506 853603 -100689 411856
956017 794405 464594 409314
-53121 -586699 -140592 121642
93914 725407 -443612 -754879
870475 -791824 -903015 935845
660312 304174 628820 -933029
839743 430721 891391 70586
142455 800546 935738 906155
829181 957994 664814 129321
-443612 -754879 -899255 92847
-916113 213909 -90086 932130
112628 267492 383741 767357
-266429 569895 -676291 396369
-943344 875016 -8809 -36985
-733802 -273665 44161 858023
423512 241903 -364783 -945298
-406797 544295 -100501 -914422
-978448 -386042 -529856 -190054
-273350 -315222 230369 -214109
883515 763335 463608 232108
-787163 -80019 -748175 -906350
-659497 -297313 -72586 150139
-463331 -90970 829181 957994
-100501 -914422 142455 800546
-840891 -995105 366140 481775
-987161 103332 6263 -977979
-547144 327318 -854608 418773
853920 19235 423512 241903
706415 701194 308506 853603
470686 -267279 -53121 -586699
-692319 60945 -842654 -443835
-364783 -945298 112628 267492
-553389 -580113 849215 584374
-841531 -363872 757307 -822229
463608 232108 291725 -797579
588542 253280 -796195 -205666
906334 -130869 660312 304174
423790 461251 -547144 327318
291725 -797579 -931789 -405204
44161 858023 423790 461251
-90086 932130 -681376 685262
-775073 -481503 883515 763335
366140 481775 -660775 -287416
532527 -424512 158214 959803
-854608 418773 -787163 -80019
-8809 -36985 956017 794405
383741 767357 -406797 544295
-100689 411856 -942587 -639423
897090 -582194 -733802 -273665
636505 -965434 180221 -365859
-931789 -405204 853920 19235
-177109 24964 706415 701194
-140592 121642 767247 -507754
180221 -365859 146793 262465
146793 262465 -266429 569895
-899255 92847 -70349 775456
-307832 563796 906334 -130869
42493 223442 -28768 596231
-330868 -877675 532527 -424512
935738 906155 -785877 700039
-942587 -639423 -619620 898081
-282381 430448 600055 162961
-660775 -287416 -987161 103332
-70349 775456 -978448 -386042
-681376 685262 -840891 -995105
400639 -767474 93914 725407
-72586 150139 215729 995057
-903015 935845 839743 430721
-619620 898081 -730040 -641657
-785877 700039 42493 223442
158214 959803 -659497 -297313
18705 -601454 588542 253280
600055 162961 -601429 -161901
-796195 -205666 -841531 -363872
-28768 596231 -330868 -877675
