780
-962569 -916337 -168833 -345345
716661 -831791 -168833 -345345
-591030 -855834 -585737 -59160
-250756 -177152 198084 -207133
-293536 -633468 -168833 -345345
-117640 969322 102693 -214652
455654 236665 106855 -206030
497852 618115 591191 872540
757367 365736 591191 872540
198084 -207133 -640255 -894911
441194 -718674 -585737 -59160
757367 365736 712758 -798475
618929 -464724 -168833 -345345
-320980 -406953 -90412 -984882
757367 365736 106855 -206030
-842366 -868726 -585737 -59160
198084 -207133 -962569 -916337
-848654 -744351 925446 865406
-848654 -744351 -379407 -613062
-508727 -279622 925446 865406
-842366 -868726 -379407 -613062
-117640 969322 981933 59328
258892 109750 334922 -633340
5264 -168349 -89280 -568880
712758 -798475 -280221 -213024
-591030 -855834 -90412 -984882
839359 -686144 -90412 -984882
5264 -168349 -962569 -916337
869181 646519 258892 109750
27306 -197245 712758 -798475
-467603 -662337 618929 -464724
455654 236665 -591030 -855834
869181 646519 -379407 -613062
441194 -718674 334922 -633340
198084 -207133 27306 -197245
-250756 -177152 925446 865406
757367 365736 -320980 -406953
716661 -831791 -513971 283408
455654 236665 -280221 -213024
-842366 -868726 869181 646519
334922 -633340 -280221 -213024
591191 872540 981933 59328
-842366 -868726 839359 -686144
5264 -168349 591191 872540
-250756 -177152 -585737 -59160
712758 -798475 -513971 283408
869181 646519 618929 -464724
-842366 -868726 -413630 53895
497852 618115 -90412 -984882
-842366 -868726 258892 109750
-293536 -633468 -89280 -568880
757367 365736 -250756 -177152
497852 618115 839359 -686144
591191 872540 -250756 -177152
757367 365736 -379407 -613062
925446 865406 -168833 -345345
497852 618115 -848654 -744351
-598079 -157739 -513971 283408
-467603 -662337 -89280 -568880
-293536 -633468 869181 646519
591191 872540 -962569 -916337
-90412 -984882 925446 865406
-467603 -662337 -250756 -177152
455654 236665 -513971 283408
-467603 -662337 -168833 -345345
-413630 53895 618929 -464724
-585737 -59160 716661 -831791
981933 59328 -513971 283408
198084 -207133 -168833 -345345
198084 -207133 -513971 283408
-467603 -662337 716661 -831791
839359 -686144 618929 -464724
981933 59328 -378183 -21883
-293536 -633468 -842366 -868726
-848654 -744351 591191 872540
-89280 -568880 -280221 -213024
-598079 -157739 106855 -206030
5264 -168349 -320980 -406953
27306 -197245 -320980 -406953
-598079 -157739 -320980 -406953
757367 365736 -117640 969322
839359 -686144 -378183 -21883
-413630 53895 334922 -633340
-585737 -59160 -378183 -21883
334922 -633340 -378183 -21883
-293536 -633468 334922 -633340
-640255 -894911 -90412 -984882
591191 872540 -90412 -984882
455654 236665 -250756 -177152
-117640 969322 -598079 -157739
981933 59328 102693 -214652
-250756 -177152 -513971 283408
-320980 -406953 -168833 -345345
-962569 -916337 618929 -464724
-467603 -662337 839359 -686144
-508727 -279622 839359 -686144
-413630 53895 198084 -207133
869181 646519 -280221 -213024
198084 -207133 106855 -206030
258892 109750 -962569 -916337
-378183 -21883 -280221 -213024
-413630 53895 -250756 -177152
-117640 969322 618929 -464724
591191 872540 -89280 -568880
106855 -206030 716661 -831791
-413630 53895 -962569 -916337
-598079 -157739 441194 -718674
102693 -214652 258892 109750
-848654 -744351 981933 59328
258892 109750 -378183 -21883
869181 646519 -640255 -894911
27306 -197245 -90412 -984882
-293536 -633468 618929 -464724
-293536 -633468 981933 59328
869181 646519 106855 -206030
-293536 -633468 497852 618115
-508727 -279622 -379407 -613062
-848654 -744351 102693 -214652
-585737 -59160 712758 -798475
-585737 -59160 106855 -206030
-598079 -157739 -848654 -744351
869181 646519 441194 -718674
-591030 -855834 334922 -633340
-89280 -568880 925446 865406
-378183 -21883 -513971 283408
869181 646519 -467603 -662337
-508727 -279622 -293536 -633468
-90412 -984882 716661 -831791
-842366 -868726 925446 865406
-598079 -157739 839359 -686144
455654 236665 839359 -686144
-467603 -662337 -585737 -59160
497852 618115 712758 -798475
-117640 969322 -250756 -177152
334922 -633340 925446 865406
-848654 -744351 441194 -718674
869181 646519 198084 -207133
869181 646519 -585737 -59160
455654 236665 -467603 -662337
-379407 -613062 -513971 283408
-598079 -157739 618929 -464724
-591030 -855834 102693 -214652
-117640 969322 869181 646519
5264 -168349 -640255 -894911
869181 646519 -89280 -568880
-640255 -894911 -378183 -21883
-117640 969322 -467603 -662337
-848654 -744351 -378183 -21883
-413630 53895 258892 109750
591191 872540 334922 -633340
-842366 -868726 -90412 -984882
5264 -168349 -585737 -59160
-293536 -633468 -513971 283408
198084 -207133 981933 59328
27306 -197245 -513971 283408
-591030 -855834 -413630 53895
-598079 -157739 925446 865406
591191 872540 -378183 -21883
-508727 -279622 -90412 -984882
-508727 -279622 -413630 53895
497852 618115 -378183 -21883
-508727 -279622 712758 -798475
925446 865406 -513971 283408
5264 -168349 -379407 -613062
-293536 -633468 5264 -168349
5264 -168349 712758 -798475
-467603 -662337 -513971 283408
497852 618115 -413630 53895
-508727 -279622 27306 -197245
591191 872540 -168833 -345345
27306 -197245 716661 -831791
455654 236665 258892 109750
334922 -633340 716661 -831791
455654 236665 -962569 -916337
-320980 -406953 -513971 283408
-591030 -855834 -89280 -568880
-842366 -868726 981933 59328
716661 -831791 -379407 -613062
27306 -197245 334922 -633340
-591030 -855834 712758 -798475
441194 -718674 -640255 -894911
497852 618115 102693 -214652
497852 618115 198084 -207133
-320980 -406953 618929 -464724
102693 -214652 618929 -464724
-848654 -744351 869181 646519
-585737 -59160 925446 865406
869181 646519 716661 -831791
106855 -206030 -962569 -916337
441194 -718674 258892 109750
258892 109750 925446 865406
5264 -168349 -378183 -21883
441194 -718674 27306 -197245
-89280 -568880 -379407 -613062
-89280 -568880 106855 -206030
-848654 -744351 -90412 -984882
-293536 -633468 -848654 -744351
-598079 -157739 -378183 -21883
-117640 969322 198084 -207133
441194 -718674 -962569 -916337
-508727 -279622 -89280 -568880
-89280 -568880 -585737 -59160
712758 -798475 618929 -464724
102693 -214652 -90412 -984882
591191 872540 198084 -207133
-293536 -633468 -585737 -59160
-293536 -633468 441194 -718674
198084 -207133 -320980 -406953
-598079 -157739 -89280 -568880
-379407 -613062 925446 865406
198084 -207133 -90412 -984882
-598079 -157739 712758 -798475
839359 -686144 -379407 -613062
334922 -633340 -379407 -613062
198084 -207133 258892 109750
27306 -197245 -378183 -21883
-508727 -279622 -250756 -177152
-89280 -568880 -513971 283408
-413630 53895 981933 59328
-598079 -157739 27306 -197245
-117640 969322 -378183 -21883
-378183 -21883 925446 865406
-640255 -894911 -280221 -213024
-962569 -916337 -280221 -213024
455654 236665 -293536 -633468
-508727 -279622 869181 646519
-320980 -406953 -280221 -213024
-293536 -633468 -467603 -662337
757367 365736 334922 -633340
-117640 969322 -413630 53895
-413630 53895 -280221 -213024
102693 -214652 -378183 -21883
-962569 -916337 -513971 283408
102693 -214652 -280221 -213024
-413630 53895 27306 -197245
-293536 -633468 -413630 53895
839359 -686144 106855 -206030
-117640 969322 -320980 -406953
5264 -168349 258892 109750
-640255 -894911 618929 -464724
-598079 -157739 -168833 -345345
258892 109750 618929 -464724
-250756 -177152 -320980 -406953
981933 59328 -280221 -213024
497852 618115 618929 -464724
-508727 -279622 -378183 -21883
-591030 -855834 -640255 -894911
-89280 -568880 712758 -798475
-585737 -59160 -90412 -984882
258892 109750 -513971 283408
5264 -168349 716661 -831791
258892 109750 -168833 -345345
712758 -798475 -379407 -613062
455654 236665 981933 59328
757367 365736 -90412 -984882
27306 -197245 981933 59328
-413630 53895 -585737 -59160
-598079 -157739 102693 -214652
106855 -206030 -168833 -345345
441194 -718674 -467603 -662337
591191 872540 -320980 -406953
-413630 53895 -379407 -613062
981933 59328 106855 -206030
-117640 969322 497852 618115
-508727 -279622 -467603 -662337
497852 618115 -467603 -662337
-842366 -868726 102693 -214652
-842366 -868726 -513971 283408
-842366 -868726 334922 -633340
712758 -798475 925446 865406
455654 236665 -89280 -568880
258892 109750 -280221 -213024
-117640 969322 334922 -633340
-467603 -662337 27306 -197245
757367 365736 198084 -207133
497852 618115 -168833 -345345
441194 -718674 -320980 -406953
757367 365736 -598079 -157739
497852 618115 27306 -197245
-848654 -744351 618929 -464724
-598079 -157739 -585737 -59160
455654 236665 -640255 -894911
-585737 -59160 -280221 -213024
-379407 -613062 -168833 -345345
198084 -207133 716661 -831791
-508727 -279622 334922 -633340
-89280 -568880 -168833 -345345
-591030 -855834 716661 -831791
-89280 -568880 716661 -831791
-89280 -568880 258892 109750
-413630 53895 839359 -686144
-117640 969322 -842366 -868726
441194 -718674 839359 -686144
-508727 -279622 -513971 283408
869181 646519 -378183 -21883
5264 -168349 -591030 -855834
591191 872540 -379407 -613062
591191 872540 -513971 283408
497852 618115 869181 646519
-280221 -213024 618929 -464724
839359 -686144 -280221 -213024
839359 -686144 334922 -633340
334922 -633340 618929 -464724
-508727 -279622 441194 -718674
-250756 -177152 -89280 -568880
-598079 -157739 -591030 -855834
-598079 -157739 258892 109750
-467603 -662337 -90412 -984882
-467603 -662337 -640255 -894911
-591030 -855834 -513971 283408
-591030 -855834 981933 59328
-591030 -855834 839359 -686144
455654 236665 -585737 -59160
455654 236665 591191 872540
981933 59328 -90412 -984882
455654 236665 -598079 -157739
869181 646519 -513971 283408
-962569 -916337 712758 -798475
-250756 -177152 981933 59328
102693 -214652 -168833 -345345
-591030 -855834 -379407 -613062
-848654 -744351 716661 -831791
334922 -633340 -320980 -406953
102693 -214652 -962569 -916337
497852 618115 258892 109750
-413630 53895 -513971 283408
-293536 -633468 258892 109750
-598079 -157739 -379407 -613062
591191 872540 -585737 -59160
-90412 -984882 618929 -464724
-598079 -157739 869181 646519
-585737 -59160 -640255 -894911
-508727 -279622 716661 -831791
869181 646519 591191 872540
-320980 -406953 925446 865406
198084 -207133 102693 -214652
-117640 969322 -640255 -894911
-591030 -855834 618929 -464724
-467603 -662337 -378183 -21883
591191 872540 -591030 -855834
716661 -831791 -280221 -213024
441194 -718674 106855 -206030
839359 -686144 258892 109750
-962569 -916337 716661 -831791
757367 365736 839359 -686144
5264 -168349 441194 -718674
839359 -686144 -513971 283408
27306 -197245 -962569 -916337
455654 236665 -168833 -345345
-89280 -568880 -90412 -984882
-848654 -744351 -467603 -662337
102693 -214652 716661 -831791
-591030 -855834 -250756 -177152
441194 -718674 712758 -798475
441194 -718674 925446 865406
455654 236665 -842366 -868726
757367 365736 -280221 -213024
757367 365736 -591030 -855834
-848654 -744351 -962569 -916337
-598079 -157739 -280221 -213024
-598079 -157739 -293536 -633468
-842366 -868726 591191 872540
198084 -207133 -280221 -213024
497852 618115 5264 -168349
5264 -168349 198084 -207133
-467603 -662337 -591030 -855834
-250756 -177152 258892 109750
-508727 -279622 -585737 -59160
27306 -197245 -280221 -213024
-848654 -744351 -842366 -868726
757367 365736 258892 109750
497852 618115 716661 -831791
455654 236665 716661 -831791
441194 -718674 -280221 -213024
-467603 -662337 925446 865406
-250756 -177152 106855 -206030
757367 365736 441194 -718674
869181 646519 27306 -197245
258892 109750 716661 -831791
-591030 -855834 -320980 -406953
258892 109750 -320980 -406953
-508727 -279622 455654 236665
-585737 -59160 -320980 -406953
-848654 -744351 -250756 -177152
-293536 -633468 -640255 -894911
-250756 -177152 334922 -633340
497852 618115 925446 865406
-848654 -744351 -413630 53895
-508727 -279622 198084 -207133
712758 -798475 -168833 -345345
839359 -686144 27306 -197245
869181 646519 -90412 -984882
-250756 -177152 712758 -798475
-378183 -21883 -90412 -984882
981933 59328 -585737 -59160
-591030 -855834 -280221 -213024
-598079 -157739 716661 -831791
497852 618115 -842366 -868726
455654 236665 -117640 969322
-598079 -157739 -640255 -894911
757367 365736 618929 -464724
-293536 -633468 925446 865406
106855 -206030 -640255 -894911
-508727 -279622 -168833 -345345
-89280 -568880 102693 -214652
839359 -686144 981933 59328
-513971 283408 618929 -464724
198084 -207133 -379407 -613062
591191 872540 712758 -798475
981933 59328 258892 109750
-413630 53895 -378183 -21883
-962569 -916337 -379407 -613062
102693 -214652 -585737 -59160
5264 -168349 869181 646519
27306 -197245 -168833 -345345
-640255 -894911 716661 -831791
869181 646519 925446 865406
-413630 53895 712758 -798475
334922 -633340 -962569 -916337
839359 -686144 712758 -798475
869181 646519 -168833 -345345
-591030 -855834 27306 -197245
-842366 -868726 106855 -206030
455654 236665 -320980 -406953
869181 646519 102693 -214652
497852 618115 -250756 -177152
-508727 -279622 618929 -464724
-962569 -916337 -378183 -21883
-962569 -916337 925446 865406
455654 236665 618929 -464724
455654 236665 925446 865406
981933 59328 925446 865406
-508727 -279622 -848654 -744351
-585737 -59160 -513971 283408
869181 646519 -962569 -916337
-591030 -855834 -962569 -916337
869181 646519 -413630 53895
-591030 -855834 -378183 -21883
5264 -168349 839359 -686144
258892 109750 -90412 -984882
-848654 -744351 -640255 -894911
869181 646519 334922 -633340
-293536 -633468 -379407 -613062
5264 -168349 -90412 -984882
716661 -831791 712758 -798475
198084 -207133 334922 -633340
-89280 -568880 198084 -207133
441194 -718674 198084 -207133
-598079 -157739 5264 -168349
-508727 -279622 -320980 -406953
106855 -206030 -513971 283408
-320980 -406953 712758 -798475
-848654 -744351 258892 109750
455654 236665 -90412 -984882
-413630 53895 -320980 -406953
102693 -214652 106855 -206030
441194 -718674 -90412 -984882
757367 365736 -293536 -633468
-598079 -157739 -250756 -177152
455654 236665 102693 -214652
869181 646519 712758 -798475
5264 -168349 27306 -197245
-89280 -568880 334922 -633340
981933 59328 -640255 -894911
-508727 -279622 -842366 -868726
-320980 -406953 716661 -831791
-293536 -633468 -320980 -406953
-598079 -157739 981933 59328
-413630 53895 716661 -831791
-117640 969322 716661 -831791
757367 365736 102693 -214652
-293536 -633468 -90412 -984882
-90412 -984882 -513971 283408
-842366 -868726 -591030 -855834
27306 -197245 618929 -464724
5264 -168349 -513971 283408
-848654 -744351 -513971 283408
198084 -207133 925446 865406
27306 -197245 -379407 -613062
591191 872540 258892 109750
591191 872540 618929 -464724
-320980 -406953 -378183 -21883
497852 618115 -89280 -568880
5264 -168349 -467603 -662337
-842366 -868726 27306 -197245
839359 -686144 -640255 -894911
-598079 -157739 591191 872540
757367 365736 -962569 -916337
-378183 -21883 716661 -831791
591191 872540 27306 -197245
-117640 969322 -293536 -633468
334922 -633340 -90412 -984882
-117640 969322 -848654 -744351
-508727 -279622 -640255 -894911
839359 -686144 -962569 -916337
102693 -214652 -379407 -613062
5264 -168349 106855 -206030
497852 618115 -379407 -613062
455654 236665 334922 -633340
-848654 -744351 839359 -686144
869181 646519 -320980 -406953
497852 618115 441194 -718674
757367 365736 -848654 -744351
757367 365736 -168833 -345345
-467603 -662337 334922 -633340
-598079 -157739 -842366 -868726
455654 236665 869181 646519
757367 365736 869181 646519
-467603 -662337 258892 109750
-508727 -279622 591191 872540
-250756 -177152 27306 -197245
-250756 -177152 -379407 -613062
-842366 -868726 618929 -464724
-842366 -868726 716661 -831791
-250756 -177152 839359 -686144
-117640 969322 -513971 283408
-378183 -21883 712758 -798475
-842366 -868726 -168833 -345345
-842366 -868726 -320980 -406953
-117640 969322 -280221 -213024
-585737 -59160 -379407 -613062
981933 59328 712758 -798475
-640255 -894911 -379407 -613062
-508727 -279622 981933 59328
869181 646519 -591030 -855834
981933 59328 -320980 -406953
757367 365736 -467603 -662337
591191 872540 716661 -831791
839359 -686144 198084 -207133
-293536 -633468 27306 -197245
-591030 -855834 258892 109750
497852 618115 334922 -633340
-413630 53895 -640255 -894911
441194 -718674 618929 -464724
839359 -686144 -89280 -568880
591191 872540 925446 865406
757367 365736 5264 -168349
869181 646519 839359 -686144
-117640 969322 839359 -686144
27306 -197245 258892 109750
-89280 -568880 -320980 -406953
869181 646519 -250756 -177152
-467603 -662337 -320980 -406953
-508727 -279622 106855 -206030
-250756 -177152 -168833 -345345
497852 618115 -280221 -213024
334922 -633340 -585737 -59160
-280221 -213024 925446 865406
716661 -831791 925446 865406
497852 618115 -962569 -916337
455654 236665 -848654 -744351
925446 865406 618929 -464724
-848654 -744351 -320980 -406953
-508727 -279622 258892 109750
981933 59328 618929 -464724
-293536 -633468 591191 872540
-508727 -279622 757367 365736
-117640 969322 -168833 -345345
258892 109750 -379407 -613062
591191 872540 -640255 -894911
-848654 -744351 106855 -206030
-250756 -177152 -90412 -984882
-117640 969322 -89280 -568880
-591030 -855834 198084 -207133
455654 236665 5264 -168349
-117640 969322 -591030 -855834
-117640 969322 106855 -206030
5264 -168349 925446 865406
497852 618115 -640255 -894911
-848654 -744351 334922 -633340
455654 236665 -379407 -613062
-508727 -279622 -280221 -213024
-117640 969322 591191 872540
-250756 -177152 -378183 -21883
27306 -197245 106855 -206030
106855 -206030 -280221 -213024
-842366 -868726 441194 -718674
-413630 53895 106855 -206030
-591030 -855834 -168833 -345345
591191 872540 -467603 -662337
-250756 -177152 618929 -464724
-89280 -568880 27306 -197245
-117640 969322 27306 -197245
981933 59328 -379407 -613062
-293536 -633468 -591030 -855834
-378183 -21883 618929 -464724
441194 -718674 591191 872540
839359 -686144 716661 -831791
-848654 -744351 -585737 -59160
-842366 -868726 -640255 -894911
455654 236665 198084 -207133
-508727 -279622 -598079 -157739
757367 365736 -413630 53895
-640255 -894911 925446 865406
-117640 969322 5264 -168349
497852 618115 -513971 283408
-842366 -868726 -378183 -21883
5264 -168349 981933 59328
198084 -207133 618929 -464724
198084 -207133 712758 -798475
-585737 -59160 -962569 -916337
441194 -718674 -168833 -345345
-508727 -279622 497852 618115
757367 365736 -513971 283408
-117640 969322 -585737 -59160
-89280 -568880 981933 59328
-842366 -868726 712758 -798475
-467603 -662337 198084 -207133
497852 618115 -320980 -406953
-89280 -568880 618929 -464724
5264 -168349 -280221 -213024
-467603 -662337 -962569 -916337
757367 365736 716661 -831791
-413630 53895 102693 -214652
-598079 -157739 198084 -207133
-89280 -568880 -962569 -916337
-848654 -744351 712758 -798475
839359 -686144 102693 -214652
839359 -686144 -168833 -345345
-320980 -406953 -962569 -916337
757367 365736 -640255 -894911
441194 -718674 102693 -214652
-413630 53895 925446 865406
-513971 283408 -168833 -345345
-585737 -59160 618929 -464724
716661 -831791 618929 -464724
-508727 -279622 -591030 -855834
-293536 -633468 102693 -214652
-250756 -177152 -640255 -894911
-848654 -744351 198084 -207133
27306 -197245 925446 865406
27306 -197245 -640255 -894911
-117640 969322 712758 -798475
-117640 969322 -962569 -916337
-467603 -662337 712758 -798475
-467603 -662337 981933 59328
198084 -207133 -378183 -21883
-508727 -279622 5264 -168349
441194 -718674 -591030 -855834
-117640 969322 441194 -718674
441194 -718674 -378183 -21883
-379407 -613062 618929 -464724
-250756 -177152 -962569 -916337
258892 109750 106855 -206030
-842366 -868726 -89280 -568880
-413630 53895 -168833 -345345
102693 -214652 -320980 -406953
-598079 -157739 -90412 -984882
27306 -197245 102693 -214652
-117640 969322 -90412 -984882
-640255 -894911 -168833 -345345
757367 365736 -585737 -59160
-848654 -744351 -280221 -213024
-280221 -213024 -513971 283408
-413630 53895 -90412 -984882
106855 -206030 -378183 -21883
839359 -686144 -320980 -406953
5264 -168349 -842366 -868726
839359 -686144 925446 865406
-848654 -744351 -89280 -568880
-848654 -744351 -591030 -855834
-591030 -855834 925446 865406
757367 365736 -842366 -868726
869181 646519 981933 59328
-250756 -177152 -280221 -213024
5264 -168349 102693 -214652
102693 -214652 -513971 283408
-90412 -984882 -168833 -345345
455654 236665 -413630 53895
-293536 -633468 106855 -206030
-467603 -662337 -280221 -213024
-640255 -894911 -962569 -916337
-467603 -662337 -413630 53895
-293536 -633468 -280221 -213024
-842366 -868726 -250756 -177152
-280221 -213024 -379407 -613062
441194 -718674 -250756 -177152
-293536 -633468 839359 -686144
981933 59328 -168833 -345345
-640255 -894911 -320980 -406953
-591030 -855834 106855 -206030
-962569 -916337 -90412 -984882
258892 109750 -585737 -59160
334922 -633340 -513971 283408
497852 618115 -585737 -59160
-467603 -662337 -379407 -613062
334922 -633340 712758 -798475
-467603 -662337 106855 -206030
-117640 969322 258892 109750
102693 -214652 -640255 -894911
757367 365736 -378183 -21883
839359 -686144 -585737 -59160
198084 -207133 -585737 -59160
-320980 -406953 -379407 -613062
441194 -718674 -413630 53895
102693 -214652 712758 -798475
-293536 -633468 -250756 -177152
981933 59328 -962569 -916337
-250756 -177152 102693 -214652
-508727 -279622 -962569 -916337
591191 872540 102693 -214652
5264 -168349 618929 -464724
455654 236665 441194 -718674
-280221 -213024 -168833 -345345
441194 -718674 -379407 -613062
-117640 969322 925446 865406
-90412 -984882 -280221 -213024
-378183 -21883 -379407 -613062
-90412 -984882 712758 -798475
-293536 -633468 198084 -207133
5264 -168349 334922 -633340
757367 365736 455654 236665
-598079 -157739 -962569 -916337
-293536 -633468 716661 -831791
-842366 -868726 -467603 -662337
591191 872540 839359 -686144
-848654 -744351 -168833 -345345
106855 -206030 925446 865406
-90412 -984882 -379407 -613062
-293536 -633468 712758 -798475
5264 -168349 -168833 -345345
27306 -197245 -585737 -59160
757367 365736 27306 -197245
106855 -206030 -90412 -984882
-598079 -157739 -467603 -662337
-467603 -662337 102693 -214652
591191 872540 106855 -206030
-378183 -21883 -168833 -345345
5264 -168349 -413630 53895
591191 872540 -413630 53895
-413630 53895 -89280 -568880
-848654 -744351 27306 -197245
5264 -168349 -250756 -177152
102693 -214652 334922 -633340
-293536 -633468 -962569 -916337
-640255 -894911 -513971 283408
-89280 -568880 -640255 -894911
-293536 -633468 -378183 -21883
497852 618115 981933 59328
455654 236665 27306 -197245
-117640 969322 -379407 -613062
441194 -718674 981933 59328
757367 365736 -89280 -568880
258892 109750 712758 -798475
106855 -206030 -320980 -406953
497852 618115 106855 -206030
-842366 -868726 -280221 -213024
757367 365736 981933 59328
441194 -718674 -513971 283408
106855 -206030 618929 -464724
-848654 -744351 5264 -168349
981933 59328 716661 -831791
-842366 -868726 -962569 -916337
106855 -206030 -379407 -613062
102693 -214652 925446 865406
757367 365736 925446 865406
334922 -633340 -640255 -894911
-598079 -157739 334922 -633340
-250756 -177152 716661 -831791
-598079 -157739 497852 618115
-598079 -157739 -413630 53895
-842366 -868726 198084 -207133
455654 236665 -378183 -21883
981933 59328 334922 -633340
106855 -206030 712758 -798475
-508727 -279622 102693 -214652
455654 236665 712758 -798475
441194 -718674 716661 -831791
-89280 -568880 -378183 -21883
258892 109750 -640255 -894911
-585737 -59160 -168833 -345345
-640255 -894911 712758 -798475
455654 236665 497852 618115
441194 -718674 -89280 -568880
-508727 -279622 -117640 969322
334922 -633340 -168833 -345345
497852 618115 -591030 -855834
334922 -633340 106855 -206030
757367 365736 497852 618115
591191 872540 -280221 -213024
