780
95206 -488564 -928618 -665337
386071 39275 -619114 117878
179376 186713 374924 876341
961575 -211804 679606 -20143
572101 -142116 -640009 628295
162201 -528066 374924 876341
-964697 274883 172291 -242512
588763 -370312 481484 -567372
95206 -488564 -199437 32923
-214721 -790641 -787641 546457
162201 -528066 -661938 -771829
237857 300698 -619114 117878
172291 -242512 332353 389888
374924 876341 -787641 546457
386071 39275 339709 -525546
123580 -89018 182199 618651
775853 -910557 572101 -142116
237857 300698 -558707 -831362
-68168 34898 -742375 692235
-787641 546457 481484 -567372
179376 186713 -68168 34898
332353 389888 -742375 692235
95206 -488564 339709 -525546
374924 876341 -928618 -665337
-558707 -831362 -793358 -872094
679606 -20143 -199437 32923
182199 618651 -661938 -771829
-68168 34898 -928618 -665337
588763 -370312 -793358 -872094
-661938 -771829 -558707 -831362
393602 717046 -558707 -831362
-86214 -725272 -640009 628295
-214721 -790641 -640009 628295
386071 39275 -601262 399681
338292 840934 481484 -567372
162201 -528066 679606 -20143
606631 -327198 -601262 399681
606631 -327198 -214721 -790641
-742375 692235 -558707 -831362
332353 389888 393602 717046
588763 -370312 -601262 399681
-619114 117878 -661938 -771829
123580 -89018 -661938 -771829
123580 -89018 393602 717046
338292 840934 332353 389888
393602 717046 339709 -525546
-964697 274883 606631 -327198
-964697 274883 481484 -567372
95206 -488564 -661938 -771829
-86214 -725272 374924 876341
606631 -327198 172291 -242512
172291 -242512 888220 891269
172291 -242512 393602 717046
-214721 -790641 -928618 -665337
123580 -89018 374924 876341
123580 -89018 679606 -20143
-214721 -790641 -558707 -831362
237857 300698 97424 644401
162201 -528066 -928618 -665337
961575 -211804 -787641 546457
123580 -89018 -742375 692235
581693 222325 236937 83935
374924 876341 -601262 399681
123580 -89018 339709 -525546
339709 -525546 -793358 -872094
572101 -142116 -199437 32923
237857 300698 172291 -242512
339709 -525546 -601262 399681
179376 186713 386071 39275
338292 840934 606631 -327198
162201 -528066 -742375 692235
581693 222325 386071 39275
95206 -488564 172291 -242512
-86214 -725272 775853 -910557
588763 -370312 679606 -20143
-742375 692235 572101 -142116
374924 876341 -619114 117878
162201 -528066 -601262 399681
679606 -20143 -928618 -665337
237857 300698 572101 -142116
953258 -906977 572101 -142116
-68168 34898 -793358 -872094
-787641 546457 -601262 399681
97424 644401 172291 -242512
953258 -906977 -661938 -771829
236937 83935 -661938 -771829
606631 -327198 -199437 32923
386071 39275 888220 891269
82364 -803250 182199 618651
374924 876341 -558707 -831362
338292 840934 888220 891269
-964697 274883 -787641 546457
162201 -528066 -964697 274883
82364 -803250 -793358 -872094
588763 -370312 332353 389888
961575 -211804 97424 644401
-86214 -725272 182199 618651
162201 -528066 581693 222325
-742375 692235 -640009 628295
95206 -488564 -640009 628295
162201 -528066 -619114 117878
179376 186713 172291 -242512
123580 -89018 97424 644401
179376 186713 -787641 546457
182199 618651 -640009 628295
97424 644401 -928618 -665337
374924 876341 572101 -142116
123580 -89018 236937 83935
236937 83935 -214721 -790641
-86214 -725272 -928618 -665337
339709 -525546 -661938 -771829
123580 -89018 -214721 -790641
961575 -211804 -601262 399681
179376 186713 -601262 399681
236937 83935 -640009 628295
-214721 -790641 332353 389888
-214721 -790641 -199437 32923
606631 -327198 -787641 546457
-964697 274883 -742375 692235
236937 83935 97424 644401
953258 -906977 -742375 692235
-964697 274883 -199437 32923
179376 186713 -964697 274883
162201 -528066 237857 300698
97424 644401 -68168 34898
606631 -327198 97424 644401
237857 300698 -199437 32923
-964697 274883 961575 -211804
572101 -142116 481484 -567372
-68168 34898 481484 -567372
237857 300698 -742375 692235
-86214 -725272 236937 83935
97424 644401 -787641 546457
-86214 -725272 961575 -211804
953258 -906977 -214721 -790641
123580 -89018 -793358 -872094
237857 300698 -68168 34898
95206 -488564 97424 644401
-661938 -771829 481484 -567372
95206 -488564 -619114 117878
172291 -242512 775853 -910557
-964697 274883 679606 -20143
-742375 692235 481484 -567372
-214721 -790641 -68168 34898
338292 840934 775853 -910557
123580 -89018 95206 -488564
-661938 -771829 -793358 -872094
588763 -370312 -661938 -771829
374924 876341 606631 -327198
374924 876341 332353 389888
-68168 34898 332353 389888
97424 644401 -558707 -831362
679606 -20143 -601262 399681
95206 -488564 481484 -567372
123580 -89018 338292 840934
588763 -370312 572101 -142116
95206 -488564 961575 -211804
953258 -906977 -928618 -665337
393602 717046 481484 -567372
-68168 34898 182199 618651
953258 -906977 162201 -528066
393602 717046 182199 618651
888220 891269 481484 -567372
82364 -803250 -742375 692235
588763 -370312 -199437 32923
588763 -370312 393602 717046
95206 -488564 572101 -142116
581693 222325 -619114 117878
162201 -528066 775853 -910557
338292 840934 -928618 -665337
82364 -803250 97424 644401
-964697 274883 95206 -488564
888220 891269 -558707 -831362
179376 186713 -640009 628295
679606 -20143 481484 -567372
888220 891269 332353 389888
339709 -525546 481484 -567372
-86214 -725272 -199437 32923
386071 39275 -640009 628295
581693 222325 -214721 -790641
953258 -906977 393602 717046
179376 186713 237857 300698
95206 -488564 237857 300698
588763 -370312 386071 39275
338292 840934 588763 -370312
123580 -89018 481484 -567372
-214721 -790641 182199 618651
236937 83935 393602 717046
-68168 34898 393602 717046
182199 618651 -928618 -665337
-86214 -725272 237857 300698
588763 -370312 -787641 546457
581693 222325 606631 -327198
374924 876341 581693 222325
123580 -89018 775853 -910557
82364 -803250 -661938 -771829
339709 -525546 572101 -142116
95206 -488564 82364 -803250
-964697 274883 -640009 628295
-86214 -725272 -742375 692235
888220 891269 775853 -910557
-928618 -665337 -640009 628295
-86214 -725272 82364 -803250
-964697 274883 -661938 -771829
679606 -20143 -640009 628295
172291 -242512 -793358 -872094
97424 644401 332353 389888
-787641 546457 775853 -910557
606631 -327198 236937 83935
888220 891269 -619114 117878
961575 -211804 172291 -242512
162201 -528066 339709 -525546
-86214 -725272 -214721 -790641
338292 840934 -68168 34898
237857 300698 581693 222325
-787641 546457 -619114 117878
-742375 692235 -601262 399681
-68168 34898 -558707 -831362
-787641 546457 888220 891269
97424 644401 775853 -910557
123580 -89018 -619114 117878
236937 83935 182199 618651
97424 644401 -199437 32923
172291 -242512 -928618 -665337
82364 -803250 572101 -142116
679606 -20143 332353 389888
172291 -242512 -619114 117878
679606 -20143 339709 -525546
236937 83935 -928618 -665337
-928618 -665337 -558707 -831362
-787641 546457 -558707 -831362
775853 -910557 -601262 399681
679606 -20143 -619114 117878
374924 876341 -68168 34898
-86214 -725272 888220 891269
182199 618651 -601262 399681
236937 83935 332353 389888
95206 -488564 -68168 34898
953258 -906977 -601262 399681
-619114 117878 -793358 -872094
-214721 -790641 82364 -803250
374924 876341 82364 -803250
588763 -370312 -619114 117878
-787641 546457 -640009 628295
374924 876341 393602 717046
679606 -20143 182199 618651
588763 -370312 182199 618651
-68168 34898 775853 -910557
82364 -803250 339709 -525546
374924 876341 182199 618651
-787641 546457 339709 -525546
953258 -906977 775853 -910557
572101 -142116 -793358 -872094
679606 -20143 -742375 692235
-214721 -790641 -619114 117878
386071 39275 182199 618651
-787641 546457 -199437 32923
961575 -211804 606631 -327198
581693 222325 332353 389888
581693 222325 -793358 -872094
606631 -327198 -640009 628295
-68168 34898 -640009 628295
-619114 117878 182199 618651
97424 644401 386071 39275
179376 186713 -214721 -790641
679606 -20143 -661938 -771829
606631 -327198 386071 39275
386071 39275 393602 717046
374924 876341 679606 -20143
95206 -488564 -742375 692235
82364 -803250 888220 891269
-214721 -790641 -661938 -771829
338292 840934 393602 717046
-86214 -725272 -661938 -771829
-86214 -725272 -619114 117878
95206 -488564 386071 39275
581693 222325 338292 840934
953258 -906977 -86214 -725272
-619114 117878 -558707 -831362
172291 -242512 -558707 -831362
-964697 274883 236937 83935
-619114 117878 339709 -525546
123580 -89018 -964697 274883
95206 -488564 338292 840934
-214721 -790641 572101 -142116
-742375 692235 -661938 -771829
953258 -906977 339709 -525546
953258 -906977 481484 -567372
162201 -528066 888220 891269
961575 -211804 82364 -803250
588763 -370312 775853 -910557
162201 -528066 -558707 -831362
82364 -803250 -928618 -665337
-86214 -725272 679606 -20143
97424 644401 -661938 -771829
123580 -89018 953258 -906977
179376 186713 95206 -488564
-86214 -725272 172291 -242512
-601262 399681 -558707 -831362
338292 840934 -601262 399681
237857 300698 961575 -211804
-964697 274883 82364 -803250
-68168 34898 172291 -242512
953258 -906977 332353 389888
172291 -242512 -787641 546457
332353 389888 572101 -142116
123580 -89018 162201 -528066
82364 -803250 -619114 117878
606631 -327198 339709 -525546
179376 186713 393602 717046
581693 222325 -601262 399681
953258 -906977 -199437 32923
374924 876341 -742375 692235
588763 -370312 -742375 692235
-964697 274883 -68168 34898
162201 -528066 -199437 32923
236937 83935 -787641 546457
386071 39275 -742375 692235
961575 -211804 236937 83935
95206 -488564 581693 222325
-964697 274883 -928618 -665337
-964697 274883 393602 717046
-787641 546457 -793358 -872094
581693 222325 82364 -803250
961575 -211804 -928618 -665337
-86214 -725272 -601262 399681
162201 -528066 -787641 546457
338292 840934 97424 644401
179376 186713 -742375 692235
236937 83935 -742375 692235
123580 -89018 -86214 -725272
581693 222325 888220 891269
-86214 -725272 393602 717046
179376 186713 -661938 -771829
775853 -910557 -928618 -665337
95206 -488564 775853 -910557
606631 -327198 -742375 692235
961575 -211804 386071 39275
162201 -528066 481484 -567372
888220 891269 -601262 399681
-964697 274883 888220 891269
-214721 -790641 393602 717046
-68168 34898 588763 -370312
82364 -803250 775853 -910557
961575 -211804 -68168 34898
236937 83935 -68168 34898
-787641 546457 572101 -142116
588763 -370312 -640009 628295
237857 300698 82364 -803250
332353 389888 -199437 32923
961575 -211804 -619114 117878
588763 -370312 -928618 -665337
374924 876341 -640009 628295
95206 -488564 236937 83935
-787641 546457 -661938 -771829
-68168 34898 572101 -142116
581693 222325 172291 -242512
606631 -327198 82364 -803250
-964697 274883 572101 -142116
961575 -211804 332353 389888
123580 -89018 332353 389888
172291 -242512 -601262 399681
182199 618651 481484 -567372
123580 -89018 -928618 -665337
-601262 399681 -199437 32923
162201 -528066 572101 -142116
393602 717046 -619114 117878
97424 644401 393602 717046
374924 876341 -199437 32923
-214721 -790641 -601262 399681
581693 222325 182199 618651
606631 -327198 -793358 -872094
386071 39275 -787641 546457
123580 -89018 -640009 628295
-199437 32923 -640009 628295
961575 -211804 888220 891269
82364 -803250 386071 39275
339709 -525546 -640009 628295
961575 -211804 775853 -910557
237857 300698 338292 840934
386071 39275 -661938 -771829
588763 -370312 -558707 -831362
961575 -211804 588763 -370312
775853 -910557 182199 618651
-661938 -771829 572101 -142116
82364 -803250 -68168 34898
123580 -89018 179376 186713
386071 39275 481484 -567372
961575 -211804 338292 840934
581693 222325 -558707 -831362
236937 83935 -619114 117878
953258 -906977 237857 300698
179376 186713 581693 222325
393602 717046 -661938 -771829
179376 186713 97424 644401
338292 840934 -787641 546457
123580 -89018 888220 891269
606631 -327198 572101 -142116
236937 83935 82364 -803250
179376 186713 -928618 -665337
162201 -528066 393602 717046
-964697 274883 237857 300698
179376 186713 236937 83935
-214721 -790641 481484 -567372
-86214 -725272 -68168 34898
237857 300698 775853 -910557
82364 -803250 393602 717046
-86214 -725272 -793358 -872094
888220 891269 -793358 -872094
888220 891269 -661938 -771829
953258 -906977 386071 39275
-619114 117878 -601262 399681
953258 -906977 961575 -211804
-964697 274883 386071 39275
775853 -910557 -558707 -831362
-86214 -725272 338292 840934
679606 -20143 -558707 -831362
123580 -89018 -558707 -831362
179376 186713 775853 -910557
386071 39275 -928618 -665337
679606 -20143 393602 717046
172291 -242512 -742375 692235
-68168 34898 -601262 399681
237857 300698 888220 891269
123580 -89018 172291 -242512
-928618 -665337 -661938 -771829
374924 876341 888220 891269
-787641 546457 -742375 692235
123580 -89018 581693 222325
162201 -528066 236937 83935
606631 -327198 -661938 -771829
953258 -906977 888220 891269
338292 840934 -558707 -831362
236937 83935 386071 39275
374924 876341 339709 -525546
-214721 -790641 339709 -525546
-619114 117878 481484 -567372
236937 83935 888220 891269
179376 186713 -793358 -872094
961575 -211804 339709 -525546
237857 300698 393602 717046
374924 876341 237857 300698
606631 -327198 588763 -370312
953258 -906977 -787641 546457
237857 300698 -928618 -665337
888220 891269 -640009 628295
374924 876341 -793358 -872094
82364 -803250 -640009 628295
581693 222325 393602 717046
-199437 32923 -793358 -872094
82364 -803250 588763 -370312
581693 222325 775853 -910557
-928618 -665337 -601262 399681
123580 -89018 -68168 34898
162201 -528066 95206 -488564
-742375 692235 -619114 117878
123580 -89018 606631 -327198
82364 -803250 332353 389888
581693 222325 481484 -567372
888220 891269 339709 -525546
123580 -89018 961575 -211804
82364 -803250 172291 -242512
-619114 117878 572101 -142116
-787641 546457 182199 618651
-86214 -725272 572101 -142116
-214721 -790641 172291 -242512
179376 186713 961575 -211804
179376 186713 338292 840934
374924 876341 481484 -567372
82364 -803250 481484 -567372
961575 -211804 -661938 -771829
172291 -242512 182199 618651
961575 -211804 -640009 628295
182199 618651 -199437 32923
-964697 274883 -601262 399681
953258 -906977 179376 186713
393602 717046 -640009 628295
162201 -528066 172291 -242512
236937 83935 679606 -20143
386071 39275 775853 -910557
-742375 692235 775853 -910557
179376 186713 588763 -370312
-68168 34898 -787641 546457
332353 389888 182199 618651
172291 -242512 679606 -20143
-964697 274883 -793358 -872094
679606 -20143 775853 -910557
338292 840934 82364 -803250
-214721 -790641 -742375 692235
953258 -906977 97424 644401
179376 186713 339709 -525546
386071 39275 332353 389888
-68168 34898 -619114 117878
953258 -906977 82364 -803250
679606 -20143 -787641 546457
-928618 -665337 481484 -567372
386071 39275 572101 -142116
179376 186713 606631 -327198
481484 -567372 -640009 628295
953258 -906977 236937 83935
338292 840934 -214721 -790641
-68168 34898 -199437 32923
-619114 117878 -640009 628295
179376 186713 481484 -567372
237857 300698 606631 -327198
606631 -327198 393602 717046
97424 644401 182199 618651
-793358 -872094 -640009 628295
162201 -528066 386071 39275
393602 717046 -199437 32923
237857 300698 481484 -567372
332353 389888 -661938 -771829
-86214 -725272 606631 -327198
82364 -803250 -787641 546457
606631 -327198 182199 618651
162201 -528066 -214721 -790641
606631 -327198 679606 -20143
338292 840934 236937 83935
386071 39275 679606 -20143
953258 -906977 95206 -488564
581693 222325 -928618 -665337
172291 -242512 -661938 -771829
953258 -906977 -964697 274883
-742375 692235 -793358 -872094
97424 644401 339709 -525546
606631 -327198 -928618 -665337
481484 -567372 -793358 -872094
386071 39275 -199437 32923
-787641 546457 393602 717046
97424 644401 -619114 117878
581693 222325 679606 -20143
-86214 -725272 -787641 546457
95206 -488564 -601262 399681
581693 222325 97424 644401
606631 -327198 -68168 34898
123580 -89018 386071 39275
-964697 274883 339709 -525546
179376 186713 -558707 -831362
961575 -211804 -742375 692235
332353 389888 -601262 399681
961575 -211804 572101 -142116
-964697 274883 581693 222325
961575 -211804 581693 222325
332353 389888 339709 -525546
179376 186713 572101 -142116
162201 -528066 588763 -370312
888220 891269 -928618 -665337
374924 876341 172291 -242512
95206 -488564 -793358 -872094
775853 -910557 -793358 -872094
386071 39275 -558707 -831362
581693 222325 339709 -525546
236937 83935 775853 -910557
-619114 117878 -199437 32923
888220 891269 182199 618651
-742375 692235 -199437 32923
162201 -528066 332353 389888
172291 -242512 -640009 628295
95206 -488564 679606 -20143
162201 -528066 961575 -211804
606631 -327198 481484 -567372
162201 -528066 97424 644401
95206 -488564 -558707 -831362
237857 300698 386071 39275
374924 876341 961575 -211804
338292 840934 386071 39275
-86214 -725272 97424 644401
-86214 -725272 386071 39275
888220 891269 -199437 32923
-214721 -790641 -793358 -872094
-199437 32923 -558707 -831362
162201 -528066 338292 840934
961575 -211804 481484 -567372
679606 -20143 572101 -142116
237857 300698 679606 -20143
338292 840934 172291 -242512
393602 717046 572101 -142116
-742375 692235 339709 -525546
-928618 -665337 572101 -142116
374924 876341 -661938 -771829
-558707 -831362 -640009 628295
-619114 117878 -928618 -665337
-742375 692235 -928618 -665337
-787641 546457 332353 389888
172291 -242512 386071 39275
-214721 -790641 588763 -370312
393602 717046 -601262 399681
588763 -370312 172291 -242512
339709 -525546 -199437 32923
182199 618651 339709 -525546
386071 39275 -793358 -872094
123580 -89018 237857 300698
953258 -906977 -793358 -872094
572101 -142116 -558707 -831362
953258 -906977 338292 840934
775853 -910557 -640009 628295
236937 83935 -199437 32923
-199437 32923 481484 -567372
953258 -906977 606631 -327198
97424 644401 -742375 692235
606631 -327198 888220 891269
-214721 -790641 775853 -910557
-214721 -790641 888220 891269
182199 618651 -793358 -872094
162201 -528066 182199 618651
95206 -488564 393602 717046
953258 -906977 182199 618651
-964697 274883 97424 644401
236937 83935 339709 -525546
-86214 -725272 -964697 274883
123580 -89018 572101 -142116
-601262 399681 -661938 -771829
338292 840934 339709 -525546
332353 389888 -619114 117878
581693 222325 -742375 692235
162201 -528066 -68168 34898
97424 644401 679606 -20143
953258 -906977 -68168 34898
-928618 -665337 -793358 -872094
97424 644401 -601262 399681
775853 -910557 -199437 32923
338292 840934 -742375 692235
237857 300698 -640009 628295
374924 876341 386071 39275
95206 -488564 888220 891269
-68168 34898 339709 -525546
339709 -525546 -928618 -665337
588763 -370312 339709 -525546
338292 840934 182199 618651
339709 -525546 -558707 -831362
-787641 546457 -928618 -665337
-964697 274883 182199 618651
374924 876341 588763 -370312
179376 186713 -86214 -725272
179376 186713 679606 -20143
332353 389888 775853 -910557
97424 644401 572101 -142116
97424 644401 -793358 -872094
-68168 34898 679606 -20143
82364 -803250 -601262 399681
-86214 -725272 95206 -488564
-86214 -725272 581693 222325
-601262 399681 -793358 -872094
581693 222325 -787641 546457
679606 -20143 -793358 -872094
172291 -242512 572101 -142116
393602 717046 -742375 692235
961575 -211804 393602 717046
237857 300698 -661938 -771829
-86214 -725272 481484 -567372
961575 -211804 -558707 -831362
374924 876341 338292 840934
-964697 274883 -619114 117878
953258 -906977 -619114 117878
123580 -89018 -787641 546457
953258 -906977 588763 -370312
237857 300698 182199 618651
961575 -211804 -793358 -872094
-928618 -665337 -199437 32923
82364 -803250 -558707 -831362
393602 717046 -928618 -665337
-68168 34898 386071 39275
237857 300698 339709 -525546
97424 644401 -640009 628295
606631 -327198 332353 389888
-964697 274883 -558707 -831362
374924 876341 97424 644401
606631 -327198 -558707 -831362
-601262 399681 -640009 628295
179376 186713 -619114 117878
393602 717046 775853 -910557
953258 -906977 -558707 -831362
95206 -488564 588763 -370312
237857 300698 -214721 -790641
123580 -89018 -601262 399681
332353 389888 -640009 628295
-214721 -790641 679606 -20143
97424 644401 588763 -370312
-68168 34898 888220 891269
162201 -528066 606631 -327198
953258 -906977 581693 222325
97424 644401 888220 891269
332353 389888 -793358 -872094
162201 -528066 -640009 628295
95206 -488564 606631 -327198
953258 -906977 679606 -20143
237857 300698 -787641 546457
95206 -488564 332353 389888
-964697 274883 588763 -370312
775853 -910557 -661938 -771829
581693 222325 -68168 34898
97424 644401 481484 -567372
82364 -803250 679606 -20143
236937 83935 588763 -370312
236937 83935 481484 -567372
182199 618651 572101 -142116
374924 876341 775853 -910557
-964697 274883 775853 -910557
374924 876341 236937 83935
581693 222325 588763 -370312
236937 83935 572101 -142116
179376 186713 888220 891269
953258 -906977 172291 -242512
-964697 274883 -214721 -790641
374924 876341 -964697 274883
179376 186713 -199437 32923
-214721 -790641 97424 644401
236937 83935 -793358 -872094
775853 -910557 481484 -567372
606631 -327198 -619114 117878
-964697 274883 332353 389888
95206 -488564 182199 618651
172291 -242512 -199437 32923
237857 300698 -601262 399681
-68168 34898 -661938 -771829
581693 222325 -199437 32923
338292 840934 -793358 -872094
237857 300698 588763 -370312
237857 300698 332353 389888
775853 -910557 339709 -525546
95206 -488564 -214721 -790641
888220 891269 -742375 692235
338292 840934 679606 -20143
481484 -567372 -558707 -831362
123580 -89018 -199437 32923
237857 300698 236937 83935
162201 -528066 -86214 -725272
374924 876341 -214721 -790641
-661938 -771829 -199437 32923
374924 876341 95206 -488564
332353 389888 481484 -567372
961575 -211804 -199437 32923
123580 -89018 82364 -803250
953258 -906977 374924 876341
179376 186713 332353 389888
237857 300698 -793358 -872094
588763 -370312 888220 891269
-964697 274883 338292 840934
338292 840934 -640009 628295
172291 -242512 339709 -525546
-86214 -725272 588763 -370312
179376 186713 162201 -528066
338292 840934 -619114 117878
679606 -20143 888220 891269
775853 -910557 -619114 117878
338292 840934 572101 -142116
338292 840934 -199437 32923
236937 83935 -601262 399681
236937 83935 172291 -242512
332353 389888 -928618 -665337
-86214 -725272 -558707 -831362
179376 186713 182199 618651
162201 -528066 -793358 -872094
236937 83935 -558707 -831362
961575 -211804 -214721 -790641
123580 -89018 588763 -370312
338292 840934 -661938 -771829
332353 389888 -558707 -831362
606631 -327198 775853 -910557
82364 -803250 -199437 32923
172291 -242512 481484 -567372
-214721 -790641 386071 39275
888220 891269 572101 -142116
953258 -906977 -640009 628295
-661938 -771829 -640009 628295
162201 -528066 82364 -803250
-86214 -725272 332353 389888
581693 222325 -661938 -771829
888220 891269 393602 717046
581693 222325 572101 -142116
182199 618651 -558707 -831362
-601262 399681 572101 -142116
179376 186713 82364 -803250
961575 -211804 182199 618651
-601262 399681 481484 -567372
95206 -488564 -787641 546457
581693 222325 -640009 628295
393602 717046 -793358 -872094
-742375 692235 182199 618651
-86214 -725272 339709 -525546
