741
995024 -941041 250274 -48079
-839468 816374 45249 813192
901524 555845 963991 -950134
284924 900992 60089 939825
-584381 -68644 963991 -950134
-553798 -271130 995024 -941041
-408889 -838552 316525 -679728
-709354 -284434 45249 813192
316525 -679728 -264224 15691
-996099 -509372 -55125 -735687
913571 -865568 -883512 -468888
-753949 -609350 316525 -679728
20556 903032 -292713 -508515
250274 -48079 811784 299415
-974142 659169 -264224 15691
-193266 -216992 559283 231593
-753949 -609350 60089 939825
-974142 659169 750360 388846
995024 -941041 -753949 -609350
913571 -865568 -590002 -197747
995024 -941041 804968 546593
995024 -941041 -839468 816374
995024 -941041 -584381 -68644
901524 555845 316525 -679728
750360 388846 45249 813192
316525 -679728 45249 813192
20556 903032 804968 546593
811784 299415 -292713 -508515
-55125 -735687 45249 813192
-439424 901222 901524 555845
-408889 -838552 963991 -950134
-553798 -271130 316525 -679728
-709354 -284434 60089 939825
-590002 -197747 -246947 -719789
559283 231593 -753949 -609350
-193266 -216992 316525 -679728
-974142 659169 -753949 -609350
804968 546593 -292713 -508515
-996099 -509372 -709354 -284434
-317737 -586895 20556 903032
-553798 -271130 -317737 -586895
963991 -950134 -116763 -281233
284924 900992 804968 546593
-193266 -216992 913571 -865568
-317737 -586895 811784 299415
-590002 -197747 -839468 816374
247619 584751 -883512 -468888
559283 231593 316525 -679728
559283 231593 -408889 -838552
-584381 -68644 811784 299415
750360 388846 -460877 170404
284924 900992 -292713 -508515
-974142 659169 247619 584751
-974142 659169 -532908 331576
-553798 -271130 610610 941873
-55125 -735687 -292713 -508515
851599 579723 -292713 -508515
-317737 -586895 -101055 -612034
913571 -865568 811784 299415
-460877 170404 -116763 -281233
-116763 -281233 45249 813192
750360 388846 316525 -679728
250274 -48079 -116763 -281233
45249 813192 60089 939825
804968 546593 -116763 -281233
-532908 331576 45249 813192
-193266 -216992 -996099 -509372
913571 -865568 -460877 170404
559283 231593 -292713 -508515
-590002 -197747 -116763 -281233
-532908 331576 60089 939825
913571 -865568 901524 555845
-439424 901222 -408889 -838552
-753949 -609350 45249 813192
-974142 659169 -193266 -216992
-439424 901222 -709354 -284434
995024 -941041 -460877 170404
750360 388846 963991 -950134
292150 27468 963991 -950134
-753949 -609350 -709354 -284434
-317737 -586895 -55125 -735687
913571 -865568 -839468 816374
-753949 -609350 -883512 -468888
-584381 -68644 -292713 -508515
995024 -941041 750360 388846
559283 231593 963991 -950134
-883512 -468888 963991 -950134
292150 27468 -292713 -508515
995024 -941041 811784 299415
-839468 816374 60089 939825
-709354 -284434 292150 27468
-408889 -838552 45249 813192
-553798 -271130 284924 900992
-753949 -609350 -408889 -838552
-317737 -586895 851599 579723
901524 555845 -584381 -68644
-553798 -271130 292150 27468
610610 941873 -883512 -468888
-246947 -719789 811784 299415
-883512 -468888 292150 27468
610610 941873 -590002 -197747
250274 -48079 963991 -950134
901524 555845 811784 299415
750360 388846 -590002 -197747
750360 388846 851599 579723
-553798 -271130 901524 555845
559283 231593 901524 555845
-839468 816374 250274 -48079
-264224 15691 -101055 -612034
901524 555845 -55125 -735687
284924 900992 292150 27468
292150 27468 45249 813192
-532908 331576 -408889 -838552
-439424 901222 316525 -679728
284924 900992 -55125 -735687
-264224 15691 -246947 -719789
-408889 -838552 811784 299415
-590002 -197747 -408889 -838552
-317737 -586895 804968 546593
-317737 -586895 45249 813192
901524 555845 804968 546593
-584381 -68644 -246947 -719789
-460877 170404 -55125 -735687
-460877 170404 20556 903032
-883512 -468888 811784 299415
559283 231593 -246947 -719789
-709354 -284434 -55125 -735687
316525 -679728 811784 299415
-532908 331576 804968 546593
913571 -865568 851599 579723
316525 -679728 804968 546593
750360 388846 -55125 -735687
851599 579723 -839468 816374
292150 27468 804968 546593
610610 941873 -55125 -735687
-553798 -271130 -753949 -609350
-193266 -216992 963991 -950134
-460877 170404 -264224 15691
-709354 -284434 -116763 -281233
-553798 -271130 -439424 901222
-974142 659169 901524 555845
-439424 901222 804968 546593
-974142 659169 292150 27468
-439424 901222 60089 939825
913571 -865568 -101055 -612034
-408889 -838552 250274 -48079
750360 388846 -292713 -508515
-439424 901222 -590002 -197747
284924 900992 45249 813192
995024 -941041 60089 939825
-439424 901222 913571 -865568
292150 27468 -264224 15691
-709354 -284434 -101055 -612034
-553798 -271130 913571 -865568
-974142 659169 963991 -950134
-193266 -216992 750360 388846
750360 388846 -116763 -281233
-193266 -216992 -246947 -719789
-553798 -271130 -264224 15691
610610 941873 -709354 -284434
-439424 901222 559283 231593
-439424 901222 -101055 -612034
250274 -48079 -292713 -508515
-996099 -509372 247619 584751
-460877 170404 -532908 331576
20556 903032 292150 27468
-996099 -509372 292150 27468
-996099 -509372 851599 579723
610610 941873 292150 27468
559283 231593 -116763 -281233
250274 -48079 -55125 -735687
-974142 659169 20556 903032
-264224 15691 45249 813192
851599 579723 -753949 -609350
851599 579723 247619 584751
-996099 -509372 284924 900992
247619 584751 292150 27468
247619 584751 -709354 -284434
-439424 901222 -883512 -468888
995024 -941041 -590002 -197747
804968 546593 -264224 15691
-408889 -838552 -55125 -735687
610610 941873 -116763 -281233
-753949 -609350 -584381 -68644
901524 555845 851599 579723
-553798 -271130 963991 -950134
247619 584751 -839468 816374
-439424 901222 -460877 170404
995024 -941041 963991 -950134
-55125 -735687 316525 -679728
-532908 331576 -116763 -281233
851599 579723 284924 900992
20556 903032 -55125 -735687
284924 900992 963991 -950134
-709354 -284434 -584381 -68644
610610 941873 -532908 331576
-193266 -216992 -883512 -468888
750360 388846 60089 939825
-974142 659169 -439424 901222
-590002 -197747 963991 -950134
804968 546593 -101055 -612034
284924 900992 -264224 15691
-264224 15691 -292713 -508515
-590002 -197747 20556 903032
292150 27468 316525 -679728
-553798 -271130 -460877 170404
-408889 -838552 20556 903032
750360 388846 -709354 -284434
559283 231593 -264224 15691
913571 -865568 804968 546593
-532908 331576 250274 -48079
901524 555845 -532908 331576
250274 -48079 -584381 -68644
-193266 -216992 -55125 -735687
316525 -679728 -246947 -719789
-996099 -509372 804968 546593
995024 -941041 -101055 -612034
-839468 816374 -408889 -838552
995024 -941041 292150 27468
-317737 -586895 -264224 15691
-753949 -609350 -590002 -197747
-974142 659169 -839468 816374
995024 -941041 -55125 -735687
-590002 -197747 -55125 -735687
559283 231593 -590002 -197747
-974142 659169 -55125 -735687
-439424 901222 -996099 -509372
-839468 816374 -883512 -468888
247619 584751 -292713 -508515
-317737 -586895 750360 388846
-996099 -509372 -116763 -281233
913571 -865568 -116763 -281233
901524 555845 247619 584751
-839468 816374 316525 -679728
-753949 -609350 -264224 15691
-839468 816374 -101055 -612034
-532908 331576 -264224 15691
559283 231593 -101055 -612034
-584381 -68644 316525 -679728
913571 -865568 -584381 -68644
-193266 -216992 -532908 331576
901524 555845 20556 903032
-996099 -509372 316525 -679728
851599 579723 811784 299415
-974142 659169 60089 939825
-317737 -586895 -408889 -838552
-753949 -609350 -246947 -719789
-553798 -271130 60089 939825
247619 584751 -55125 -735687
610610 941873 -839468 816374
-439424 901222 -317737 -586895
-317737 -586895 -532908 331576
-116763 -281233 -101055 -612034
-553798 -271130 -408889 -838552
610610 941873 851599 579723
20556 903032 963991 -950134
-532908 331576 -101055 -612034
-55125 -735687 -101055 -612034
-439424 901222 284924 900992
851599 579723 -246947 -719789
-317737 -586895 901524 555845
316525 -679728 -116763 -281233
-408889 -838552 -584381 -68644
-553798 -271130 559283 231593
247619 584751 -116763 -281233
851599 579723 20556 903032
-553798 -271130 -839468 816374
-974142 659169 -883512 -468888
-292713 -508515 60089 939825
-439424 901222 250274 -48079
750360 388846 292150 27468
-753949 -609350 284924 900992
284924 900992 811784 299415
-974142 659169 995024 -941041
750360 388846 284924 900992
995024 -941041 -116763 -281233
-584381 -68644 -55125 -735687
-590002 -197747 -101055 -612034
-883512 -468888 -264224 15691
-553798 -271130 20556 903032
901524 555845 -292713 -508515
-753949 -609350 -839468 816374
284924 900992 -101055 -612034
-839468 816374 -532908 331576
-193266 -216992 -116763 -281233
-246947 -719789 -101055 -612034
247619 584751 -264224 15691
913571 -865568 60089 939825
-839468 816374 -264224 15691
804968 546593 45249 813192
610610 941873 -264224 15691
-883512 -468888 -246947 -719789
-408889 -838552 -292713 -508515
-553798 -271130 45249 813192
-974142 659169 559283 231593
-532908 331576 -883512 -468888
-753949 -609350 -55125 -735687
-532908 331576 -55125 -735687
-996099 -509372 -460877 170404
-883512 -468888 -584381 -68644
247619 584751 -246947 -719789
995024 -941041 -996099 -509372
-193266 -216992 -839468 816374
750360 388846 -101055 -612034
913571 -865568 -709354 -284434
250274 -48079 804968 546593
-974142 659169 -584381 -68644
750360 388846 -264224 15691
963991 -950134 -246947 -719789
-709354 -284434 -264224 15691
250274 -48079 316525 -679728
995024 -941041 -532908 331576
610610 941873 284924 900992
-974142 659169 610610 941873
963991 -950134 60089 939825
610610 941873 -584381 -68644
-974142 659169 -101055 -612034
-709354 -284434 804968 546593
-193266 -216992 901524 555845
-590002 -197747 -709354 -284434
-839468 816374 292150 27468
851599 579723 -116763 -281233
901524 555845 -116763 -281233
284924 900992 20556 903032
-460877 170404 45249 813192
-532908 331576 284924 900992
-839468 816374 284924 900992
-532908 331576 -246947 -719789
-974142 659169 -996099 -509372
995024 -941041 -193266 -216992
610610 941873 -408889 -838552
-317737 -586895 284924 900992
284924 900992 -116763 -281233
-439424 901222 45249 813192
-439424 901222 -532908 331576
610610 941873 60089 939825
913571 -865568 -264224 15691
-317737 -586895 60089 939825
-753949 -609350 -116763 -281233
-460877 170404 -246947 -719789
-317737 -586895 -590002 -197747
-193266 -216992 292150 27468
-246947 -719789 -292713 -508515
-996099 -509372 -317737 -586895
851599 579723 250274 -48079
-553798 -271130 -883512 -468888
610610 941873 -996099 -509372
-460877 170404 60089 939825
995024 -941041 -317737 -586895
-584381 -68644 -264224 15691
-460877 170404 -292713 -508515
-584381 -68644 20556 903032
20556 903032 -264224 15691
913571 -865568 -246947 -719789
-460877 170404 963991 -950134
-996099 -509372 -590002 -197747
750360 388846 913571 -865568
-439424 901222 -246947 -719789
247619 584751 804968 546593
-996099 -509372 -532908 331576
-439424 901222 -193266 -216992
913571 -865568 -532908 331576
913571 -865568 45249 813192
750360 388846 -408889 -838552
995024 -941041 20556 903032
20556 903032 -116763 -281233
-264224 15691 811784 299415
-584381 -68644 -116763 -281233
559283 231593 250274 -48079
901524 555845 -839468 816374
-439424 901222 -753949 -609350
-996099 -509372 -101055 -612034
250274 -48079 -101055 -612034
284924 900992 -883512 -468888
-839468 816374 -116763 -281233
-532908 331576 316525 -679728
-974142 659169 -460877 170404
851599 579723 316525 -679728
610610 941873 963991 -950134
901524 555845 60089 939825
559283 231593 913571 -865568
-974142 659169 250274 -48079
851599 579723 -408889 -838552
-193266 -216992 45249 813192
-996099 -509372 -264224 15691
-460877 170404 250274 -48079
284924 900992 -584381 -68644
-460877 170404 -584381 -68644
901524 555845 -264224 15691
851599 579723 -101055 -612034
-883512 -468888 250274 -48079
901524 555845 -709354 -284434
750360 388846 901524 555845
750360 388846 -584381 -68644
-193266 -216992 -317737 -586895
610610 941873 901524 555845
559283 231593 284924 900992
-709354 -284434 963991 -950134
-116763 -281233 811784 299415
-408889 -838552 60089 939825
-55125 -735687 -116763 -281233
247619 584751 -460877 170404
-460877 170404 -709354 -284434
901524 555845 292150 27468
-193266 -216992 -590002 -197747
-553798 -271130 247619 584751
20556 903032 -246947 -719789
-839468 816374 20556 903032
851599 579723 -883512 -468888
-439424 901222 -264224 15691
913571 -865568 292150 27468
-590002 -197747 45249 813192
-996099 -509372 60089 939825
-193266 -216992 804968 546593
-55125 -735687 60089 939825
851599 579723 963991 -950134
-460877 170404 -101055 -612034
-193266 -216992 851599 579723
-55125 -735687 811784 299415
-974142 659169 913571 -865568
250274 -48079 20556 903032
-264224 15691 60089 939825
316525 -679728 -101055 -612034
913571 -865568 247619 584751
-317737 -586895 559283 231593
-584381 -68644 -101055 -612034
-317737 -586895 -292713 -508515
247619 584751 963991 -950134
-753949 -609350 250274 -48079
-553798 -271130 -584381 -68644
811784 299415 60089 939825
-883512 -468888 -292713 -508515
-996099 -509372 750360 388846
-317737 -586895 -753949 -609350
-460877 170404 316525 -679728
-753949 -609350 963991 -950134
-460877 170404 292150 27468
-974142 659169 -116763 -281233
20556 903032 45249 813192
-193266 -216992 -460877 170404
-317737 -586895 963991 -950134
559283 231593 -883512 -468888
-55125 -735687 804968 546593
-553798 -271130 -709354 -284434
247619 584751 -408889 -838552
-55125 -735687 963991 -950134
-317737 -586895 913571 -865568
901524 555845 -883512 -468888
559283 231593 -55125 -735687
995024 -941041 -408889 -838552
963991 -950134 -101055 -612034
-709354 -284434 250274 -48079
-839468 816374 -292713 -508515
-709354 -284434 20556 903032
804968 546593 811784 299415
-839468 816374 811784 299415
284924 900992 316525 -679728
811784 299415 -101055 -612034
851599 579723 292150 27468
-584381 -68644 60089 939825
-460877 170404 -883512 -468888
963991 -950134 45249 813192
-590002 -197747 -460877 170404
913571 -865568 284924 900992
851599 579723 -460877 170404
-839468 816374 -246947 -719789
-753949 -609350 -292713 -508515
995024 -941041 247619 584751
-553798 -271130 -101055 -612034
-839468 816374 963991 -950134
-408889 -838552 804968 546593
292150 27468 -116763 -281233
913571 -865568 -55125 -735687
20556 903032 -101055 -612034
247619 584751 811784 299415
20556 903032 811784 299415
559283 231593 20556 903032
995024 -941041 45249 813192
-439424 901222 -55125 -735687
610610 941873 750360 388846
-709354 -284434 811784 299415
610610 941873 -460877 170404
-532908 331576 -292713 -508515
-974142 659169 45249 813192
-439424 901222 610610 941873
-193266 -216992 811784 299415
750360 388846 20556 903032
-590002 -197747 -292713 -508515
-439424 901222 -839468 816374
-709354 -284434 -532908 331576
-974142 659169 -408889 -838552
-532908 331576 811784 299415
901524 555845 -246947 -719789
-996099 -509372 45249 813192
-264224 15691 -116763 -281233
-553798 -271130 750360 388846
-590002 -197747 811784 299415
-193266 -216992 -408889 -838552
20556 903032 60089 939825
-553798 -271130 -590002 -197747
-193266 -216992 -101055 -612034
610610 941873 -292713 -508515
-553798 -271130 -193266 -216992
-883512 -468888 20556 903032
-709354 -284434 -408889 -838552
-996099 -509372 559283 231593
-709354 -284434 -246947 -719789
-996099 -509372 901524 555845
-883512 -468888 804968 546593
-753949 -609350 811784 299415
851599 579723 60089 939825
-408889 -838552 -101055 -612034
-553798 -271130 811784 299415
-439424 901222 851599 579723
-193266 -216992 -292713 -508515
610610 941873 811784 299415
559283 231593 -839468 816374
-553798 -271130 851599 579723
-553798 -271130 -116763 -281233
-317737 -586895 250274 -48079
-883512 -468888 -55125 -735687
-317737 -586895 -839468 816374
559283 231593 851599 579723
610610 941873 -246947 -719789
-55125 -735687 -246947 -719789
-532908 331576 292150 27468
-193266 -216992 -709354 -284434
610610 941873 250274 -48079
-753949 -609350 292150 27468
995024 -941041 -709354 -284434
610610 941873 316525 -679728
901524 555845 45249 813192
-317737 -586895 -584381 -68644
-408889 -838552 -883512 -468888
851599 579723 45249 813192
995024 -941041 901524 555845
-974142 659169 -709354 -284434
292150 27468 -101055 -612034
913571 -865568 -408889 -838552
-709354 -284434 284924 900992
-553798 -271130 -246947 -719789
750360 388846 -532908 331576
750360 388846 -246947 -719789
750360 388846 -883512 -468888
-439424 901222 -584381 -68644
-584381 -68644 45249 813192
-553798 -271130 -532908 331576
-101055 -612034 60089 939825
-317737 -586895 -116763 -281233
-974142 659169 851599 579723
901524 555845 -101055 -612034
610610 941873 -317737 -586895
610610 941873 804968 546593
559283 231593 247619 584751
250274 -48079 60089 939825
-709354 -284434 -883512 -468888
247619 584751 -753949 -609350
250274 -48079 -264224 15691
750360 388846 804968 546593
-439424 901222 20556 903032
-590002 -197747 250274 -48079
559283 231593 811784 299415
-317737 -586895 -709354 -284434
750360 388846 250274 -48079
-193266 -216992 610610 941873
-590002 -197747 -532908 331576
-753949 -609350 20556 903032
-116763 -281233 60089 939825
-408889 -838552 -264224 15691
-439424 901222 750360 388846
901524 555845 -753949 -609350
851599 579723 -709354 -284434
-839468 816374 804968 546593
247619 584751 250274 -48079
-974142 659169 -553798 -271130
284924 900992 250274 -48079
-709354 -284434 -292713 -508515
995024 -941041 -246947 -719789
851599 579723 804968 546593
-974142 659169 316525 -679728
292150 27468 811784 299415
995024 -941041 -264224 15691
-590002 -197747 -883512 -468888
-974142 659169 -590002 -197747
-974142 659169 -246947 -719789
750360 388846 559283 231593
995024 -941041 610610 941873
901524 555845 250274 -48079
-317737 -586895 316525 -679728
-996099 -509372 20556 903032
247619 584751 -101055 -612034
-753949 -609350 -101055 -612034
963991 -950134 -292713 -508515
851599 579723 -584381 -68644
-553798 -271130 -996099 -509372
913571 -865568 250274 -48079
316525 -679728 60089 939825
610610 941873 559283 231593
247619 584751 -532908 331576
851599 579723 -532908 331576
-590002 -197747 804968 546593
292150 27468 -246947 -719789
-996099 -509372 -753949 -609350
811784 299415 45249 813192
559283 231593 -584381 -68644
995024 -941041 -292713 -508515
292150 27468 60089 939825
-996099 -509372 963991 -950134
851599 579723 -55125 -735687
-709354 -284434 316525 -679728
-553798 -271130 250274 -48079
-408889 -838552 284924 900992
-996099 -509372 -839468 816374
995024 -941041 559283 231593
559283 231593 -709354 -284434
-439424 901222 292150 27468
-883512 -468888 45249 813192
-553798 -271130 804968 546593
851599 579723 -264224 15691
-193266 -216992 20556 903032
-439424 901222 811784 299415
995024 -941041 851599 579723
559283 231593 804968 546593
901524 555845 -460877 170404
-996099 -509372 250274 -48079
-590002 -197747 -584381 -68644
995024 -941041 -883512 -468888
-439424 901222 247619 584751
559283 231593 -532908 331576
-584381 -68644 292150 27468
-246947 -719789 45249 813192
-193266 -216992 -584381 -68644
247619 584751 45249 813192
-996099 -509372 -584381 -68644
250274 -48079 -246947 -719789
250274 -48079 292150 27468
913571 -865568 -753949 -609350
913571 -865568 963991 -950134
247619 584751 284924 900992
804968 546593 60089 939825
610610 941873 -101055 -612034
247619 584751 20556 903032
-246947 -719789 60089 939825
-116763 -281233 -292713 -508515
963991 -950134 804968 546593
963991 -950134 811784 299415
-532908 331576 -584381 -68644
-590002 -197747 316525 -679728
-553798 -271130 -55125 -735687
-408889 -838552 292150 27468
-753949 -609350 804968 546593
-101055 -612034 45249 813192
995024 -941041 316525 -679728
995024 -941041 913571 -865568
-996099 -509372 -883512 -468888
-753949 -609350 -532908 331576
-753949 -609350 -460877 170404
913571 -865568 316525 -679728
804968 546593 -246947 -719789
-839468 816374 -709354 -284434
901524 555845 284924 900992
247619 584751 316525 -679728
-317737 -586895 -883512 -468888
-584381 -68644 804968 546593
-590002 -197747 -264224 15691
250274 -48079 45249 813192
610610 941873 913571 -865568
963991 -950134 -264224 15691
-532908 331576 963991 -950134
-996099 -509372 811784 299415
610610 941873 45249 813192
-839468 816374 -460877 170404
-532908 331576 20556 903032
-439424 901222 995024 -941041
-101055 -612034 -292713 -508515
-193266 -216992 60089 939825
-974142 659169 -292713 -508515
913571 -865568 -292713 -508515
-193266 -216992 284924 900992
-439424 901222 963991 -950134
901524 555845 -408889 -838552
750360 388846 811784 299415
-460877 170404 -408889 -838552
292150 27468 -55125 -735687
-590002 -197747 284924 900992
610610 941873 247619 584751
-460877 170404 284924 900992
-974142 659169 284924 900992
-883512 -468888 -101055 -612034
-883512 -468888 60089 939825
-839468 816374 -55125 -735687
610610 941873 -753949 -609350
-317737 -586895 292150 27468
-553798 -271130 -292713 -508515
-317737 -586895 -246947 -719789
-408889 -838552 -246947 -719789
-996099 -509372 -292713 -508515
247619 584751 60089 939825
851599 579723 -590002 -197747
559283 231593 292150 27468
-460877 170404 811784 299415
-193266 -216992 -753949 -609350
-116763 -281233 -246947 -719789
-839468 816374 -584381 -68644
-460877 170404 804968 546593
-974142 659169 811784 299415
-996099 -509372 913571 -865568
-193266 -216992 -264224 15691
-590002 -197747 292150 27468
316525 -679728 -292713 -508515
-974142 659169 -317737 -586895
-317737 -586895 247619 584751
247619 584751 -590002 -197747
-996099 -509372 -408889 -838552
750360 388846 -839468 816374
-439424 901222 -116763 -281233
-590002 -197747 60089 939825
995024 -941041 284924 900992
559283 231593 60089 939825
-55125 -735687 -264224 15691
-193266 -216992 250274 -48079
247619 584751 -584381 -68644
-883512 -468888 316525 -679728
284924 900992 -246947 -719789
-974142 659169 804968 546593
901524 555845 -590002 -197747
750360 388846 247619 584751
913571 -865568 20556 903032
750360 388846 -753949 -609350
-439424 901222 -292713 -508515
-883512 -468888 -116763 -281233
559283 231593 45249 813192
45249 813192 -292713 -508515
20556 903032 316525 -679728
316525 -679728 963991 -950134
559283 231593 -460877 170404
-408889 -838552 -116763 -281233
-996099 -509372 -246947 -719789
-317737 -586895 -460877 170404
-193266 -216992 247619 584751
610610 941873 20556 903032
