1000
999993 -356751 751155 -999993
-682505 999993 -457407 -999993
-666315 999993 50885 -999993
-163529 -999993 -82494 999993
-999993 -637620 -291304 999993
-999993 155412 500381 999993
-332889 999993 451374 -999993
-999993 -33438 -918908 999993
999993 -395898 -830229 -999993
999993 -805519 846193 999993
-856541 999993 -697106 -999993
999993 -726664 888603 -999993
-999993 -859433 999993 175192
882773 999993 -929153 -999993
999993 -678126 -867459 999993
-999993 843599 -273543 -999993
181831 999993 -999993 -38496
999993 -195770 -999993 582850
-369276 -999993 -999993 -486136
-999993 -929433 999993 -828162
127260 -999993 -999993 581321
-999993 586641 -862406 -999993
999993 -567439 168618 -999993
-813311 999993 -999993 -557252
999993 266148 -999993 -554166
999993 335466 758515 999993
-999993 -953145 999993 214636
-999993 538845 999993 938586
757670 999993 781663 -999993
-999993 -870734 555506 999993
999993 945280 -999993 762751
-659232 999993 -999993 -235592
-299658 999993 -999993 365449
999993 -803309 487746 -999993
-999993 -215810 646714 999993
-789509 999993 -963091 -999993
-999993 -136702 -488905 999993
-999993 56273 999993 -537865
758457 -999993 999993 -434971
999993 697220 -788821 -999993
-884315 999993 -151919 -999993
-999993 -982815 -918410 -999993
-942502 -999993 -999993 460675
-748299 999993 -999993 -97935
-999993 -190514 -622217 -999993
999993 689024 645748 -999993
-999993 -626975 999993 291534
-999993 900274 -912221 -999993
-200776 999993 -645456 -999993
-547942 999993 -999993 864432
999993 621095 -770940 999993
-999993 654033 999993 990447
-321210 -999993 999993 -162774
580348 -999993 -999993 -144008
-788878 -999993 999993 962880
-999993 -908669 155828 -999993
-999993 581321 999993 397565
-999993 -589325 238840 -999993
694757 -999993 999993 983514
-824221 999993 999993 -326290
-999993 -768473 -332889 999993
999993 -567309 -999993 -366132
-658469 -999993 -872124 999993
-999993 403268 178005 -999993
-17474 -999993 999993 -167823
-773043 -999993 -999993 382278
-999993 346716 -777808 -999993
588651 -999993 999993 148077
999993 665562 478109 -999993
999993 -592075 -999993 958645
-999993 389241 -45820 -999993
402212 -999993 617169 999993
999993 -570717 -999993 -981606
999993 -797931 -960775 999993
192258 -999993 999993 741630
-999993 -313172 -159436 -999993
178005 -999993 185535 999993
-999993 127625 139394 999993
968967 -999993 999993 96896
999993 -170053 -999993 -950503
-51067 -999993 -999993 510965
999993 703441 -999993 33980
-962047 -999993 -549868 999993
999993 838375 -999993 -160139
607662 999993 546769 -999993
505067 -999993 -641083 999993
-999993 762751 -987606 999993
999993 892143 -999993 -242953
-999993 315515 999993 783040
999993 -427157 -999993 657913
999993 -459183 -849270 999993
-16858 999993 999993 131988
-424325 -999993 -46531 999993
696243 -999993 -999993 50421
-522226 999993 999993 893245
362228 -999993 -999993 433599
-72193 999993 999993 -396941
-999993 -144008 999993 -720683
999993 -238352 -999993 714406
418380 -999993 -611158 999993
-999993 -58602 -460740 -999993
-711729 999993 -83911 -999993
431321 999993 -139940 -999993
-812872 -999993 -999993 -850299
-999993 438842 -669556 -999993
-925212 -999993 -999993 -596579
999993 773671 703808 -999993
999993 847035 -999993 465700
-862406 -999993 -872902 999993
620593 999993 -881341 -999993
999993 999993 999993 -999993
-999993 -356285 999993 128763
116718 -999993 -999993 81153
-999993 423974 999993 802941
780642 -999993 -999993 -11817
659549 -999993 62639 999993
-999993 -829857 999993 739294
-999993 -486136 -495400 999993
646714 999993 999993 -717294
-521556 -999993 -999993 -78872
-999993 731275 972942 999993
999993 953568 305020 -999993
-736691 -999993 999993 185021
499937 999993 -812872 -999993
426623 999993 999993 605455
-772203 -999993 -999993 -824315
-662208 -999993 943151 999993
999993 -207576 -999993 619446
703808 -999993 588346 999993
61994 -999993 -999993 381591
-999993 376897 948802 -999993
667559 -999993 999993 -48654
-671538 -999993 945294 999993
999993 647543 -999993 742831
-596714 999993 999993 -791174
999993 131988 -999993 354103
546769 -999993 -999993 708538
-999993 510965 -521886 999993
-806509 999993 -526805 -999993
-541351 999993 -999993 850192
-999993 416836 -203088 -999993
999993 -551387 -999993 62610
-999993 434551 999993 922874
-999993 742383 -259457 -999993
-999993 848963 -666315 999993
430112 999993 -999993 449435
684377 -999993 999993 -339655
999993 322440 -486906 999993
-999993 -521623 -385677 999993
-495400 999993 -369276 -999993
89141 -999993 -50019 999993
-999993 -61318 -168100 999993
-767700 -999993 -999993 237898
-744370 999993 -502977 -999993
-987337 -999993 999993 621095
260466 999993 999993 877892
999993 130339 -999993 96588
-999993 -925768 867344 999993
720530 -999993 -999993 316197
846193 999993 143520 -999993
701743 -999993 -232758 999993
884697 999993 999993 -592075
833717 -999993 -152468 999993
999993 -63682 -999993 138573
238840 -999993 999993 256534
419614 999993 -999993 677653
-175619 999993 -999993 434551
-999993 -421510 297195 999993
-999993 146209 -662257 999993
999993 -332924 -234287 -999993
-999993 382278 999993 303960
-291304 999993 613356 -999993
999993 214636 -559500 999993
999993 385111 859710 -999993
39586 -999993 999993 -293931
999993 -215876 -662208 -999993
999993 -405636 -999993 376897
999993 -486305 -888595 -999993
999993 252180 -999993 22957
999993 722985 -999993 66907
-568661 999993 999993 -94928
999993 -759887 -999993 -41094
999993 -526623 447220 -999993
-778006 999993 -999993 -12107
-470184 -999993 999993 -452729
32948 -999993 -69730 999993
999993 -293881 -147961 999993
-999993 864432 597987 -999993
-168100 999993 999993 205098
-999993 406127 951219 -999993
728985 999993 694039 -999993
999993 -949330 -694161 -999993
95044 999993 999993 639249
-999993 243945 999993 -327935
-997064 -999993 -568661 999993
700971 -999993 -999993 795109
-999993 157547 999993 264747
-999993 457843 999993 934836
-999993 -592115 47216 -999993
-999993 119380 684377 -999993
999993 175192 -301584 999993
999993 537823 -851035 -999993
999993 375734 -299658 999993
125329 -999993 -219286 999993
-888595 -999993 -999993 892503
999993 731510 -999993 -89775
-207878 -999993 -999993 -521623
-225185 -999993 -999993 649685
999993 305627 -999993 315280
999993 151087 451990 -999993
89843 999993 -596230 -999993
62949 -999993 999993 53629
-522410 999993 999160 -999993
999993 -674539 696243 -999993
-972911 -999993 -999993 -829857
999993 908156 -522410 999993
-953019 999993 -999993 809371
-999993 -747266 -921759 -999993
-999993 -843552 -67249 999993
999993 -828162 367217 999993
598756 999993 -999993 -304095
-999993 780685 -82732 999993
-849270 999993 -300809 -999993
-711250 -999993 999993 838375
999993 397565 127260 -999993
-788665 999993 999993 557792
-46531 999993 999993 171154
-999993 -388489 659549 -999993
-50019 999993 -999993 -980713
-999993 159278 -682505 999993
-170782 999993 999993 341283
-999993 571850 -560941 -999993
999993 61536 362228 -999993
999993 -791174 -999993 -30273
999993 -717294 -999993 -215810
951050 999993 -999993 664883
-999993 -97935 -603889 -999993
-999993 433599 999993 61536
-260841 -999993 -522226 999993
795594 999993 -226092 -999993
-356264 999993 -548766 -999993
999993 289369 -999993 -34085
203441 999993 -999993 562739
999993 -570534 -999993 13429
999993 670900 431321 999993
999993 171154 -424325 -999993
999993 297010 -999993 617575
999993 398093 598756 999993
-637770 -999993 999993 33796
-131788 -999993 -999993 725753
-846512 999993 -999993 900274
-999993 -712113 999993 870335
-999993 138573 894912 999993
-619944 -999993 999993 -536258
897996 999993 -999993 -978769
-999993 -938424 999993 936982
754175 -999993 -999993 -194883
-245556 999993 758457 -999993
841717 999993 -150467 -999993
-570142 999993 -999993 -600691
999993 -495070 780642 -999993
-432349 -999993 -999993 284485
999993 289279 -412691 999993
999993 53629 919956 999993
-159402 999993 999993 -949330
856118 -999993 -999993 -835685
283963 999993 -999993 -512698
999993 -396941 -999993 -543745
-999993 345801 -783421 999993
-67249 999993 858674 -999993
999993 354231 -999993 -33438
-999993 449435 999993 -674796
999993 286258 720530 -999993
-404178 999993 -633384 -999993
-999993 -939702 -160495 999993
999993 -119033 287945 999993
999993 639249 -613238 -999993
-999993 -160139 -711250 -999993
571841 999993 999993 717548
-999993 335766 -237949 -999993
-999993 906751 634505 999993
999993 185021 133927 999993
-662257 999993 999993 -327213
-958187 -999993 999993 603472
-999993 594757 369392 -999993
-135195 -999993 -170782 999993
-999993 -970479 302930 -999993
-63560 -999993 -999993 -939702
-999993 -557252 999993 -562695
-26847 999993 -999993 -544412
-67324 -999993 999993 797107
-999993 809371 999993 917979
846154 999993 -666907 -999993
999993 -572803 -163529 -999993
999993 -826542 181831 999993
781663 -999993 999993 727064
-999993 -543745 -72193 999993
305237 999993 -784846 -999993
-549868 999993 999993 195661
999993 966418 833717 -999993
-999993 289867 667559 -999993
-999993 -696272 -17474 -999993
859710 -999993 -999993 839375
999993 -925005 707664 999993
999993 -961055 487810 -999993
302930 -999993 452412 999993
-929348 999993 39586 -999993
999993 -386908 158982 999993
999993 -624803 585880 -999993
338153 -999993 999993 -567309
865004 -999993 -824221 999993
-999993 -972172 999993 -961055
999993 926002 -999993 516633
999993 506480 -999993 -921914
-125930 999993 999993 731510
-999993 112400 -941220 -999993
999993 -35522 -999993 -769131
-999993 582850 507160 999993
-9594 -999993 97795 999993
999993 -674796 430112 999993
-999993 176568 999993 -342771
-366912 999993 -999993 303334
999993 605455 -999993 207204
-999993 795109 999993 -716121
-433277 -999993 -999993 -925768
282567 999993 999993 788669
-999993 -194975 999993 689024
-999993 96588 766056 -999993
153828 -999993 563197 999993
999993 977926 -570142 999993
503473 -999993 260466 999993
999993 -487897 -516919 -999993
999993 983514 -999993 -833432
999993 144355 -541351 999993
999993 -323803 644567 -999993
-999993 -490754 999993 -918150
-999993 381591 -675580 999993
-999993 617575 -606137 -999993
-956354 999993 -999993 716728
26782 999993 -179760 -999993
-554709 999993 999993 780054
999993 623306 -98325 -999993
-999993 677653 829592 -999993
554671 999993 999993 -726664
323231 999993 -999993 346716
613356 -999993 -999993 -637620
-999993 -819421 288009 999993
999993 782890 -55045 999993
565507 999993 999993 -35466
825604 -999993 999993 144436
999993 934836 -806557 999993
-330472 999993 999993 953568
-999993 -187083 839356 -999993
-641945 -999993 999993 892143
158982 999993 289200 -999993
-999993 517164 320652 -999993
-643649 -999993 -778006 999993
395479 -999993 999993 619173
-999993 742831 510509 999993
999993 -16883 -999993 132369
-259457 -999993 999993 140029
999993 -489059 -999993 145077
-207697 -999993 -999993 -307714
-896162 999993 -767700 -999993
422988 999993 661524 -999993
999993 265701 -999993 -805732
999993 140029 -999993 742383
403292 -999993 999993 926002
-999993 -38496 999993 -826542
-790735 -999993 -999993 -526763
999993 717548 -149592 -999993
-82494 999993 999993 -572803
999993 -523692 422988 999993
289200 -999993 999993 -386908
481804 999993 999993 -213706
-999993 -188611 620593 999993
-999993 219641 999993 -131923
-999993 -283865 999993 -797931
-999993 301664 -744370 999993
-999993 -950503 668975 999993
999993 -474663 951050 999993
999993 871186 -999993 -252116
-139940 -999993 999993 670900
766056 -999993 999993 130339
585880 -999993 408093 999993
305020 -999993 -330472 999993
-999993 -465283 999993 -395898
999993 -7624 27779 999993
555506 999993 597259 -999993
-867459 999993 -999993 243107
-202440 999993 999993 -567439
-674269 999993 994469 -999993
999993 -572226 882773 999993
-918908 999993 999993 354231
231827 -999993 19097 999993
-669251 999993 999993 -368976
-521886 999993 -51067 -999993
999993 -162774 823888 999993
-606137 -999993 999993 297010
-999993 22957 -184464 999993
-999993 -138513 -637770 -999993
-999993 -833432 694757 -999993
999993 -777245 231827 -999993
-300809 -999993 999993 -459183
-999993 248165 999993 501528
-999993 -30273 -596714 999993
-770940 999993 -987337 -999993
47216 -999993 -212980 999993
-226092 -999993 -999993 -901871
122095 -999993 -999993 56273
-999993 -88176 999993 936959
999993 603472 -537680 999993
-622217 -999993 900183 999993
999993 -297532 520872 -999993
-702156 -999993 -554709 999993
948802 -999993 999993 -405636
999993 141193 -999993 389241
-462307 999993 -999993 654033
-633384 -999993 999993 611017
-366835 999993 -790735 -999993
288009 999993 241602 -999993
-999993 297723 999993 817876
999993 -295601 -322961 -999993
130134 -999993 -999993 -626975
-82732 999993 999993 149217
999160 -999993 999993 908156
891969 999993 -999993 946675
867259 999993 -999993 -187083
626265 -999993 -999993 538845
-999993 -92918 -711729 999993
900183 999993 -999993 -190514
-694161 -999993 -159402 999993
788464 -999993 -999993 929901
297195 999993 999993 476788
751155 -999993 -253334 999993
-999993 516633 403292 -999993
999993 802941 261910 999993
-999993 -876120 999993 586549
-201228 -999993 999993 -849400
999993 -368976 -999993 968461
-159436 -999993 999993 602568
139394 999993 -812378 -999993
-788107 -999993 -187546 999993
-999993 66907 455364 999993
999993 -55769 -324782 -999993
-999993 243107 999993 -678126
-281700 999993 -999993 -213484
-590262 999993 999993 -72130
-999993 619446 602942 999993
999993 780054 -702156 -999993
999993 -293931 -929348 999993
-999993 -615580 -305084 -999993
999993 205098 -999993 -61318
588346 999993 999993 773671
999993 -699368 856118 -999993
-273543 -999993 999993 828891
-324782 -999993 120645 999993
72611 -999993 999993 871186
-266400 -999993 -999993 -135494
290134 999993 -999993 -612840
-394772 -999993 999993 -567584
492054 999993 -999993 32918
-999993 905303 -857107 999993
-372953 999993 999993 138797
449662 999993 395479 -999993
-912221 -999993 -846512 999993
820723 -999993 503891 999993
999993 -98879 -999993 639716
-83911 -999993 -999993 -92918
-999993 958645 884697 999993
-999993 -999993 999993 -999993
-680822 -999993 999993 254155
-999993 -613451 999993 697220
999993 893245 -260841 -999993
-188221 999993 340958 -999993
945294 999993 -999993 628426
-999993 28583 999993 289279
999993 -761682 16690 -999993
999993 -387711 -222238 999993
999993 -166822 -999993 -178210
612550 -999993 999993 111514
-999993 657913 -917976 999993
999993 348052 793135 -999993
999993 501528 747606 -999993
999993 -536258 808723 999993
999993 642622 -207697 -999993
-697106 -999993 999993 110375
195675 -999993 999993 -551387
-481535 999993 -999993 295668
999993 611017 -404178 999993
-460740 -999993 999993 -397668
999993 734342 941374 999993
951219 -999993 -252166 999993
-999993 898945 999993 -698063
-999993 483545 899129 999993
-954239 999993 999993 348052
-999993 715477 89843 999993
-999993 -806895 819924 -999993
-69730 999993 -999993 767381
42906 -999993 -366912 999993
999993 238617 -999993 335766
999993 -918150 595178 999993
999993 67050 -772203 -999993
597987 -999993 -547942 999993
999993 -698063 66105 999993
97795 999993 999993 487599
999993 145306 -999993 283097
1967 999993 999993 -803309
318768 999993 999993 -489059
-917976 999993 999993 -427157
-872124 999993 999993 882610
-999993 -12107 -643649 -999993
-756940 -999993 999993 593271
999993 144436 -722876 999993
-999993 -234828 999993 623306
747606 -999993 -999993 248165
-999993 628426 -671538 -999993
15199 -999993 223920 999993
999993 936982 -190695 999993
999993 877892 503473 -999993
867344 999993 -433277 -999993
-212980 999993 -999993 -592115
133927 999993 -736691 -999993
-251182 999993 999993 -487897
-253334 999993 999993 -356751
894855 999993 90386 -999993
-516199 -999993 999993 -759887
320652 -999993 -607287 999993
999993 291534 130134 -999993
520872 -999993 -416480 999993
-999993 -687639 -394772 -999993
999993 -864009 -645375 -999993
999993 -835054 -26847 999993
168618 -999993 -202440 999993
941374 999993 676430 -999993
185535 999993 -999993 403268
999993 -558655 82523 -999993
827769 -999993 -999993 -347874
-599948 -999993 -999993 905303
-999993 -178012 -65916 -999993
839356 -999993 867259 999993
-305084 -999993 999993 122807
999993 15348 418380 -999993
999993 224 -225185 -999993
-854050 -999993 999993 571322
451374 -999993 -999993 -768473
-217988 -999993 999993 -173416
-647497 -999993 -999993 699904
999993 586549 900129 999993
-55045 999993 -541557 -999993
-585536 -999993 -956354 999993
999993 26763 116718 -999993
-838941 999993 -999993 112400
139580 -999993 -999993 896310
999993 -35466 802538 -999993
999993 196013 -784977 999993
999993 -397668 -999993 -58602
999993 -576766 -999993 335145
-999993 237898 -896162 999993
510509 999993 999993 647543
223920 999993 999993 -628826
-999993 465700 513397 999993
455364 999993 999993 722985
487837 -999993 999993 335466
624397 -999993 203441 999993
999993 -237592 -925212 -999993
999993 -213706 -999993 566359
-656498 -999993 -999993 -58117
-687374 999993 999993 33946
-603889 -999993 -748299 999993
999993 -480264 826314 999993
-999993 32918 -360812 -999993
268976 -999993 -999993 -136702
999993 -439678 -7030 -999993
-237949 -999993 999993 238617
-999993 981601 -67324 -999993
-999993 -749856 678534 -999993
999993 -654211 -999993 331725
-999993 -366132 338153 -999993
-322961 -999993 -999993 534434
-999993 460675 999993 69377
719374 999993 999993 51371
-385677 999993 -207878 -999993
82523 -999993 -852666 999993
674139 999993 788464 -999993
999993 917979 -953019 999993
999993 -628826 15199 -999993
-999993 283097 -139970 999993
901931 999993 999993 665562
999993 -720683 580348 -999993
-999993 -355190 125329 -999993
-457407 -999993 -999993 159278
-830229 -999993 -999993 -465283
-806557 999993 -999993 457843
-999993 316197 999993 286258
478109 -999993 901931 999993
899129 999993 410092 -999993
-881341 -999993 -999993 -188611
-999993 -11817 999993 -495070
-999993 534434 999993 -295601
761163 999993 999993 537823
999993 -72130 -390264 -999993
645748 -999993 -999993 -194975
389727 -999993 -999993 442829
-645375 -999993 -309192 999993
999993 571322 336993 999993
999993 859153 -521556 -999993
999993 96896 34046 999993
-45820 -999993 999993 141193
999993 148077 630005 999993
999993 539389 290134 999993
-559500 999993 -999993 -953145
451990 -999993 -999993 -772019
793135 -999993 -954239 999993
863323 -999993 -999993 731275
513397 999993 999993 847035
999993 264747 -777046 999993
-784846 -999993 999993 77003
999993 922874 -175619 999993
-999993 769389 999993 139903
592869 999993 999993 -654211
999993 -48654 -999993 289867
999993 180035 -226265 -999993
66105 999993 -999993 898945
-207960 -999993 999993 -166822
124162 -999993 999993 667995
-999993 660222 -806509 999993
999993 507289 -999993 571850
-163601 999993 -680822 -999993
-412691 999993 -999993 28583
-999993 -980713 89141 -999993
-999993 -596579 999993 -237592
602942 999993 999993 -207576
999993 817876 -650697 999993
287945 999993 256292 -999993
-666907 -999993 999993 289706
-921759 -999993 999993 -253727
-784977 999993 -532759 -999993
-999993 -887858 26782 999993
556988 999993 999993 -139943
-794347 999993 -432349 -999993
-851035 -999993 761163 999993
-560941 -999993 999993 507289
597259 -999993 -999993 -870734
999993 256534 -999993 -589325
999993 870335 -634990 -999993
-999993 951313 999993 -723696
-941220 -999993 -838941 999993
-502977 -999993 -999993 301664
999993 -537865 122095 -999993
-669556 -999993 999993 592140
143520 -999993 999993 -805519
-179760 -999993 -999993 -887858
999993 -452729 -999993 665788
941786 999993 -999993 -318722
261910 999993 -999993 423974
999993 -74532 841717 999993
-444842 999993 -999993 -7095
-999993 52745 -687374 999993
432292 -999993 941786 999993
-999993 946675 -224723 -999993
999993 -173416 220407 999993
-999993 145077 318768 999993
919956 999993 62949 -999993
957750 -999993 999993 214579
999993 -723696 -667373 -999993
486976 999993 612550 -999993
-999993 892503 999993 -486305
634505 999993 -442622 -999993
999993 727064 757670 999993
-222238 999993 -999993 -603834
-857107 999993 -599948 -999993
487746 -999993 1967 999993
999993 424833 -999993 -982815
27779 999993 -934042 -999993
-252166 999993 -999993 406127
-999993 -109879 -356264 999993
999993 214579 -999993 -698343
242742 -999993 -999993 176568
452412 999993 -999993 -970479
-999993 -41094 -516199 -999993
-151919 -999993 999993 675882
999993 938586 626265 -999993
-152468 999993 999993 966418
999993 739294 -972911 -999993
819924 -999993 391882 999993
391882 999993 -999993 -806895
999993 593271 694323 999993
-613238 -999993 95044 999993
-516919 -999993 -251182 999993
-960775 999993 -999993 -283865
-999993 699904 657882 999993
809995 999993 -999993 -908669
62639 999993 -999993 -388489
-688505 999993 999993 289369
-999993 303334 42906 -999993
999993 -167823 -999993 -696272
-160495 999993 -63560 -999993
-999993 880821 999993 -6487
999993 33946 -999993 52745
999993 -119780 -266400 -999993
-641083 999993 -999993 458115
-999993 417510 282567 999993
-650697 999993 -999993 297723
-999993 -554166 -476434 999993
296116 999993 999993 305627
-548766 -999993 -999993 -109879
999993 -567584 -999993 -687639
999993 -315347 565255 999993
-999993 -698343 957750 -999993
999993 341226 728985 999993
999993 -131923 319174 999993
-999993 298728 999993 -332924
410092 -999993 -999993 483545
678534 -999993 999993 -603071
-999993 -612840 999993 539389
-929153 -999993 999993 -572226
-999993 -58117 -19269 999993
-448330 -999993 283963 999993
617169 999993 999993 352713
182232 -999993 999993 -576766
-999993 562739 624397 -999993
-999993 968461 -669251 999993
-999993 354103 -16858 999993
-716051 999993 827769 -999993
-488905 999993 268976 -999993
-999993 649685 999993 224
-183227 -999993 -444842 999993
744625 -999993 -999993 769389
-999993 826548 -246506 -999993
-999993 -318722 432292 -999993
-297010 999993 -999993 594757
-999993 -304095 999993 398093
-999993 -824315 999993 67050
999993 468464 -999993 -178012
999993 37169 -200776 999993
50885 -999993 -999993 848963
-3181 999993 999993 -35522
999993 797107 -999993 981601
999993 -973814 -188221 999993
-999993 331725 592869 999993
999993 -886815 -481535 999993
-537680 999993 -958187 -999993
999993 -253727 -999993 -747266
-224723 -999993 891969 999993
999993 619173 449662 999993
972942 999993 863323 -999993
-441932 999993 139580 -999993
794396 999993 750526 -999993
-999993 -135494 999993 -119780
-999993 -512698 -448330 -999993
-315028 -999993 -788665 999993
-999993 -7095 -183227 -999993
-987606 999993 999993 945280
-219286 999993 -999993 -355190
-999993 -391774 -337864 -999993
900129 999993 -999993 -876120
802538 -999993 565507 999993
-718129 -999993 999993 -238352
900314 -999993 999993 703441
-999993 -316761 -789509 999993
999993 828891 -999993 843599
999993 -327935 -490361 -999993
999993 149217 -999993 780685
676430 -999993 999993 734342
-532759 -999993 999993 196013
-999993 -978769 999993 851934
999993 254155 -163601 999993
-999993 -178210 -207960 -999993
-596230 -999993 -999993 715477
712618 999993 999993 -570534
-776876 -999993 -999993 345801
999993 51371 481564 -999993
-999993 207204 426623 999993
707664 999993 694505 -999993
823888 999993 -321210 -999993
-311006 -999993 999993 -415114
-999993 839375 999993 385111
-999993 716728 -585536 -999993
-999993 -901871 795594 999993
520312 -999993 999993 -525027
-999993 -924154 -674269 999993
999993 110375 -856541 999993
999993 -434971 -245556 999993
-999993 335145 182232 -999993
-65916 -999993 999993 468464
-788821 -999993 -999993 -613451
-284122 999993 389727 -999993
999993 592140 -999993 438842
-999993 365449 999993 375734
109254 -999993 999993 -293881
-669723 999993 124162 -999993
-19269 999993 -656498 -999993
-934042 -999993 999993 -7624
999993 990447 -462307 999993
-490361 -999993 -999993 243945
-783421 999993 -776876 -999993
-999993 896310 -441932 999993
999993 788669 -999993 417510
813315 999993 -999993 416836
862875 999993 999993 -570717
-872902 999993 -999993 586641
999993 352713 402212 -999993
-999993 -772019 999993 151087
999993 973572 794396 999993
-416480 999993 999993 -297532
-232758 999993 999993 216075
999993 122807 -999993 -615580
999993 -603071 -999993 -749856
-301584 999993 -999993 -859433
999993 195661 -962047 -999993
-918410 -999993 999993 424833
-139970 999993 999993 145306
-309192 999993 999993 -864009
500381 999993 -33682 -999993
994469 -999993 -999993 -924154
-999993 639716 952520 -999993
999993 675882 -884315 999993
-999993 767381 32948 -999993
369392 -999993 -297010 999993
-999993 850192 999993 144355
-234287 -999993 -999993 298728
336993 999993 -854050 -999993
-246506 -999993 865063 999993
-184464 999993 999993 252180
-999993 315280 296116 999993
120645 999993 999993 -55769
-634990 -999993 -999993 -712113
865063 999993 -999993 826548
668975 999993 999993 -170053
999993 2474 -131788 -999993
-999993 -981606 862875 999993
-226265 -999993 -999993 178505
999993 487599 -9594 -999993
-999993 33980 900314 -999993
999993 -342771 242742 -999993
999993 -849400 -999993 -565544
-999993 132369 851842 -999993
999993 216075 701743 -999993
241602 -999993 -999993 -819421
-999993 665788 -470184 -999993
-999993 62610 195675 -999993
-999993 13429 712618 999993
319174 999993 -999993 219641
-999993 -307714 999993 642622
-999993 -769131 -3181 999993
-442622 -999993 -999993 906751
-999993 -34085 -688505 999993
-999993 -835685 999993 -699368
-319189 999993 999993 -323803
-999993 929901 674139 999993
999993 -6487 -185727 999993
999993 -219265 820723 -999993
-999993 -544412 999993 -835054
999993 111514 486976 999993
487810 -999993 -999993 -972172
-187546 999993 -999993 -433229
-664028 999993 999993 506480
-337864 -999993 -334543 999993
252717 999993 -999993 -356285
999993 -525027 -999993 -880894
999993 138797 -999993 -322387
220407 999993 -217988 -999993
-607287 999993 -999993 517164
-999993 -133704 192258 -999993
-999993 223647 -311006 -999993
999993 936959 108049 999993
-999993 -880894 520312 -999993
-844452 -999993 999993 265701
999993 341283 -135195 -999993
-999993 -850299 499937 999993
999993 128763 252717 999993
507160 999993 999993 -195770
481564 -999993 719374 999993
-541557 -999993 999993 782890
-539740 999993 -999993 315515
-999993 -322387 -372953 999993
-999993 -565544 -201228 -999993
-390264 -999993 -590262 999993
-812378 -999993 -999993 127625
340958 -999993 999993 -973814
-190695 999993 -999993 -938424
-203088 -999993 813315 999993
-999993 -756751 -788878 -999993
-486906 999993 -999993 772132
-999993 -921914 -664028 999993
851842 -999993 999993 -16883
-999993 -89775 -125930 999993
-999993 -805732 -844452 -999993
-777046 999993 -999993 157547
999993 77003 305237 999993
19097 999993 999993 -777245
447220 -999993 765915 999993
-999993 -600691 999993 977926
595178 999993 -999993 -490754
943151 999993 999993 -215876
-852666 999993 999993 -558655
-999993 -252116 72611 -999993
-999993 714406 -718129 -999993
-999993 -242953 -641945 -999993
765915 999993 999993 -526623
374301 999993 999993 -439678
829592 -999993 419614 999993
826314 999993 -999993 151830
999993 851934 897996 999993
-476434 999993 999993 266148
999993 557792 -315028 -999993
-999993 295668 999993 -886815
408093 999993 999993 -624803
-7030 -999993 374301 999993
758515 999993 487837 -999993
888603 -999993 554671 999993
694039 -999993 999993 341226
-999993 708538 607662 999993
630005 999993 588651 -999993
-879417 -999993 -281700 999993
-999993 151830 999993 -480264
-999993 603772 894855 999993
999993 139903 744625 -999993
-999993 178505 999993 180035
367217 999993 -999993 -929433
694505 -999993 999993 -925005
-334543 999993 -999993 -391774
-999993 -265853 556988 999993
563197 999993 -999993 -488236
999993 -415114 -999993 223647
-667373 -999993 -999993 951313
-33682 -999993 -999993 155412
-963091 -999993 -999993 -316761
16690 -999993 -999993 -660884
999993 999993 -999993 999993
-611158 999993 999993 15348
952520 -999993 999993 -98879
999993 741630 -999993 -133704
565255 999993 -638835 -999993
999993 -327213 -999993 146209
999993 -94928 -997064 -999993
999993 303960 -773043 -999993
999993 962880 -999993 -756751
34046 999993 968967 -999993
-777808 -999993 323231 999993
999993 -562695 -813311 999993
-149592 -999993 571841 999993
-999993 -526763 -366835 999993
-999993 284485 -794347 999993
256292 -999993 999993 -119033
-999993 81153 999993 26763
-999993 -660884 999993 -761682
894912 999993 999993 -63682
999993 69377 -942502 -999993
-147961 999993 109254 -999993
808723 999993 -619944 -999993
-98325 -999993 -999993 -234828
-999993 664883 999993 -474663
999993 602568 -999993 -313172
-999993 458115 505067 -999993
90386 -999993 -999993 603772
-722876 999993 825604 -999993
999993 525907 754175 -999993
503891 999993 999993 -219265
108049 999993 -999993 -88176
999993 476788 -999993 -421510
-999993 -213484 -879417 -999993
999993 -716121 700971 -999993
-999993 -347874 -716051 999993
-917968 -999993 -659232 999993
-675580 999993 61994 -999993
-999993 -603834 999993 -387711
999993 882610 -658469 -999993
999993 783040 -539740 999993
858674 -999993 -999993 -843552
-999993 -235592 -917968 -999993
-999993 -488236 153828 -999993
999993 -339655 -999993 119380
-185727 999993 -999993 880821
694323 999993 -756940 -999993
661524 -999993 999993 -523692
-638835 -999993 999993 -315347
-999993 -194883 999993 525907
155828 -999993 809995 999993
-999993 725753 999993 2474
-150467 -999993 999993 -74532
-999993 -78872 999993 859153
-999993 -999993 -999993 999993
999993 33796 -999993 -138513
999993 -326290 865004 -999993
-526805 -999993 -999993 660222
644567 -999993 -319189 999993
-360812 -999993 492054 999993
999993 289706 846154 999993
-999993 772132 999993 322440
-999993 -433229 -788107 -999993
-999993 566359 481804 999993
-999993 50421 999993 -674539
-645456 -999993 999993 37169
750526 -999993 999993 973572
999993 667995 -669723 999993
657882 999993 -647497 -999993
-999993 442829 -284122 999993
999993 -139943 -999993 -265853
