1000
-999993 -97587 999993 -245518
999993 -266697 -495679 999993
999993 855520 -368434 999993
-618909 -999993 -999993 546306
286779 999993 -910741 -999993
328520 999993 600545 -999993
999993 466808 -999993 -654066
999993 790833 631078 999993
-999993 976678 -348200 -999993
718569 -999993 -841330 999993
-82309 999993 999993 938376
999993 508450 -999993 976678
-869578 -999993 999993 -907599
-198503 -999993 334858 999993
-999993 156784 -234919 -999993
-999993 -825366 421025 -999993
130515 -999993 999993 909918
-749341 999993 999993 726608
999993 -266877 -999993 836224
-999993 -999993 -999993 999993
-375972 999993 -999993 521477
315627 -999993 -999993 83197
-813606 -999993 -999993 -678054
999993 -749274 298850 999993
-841330 999993 -999993 -734298
999993 -628758 -729871 999993
999993 739844 625912 -999993
-776675 -999993 999993 971520
220272 999993 -999993 -59423
999993 -535675 -375972 999993
-353341 999993 -232960 -999993
-999993 505794 272027 999993
-999993 207866 -959310 -999993
-999993 -103283 -437068 -999993
-999993 87662 -607160 -999993
999993 -567048 -999993 579023
999993 -500241 -320602 999993
999993 -500748 -999993 -873347
-999993 -68146 968738 999993
566893 999993 999993 -556419
-332708 -999993 -999993 223102
999993 -496768 52009 999993
999993 -915068 -883941 999993
999993 -587693 -517561 -999993
-560031 999993 483246 -999993
-999993 -284771 -699292 999993
-999993 218743 -781073 -999993
-910741 -999993 999993 613174
558625 999993 -999993 -407124
999993 87678 -164273 -999993
-305005 999993 -999993 693586
-40283 -999993 999993 525383
-999993 -766853 -878230 -999993
-999993 -229785 -368687 999993
999993 730132 478937 -999993
999993 -499572 -886477 -999993
999993 -389779 -765726 999993
999993 601709 -30368 -999993
-869659 999993 999993 -567048
-194771 -999993 -999993 997897
-999993 -201578 999993 -421091
920167 -999993 -999993 348241
999993 -421091 -259084 999993
-999993 746019 -749341 999993
-669944 -999993 -360320 999993
659842 -999993 79116 999993
-999993 -222476 420650 999993
-999993 979795 987531 -999993
-785382 999993 -545328 -999993
-473873 999993 -999993 680056
999993 485844 555974 -999993
999993 -934831 -999993 -532656
-999993 -497444 999993 -582233
999993 215661 -47333 999993
-999993 847210 999993 -903348
999993 615335 -999993 603591
-300189 -999993 224737 999993
-729871 999993 -556554 -999993
999993 -166473 848221 999993
999993 -491957 798273 -999993
-999993 -858497 999993 -610107
997579 999993 -999993 324759
999993 -559347 -987988 999993
718067 -999993 -999993 839844
999993 893293 -999993 -884955
179519 -999993 999993 -98025
-427686 999993 3818 -999993
-999993 997897 999993 -721990
222181 -999993 999993 531589
999993 384495 577125 999993
999993 -827090 42511 999993
-938672 999993 -7184 -999993
-615063 999993 913002 -999993
999993 -495752 -999993 -11791
-999993 -881559 999993 -918496
875964 -999993 999993 -309253
-999993 -735405 311768 999993
999993 197702 617845 -999993
995089 999993 -741599 -999993
599068 -999993 -999993 -818981
-999993 789244 -710022 -999993
-856580 999993 999993 -126640
999993 213955 -999993 281139
999993 -536916 -573316 -999993
104586 -999993 999993 963397
380516 999993 999993 800451
-999993 -679132 999993 -587693
582404 999993 -999993 79123
-727077 -999993 -999993 567557
561908 -999993 10219 999993
-999993 -916167 103754 999993
855507 -999993 -999993 283361
-999993 -778548 995089 999993
999993 -254185 -749461 -999993
902662 999993 -560999 -999993
-835175 999993 999993 -924455
999993 878976 71507 999993
987531 -999993 649762 999993
-999993 551661 -366316 999993
771356 999993 999993 413125
-966739 -999993 -999993 -36133
-999993 -878319 999993 739844
999993 46090 106947 999993
999993 867707 -875045 -999993
-967812 999993 999993 310189
-875045 -999993 -999993 429855
-999993 839844 -263882 999993
999993 -556419 -847388 -999993
110087 999993 -999993 153463
-999993 502960 -781916 -999993
-46319 999993 -818170 -999993
999993 -712800 -999993 259765
645654 -999993 -999993 248004
-999993 984403 -258750 999993
999993 515816 -999993 -980552
-999993 439271 319005 -999993
-999993 407607 999993 557541
-888020 999993 999993 -934831
-999993 572311 -835175 999993
79116 999993 999993 -572249
999993 -612133 438738 999993
-843408 -999993 197428 999993
-78530 999993 999993 693510
999993 534807 5299 999993
-440269 -999993 -999993 -534626
-999993 -678054 -40981 999993
-999993 -28360 329350 -999993
-999993 576195 380516 999993
-999993 229320 -349257 -999993
250396 -999993 742084 999993
702069 -999993 265374 999993
572774 -999993 999993 827532
-999993 -36133 -357390 999993
999993 65641 736501 -999993
637625 999993 999993 508448
-98318 -999993 999993 596616
-999993 -831754 -643029 999993
999993 337833 -395928 999993
-50653 999993 999993 544638
-47333 999993 -999993 -528650
438750 999993 -999993 -681147
-999993 -233041 110559 -999993
-999993 602832 156308 -999993
-383513 999993 999993 485844
-999993 223102 -215480 999993
-999993 -112691 315950 999993
-999993 -794739 -664303 -999993
-999993 -548377 999993 38311
311768 999993 999993 -563257
999993 -610107 207041 -999993
-482528 999993 999993 -478727
101238 999993 -999993 148910
-999993 -44535 603164 999993
-545328 -999993 999993 182552
999993 -918496 646942 999993
-426709 -999993 -999993 259396
999993 -309253 -999993 -955602
-999993 -136508 -169831 999993
999993 184868 -999993 -822732
-576872 999993 999993 802990
-999993 -382873 762428 -999993
999993 437732 -999993 -968690
-409405 -999993 -999993 -80950
999993 474578 367179 -999993
-956930 -999993 999993 -832074
999993 278070 522418 -999993
542110 -999993 999993 -54235
-182867 -999993 576648 999993
828266 999993 999993 -259790
999993 -582233 -478273 999993
-999993 -635035 756104 -999993
260873 -999993 -999993 885357
-999993 -881476 -218409 999993
-999993 749365 34928 999993
51435 999993 667213 -999993
999993 -115311 561908 -999993
798879 -999993 -999993 396277
-999993 901154 -669944 -999993
999993 999993 -999993 999993
-999993 -528650 999993 215661
-999993 -655096 999993 803393
-7184 -999993 -999993 -961492
-749461 -999993 -999993 229332
316554 999993 999993 893293
223911 999993 -386768 -999993
-281934 999993 307107 -999993
999993 -947684 -999993 229320
999993 721861 -999993 -22133
-997011 -999993 -999993 558037
999993 531589 -700768 999993
578250 999993 404880 -999993
999993 -464991 355615 999993
-999993 348241 999993 518766
-999993 153463 999993 -50924
-573316 -999993 -744976 999993
778077 999993 -999993 -205554
999993 -588881 -353341 999993
-999993 416429 20201 -999993
35835 999993 315627 -999993
46873 999993 999993 976972
-999993 -77766 999993 -172834
-563051 999993 999993 474019
999993 -837923 -999993 -688090
-494419 999993 999993 794774
836923 999993 -999993 -238328
999993 -721990 -194771 -999993
999993 -629587 902662 999993
999993 -399700 -999993 603890
-734431 -999993 999993 -389779
838024 999993 999993 569757
-999993 -176780 -583228 -999993
999993 -468345 -170358 -999993
471293 -999993 756411 999993
-918458 -999993 -283836 999993
434147 999993 711641 -999993
313528 999993 -581069 -999993
999993 -389816 434147 999993
653340 999993 531004 -999993
-877724 -999993 999993 -980771
999993 827532 -999993 -684302
494283 -999993 -999993 -407800
-999993 182587 46873 999993
-999993 -680882 537192 -999993
76418 -999993 -999993 -655096
999993 -245518 781449 999993
-370123 -999993 885627 999993
-998288 999993 -999993 -720218
-498029 -999993 -999993 766555
-999993 -339788 -510324 999993
999993 144240 -999993 -112691
-40981 999993 -813606 -999993
-971881 -999993 -999993 772282
-999993 521477 999993 -535675
-999993 693586 -895709 -999993
-18904 999993 999993 -473045
-999993 543619 999993 108970
82072 999993 -999993 -569574
-999993 632144 18973 -999993
-232960 -999993 999993 -588881
999993 224079 -999993 -635035
-999993 -396830 -856580 999993
-999993 941797 -584437 -999993
-999993 985532 112487 999993
999993 -572249 659842 -999993
-999993 162331 999993 -491957
999993 946601 -246407 -999993
71507 999993 865347 -999993
-999993 316969 861668 -999993
-999993 -511973 503948 999993
438738 999993 -999993 108072
999993 -202592 985822 999993
711641 -999993 999993 -389816
-999993 -238328 999993 206326
-999993 -29394 471293 -999993
-884522 999993 545116 -999993
106947 999993 -999993 -187661
-999993 674740 999993 882420
999993 838915 251938 999993
-999993 148910 415003 -999993
-700768 999993 222181 -999993
770740 -999993 -999993 580583
231962 999993 999993 -681558
999993 557541 -5983 999993
848221 999993 -999993 534176
999993 -50924 110087 999993
-977612 999993 -999993 -448341
-224263 999993 958153 -999993
-521221 999993 -999993 -809801
-999993 580583 999993 307679
563567 999993 999993 -116847
999993 452116 -999993 -814704
-185551 999993 999993 -728264
-999993 -324789 999993 -499572
-687849 -999993 -343257 999993
542342 999993 999993 651994
5299 999993 -999993 -969406
-999993 779746 999993 -633680
-999993 463757 415677 999993
999993 -485963 653340 999993
-830665 -999993 168127 999993
-999993 954194 999993 819518
-691494 999993 -999993 632144
-80019 999993 -999993 503181
-336489 -999993 -999993 -286505
768518 -999993 -999993 -964712
-999993 579023 -869659 999993
999993 -466123 -999993 749365
-886477 -999993 -999993 -324789
61206 999993 -999993 -382873
-495679 999993 -999993 205178
-585221 -999993 999993 790833
420650 999993 999993 130893
315950 999993 999993 144240
810461 -999993 999993 519504
-140889 999993 999993 65641
999993 130893 -999993 -222476
-999993 -279532 -761402 999993
999993 306734 831779 999993
999993 -460128 -409405 -999993
999993 709156 -224263 999993
-999993 679112 -862241 -999993
-999993 -80950 999993 -460128
999993 -91651 -884522 999993
-478273 999993 -999993 -497444
-999993 -157597 287164 999993
-582983 999993 -999993 -283772
-35458 -999993 -999993 683487
-159275 999993 999993 -336639
867003 999993 -999993 208055
846203 999993 -999993 87662
-999993 -955063 931370 999993
999993 -441804 -999993 463757
999993 -577984 362021 999993
-999993 -822732 307244 -999993
-999993 -864128 385656 -999993
-999993 122873 -776675 -999993
227401 999993 999993 134801
156308 -999993 999993 -970894
-977860 -999993 -403342 999993
-999993 259396 999993 -236586
-847388 -999993 566893 999993
865347 -999993 999993 878976
-756823 -999993 588544 999993
999993 74795 -999993 781479
999993 -200329 -288826 -999993
-448922 999993 782912 -999993
274133 -999993 -999993 -998395
981863 999993 -999993 416429
-260943 -999993 999993 -693923
-959310 -999993 999993 980561
-556381 999993 768518 -999993
-999993 -286505 -163050 999993
999993 -688286 -440269 -999993
-581069 -999993 999993 537932
207041 -999993 -999993 -858497
-999993 930848 -159275 999993
940285 999993 671357 -999993
-999993 194453 -139419 -999993
999993 520778 -94310 999993
-999993 117830 999993 -736078
-641045 -999993 999993 515816
-999993 603591 -459591 -999993
999993 -275985 -999993 -667168
418632 -999993 -999993 206614
999993 882420 434663 -999993
-999993 108072 999993 -612133
505351 -999993 999993 384495
-121175 -999993 999993 -63170
-999993 -968690 -256511 -999993
-999993 546306 -152035 999993
455284 999993 999993 836134
-999993 104236 999993 -836198
355615 999993 384264 -999993
999993 -390270 702069 -999993
-999993 -898822 999993 -496768
999993 -216409 699811 -999993
999993 508448 665043 -999993
-999993 337424 999993 214969
-999993 -214759 429673 -999993
197428 999993 999993 -177324
-517561 -999993 -999993 -679132
-999993 -493543 999993 370304
-999993 -40564 -736051 -999993
-395928 999993 -999993 38225
-437068 -999993 999993 -711916
-216814 -999993 -999993 41693
999993 803393 76418 -999993
-493171 999993 494283 -999993
762428 -999993 61206 999993
-999993 -880116 999993 757579
71441 -999993 -999993 551311
-556554 -999993 999993 -628758
-999993 -131609 999993 -246049
-999993 -138141 -869578 -999993
577125 999993 505351 -999993
999993 -336639 -999993 930848
-258750 999993 999993 -327388
-999993 -147729 771356 999993
-732991 999993 104586 -999993
999993 -891909 -815551 999993
999993 -728910 -999993 870959
874684 -999993 -999993 -279532
999993 -647674 -999993 -136508
-999993 -134247 51435 999993
999993 -728264 -999993 542886
-999993 -873347 472148 999993
-999993 -632024 737367 999993
999993 651994 -555716 -999993
999993 963397 -732991 999993
742084 999993 -999993 -216260
483246 -999993 999993 -411202
999993 773184 -216814 -999993
999993 -550720 309798 999993
307244 -999993 999993 184868
999993 -417253 -285828 -999993
950903 -999993 -174590 999993
-458940 999993 999993 975231
-545077 999993 -999993 337424
999993 898751 814061 999993
999993 -907599 -999993 -138141
689182 -999993 -999993 -375351
112487 999993 -881246 -999993
-999993 836224 188610 -999993
-999993 -529787 -36499 -999993
-416528 -999993 -999993 -229425
-729617 -999993 -999993 799558
-348200 -999993 999993 508450
999993 947985 753488 999993
523182 -999993 -999993 300235
-152035 999993 -618909 -999993
-182153 999993 -736020 -999993
-319687 -999993 999993 933681
999993 -105546 -999993 258304
999993 -142294 628463 999993
999993 -458103 -999993 567939
-999993 -569574 244924 -999993
999993 134801 -351934 -999993
999993 616961 669970 999993
-999993 -407124 999993 -484851
-999993 -310956 130515 -999993
207299 999993 -121175 -999993
-659349 -999993 999993 -712800
834119 -999993 999993 -134437
999993 -347269 -999993 -70142
103754 999993 999993 -799998
529647 999993 -407227 -999993
312424 -999993 -999993 -809230
999993 -563257 -999993 -735405
431830 999993 -999993 48884
625912 -999993 -999993 -878319
999993 693510 -999993 310853
-999993 396277 -556437 999993
-343257 999993 -999993 87827
623043 999993 -727077 -999993
-699292 999993 999993 -903098
10219 999993 999993 -115311
-999993 -46417 90973 -999993
-999993 -144502 -918458 -999993
999993 -63170 207299 999993
319005 -999993 -178514 999993
889503 999993 523182 -999993
-656149 999993 999993 -121421
-999993 698035 -300189 -999993
-883941 999993 856863 -999993
999993 32538 -999993 -46417
665043 -999993 637625 999993
-170358 -999993 -999993 -704404
999993 802990 -999993 616361
-285828 -999993 -999993 605076
588544 999993 999993 -805818
429673 -999993 -387667 999993
-999993 -534626 999993 -688286
999993 670284 -999993 -233041
999993 -924455 -999993 572311
-133219 999993 -999993 735358
434726 -999993 926548 999993
999993 853078 434726 -999993
999993 -203458 -999993 -176780
362021 999993 -486084 -999993
-368687 999993 -52175 -999993
224737 999993 -999993 698035
-259084 999993 -999993 -201578
999993 108970 -657769 999993
17009 -999993 -999993 -157597
-999993 -694392 455284 999993
999993 938376 974560 -999993
-999993 734019 999993 -753655
-999993 567939 741065 -999993
-999993 -264085 999993 59944
999993 -317496 -712569 999993
-761402 999993 874684 -999993
187900 -999993 -999993 954194
999993 215125 -999993 -742376
999993 199489 -416528 -999993
-68506 999993 999993 -685482
-999993 534176 999993 -166473
-999993 680056 999993 932810
265813 -999993 999993 -202592
-999993 766555 999993 -341848
-263882 999993 718067 -999993
926548 999993 999993 853078
600545 -999993 -999993 408323
999993 307679 770740 -999993
999993 413125 -999993 -147729
-999993 558037 999993 -869204
-999993 577104 999993 306734
-999993 248004 -375328 999993
582270 -999993 -999993 551661
-999993 -448341 -934863 -999993
-594408 999993 999993 -347269
-999993 669563 -281934 999993
-999993 567557 623043 999993
-353207 999993 810461 -999993
999993 756648 124221 999993
999993 -393244 -977860 -999993
478937 -999993 -999993 26809
434663 -999993 -999993 674740
-999993 -9034 999993 -749274
943829 -999993 999993 213955
-999993 503181 -657110 -999993
999993 975308 -999993 948834
999993 975231 -352514 -999993
332051 -999993 -999993 104236
-342038 999993 -999993 679112
-999993 324759 999993 343379
-999993 26809 999993 730132
-999993 -969406 999993 534807
545116 -999993 999993 -91651
-583228 -999993 999993 -203458
999993 780595 -999993 -68146
3818 -999993 -999993 -777602
999993 -327388 -999993 984403
-999993 26737 184388 -999993
999993 -799269 -999993 -339788
-375328 999993 645654 -999993
999993 800451 -999993 576195
-975749 -999993 231962 999993
781449 999993 -999993 -97587
999993 -134437 -999993 819823
-97158 -999993 -521221 999993
476307 -999993 -999993 562830
999993 206326 836923 999993
150252 -999993 -957278 999993
-999993 542886 -185551 999993
-999993 -773829 -888567 -999993
-999993 -809801 -97158 -999993
974560 -999993 -82309 999993
-744976 999993 999993 -536916
756104 -999993 999993 224079
831779 999993 -999993 577104
-999993 -281446 -861045 999993
999993 -864104 -999993 789244
252517 -999993 -563051 999993
999993 -473045 -927467 -999993
-256511 -999993 999993 437732
367179 -999993 -999993 205934
741065 -999993 999993 -458103
-999993 735358 484741 -999993
415677 999993 999993 -441804
999993 -236831 -998288 999993
655604 -999993 999993 -837923
999993 -807775 -409012 999993
-999993 48884 999993 588244
999993 -121421 -858774 -999993
962815 999993 -999993 156784
-966481 999993 -999993 -174304
-999993 555789 -40283 -999993
-999993 29237 999993 -200329
-154739 999993 312424 -999993
-999993 -70142 -594408 999993
386031 999993 757071 -999993
-411546 999993 -999993 -493543
428474 999993 956223 -999993
-459591 -999993 999993 615335
-704179 999993 -999993 -264085
999993 -24440 578250 999993
-999993 38225 999993 337833
999993 544638 -999993 153936
-234919 -999993 962815 999993
-999993 886160 198213 -999993
999993 -293376 -999993 -844321
-999993 772282 999993 -751339
-999993 310853 -78530 999993
-999993 -866097 -125526 -999993
999993 -414639 -999993 505794
90691 -999993 999993 -728910
-357390 999993 -966739 -999993
999993 -230181 -999993 872071
-215480 999993 -332708 -999993
999993 -970894 -999993 602832
999993 -236586 -426709 -999993
999993 790467 -35458 -999993
184388 -999993 999993 -928027
999993 38311 -269516 999993
8001 -999993 999993 74795
999993 668930 -294939 999993
-653700 -999993 867003 999993
265374 999993 999993 -390270
958153 -999993 999993 709156
617845 -999993 529438 999993
52009 999993 -999993 -898822
-351934 -999993 227401 999993
-999993 -355209 999993 601709
144654 -999993 999993 -200588
-888567 -999993 999993 31965
441269 -999993 999993 466808
-486084 -999993 999993 -577984
415003 -999993 101238 999993
968738 999993 999993 780595
110559 -999993 999993 670284
20196 999993 -999993 308670
-294939 999993 -999993 59414
-999993 605076 999993 -417253
999993 -530180 512008 -999993
-999993 885357 999993 -422995
-999993 -532656 -888020 999993
-999993 -955602 875964 -999993
25740 -999993 999993 -105546
-999993 576815 999993 -530180
999993 -711916 -999993 -103283
999993 794774 283692 -999993
999993 909918 -999993 -310956
373792 999993 -999993 -529787
934125 -999993 20196 999993
-895709 -999993 -305005 999993
999993 613174 286779 999993
999993 -177324 -843408 -999993
593765 999993 -771464 -999993
-999993 -395605 -903424 -999993
999993 769777 -830665 -999993
576648 999993 -999993 582815
-999993 513453 -332634 -999993
335921 999993 71441 -999993
479802 -999993 -999993 -177645
985822 999993 265813 -999993
999993 519504 -353207 999993
-999993 720412 292541 999993
999993 -253331 -999993 194453
999993 -422995 260873 -999993
669970 999993 10718 -999993
-366316 999993 582270 -999993
999993 -980771 500605 999993
-999993 -725183 999993 -891909
-999993 -551490 828266 999993
667213 -999993 -999993 -134247
999993 116158 -582983 999993
-360320 999993 -999993 901154
738031 999993 -761599 -999993
-999993 79123 999993 33074
592894 999993 -999993 941797
-999993 -352383 999993 -559347
-999993 259765 -659349 -999993
-999993 -720218 999993 -236831
753488 999993 -999993 -969890
172005 999993 999993 -399700
-999993 -66795 -68506 999993
-999993 -59423 999993 214415
455164 -999993 -999993 -39823
-987988 999993 -999993 -352383
555974 -999993 -383513 999993
-863917 -999993 999993 215125
-162056 -999993 999993 198187
999993 569757 -999993 -678658
-696323 999993 -999993 -825366
283692 -999993 -494419 999993
-206965 999993 -98318 -999993
-999993 -684302 572774 -999993
-999993 205934 999993 474578
421025 -999993 -696323 999993
999993 214969 -545077 999993
-999993 551311 335921 999993
999993 33074 582404 999993
-274135 -999993 -999993 779746
628463 999993 -396761 -999993
335332 999993 -999993 -25180
814061 999993 -534279 -999993
-788767 999993 999993 -293376
999993 836134 -999993 -694392
736501 -999993 -140889 999993
110283 999993 476307 -999993
999993 536508 599068 -999993
999993 -962456 -43765 999993
999993 765666 -999993 -281446
404880 -999993 999993 -24440
-196763 -999993 999993 -550720
-781916 -999993 360676 999993
272027 999993 999993 -414639
-999993 -834559 999993 520778
999993 999993 999993 -999993
-999993 -964712 -556381 999993
-781073 -999993 125964 999993
782912 -999993 -999993 953208
195956 -999993 999993 -495752
-560999 -999993 999993 -629587
537192 -999993 999993 -910019
-555777 -999993 -967812 999993
999993 -903098 -999993 -284771
-888052 -999993 999993 -317496
472148 999993 999993 -500748
197620 -999993 999993 -692794
999993 306371 950903 -999993
999993 -928027 -999993 26737
34928 999993 999993 -466123
178515 -999993 -999993 -77766
999993 343379 997579 999993
-999993 582815 -182867 -999993
-218409 999993 -951052 -999993
503948 999993 999993 984009
561915 999993 -162056 -999993
999993 70582 -999993 -866097
999993 -692794 -999993 -544262
307107 -999993 -999993 669563
79744 -999993 -999993 -880116
-858774 -999993 -656149 999993
-818170 -999993 999993 -223862
-607160 -999993 846203 999993
-815551 999993 -999993 -725183
-466912 999993 179519 -999993
334858 999993 -999993 -432207
-141493 999993 -999993 106631
186676 999993 -999993 -131609
-736051 -999993 342498 999993
20201 -999993 981863 999993
198213 -999993 65967 999993
-94310 999993 -999993 -834559
-999993 -969890 999993 947985
-246407 -999993 593808 999993
999993 -217883 -141493 999993
-999993 -283772 999993 116158
-999993 -205554 -203607 -999993
-916038 999993 -729617 -999993
-999993 293647 999993 278070
649762 999993 -999993 979795
999993 -581925 940285 999993
-999993 799558 -916038 999993
-999993 603890 172005 999993
999993 -229596 -703688 999993
699811 -999993 498003 999993
-999993 -544262 197620 -999993
-999993 429855 999993 867707
-999993 -654066 441269 -999993
-999993 -818981 999993 536508
999993 -832074 450174 999993
999993 -910019 -999993 -680882
-178514 999993 -999993 439271
203760 999993 999993 452116
10718 -999993 999993 616961
999993 -869204 -997011 -999993
999993 -259790 -999993 -551490
999993 726608 -999993 746019
-999993 767496 999993 -962456
999993 -172834 178515 -999993
-999993 -814704 203760 999993
-366171 -999993 999993 756648
329350 -999993 999993 -701757
360676 999993 -999993 502960
-999993 819823 834119 -999993
999993 757579 79744 -999993
999993 182552 -785382 999993
-741599 -999993 -999993 -778548
999993 474019 252517 -999993
244924 -999993 82072 999993
-999993 41693 999993 773184
-999993 870959 90691 -999993
-999993 106631 999993 -217883
603164 999993 328010 -999993
-999993 -379853 999993 313071
999993 -693923 -999993 892755
-999993 -998395 699371 999993
-999993 562830 110283 999993
-999993 -216260 250396 -999993
-999993 594986 999993 -807775
298850 999993 -999993 -9034
450174 999993 -956930 -999993
-999993 -51629 593765 999993
529438 999993 999993 197702
500605 999993 -877724 -999993
999993 998790 -999993 -864128
124221 999993 -366171 -999993
168127 999993 999993 769777
-761599 -999993 -999993 -959150
-999993 872071 -274648 -999993
-269516 999993 -999993 -548377
-999993 80784 -319687 -999993
999993 -751339 -971881 -999993
-528705 999993 -999993 316969
999993 -701757 -999993 -28360
999993 -246049 186676 999993
-332634 -999993 999993 -494703
522418 -999993 -999993 293647
999993 -200588 -999993 -658770
931370 999993 885693 -999993
999993 537932 313528 999993
-999993 -375351 -158520 999993
-999993 -734298 718569 -999993
-999993 -11791 195956 -999993
-999993 205178 999993 -266697
999993 -731068 -999993 -794739
-999993 -678658 838024 999993
-328103 -999993 999993 975308
-999993 -375998 386031 999993
-999993 83197 35835 999993
-657110 -999993 -80019 999993
-881246 -999993 -999993 985532
-957278 999993 -999993 120676
999993 -799998 -999993 -916167
999993 -296654 855507 -999993
-999993 -961492 -938672 999993
-999993 300235 889503 999993
-999993 -177645 999993 415447
-657769 999993 -999993 543619
999993 -836198 332051 -999993
999993 -753655 374269 999993
999993 518766 920167 -999993
-999993 -432207 -198503 -999993
-999993 -793716 -182153 999993
484741 -999993 -133219 999993
-407227 -999993 999993 828395
999993 980561 -999993 207866
-712569 999993 -888052 -999993
-703688 999993 -610672 -999993
999993 -903348 576568 999993
746529 -999993 563567 999993
-999993 683487 999993 790467
-999993 208055 -653700 -999993
-386768 -999993 -999993 -199490
999993 -341848 -498029 -999993
856863 -999993 999993 -915068
999993 310189 -555777 -999993
-999993 892755 -260943 -999993
309798 999993 -196763 -999993
342498 999993 -999993 -40564
42511 999993 -999993 -520938
999993 819518 187900 -999993
147844 -999993 -966481 999993
-999993 -39823 657442 999993
671357 -999993 999993 -581925
-288826 -999993 -999993 29237
-643029 999993 999993 557508
90973 -999993 999993 32538
-999993 -22133 -73402 999993
-951052 -999993 -999993 -881476
999993 313071 -874624 999993
442629 -999993 -482528 999993
913002 -999993 -999993 620810
-999993 -809230 -154739 999993
18973 -999993 -691494 999993
-999993 -25180 999993 378338
-73402 999993 999993 721861
-736020 -999993 -999993 -793716
-927467 -999993 -18904 999993
-999993 408323 328520 999993
-396761 -999993 999993 -142294
681728 -999993 999993 -500241
-999993 -999993 999993 -999993
999993 -817424 -999993 -766853
-387667 999993 -999993 -214759
999993 59944 -704179 999993
-999993 -174304 147844 -999993
-999993 -658770 144654 -999993
-215129 999993 999993 87678
-999993 -407800 -493171 999993
-771464 -999993 -999993 -51629
-409012 999993 -999993 594986
999993 -736078 -430034 999993
-999993 -959150 738031 999993
-999993 229332 999993 -254185
885693 -999993 -999993 -955063
-999993 283361 999993 -296654
-320602 999993 681728 -999993
-477148 -999993 999993 -275985
999993 588244 431830 999993
-368434 999993 652297 -999993
-874624 999993 -999993 -379853
-164273 -999993 -215129 999993
999993 932810 -473873 999993
999993 415447 479802 -999993
-999993 -681147 -978354 -999993
798273 -999993 -999993 162331
-999993 495624 428474 999993
-878230 -999993 999993 -817424
885627 999993 999993 5300
999993 -234673 -999993 -395605
-999993 120676 150252 -999993
999993 976972 -999993 182587
999993 214415 220272 999993
999993 557508 -999993 -831754
-125526 -999993 999993 70582
999993 -685482 -999993 -66795
-534279 -999993 999993 898751
385656 -999993 999993 998790
287164 999993 17009 -999993
657442 999993 455164 -999993
-5983 999993 -999993 407607
999993 -478727 442629 -999993
-999993 948834 -328103 -999993
-999993 620810 -615063 999993
999993 -484851 558625 999993
-710022 -999993 999993 -864104
-999993 87827 -687849 -999993
-999993 308670 934125 -999993
861668 -999993 -528705 999993
-283836 999993 -999993 -144502
-999993 -688090 655604 -999993
999993 -126640 -999993 -396830
999993 984009 -999993 -511973
-999993 258304 25740 -999993
999993 596616 -206965 999993
-999993 -199490 223911 999993
999993 -633680 -274135 -999993
999993 -54235 492612 999993
999993 -681558 -975749 -999993
374269 999993 -999993 734019
999993 525383 -999993 555789
-999993 -742376 -863917 -999993
-30368 -999993 -999993 -355209
-139419 -999993 999993 -253331
576568 999993 -999993 847210
-349257 -999993 999993 -947684
251938 999993 559634 -999993
999993 5300 -370123 -999993
-664303 -999993 999993 -731068
-403342 999993 999993 -393244
-510324 999993 999993 -799269
-36499 -999993 373792 999993
-934863 -999993 -977612 999993
999993 -223862 -46319 999993
-169831 999993 999993 -647674
457285 -999993 -999993 720412
-999993 -980552 -641045 -999993
-999993 -520938 999993 -827090
-999993 206614 999993 290682
-158520 999993 689182 -999993
-163050 999993 -336489 -999993
-862241 -999993 -342038 999993
-274648 -999993 999993 -230181
-43765 999993 -999993 767496
999993 933681 -999993 80784
652297 -999993 999993 855520
-610672 -999993 999993 -229596
-556437 999993 798879 -999993
-999993 781479 8001 -999993
-352514 -999993 -458940 999993
125964 999993 -999993 218743
756411 999993 -999993 -29394
-999993 -704404 999993 -468345
188610 -999993 999993 -266877
999993 198187 561915 999993
593808 999993 999993 946601
-999993 -667168 -477148 -999993
631078 999993 -585221 -999993
-174590 999993 999993 306371
-999993 153936 -50653 999993
999993 -805818 -756823 -999993
999993 -116847 746529 -999993
498003 999993 999993 -216409
737367 999993 999993 -169649
999993 -98025 -466912 999993
699371 999993 274133 -999993
999993 290682 418632 -999993
-999993 -884955 316554 999993
-765726 999993 -734431 -999993
-999993 -844321 -788767 999993
328010 -999993 -999993 -44535
-999993 281139 943829 -999993
999993 370304 -411546 999993
999993 378338 335332 999993
-203607 -999993 778077 999993
-584437 -999993 592894 999993
999993 -494703 -999993 513453
999993 706105 -999993 -567371
-903424 -999993 999993 -234673
-52175 -999993 -999993 -229785
646942 999993 -999993 -881559
-999993 -229425 999993 199489
-999993 616361 -576872 999993
-999993 59414 999993 668930
999993 -169649 -999993 -632024
-978354 -999993 438750 999993
-582323 -999993 999993 706105
492612 999993 542110 -999993
999993 31965 -999993 -773829
531004 -999993 999993 -485963
559634 -999993 999993 838915
-999993 -567371 -582323 -999993
-999993 -187661 999993 46090
292541 999993 457285 -999993
-999993 -777602 -427686 999993
999993 828395 529647 999993
-555716 -999993 542342 999993
999993 -411202 -560031 999993
-430034 999993 -999993 117830
-999993 953208 -448922 999993
384264 -999993 999993 -464991
512008 -999993 -999993 576815
999993 971520 -999993 122873
956223 -999993 -999993 495624
757071 -999993 -999993 -375998
-861045 999993 999993 765666
65967 999993 -999993 886160
