100
591724 -999993 -999993 167482
-999993 -899784 -283206 -999993
-999993 -333987 999993 -215104
999993 948178 671326 999993
-924285 999993 -572983 -999993
776603 999993 -999993 -982684
-77919 -999993 -999993 -156617
-931405 -999993 999993 645307
-576267 -999993 -198082 999993
-325629 -999993 -245578 999993
-27348 999993 -999993 15053
999993 -212283 -999993 599923
999993 -213418 -924285 999993
999993 -807438 776603 999993
999993 -241238 696179 999993
999993 999993 -999993 999993
381281 -999993 999993 176990
-999993 -211206 -789282 999993
999993 -932642 -999993 -315182
-715262 999993 999993 -212283
999993 176990 405584 999993
999993 44802 871997 -999993
-739554 999993 739130 -999993
629246 -999993 -999993 566783
-999993 -999993 -999993 999993
463661 -999993 296392 999993
-999993 -762084 999993 948178
-699615 999993 999993 151199
-180118 999993 -999993 -670950
-999993 -695365 -739554 999993
999993 278831 -999993 -899784
912291 -999993 -999993 -786384
296392 999993 999993 -115943
84093 999993 -999993 -333987
-198082 999993 999993 -430565
999993 -430565 -576267 -999993
-822638 999993 999993 -389930
-258629 -999993 -999993 -211206
-999993 167482 999993 511361
-999993 566783 999993 469911
-999993 235526 999993 44802
-999993 835275 -931405 -999993
-999993 260656 329854 -999993
999993 999993 999993 -999993
999993 511361 591724 -999993
999993 889760 -180118 999993
161043 999993 -890281 -999993
-347277 999993 999993 28076
999993 -389930 -479213 -999993
-283206 -999993 999993 278831
871997 -999993 -999993 235526
-868917 -999993 -391385 999993
-197048 999993 999993 435331
696179 999993 90536 -999993
-999993 -315182 -650834 999993
-572983 -999993 999993 -213418
405584 999993 381281 -999993
999993 170618 912291 -999993
999993 645307 -999993 835275
-999993 -309721 -347277 999993
999993 28076 -999993 -309721
-613149 999993 999993 -395682
-479213 -999993 -822638 999993
-999993 -982684 999993 -807438
-999993 -670950 999993 889760
999993 -638657 -77919 -999993
999993 -19577 371467 -999993
-999993 -786384 999993 170618
-999993 844561 920370 999993
999993 151199 -548721 -999993
26132 -999993 -999993 844561
371467 -999993 -999993 303489
739130 -999993 -999993 -695365
329854 -999993 54401 999993
-999993 599923 -715262 999993
-999993 15053 -962636 -999993
999993 -395682 -999993 -966890
-650834 999993 999993 -932642
999993 -215104 84093 999993
-999993 -999993 999993 -999993
-890281 -999993 -999993 -875598
-999993 -110606 -325629 -999993
-999993 303489 999993 -19577
-999993 59176 -197048 999993
-245578 999993 -999993 -110606
920370 999993 26132 -999993
999993 469911 629246 -999993
-789282 999993 -258629 -999993
999993 435331 -999993 59176
671326 999993 -999993 -762084
-999993 -527372 -868917 -999993
90536 -999993 999993 -241238
-391385 999993 -999993 -527372
54401 999993 -999993 260656
-999993 -875598 161043 999993
-962636 -999993 -27348 999993
-548721 -999993 -699615 999993
-999993 -966890 -613149 999993
999993 -115943 463661 -999993
-999993 -156617 999993 -638657
