992
359564 999992 -359564 -999992
999992 -102805 -999992 102805
999992 -568879 -999992 568879
890458 -999992 898441 -999992
895940 999992 -895940 -999992
-361210 999992 361210 -999992
-642619 999992 642619 -999992
999992 -302956 999992 -295936
999992 879695 -999992 -879695
663692 999992 -663692 -999992
868034 999992 -868034 -999992
-720865 999992 720865 -999992
999992 761138 -999992 -761138
999992 742727 -999992 -742727
999992 -920884 999992 -909838
475367 999992 -475367 -999992
-20077 999992 20077 -999992
999992 -594799 999992 -580336
999992 911750 -999992 -911750
-999992 -772928 -999992 -778568
999992 915557 -999992 -915557
999992 -787195 -999992 787195
-410011 999992 410011 -999992
999992 -672121 999992 -668194
999992 366236 999992 373766
999992 -364588 -999992 364588
999992 -640549 -999992 640549
-52295 -999992 -41603 -999992
999992 555857 -999992 -555857
160615 -999992 176407 -999992
417340 -999992 426313 -999992
999992 -810256 -999992 810256
973148 999992 -973148 -999992
-999992 286153 -999992 280177
-740605 999992 -749602 999992
-999992 805642 -999992 790969
-999992 756304 -999992 722527
999992 921854 -999992 -921854
999992 621710 -999992 -621710
999992 127331 -999992 -127331
100345 -999992 123139 -999992
-326258 -999992 -325127 -999992
999992 506867 -999992 -506867
-999992 58075 -999992 33595
91301 999992 -91301 -999992
999992 976088 -999992 -976088
572414 999992 -572414 -999992
-999992 922660 -999992 921013
999992 -786562 999992 -784693
999992 -72010 -999992 72010
-141172 999992 141172 -999992
-63751 999992 -65281 999992
119582 999992 113387 999992
764570 999992 742940 999992
231868 -999992 233242 -999992
938573 999992 938093 999992
999992 -810256 999992 -806893
999992 -390496 -999992 390496
457544 999992 455273 999992
999992 891767 999992 898658
-677191 999992 677191 -999992
999992 996020 999731 999992
-634663 999992 634663 -999992
999992 145142 999992 147470
-999992 -621710 -999992 -632063
87892 -999992 99736 -999992
999992 -887320 -999992 887320
999992 -957679 -999992 957679
999992 976088 999992 992969
-689026 999992 -701101 999992
-999992 507727 -999992 505438
999992 -602665 -999992 602665
13352 999992 11912 999992
596753 999992 593534 999992
999992 -378568 999992 -377980
999992 -942856 999992 -938650
140030 999992 -140030 -999992
999992 -391387 -999992 391387
-939127 999992 939127 -999992
999992 620423 -999992 -620423
-999992 908590 -999992 894493
999992 -530857 -999992 530857
-936853 999992 936853 -999992
-284180 -999992 -277718 -999992
-999992 -807209 -999992 -819212
73313 999992 -73313 -999992
127958 999992 -127958 -999992
999992 772928 999992 778568
-341827 999992 341827 -999992
-804874 999992 -839314 999992
788195 999992 -788195 -999992
271795 -999992 291232 -999992
999992 -390577 -999992 390577
999992 -845701 999992 -827611
-705247 999992 -708493 999992
-688283 -999992 -676394 -999992
999992 238715 999992 241745
827168 999992 817223 999992
816575 999992 -816575 -999992
999992 -33595 -999992 33595
999992 -367198 -999992 367198
-247741 999992 247741 -999992
999992 969743 -999992 -969743
541685 999992 -541685 -999992
999992 -594799 -999992 594799
999992 975140 -999992 -975140
87383 999992 -87383 -999992
-176407 999992 176407 -999992
-999992 810256 -999992 806893
999992 440138 999992 457151
999992 -31882 999992 -25030
-392308 999992 392308 -999992
-839314 999992 839314 -999992
-223039 999992 223039 -999992
999992 -472324 -999992 472324
891467 999992 877052 999992
-632069 -999992 -627773 -999992
-999992 -914606 -999992 -915557
-372661 999992 -386014 999992
186716 999992 -186716 -999992
999992 -580336 -999992 580336
317978 999992 -317978 -999992
-31663 999992 31663 -999992
999992 473138 -999992 -473138
999992 957851 999992 964139
610715 999992 -610715 -999992
-999992 -229505 -999992 -233906
999992 891767 -999992 -891767
-999992 -784535 -999992 -793934
999992 241745 -999992 -241745
250684 -999992 256027 -999992
999992 229505 -999992 -229505
-999992 920884 -999992 909838
999992 -434638 999992 -429196
482350 -999992 503791 -999992
999992 -641374 999992 -640549
999992 822278 -999992 -822278
254930 999992 -254930 -999992
-890458 999992 -898441 999992
-999992 -920045 -999992 -921854
999992 864155 999992 864326
999992 -75655 -999992 75655
-11672 -999992 -8795 -999992
-518744 -999992 -510797 -999992
-523708 999992 523708 -999992
999992 431387 -999992 -431387
-139873 999992 139873 -999992
-195077 -999992 -186716 -999992
999992 -31882 -999992 31882
-842779 999992 842779 -999992
999992 221747 -999992 -221747
896432 999992 -896432 -999992
25514 999992 -25514 -999992
-610715 -999992 -598199 -999992
338867 999992 -338867 -999992
-917141 -999992 -909941 -999992
-868034 -999992 -830075 -999992
-256027 999992 256027 -999992
802408 -999992 804694 -999992
676870 -999992 677191 -999992
-689026 999992 689026 -999992
-791539 999992 -793180 999992
732866 999992 707846 999992
-999992 469810 -999992 462079
999992 821501 -999992 -821501
-999992 -568667 -999992 -569498
-513487 999992 -514600 999992
-22279 999992 -30865 999992
-999992 378568 -999992 377980
-999992 -742727 -999992 -743858
-359564 -999992 -359453 -999992
-999992 -996020 -999731 -999992
999992 -155137 -999992 155137
827168 999992 -827168 -999992
999992 -88132 999992 -75655
999992 950063 -999992 -950063
223039 -999992 225427 -999992
-87892 999992 -99736 999992
-417340 999992 -426313 999992
999992 473138 999992 473192
999992 603686 999992 620423
-657871 999992 657871 -999992
-866848 999992 866848 -999992
999992 -155137 999992 -155113
938573 999992 -938573 -999992
-630364 999992 630364 -999992
11672 999992 -11672 -999992
999992 568667 -999992 -568667
-392308 999992 -400078 999992
999992 -168697 -999992 168697
917141 999992 909941 999992
-701101 999992 701101 -999992
778042 -999992 778663 -999992
-740605 999992 740605 -999992
-937354 999992 -939127 999992
-316339 999992 316339 -999992
-420713 -999992 -379670 -999992
999992 911495 999992 911750
-999992 -351014 -999992 -361361
877405 -999992 888415 -999992
-340393 999992 -341827 999992
999992 743858 -999992 -743858
-482350 999992 482350 -999992
999992 65 -999992 -65
999992 145142 -999992 -145142
-457544 -999992 -455273 -999992
-999992 302956 -999992 295936
-320386 999992 320386 -999992
663692 999992 659636 999992
999992 750245 -999992 -750245
999992 -155113 -999992 155113
999992 -121063 -999992 121063
999992 373766 -999992 -373766
160493 999992 -160493 -999992
200564 999992 -200564 -999992
-999992 -65 -999992 -15848
999992 -469810 -999992 469810
-503791 999992 503791 -999992
816575 999992 815192 999992
-999992 971803 -999992 957679
999992 938537 -999992 -938537
523708 -999992 525277 -999992
809240 999992 805076 999992
999992 -894493 -999992 894493
244040 999992 234962 999992
572585 999992 572414 999992
-724582 999992 -740083 999992
-553771 999992 -573910 999992
999992 -878200 -999992 878200
999992 750338 -999992 -750338
999992 536426 -999992 -536426
-973148 -999992 -966914 -999992
342791 999992 -342791 -999992
999992 -709945 -999992 709945
790325 999992 788195 999992
830075 999992 -830075 -999992
999992 -147673 999992 -135442
-999992 602665 -999992 598477
-645875 -999992 -635003 -999992
999992 -631513 999992 -617062
-539320 999992 539320 -999992
999992 -756304 999992 -722527
-999992 530857 -999992 527761
-317978 -999992 -289085 -999992
999992 -827611 -999992 827611
-933397 999992 -936853 999992
-417340 999992 417340 -999992
999992 -787726 999992 -787195
-160615 999992 160615 -999992
999992 -232294 999992 -213013
-912295 999992 912295 -999992
869408 999992 868226 999992
999992 431387 999992 433322
326258 999992 325127 999992
-323209 999992 -330928 999992
705247 -999992 708493 -999992
999992 632063 -999992 -632063
999992 -207649 -999992 207649
646772 999992 646646 999992
180107 999992 175643 999992
999992 -687043 999992 -672436
206846 999992 -206846 -999992
937354 -999992 939127 -999992
-38437 999992 38437 -999992
999992 -472324 999992 -470392
-386014 999992 386014 -999992
999992 -577714 -999992 577714
456670 -999992 470542 -999992
139873 -999992 141172 -999992
-999992 -190475 -999992 -191414
-999992 -115340 -999992 -127331
775700 999992 773306 999992
999992 -909838 -999992 909838
-606898 999992 606898 -999992
602950 -999992 606898 -999992
999992 -992011 -999992 992011
-73313 -999992 -71606 -999992
-292594 999992 -294349 999992
-764570 -999992 -742940 -999992
-74278 999992 -76780 999992
-119582 -999992 -113387 -999992
999992 63452 -999992 -63452
877052 999992 -877052 -999992
-933397 999992 933397 -999992
805076 999992 -805076 -999992
518744 999992 510797 999992
999992 464078 999992 470042
392308 -999992 400078 -999992
-967555 999992 967555 -999992
-809240 -999992 -805076 -999992
999992 864155 -999992 -864155
999992 -169426 -999992 169426
999992 -102805 999992 -92770
999992 -470392 -999992 470392
999992 587951 999992 598427
11672 999992 8795 999992
999992 -882592 -999992 882592
-274058 -999992 -273974 -999992
656159 999992 -656159 -999992
-646772 -999992 -646646 -999992
113387 999992 -113387 -999992
988382 999992 982721 999992
627773 999992 -627773 -999992
-514600 999992 514600 -999992
-478069 999992 478069 -999992
284180 999992 -284180 -999992
999992 284603 -999992 -284603
999992 -168697 999992 -161068
553771 -999992 573910 -999992
-999992 210094 -999992 207649
-351703 999992 -361210 999992
999992 96560 -999992 -96560
-330928 999992 330928 -999992
195077 999992 -195077 -999992
999992 -882592 999992 -878200
-999992 260620 -999992 257527
-665206 999992 665206 -999992
-999992 190165 -999992 189589
-999992 -587951 -999992 -598427
999992 722657 -999992 -722657
-804874 999992 804874 -999992
999992 309512 -999992 -309512
999992 233906 -999992 -233906
-999992 887320 -999992 882724
-999992 232294 -999992 213013
251660 999992 -251660 -999992
-251660 -999992 -246386 -999992
-456670 999992 456670 -999992
61733 999992 -61733 -999992
437753 999992 435713 999992
140030 999992 127958 999992
-999992 391387 -999992 390577
-60247 999992 60247 -999992
-999992 -722657 -999992 -733676
999992 -709945 999992 -706825
435713 999992 -435713 -999992
999992 25865 999992 63452
-999992 -891767 -999992 -898658
999992 476270 999992 482231
909941 999992 -909941 -999992
999992 821501 999992 822278
791539 -999992 793180 -999992
378374 999992 -378374 -999992
-63751 999992 63751 -999992
999992 733676 -999992 -733676
-999992 399376 -999992 395305
-999992 787726 -999992 787195
246386 999992 -246386 -999992
-877405 999992 877405 -999992
-250684 999992 -256027 999992
420713 999992 -420713 -999992
999992 -434638 -999992 434638
999992 758927 -999992 -758927
999992 470042 -999992 -470042
-38437 999992 -39379 999992
2918 999992 -2918 -999992
999992 878888 999992 879695
-827168 -999992 -817223 -999992
-39379 999992 39379 -999992
156851 999992 -156851 -999992
408241 -999992 410011 -999992
175643 999992 -175643 -999992
-924568 999992 924568 -999992
999992 378383 -999992 -378383
999992 -995833 -999992 995833
999992 -161068 -999992 161068
999992 911495 -999992 -911495
120614 999992 -120614 -999992
809240 999992 -809240 -999992
999992 898658 -999992 -898658
61733 999992 52943 999992
-788545 999992 788545 -999992
966914 999992 -966914 -999992
316339 -999992 320386 -999992
999992 750245 999992 750338
-572585 -999992 -572414 -999992
999992 -395305 -999992 395305
999992 -784693 -999992 784693
-999992 147673 -999992 135442
999992 -971803 -999992 971803
999992 -6934 -999992 6934
-180107 -999992 -175643 -999992
646646 999992 -646646 -999992
351703 -999992 361210 -999992
22279 -999992 30865 -999992
-752023 999992 -752122 999992
338867 999992 330221 999992
-999992 -366236 -999992 -373766
-160615 999992 -176407 999992
-999992 -636275 -999992 -657500
999992 -505438 -999992 505438
924659 999992 920846 999992
-999992 -864155 -999992 -864326
20077 -999992 20416 -999992
-676870 999992 -677191 999992
-999992 472324 -999992 470392
999992 -257527 -999992 257527
-999992 -440138 -999992 -457151
-999992 992011 -999992 977647
-966487 999992 -967555 999992
457544 999992 -457544 -999992
999992 473192 -999992 -473192
-763012 999992 763012 -999992
65605 -999992 65611 -999992
-534610 999992 -539320 999992
732866 999992 -732866 -999992
323209 -999992 330928 -999992
-999992 31882 -999992 25030
-999993 -999993 999993 -999993
689026 -999992 701101 -999992
657871 -999992 664822 -999992
-793180 999992 793180 -999992
598199 999992 -598199 -999992
-408241 999992 -410011 999992
-999992 709945 -999992 706825
277718 999992 -277718 -999992
-775700 -999992 -773306 -999992
999992 -25030 -999992 25030
-74278 999992 74278 -999992
999992 534059 -999992 -534059
-323209 999992 323209 -999992
999992 -64765 -999992 64765
999992 -367198 999992 -364588
999992 -321634 -999992 321634
999992 -977647 -999992 977647
-999992 845701 -999992 827611
365356 -999992 368596 -999992
999992 878888 -999992 -878888
8795 999992 -8795 -999992
-966487 999992 966487 -999992
63751 -999992 65281 -999992
-999992 -393389 -999992 -411245
999992 65 999992 15848
999992 -786562 -999992 786562
-816575 -999992 -815192 -999992
999992 -577714 999992 -577357
999992 784535 -999992 -784535
999992 -190165 -999992 190165
-999992 6934 -999992 6025
-999992 -976088 -999992 -992969
-2918 -999992 -2576 -999992
247741 -999992 248014 -999992
999992 -112927 -999992 112927
-513487 999992 513487 -999992
-223039 999992 -225427 999992
-602950 999992 602950 -999992
-294535 999992 -312949 999992
462446 999992 -462446 -999992
-999992 -878888 -999992 -879695
999992 784535 999992 793934
-342791 -999992 -342314 -999992
999992 378383 999992 389240
999992 -507727 999992 -505438
-999992 168697 -999992 161068
999992 636275 999992 657500
-225427 999992 225427 -999992
200564 999992 199460 999992
999992 83561 999992 95636
365804 999992 -365804 -999992
132493 -999992 136471 -999992
999992 15848 -999992 -15848
349864 -999992 351031 -999992
788545 -999992 790516 -999992
933397 -999992 936853 -999992
999992 -938650 -999992 938650
25514 999992 13895 999992
504398 999992 -504398 -999992
420713 999992 379670 999992
999993 999993 -999993 999993
518744 999992 -518744 -999992
999992 -722527 -999992 722527
999992 -260620 -999992 260620
999992 482231 -999992 -482231
-999992 88132 -999992 75655
-999992 434638 -999992 429196
999992 -172849 -999992 172849
-504974 -999992 -504398 -999992
999992 -260620 999992 -257527
125114 999992 -125114 -999992
-76780 999992 76780 -999992
804874 -999992 839314 -999992
999992 393389 -999992 -393389
-877405 999992 -888415 999992
199460 999992 -199460 -999992
999992 361361 -999992 -361361
999992 587951 -999992 -587951
573239 999992 -573239 -999992
-869408 -999992 -868226 -999992
999992 -942856 -999992 942856
284180 999992 277718 999992
999992 674357 -999992 -674357
999992 -527761 -999992 527761
999992 -770641 -999992 770641
999992 570008 -999992 -570008
999992 -641374 -999992 641374
-999992 706159 -999992 703741
999992 -790969 -999992 790969
-244040 -999992 -234962 -999992
542864 999992 541685 999992
-749602 999992 749602 -999992
973654 -999992 985054 -999992
999992 -429196 -999992 429196
999992 -806893 -999992 806893
999992 277748 -999992 -277748
999992 -672436 -999992 672436
378128 999992 -378128 -999992
-999992 -969743 -999992 -975140
-635950 999992 635950 -999992
999992 -377980 -999992 377980
999992 674357 999992 700391
999992 603686 -999992 -603686
-999992 641374 -999992 640549
-842779 999992 -853009 999992
274058 999992 273974 999992
-999992 -534059 -999992 -536426
379670 999992 -379670 -999992
-740083 999992 740083 -999992
999992 762107 -999992 -762107
-231868 999992 -233242 999992
-596753 -999992 -593534 -999992
-988382 -999992 -982721 -999992
-973654 999992 -985054 999992
646772 999992 -646772 -999992
-999992 102805 -999992 92770
-999992 172849 -999992 169426
999992 95636 -999992 -95636
999992 257876 999992 277373
572585 999992 -572585 -999992
-999992 -145142 -999992 -147470
566012 999992 -566012 -999992
289085 999992 -289085 -999992
-365356 999992 365356 -999992
-248014 999992 248014 -999992
-475367 -999992 -462446 -999992
999992 742727 999992 743858
330221 999992 -330221 -999992
-233242 999992 233242 -999992
-294535 999992 294535 -999992
-340393 999992 340393 -999992
-902356 999992 902356 -999992
13352 999992 -13352 -999992
999992 -706825 -999992 706825
999992 -845701 -999992 845701
966487 -999992 967555 -999992
-349864 999992 349864 -999992
-708715 999992 -720865 999992
-999992 367198 -999992 364588
773306 999992 -773306 -999992
842779 -999992 853009 -999992
342314 999992 -342314 -999992
999992 -390496 999992 -386455
292594 -999992 294349 -999992
-999992 360055 -999992 346228
-802408 999992 -804694 999992
342791 999992 342314 999992
610715 999992 598199 999992
-125114 -999992 -120614 -999992
817223 999992 -817223 -999992
-985054 999992 985054 -999992
-271795 999992 271795 -999992
59221 -999992 60247 -999992
-140030 -999992 -127958 -999992
999992 147470 -999992 -147470
-991792 999992 991792 -999992
-408241 999992 408241 -999992
999731 999992 -999731 -999992
-375035 -999992 -365804 -999992
866848 -999992 876229 -999992
999992 -6025 -999992 6025
999992 -399376 -999992 399376
999992 434243 -999992 -434243
-132493 999992 132493 -999992
999992 -887320 999992 -882724
-542864 -999992 -541685 -999992
-351031 999992 351031 -999992
724582 -999992 740083 -999992
-292594 999992 292594 -999992
999992 351014 999992 361361
999992 115340 -999992 -115340
-890458 999992 890458 -999992
999992 -805642 -999992 805642
999992 -424342 -999992 424342
999992 190475 -999992 -190475
-200564 -999992 -199460 -999992
-708493 999992 708493 -999992
999992 -602665 999992 -598477
-349864 999992 -351031 999992
999992 938537 999992 950063
999992 -908590 -999992 908590
999992 -210094 999992 -207649
-207737 -999992 -206846 -999992
999992 -871531 -999992 871531
-378374 -999992 -378128 -999992
52295 999992 -52295 -999992
-250684 999992 250684 -999992
999992 793934 -999992 -793934
-999992 -938537 -999992 -950063
999992 -908590 999992 -894493
896432 999992 895940 999992
-999992 -506867 -999992 -526328
999992 -399376 999992 -395305
-999992 -750245 -999992 -750338
868226 999992 -868226 -999992
991792 -999992 999992 -995833
-100345 999992 -123139 999992
999992 238715 -999992 -238715
999992 797939 999992 806945
999992 -706159 -999992 706159
999992 -286153 -999992 286153
999992 807209 -999992 -807209
999992 101552 -999992 -101552
-59221 999992 -60247 999992
-99736 999992 99736 -999992
999992 996020 -999992 -996020
-525277 999992 525277 -999992
999992 920045 999992 921854
999992 433856 999992 434243
891467 999992 -891467 -999992
-20416 999992 20416 -999992
-999992 -96560 -999992 -101552
999992 -631513 -999992 631513
999992 -88132 -999992 88132
688283 999992 -688283 -999992
-534610 999992 534610 -999992
999992 -787726 -999992 787726
999992 -523657 -999992 523657
-664822 999992 664822 -999992
-876229 999992 876229 -999992
-888415 999992 888415 -999992
999992 433856 -999992 -433856
999992 68348 -999992 -68348
-999992 -473138 -999992 -473192
999992 -761785 -999992 761785
590744 999992 -590744 -999992
999992 753884 999992 758927
999992 753884 -999992 -753884
999992 277373 -999992 -277373
999992 -706159 999992 -703741
-25514 -999992 -13895 -999992
-602950 999992 -606898 999992
999992 -190165 999992 -189589
999992 657500 -999992 -657500
988382 999992 -988382 -999992
-999992 523657 -999992 518713
-635950 999992 -642619 999992
455273 999992 -455273 -999992
999992 393389 999992 411245
-999992 541636 -999992 540142
999992 440138 -999992 -440138
-663692 -999992 -659636 -999992
999992 -462079 -999992 462079
-999992 424342 -999992 419008
999992 506867 999992 526328
2576 999992 -2576 -999992
-999992 -238715 -999992 -241745
326258 999992 -326258 -999992
632069 999992 627773 999992
635003 999992 -635003 -999992
-866848 999992 -876229 999992
982721 999992 -982721 -999992
815192 999992 -815192 -999992
539567 999992 530444 999992
999992 -210094 -999992 210094
378374 999992 378128 999992
917141 999992 -917141 -999992
-999992 871531 -999992 855583
999992 -147673 -999992 147673
475367 999992 462446 999992
31663 -999992 38212 -999992
999992 -871531 999992 -855583
-732866 -999992 -707846 -999992
999992 -577357 -999992 577357
113375 999992 100346 999992
-999992 -570008 -999992 -576560
999992 464078 -999992 -464078
999992 -770641 999992 -761785
-22279 999992 22279 -999992
999992 -756304 -999992 756304
775700 999992 -775700 -999992
-676870 999992 676870 -999992
999992 969743 999992 975140
999992 67640 999992 68348
-999992 770641 -999992 761785
999992 277748 999992 284603
999992 -469810 999992 -462079
999992 -360055 999992 -346228
999992 -419008 -999992 419008
999992 285290 -999992 -285290
-914980 999992 914980 -999992
752023 -999992 752122 -999992
-999993 -999993 -999993 999993
999992 115340 999992 127331
-113375 -999992 -100346 -999992
790325 999992 -790325 -999992
999992 -302956 -999992 302956
999992 -523657 999992 -518713
999992 621710 999992 632063
999992 -126100 -999992 126100
656327 999992 -656327 -999992
539567 999992 -539567 -999992
999992 -424342 999992 -419008
542864 999992 -542864 -999992
999992 -530857 999992 -527761
708715 -999992 720865 -999992
125114 999992 120614 999992
52295 999992 41603 999992
-891467 -999992 -877052 -999992
920846 999992 -920846 -999992
999992 -805642 999992 -790969
-999992 -433856 -999992 -434243
-566012 -999992 -550922 -999992
-938573 -999992 -938093 -999992
-59221 999992 59221 -999992
375035 999992 -375035 -999992
-247741 999992 -248014 999992
180107 999992 -180107 -999992
999992 366236 -999992 -366236
-100345 999992 100345 -999992
-752023 999992 752023 -999992
-902356 999992 -912295 999992
272756 999992 254930 999992
-368596 999992 368596 -999992
999992 195029 999992 221747
999992 -541636 -999992 541636
-65281 999992 65281 -999992
372661 -999992 386014 -999992
41603 999992 -41603 -999992
999992 534059 999992 536426
-708715 999992 708715 -999992
-999992 390496 -999992 386455
-754567 999992 754567 -999992
645875 999992 -645875 -999992
999992 -232294 -999992 232294
160493 999992 156851 999992
999992 -922660 -999992 922660
999992 229505 999992 233906
869408 999992 -869408 -999992
999992 -391387 999992 -390577
-778663 999992 778663 -999992
100346 999992 -100346 -999992
244040 999992 -244040 -999992
632069 999992 -632069 -999992
999992 25865 -999992 -25865
999992 568667 999992 569498
-788545 999992 -790516 999992
91301 999992 87383 999992
-675859 999992 675859 -999992
2918 999992 2576 999992
999992 864326 -999992 -864326
504974 999992 504398 999992
-999992 -159014 -999992 -163430
-91301 -999992 -87383 -999992
999992 636275 -999992 -636275
999992 191414 -999992 -191414
-160493 -999992 -156851 -999992
-999992 -957851 -999992 -964139
-136471 999992 136471 -999992
-898441 999992 898441 -999992
-754567 999992 -763012 999992
-590744 -999992 -573239 -999992
-271795 999992 -291232 999992
665206 -999992 675859 -999992
71606 999992 -71606 -999992
999992 700391 -999992 -700391
999992 457151 -999992 -457151
-456670 999992 -470542 999992
-999992 -431387 -999992 -433322
999992 526328 -999992 -526328
999992 772928 -999992 -772928
-999992 -911495 -999992 -911750
-999992 -476270 -999992 -482231
999992 -126100 999992 -121063
999992 957851 -999992 -957851
596753 999992 -596753 -999992
999992 -703741 -999992 703741
742940 999992 -742940 -999992
999992 -332230 999992 -321634
999992 -72010 999992 -64765
74278 -999992 76780 -999992
-999992 -25865 -999992 -63452
-624260 -999992 -614834 -999992
754567 -999992 763012 -999992
999992 -6934 999992 -6025
-999992 -277748 -999992 -284603
-991792 999992 -999992 995833
659636 999992 -659636 -999992
999992 -672121 -999992 672121
999992 -58075 -999992 58075
-573910 999992 573910 -999992
-999992 332230 -999992 321634
-470542 999992 470542 -999992
868034 999992 830075 999992
-472786 999992 -478069 999992
-316339 999992 -320386 999992
273974 999992 -273974 -999992
-999992 631513 -999992 617062
999992 540386 -999992 -540386
999992 411245 -999992 -411245
635950 -999992 642619 -999992
676394 999992 -676394 -999992
688283 999992 676394 999992
999992 -386455 -999992 386455
999992 -346228 -999992 346228
274058 999992 -274058 -999992
999992 -172849 999992 -169426
-999992 -753884 -999992 -758927
-752122 999992 752122 -999992
999992 195029 -999992 -195029
-426313 999992 426313 -999992
999992 -617062 -999992 617062
914980 -999992 924568 -999992
-231868 999992 231868 -999992
999992 914606 -999992 -914606
-999992 942856 -999992 938650
534610 -999992 539320 -999992
207737 999992 206846 999992
13895 999992 -13895 -999992
-65605 999992 -65611 999992
999992 -922660 999992 -921013
999992 -568879 999992 -546850
999992 598427 -999992 -598427
999992 806945 -999992 -806945
740605 -999992 749602 -999992
-999992 -67640 -999992 -68348
624260 999992 614834 999992
999992 -855583 -999992 855583
-999992 594799 -999992 580336
999992 540386 999992 555857
-791539 999992 791539 -999992
-31663 999992 -38212 999992
-539567 -999992 -530444 -999992
999992 -920884 -999992 920884
-999992 -821501 -999992 -822278
-999992 -83561 -999992 -95636
-999992 568879 -999992 546850
-778042 999992 778042 -999992
999992 285290 999992 307760
-132493 999992 -136471 999992
-973654 999992 973654 -999992
999992 -135442 -999992 135442
999992 -213013 -999992 213013
999992 569498 -999992 -569498
-630364 999992 -634663 999992
999992 761138 999992 762107
234962 999992 -234962 -999992
924659 999992 -924659 -999992
999992 -378568 -999992 378568
-999992 -309512 -999992 -323402
73313 999992 71606 999992
999992 964139 -999992 -964139
999992 576560 -999992 -576560
999992 -360055 -999992 360055
-553771 999992 553771 -999992
272756 999992 -272756 -999992
325127 999992 -325127 -999992
999992 797939 -999992 -797939
-804694 999992 804694 -999992
999992 309512 999992 323402
-999992 672121 -999992 668194
-272756 -999992 -254930 -999992
340393 -999992 341827 -999992
-656327 -999992 -656159 -999992
999992 -280177 -999992 280177
-999992 577714 -999992 577357
566012 999992 550922 999992
999992 -992011 999992 -977647
-61733 -999992 -52943 -999992
999992 351014 -999992 -351014
-291232 999992 291232 -999992
-914980 999992 -924568 999992
999992 159014 999992 163430
437753 999992 -437753 -999992
764570 999992 -764570 -999992
-20077 999992 -20416 999992
119582 999992 -119582 -999992
999992 807209 999992 819212
-937354 999992 937354 -999992
-999992 -195029 -999992 -221747
999992 819212 -999992 -819212
-38212 999992 38212 -999992
999992 257876 -999992 -257876
-999992 -603686 -999992 -620423
-400078 999992 400078 -999992
938093 999992 -938093 -999992
999992 722657 999992 733676
999992 67640 -999992 -67640
-372661 999992 372661 -999992
-657871 999992 -664822 999992
-294349 999992 294349 -999992
999992 -541636 999992 -540142
656327 999992 656159 999992
52943 999992 -52943 -999992
999992 476270 -999992 -476270
513487 -999992 514600 -999992
-999992 -285290 -999992 -307760
251660 999992 246386 999992
-123139 999992 123139 -999992
-999992 -674357 -999992 -700391
550922 999992 -550922 -999992
999993 999993 999993 -999993
999992 -687043 -999992 687043
-999992 72010 -999992 64765
-999992 -257876 -999992 -277373
999992 -598477 -999992 598477
317978 999992 289085 999992
-999992 -797939 -999992 -806945
999992 159014 -999992 -159014
999992 -107734 -999992 107734
590744 999992 573239 999992
-999992 -540386 -999992 -555857
999992 -332230 -999992 332230
-665206 999992 -675859 999992
973148 999992 966914 999992
999992 992969 -999992 -992969
999992 920045 -999992 -920045
999992 -921013 -999992 921013
999992 -112927 999992 -107734
-65605 999992 65605 -999992
472786 -999992 478069 -999992
-139873 999992 -141172 999992
-312949 999992 312949 -999992
999992 -295936 -999992 295936
614834 999992 -614834 -999992
999992 -189589 -999992 189589
207737 999992 -207737 -999992
999992 -882724 -999992 882724
-778042 999992 -778663 999992
-65611 999992 65611 -999992
902356 -999992 912295 -999992
999992 -507727 -999992 507727
999992 163430 -999992 -163430
294535 -999992 312949 -999992
-896432 -999992 -895940 -999992
-924659 -999992 -920846 -999992
-523708 999992 -525277 999992
999992 -286153 999992 -280177
707846 999992 -707846 -999992
195077 999992 186716 999992
999992 914606 999992 915557
359564 999992 359453 999992
-13352 -999992 -11912 -999992
-790516 999992 790516 -999992
999992 778568 -999992 -778568
-472786 999992 472786 -999992
510797 999992 -510797 -999992
-365356 999992 -368596 999992
999992 433322 -999992 -433322
-999992 -761138 -999992 -762107
-87892 999992 87892 -999992
-437753 -999992 -435713 -999992
-999992 -378383 -999992 -389240
999992 190475 999992 191414
38437 -999992 39379 -999992
-802408 999992 802408 -999992
530444 999992 -530444 -999992
999992 -971803 999992 -957679
999992 307760 -999992 -307760
999992 96560 999992 101552
645875 999992 635003 999992
-999992 786562 -999992 784693
-999992 155137 -999992 155113
-351703 999992 351703 -999992
999992 -668194 -999992 668194
593534 999992 -593534 -999992
999992 -546850 -999992 546850
11912 999992 -11912 -999992
-853009 999992 853009 -999992
-705247 999992 705247 -999992
999992 389240 -999992 -389240
359453 999992 -359453 -999992
999992 -92770 -999992 92770
999992 570008 999992 576560
999992 83561 -999992 -83561
-790325 -999992 -788195 -999992
999992 -518713 -999992 518713
999992 323402 -999992 -323402
-999992 882592 -999992 878200
375035 999992 365804 999992
-999992 -464078 -999992 -470042
-999992 112927 -999992 107734
-338867 -999992 -330221 -999992
999992 -58075 999992 -33595
113375 999992 -113375 -999992
999992 -540142 -999992 540142
-30865 999992 30865 -999992
630364 -999992 634663 -999992
-999992 126100 -999992 121063
504974 999992 -504974 -999992
-482350 999992 -503791 999992
-999992 687043 -999992 672436
-724582 999992 724582 -999992
624260 999992 -624260 -999992
