992
999999 999502 998001 998498
999999 999928 998001 998072
998001 999020 998001 999017
999670 999999 998330 998001
998001 998807 998001 998798
999999 998680 999999 998689
999949 999999 998051 998001
998965 999999 998962 999999
999706 999999 998294 998001
998001 999083 998001 999077
999091 999999 998909 998001
999999 999430 998001 998570
999424 999999 998576 998001
998001 998597 998001 998591
998001 999383 998001 999380
999919 999999 999907 999999
998146 999999 999854 998001
999999 999583 998001 998417
999071 998001 999086 998001
999999 999553 998001 998447
999999 999958 998001 998042
999946 999999 998054 998001
999999 999037 998001 998963
999986 998001 999995 998001
999999 998503 998001 999497
999442 999999 998558 998001
998677 999999 999323 998001
998001 999881 998001 999878
999999 999049 998001 998951
999999 998236 998001 999764
999999 998740 998001 999260
999999 998791 998001 999209
999999 999259 999999 999265
998001 998150 998001 998144
999999 998827 998001 999173
999999 998938 998001 999062
998014 999999 998005 999999
999506 998001 999515 998001
998001 998942 998001 998933
999999 998980 998001 999020
999395 998001 999401 998001
999999 998845 998001 999155
998606 998001 998621 998001
998001 999725 998001 999713
999999 999937 998001 998063
998899 999999 999101 998001
998629 999999 999371 998001
998001 998441 998001 998429
999058 999999 998942 998001
999999 999154 999999 999169
999999 999985 998001 998015
999853 999999 999844 999999
999581 998001 999587 998001
999999 999127 998001 998873
998001 999887 998001 999884
998968 999999 999032 998001
998869 999999 998863 999999
998001 999680 998001 999650
999999 998290 999999 998293
999999 999310 999999 999313
998900 998001 998903 998001
998480 998001 998498 998001
999352 999999 998648 998001
999999 999355 998001 998645
999844 999999 998156 998001
999802 999999 998198 998001
998434 999999 998431 999999
999343 999999 999340 999999
999999 999091 999999 999115
999999 998959 999999 998977
999999 998878 998001 999122
999718 999999 999706 999999
998464 999999 998458 999999
999799 999999 998201 998001
999999 998077 998001 999923
999379 999999 998621 998001
999793 999999 999790 999999
999760 999999 998240 998001
999878 998001 999881 998001
999999 999622 999999 999640
998317 999999 999683 998001
998001 998540 998001 998534
999035 998001 999038 998001
998377 999999 999623 998001
998051 998001 998054 998001
998803 999999 999197 998001
999999 999049 999999 999055
999949 999999 999946 999999
999580 999999 998420 998001
999999 999535 999999 999541
998693 998001 998696 998001
998500 999999 998497 999999
999937 999999 999934 999999
999999 998305 998001 999695
998237 998001 998240 998001
998001 998237 998001 998219
998236 999999 998230 999999
998804 998001 998810 998001
999999 999961 998001 998039
999163 999999 999139 999999
998001 998882 998001 998873
999187 999999 998813 998001
999999 999661 999999 999667
999304 999999 998696 998001
999999 999118 999999 999127
998707 999999 999293 998001
999776 998001 999788 998001
999307 999999 998693 998001
998001 998663 998001 998654
998001 998999 998001 998984
999999 999583 999999 999586
999999 999640 998001 998360
999536 998001 999542 998001
998001 999191 998001 999182
999999 998524 998001 999476
999359 998001 999371 998001
999999 998632 998001 999368
998977 999999 998968 999999
998001 998102 998001 998099
999999 998776 998001 999224
998248 999999 998245 999999
999999 999223 998001 998777
999999 999430 999999 999454
998263 999999 999737 998001
998063 998001 998066 998001
999999 998275 999999 998287
999999 999661 998001 998339
999999 999973 998001 998027
999199 999999 998801 998001
998001 999275 998001 999272
999427 999999 998573 998001
999550 999999 998450 998001
998752 999999 998740 999999
999487 999999 999478 999999
999999 998572 998001 999428
999999 998644 998001 999356
999107 998001 999116 998001
999196 999999 998804 998001
999970 999999 998030 998001
998407 999999 999593 998001
999999 998233 998001 999767
998001 998126 998001 998117
999617 998001 999623 998001
999999 998623 998001 999377
998305 999999 999695 998001
998914 999999 999086 998001
999999 999724 998001 998276
999999 998809 999999 998818
998197 999999 999803 998001
999293 998001 999296 998001
998731 999999 998728 999999
999999 998002 998001 999998
998504 998001 998507 998001
998929 999999 998914 999999
999999 998827 999999 998845
998001 999074 998001 999062
998596 999999 998593 999999
998605 999999 999395 998001
998822 998001 998828 998001
999598 999999 998402 998001
999999 998680 998001 999320
999781 999999 998219 998001
999999 998710 998001 999290
999999 999001 999999 999016
999999 999055 998001 998945
998672 998001 998675 998001
999478 999999 998522 998001
999999 999415 998001 998585
999634 999999 998366 998001
998001 998354 998001 998351
998001 999173 998001 999155
999999 998809 998001 999191
999999 999688 998001 998312
999999 999724 999999 999730
999999 998488 998001 999512
999100 999999 998900 998001
998001 999527 998001 999518
999568 999999 998432 998001
999999 998602 998001 999398
999999 998917 999999 998923
998572 999999 998563 999999
999999 998293 998001 999707
998513 998001 998522 998001
999100 999999 999097 999999
998224 999999 999776 998001
999999 998050 998001 999950
999999 999259 998001 998741
999268 999999 998732 998001
998053 999999 999947 998001
999220 999999 999199 999999
999999 999574 998001 998426
999958 999999 998042 998001
998147 998001 998156 998001
998686 999999 999314 998001
999999 998722 998001 999278
999999 999649 998001 998351
999400 999999 998600 998001
999970 999999 999958 999999
999999 998161 998001 999839
998001 998789 998001 998783
998959 999999 999041 998001
998001 999503 998001 999497
998614 999999 998608 999999
999146 998001 999149 998001
999999 998713 999999 998722
999999 998635 998001 999365
999999 999256 998001 998744
999999 999751 998001 998249
998001 999962 998001 999950
998599 999999 999401 998001
999999 998122 998001 999878
999999 999892 998001 998108
999999 998632 999999 998635
999119 998001 999125 998001
999703 999999 999679 999999
999999 999730 998001 998270
998597 998001 998600 998001
998026 999999 999974 998001
999999 998497 999999 998503
998929 999999 999071 998001
999999 999202 998001 998798
999299 998001 999314 998001
999999 998728 998001 999272
999593 998001 999602 998001
999403 999999 998597 998001
999547 999999 998453 998001
999999 999847 998001 998153
998001 998402 998001 998399
998001 998678 998001 998675
998464 999999 999536 998001
999999 998917 998001 999083
999999 999808 998001 998192
998563 999999 999437 998001
999999 998431 999999 998440
998875 999999 999125 998001
999999 999412 999999 999415
999898 999999 999880 999999
999999 998137 998001 999863
999999 998275 998001 999725
999999 998377 999999 998383
999999 998458 998001 999542
999421 999999 998579 998001
998725 999999 999275 998001
998650 999999 999350 998001
998071 999999 999929 998001
999999 999526 998001 998474
998001 999998 998001 999989
998881 999999 999119 998001
998001 999923 998001 999908
999999 998017 998001 999983
999999 998704 998001 999296
999999 999529 998001 998471
999769 999999 998231 998001
998173 999999 998170 999999
1000000 1000000 1000000 998000
999999 999931 998001 998069
999999 998014 999999 998017
999999 998362 998001 999638
999999 998617 999999 998620
999999 999091 998001 998909
999999 999412 998001 998588
998116 999999 999884 998001
999999 998455 999999 998458
999559 999999 998441 998001
999999 998320 999999 998350
999999 999757 998001 998243
998001 999608 998001 999593
999841 999999 998159 998001
998758 999999 998755 999999
998330 998001 998333 998001
999999 998986 999999 998989
998398 999999 999602 998001
998434 999999 999566 998001
998441 998001 998450 998001
998683 999999 998677 999999
999994 999999 998006 998001
998420 998001 998429 998001
998701 999999 999299 998001
998837 998001 998861 998001
998972 998001 998996 998001
999999 998113 999999 998116
999424 999999 999421 999999
999999 999322 999999 999325
998000 998000 1000000 998000
999999 998818 998001 999182
999919 999999 998081 998001
998770 999999 999230 998001
999999 998113 998001 999887
999745 999999 999733 999999
999317 998001 999323 998001
998164 999999 998155 999999
999999 998431 998001 999569
998320 999999 998317 999999
998001 998951 998001 998945
998001 999764 998001 999749
999999 999535 998001 998465
999535 999999 998465 998001
999999 999763 999999 999781
999999 998116 998001 999884
999999 998464 998001 999536
998977 999999 999023 998001
998668 999999 999332 998001
998001 998588 998001 998585
998001 998498 998001 998489
999999 999571 998001 998429
998081 998001 998093 998001
999346 999999 998654 998001
998617 999999 999383 998001
999343 999999 998657 998001
998001 998741 998001 998735
999999 999646 998001 998354
999999 999358 999999 999364
998342 998001 998345 998001
999999 999118 998001 998882
999999 999691 998001 998309
999999 999646 999999 999649
999566 998001 999569 998001
998453 998001 998465 998001
999999 999574 999999 999580
999999 998287 998001 999713
999784 999999 998216 998001
999999 998485 999999 998488
999999 998455 998001 999545
999999 999691 999999 999697
999169 999999 998831 998001
999999 998128 998001 999872
999999 999997 999994 999999
999626 998001 999641 998001
999999 999502 999999 999511
998001 999287 998001 999278
998248 999999 999752 998001
998001 999107 998001 999104
998096 998001 998099 998001
998659 999999 999341 998001
998869 999999 999131 998001
999178 999999 998822 998001
999999 998107 998001 999893
998001 998051 998001 998042
999131 998001 999137 998001
999999 998542 999999 998557
999790 999999 998210 998001
998494 999999 999506 998001
999999 998560 999999 998569
999931 999999 998069 998001
999580 999999 999571 999999
998729 998001 998732 998001
999004 999999 998996 998001
998041 999999 998026 999999
998848 999999 998845 999999
999152 998001 999155 998001
999999 998893 998001 999107
999999 999901 998001 998099
998683 999999 999317 998001
999653 998001 999671 998001
998001 998711 998001 998705
998518 999999 999482 998001
999999 998653 998001 999347
999999 998161 999999 998164
998001 999710 998001 999707
998001 998318 998001 998312
998525 998001 998537 998001
999999 998014 998001 999986
998001 999254 998001 999251
998360 998001 998363 998001
999999 999592 998001 998408
998001 999377 998001 999371
999999 999115 998001 998885
999999 998857 998001 999143
999999 998899 999999 998914
999640 999999 998360 998001
999703 999999 998297 998001
998614 999999 999386 998001
998881 999999 998875 999999
999121 999999 998879 998001
998001 999557 998001 999551
999999 998752 998001 999248
999999 998977 998001 999023
999999 998362 999999 998374
999999 998308 998001 999692
999907 999999 998093 998001
999999 998848 998001 999152
999404 998001 999407 998001
999999 999016 998001 998984
998282 998001 998294 998001
999999 999622 998001 998378
998236 999999 999764 998001
999999 998449 998001 999551
999185 998001 999194 998001
999836 998001 999845 998001
999454 999999 998546 998001
999865 999999 998135 998001
998818 999999 999182 998001
998001 998474 998001 998471
999295 999999 999277 999999
999999 999898 999999 999901
999547 999999 999535 999999
998001 999986 998001 999983
999999 998461 998001 999539
998001 998672 998001 998669
999721 999999 998279 998001
999999 998497 998001 999503
998001 999638 998001 999626
999999 998926 999999 998938
999999 999175 998001 998825
998188 999999 998185 999999
999271 999999 998729 998001
998657 998001 998660 998001
999999 999223 999999 999256
999848 998001 999854 998001
999496 999999 999493 999999
999999 998377 998001 999623
999999 998164 998001 999836
998494 999999 998485 999999
999999 998542 998001 999458
999197 998001 999209 998001
998001 998777 998001 998744
999999 998950 998001 999050
999999 998383 998001 999617
998650 999999 998644 999999
999763 999999 999760 999999
999999 998305 999999 998308
999884 998001 999893 998001
998704 999999 999296 998001
998069 998001 998072 998001
998255 998001 998267 998001
999999 999967 999999 999970
999999 998617 998001 999383
999386 998001 999392 998001
999999 999460 998001 998540
999999 998584 998001 999416
998314 999999 999686 998001
998001 999122 998001 999116
999999 998473 999999 998482
999745 999999 998255 998001
999999 999949 999999 999958
998893 999999 998884 999999
998791 999999 999209 998001
998432 998001 998438 998001
999727 999999 998273 998001
999764 998001 999770 998001
998659 999999 998656 999999
999091 999999 999088 999999
998122 999999 998119 999999
998848 999999 999152 998001
999430 999999 999427 999999
999040 999999 999031 999999
999999 999349 999999 999355
999999 999511 998001 998489
999719 998001 999728 998001
998001 999014 998001 999011
998815 999999 999185 998001
999328 999999 998672 998001
998780 998001 998801 998001
999500 998001 999503 998001
998329 999999 999671 998001
999545 998001 999563 998001
998347 999999 998329 999999
999999 998038 998001 999962
999999 999883 998001 998117
999999 998002 999999 998011
999999 998290 998001 999710
999763 999999 998237 998001
999931 999999 999928 999999
999670 999999 999667 999999
998806 999999 999194 998001
998965 999999 999035 998001
999999 999346 998001 998654
998980 999999 999020 998001
998896 999999 999104 998001
999073 999999 998927 998001
999999 999337 998001 998663
999999 999889 998001 998111
999999 998926 998001 999074
999181 999999 998819 998001
998001 999695 998001 999692
999784 999999 999781 999999
999463 999999 998537 998001
999226 999999 998774 998001
999428 998001 999437 998001
998827 999999 999173 998001
999999 998419 999999 998428
998001 999248 998001 999233
998620 999999 999380 998001
998001 999569 998001 999560
998863 999999 999137 998001
998001 998111 998001 998108
999999 998740 999999 998743
998001 999539 998001 999536
999999 998053 999999 998071
998188 999999 999812 998001
999999 999598 998001 998402
999667 999999 998333 998001
999418 999999 999409 999999
999680 998001 999683 998001
999999 998959 998001 999041
999457 999999 999454 999999
998001 998642 998001 998636
999999 998893 999999 998896
999999 999217 998001 998783
998941 999999 999059 998001
999673 999999 998327 998001
999269 998001 999272 998001
999163 999999 998837 998001
998001 999545 998001 999542
999676 999999 999673 999999
999832 999999 999802 999999
998001 998072 998001 998069
999413 998001 999422 998001
998001 999623 998001 999617
999325 999999 998675 998001
998752 999999 999248 998001
999999 998713 998001 999287
998001 998165 998001 998153
999999 998776 999999 998791
999999 999550 998001 998450
999319 999999 998681 998001
999017 998001 999020 998001
999341 998001 999344 998001
998608 999999 999392 998001
998947 999999 998941 999999
999859 999999 998141 998001
998001 999485 998001 999476
998419 999999 999581 998001
998395 999999 999605 998001
999999 999337 999999 999346
998500 999999 999500 998001
999999 998923 998001 999077
999999 998038 999999 998050
999999 998644 999999 998653
999812 998001 999815 998001
998001 998096 998001 998090
998001 999947 998001 999929
999999 999928 999999 999931
998001 998417 998001 998414
999766 999999 998234 998001
999999 998704 999999 998710
998001 998450 998001 998447
999999 999601 998001 998399
999999 999904 999999 999910
999999 999526 999999 999529
998827 999999 998818 999999
998950 999999 999050 998001
998001 999368 998001 999365
999999 998878 999999 998884
999999 999874 998001 998126
998366 998001 998402 998001
999934 999999 998066 998001
999999 999265 998001 998735
999322 999999 999319 999999
998803 999999 998791 999999
998678 998001 998681 998001
999999 999925 998001 998075
999475 999999 998525 998001
998845 999999 999155 998001
999999 999874 999999 999883
999679 999999 998321 998001
999999 998572 999999 998581
998983 999999 999017 998001
999904 999999 999901 999999
998899 999999 998896 999999
999999 998665 998001 999335
998001 999515 998001 999512
999277 999999 998723 998001
999999 998119 999999 998122
999559 999999 999550 999999
999999 998884 998001 999116
999999 999328 999999 999331
998001 999335 998001 999329
999172 999999 998828 998001
998001 998408 998001 998405
999999 999382 999999 999388
999832 999999 998168 998001
999999 999382 998001 998618
999841 999999 999838 999999
999999 998629 998001 999371
998191 999999 999809 998001
999571 999999 998429 998001
999999 998671 998001 999329
999999 999697 998001 998303
998437 999999 999563 998001
998001 998039 998001 998036
998947 999999 999053 998001
998497 999999 999503 998001
998587 999999 999413 998001
999999 999667 998001 998333
999999 998128 999999 998137
999999 998767 998001 999233
999999 999889 999999 999892
999999 999175 999999 999187
999999 998053 998001 999947
999322 999999 998678 998001
999999 999739 999999 999751
999999 999358 998001 998642
999898 999999 998102 998001
999999 998392 998001 999608
999999 998725 998001 999275
999520 999999 999502 999999
999999 999409 998001 998591
999999 998746 998001 999254
999187 999999 999181 999999
999999 998320 998001 999680
998001 999872 998001 999863
999076 999999 998924 998001
998909 998001 998912 998001
998648 998001 998654 998001
998779 999999 998770 999999
999220 999999 998780 998001
998155 999999 999845 998001
999999 998419 998001 999581
999686 998001 999695 998001
999999 998623 999999 998629
999295 999999 998705 998001
999999 998665 999999 998671
998001 998027 998001 998024
998041 999999 999959 998001
999999 999904 998001 998096
999999 998899 998001 999101
999937 999999 998063 998001
998942 998001 998954 998001
999999 998602 999999 998611
999999 998218 998001 999782
999655 999999 998345 998001
999999 999550 999999 999553
998455 999999 999545 998001
999999 999970 998001 998030
999999 999322 998001 998678
999999 999706 999999 999715
998001 999050 998001 999047
998001 999356 998001 999347
999999 998821 999999 998824
998455 999999 998437 999999
998644 999999 999356 998001
998413 999999 999587 998001
999999 999310 998001 998690
998246 998001 998252 998001
999999 999559 999999 999571
999999 999949 998001 998051
999999 999850 999999 999856
998001 999440 998001 999431
999999 999019 999999 999037
998122 999999 999878 998001
999097 999999 998903 998001
998116 999999 998107 999999
998272 999999 999728 998001
999457 999999 998543 998001
998001 998378 998001 998360
998879 998001 998885 998001
998216 998001 998219 998001
999959 998001 999974 998001
999418 999999 998582 998001
999173 998001 999182 998001
998001 998015 998001 998012
999101 998001 999104 998001
999634 999999 999598 999999
999999 998983 998001 999017
999605 998001 999608 998001
999487 999999 998513 998001
999058 999999 999046 999999
999999 999295 998001 998705
999999 998515 999999 998524
999999 999793 999999 999808
999999 999598 999999 999601
998641 999999 998629 999999
999999 999934 998001 998066
999999 999403 998001 998597
999394 999999 998606 998001
999275 998001 999290 998001
999999 999739 998001 998261
998740 999999 999260 998001
999139 999999 998861 998001
998230 999999 999770 998001
999999 999289 999999 999295
998851 999999 999149 998001
999999 998440 998001 999560
998314 999999 998305 999999
999999 999898 998001 998102
998159 998001 998162 998001
999880 999999 998120 998001
998392 999999 999608 998001
999999 998236 999999 998251
999999 999595 998001 998405
999403 999999 999400 999999
998231 998001 998234 998001
999999 998746 999999 998749
998641 999999 999359 998001
998536 999999 999464 998001
999999 998185 998001 999815
999999 998215 998001 999785
999529 999999 999526 999999
998001 998003 998006 998001
999352 999999 999346 999999
998273 998001 998279 998001
998001 999839 998001 999836
998962 999999 999038 998001
998107 999999 999893 998001
999799 999999 999796 999999
999999 998980 999999 998983
999999 999460 999999 999466
999999 999067 998001 998933
999999 998620 998001 999380
999928 999999 998072 998001
998374 999999 998359 999999
998779 999999 999221 998001
999754 999999 999748 999999
999985 999999 999973 999999
999999 999019 998001 998981
999999 999313 998001 998687
999169 999999 999166 999999
998001 999815 998001 999785
999999 999763 998001 998237
998755 999999 999245 998001
998701 999999 998686 999999
999999 999088 998001 998912
998884 999999 999116 998001
999754 999999 998246 998001
999865 999999 999859 999999
998001 999902 998001 999893
998893 999999 999107 998001
999999 999964 998001 998036
999999 998611 998001 999389
998570 998001 998573 998001
999999 999070 998001 998930
998170 999999 999830 998001
998407 999999 998398 999999
999166 999999 998834 998001
998152 999999 999848 998001
998001 998309 998001 998303
999999 998011 998001 999989
999221 998001 999230 998001
999999 999835 999999 999847
999999 998482 998001 999518
998000 998000 998000 1000000
999999 999913 998001 998087
999999 999592 999999 999595
999464 998001 999482 998001
999769 999999 999766 999999
999496 999999 998504 998001
998001 998087 998001 998075
998182 999999 998176 999999
998001 999398 998001 999389
999999 998896 998001 999104
999999 998821 998001 999179
999433 999999 998567 998001
999999 999388 998001 998612
999244 999999 998756 998001
999040 999999 998960 998001
998001 999224 998001 999209
999929 998001 999947 998001
999999 999913 999999 999925
999999 999193 998001 998807
999271 999999 999268 999999
999076 999999 999073 999999
999999 999934 999999 999937
999999 999466 998001 998534
999999 999760 998001 998240
998458 999999 999542 998001
999999 999985 999999 999988
998001 999416 998001 999404
999053 998001 999059 998001
998297 998001 998321 998001
998001 998570 998001 998546
999796 999999 998204 998001
999733 999999 998267 998001
998001 998426 998001 998420
999999 998743 998001 999257
998983 999999 998980 999999
999658 999999 999655 999999
999999 998749 998001 999251
999999 998557 998001 999443
999640 999999 999637 999999
999430 999999 998570 998001
999999 999211 999999 999217
998281 999999 998272 999999
999748 999999 998252 998001
999999 998392 999999 998407
998395 999999 998392 999999
998001 998825 998001 998813
998119 999999 999881 998001
998001 998846 998001 998831
998620 999999 998617 999999
998001 999428 998001 999419
998543 998001 998546 998001
998831 998001 998834 998001
1000000 1000000 998000 1000000
998728 999999 999272 998001
999999 998092 998001 999908
999999 999715 998001 998285
998001 998033 998001 998030
998185 999999 999815 998001
999999 998950 999999 998953
998431 999999 999569 998001
999999 998428 998001 999572
998710 999999 999290 998001
998383 999999 999617 998001
998001 998618 998001 998612
999985 999999 998015 998001
998596 999999 999404 998001
999999 999781 998001 998219
998705 998001 998723 998001
999999 998098 998001 999902
999999 999328 998001 998672
998959 999999 998950 999999
999999 998374 998001 999626
998005 999999 999995 998001
999999 999856 998001 998144
998173 999999 999827 998001
999999 998251 998001 999749
999999 999454 998001 998546
999999 998824 998001 999176
999727 999999 999721 999999
998135 998001 998141 998001
999999 999973 999999 999976
999999 999976 998001 998024
999999 999706 998001 998294
998071 999999 998053 999999
998471 998001 998474 998001
998001 999041 998001 999023
999502 999999 998498 998001
999340 999999 998660 998001
998001 998207 998001 998192
999999 998584 999999 998596
999328 999999 999325 999999
999904 999999 998096 998001
999999 998185 999999 998215
998813 998001 998819 998001
998593 999999 999407 998001
998558 998001 998567 998001
999999 998953 998001 999047
999999 999586 998001 998414
998668 999999 998665 999999
998001 998930 998001 998912
999999 999988 998001 998012
999999 998443 998001 999557
999999 998689 998001 999311
999718 999999 998282 998001
999999 998596 998001 999404
999031 999999 998969 998001
999999 999541 998001 998459
999658 999999 998342 998001
998359 999999 999641 998001
998245 999999 999755 998001
999999 998119 998001 999881
998263 999999 998257 999999
999244 999999 999226 999999
999999 999850 998001 998150
998001 999260 998001 999257
998960 998001 998969 998001
998374 999999 999626 998001
998001 998066 998001 998063
999803 998001 999809 998001
998001 998243 998001 998240
999999 999580 998001 998420
998281 999999 999719 998001
999973 999999 998027 998001
999901 999999 998099 998001
999520 999999 998480 998001
999023 998001 999032 998001
999307 999999 999304 999999
999999 998569 998001 999431
999999 998407 998001 999593
999999 999793 998001 998207
999196 999999 999190 999999
999999 999331 998001 998669
999999 999325 998001 998675
999999 999757 999999 999760
999332 998001 999335 998001
999028 999999 999004 999999
999999 999961 999999 999964
998207 998001 998210 998001
999999 999193 999999 999202
998758 999999 999242 998001
998419 999999 998413 999999
999999 998443 999999 998449
998731 999999 999269 998001
998182 999999 999818 998001
999999 999058 998001 998942
999088 999999 998912 998001
998707 999999 998704 999999
998572 999999 999428 998001
999737 998001 999743 998001
999999 998350 998001 999650
999380 998001 999383 998001
999793 999999 998207 998001
999190 999999 998810 998001
999752 998001 999755 998001
999999 999967 998001 998033
998015 998001 998027 998001
999999 999154 998001 998846
999999 998515 998001 999485
998001 998981 998001 998963
999999 998560 998001 999440
998164 999999 999836 998001
998030 998001 998042 998001
999838 999999 998162 998001
998756 998001 998774 998001
998725 999999 998710 999999
999121 999999 999115 999999
999999 998848 999999 998857
998485 999999 999515 998001
999115 999999 998885 998001
998001 998294 998001 998285
998102 998001 998120 998001
999568 999999 999562 999999
999493 999999 998507 998001
998383 999999 998377 999999
998152 999999 998146 999999
999248 998001 999260 998001
998001 999101 998001 999086
998854 999999 998851 999999
999999 998461 999999 998464
998665 999999 999335 998001
998001 998651 998001 998645
999041 998001 999050 998001
998001 998465 998001 998459
999526 999999 998474 998001
998212 999999 999788 998001
999999 999910 998001 998090
998536 999999 998518 999999
999827 998001 999830 998001
998854 999999 999146 998001
998324 998001 998327 998001
998257 999999 999743 998001
998347 999999 999653 998001
999999 998581 998001 999419
999394 999999 999379 999999
998014 999999 999986 998001
999999 998098 999999 998107
999999 999682 998001 998318
998578 999999 999422 998001
998656 999999 999344 998001
998168 998001 998198 998001
999999 998725 999999 998728
998587 999999 998578 999999
999818 998001 999824 998001
998320 999999 999680 998001
999442 999999 999433 999999
998582 998001 998591 998001
998001 999320 998001 999311
999562 999999 998438 998001
998815 999999 998806 999999
998001 998261 998001 998249
999999 998914 998001 999086
999529 999999 998471 998001
999999 999559 998001 998441
999999 998989 998001 999011
999676 999999 998324 998001
998001 998339 998001 998333
998001 998276 998001 998270
998001 998909 998001 998885
999999 999349 998001 998651
999999 998752 999999 998767
999999 999169 998001 998831
999999 999058 999999 999067
998924 998001 998927 998001
999178 999999 999172 999999
999999 998071 998001 999929
999999 998218 999999 998233
999999 999997 998001 998003
999999 999364 998001 998636
999028 999999 998972 998001
999999 998077 999999 998092
998001 999152 998001 999143
999999 998986 998001 999014
999637 999999 998363 998001
999046 999999 998954 998001
998197 999999 998191 999999
998001 999179 998001 999176
999853 999999 998147 998001
999999 999835 998001 998165
998001 998690 998001 998687
998001 999782 998001 999767
998001 999581 998001 999572
998201 998001 998204 998001
998224 999999 998212 999999
999999 999289 998001 998711
999999 999403 999999 999409
999999 999682 999999 999688
998001 999296 998001 999290
999409 999999 998591 998001
998605 999999 998599 999999
999475 999999 999463 999999
999999 998485 998001 999515
998176 999999 999824 998001
999999 998473 998001 999527
999350 998001 999356 998001
998001 999458 998001 999443
999999 999001 998001 998999
999999 999070 999999 999088
999999 999211 998001 998789
998576 998001 998579 998001
999242 998001 999245 998001
999999 999187 998001 998813
