532
999999 999821 999601 999779
999803 999601 999806 999601
999857 999999 999743 999601
999999 999752 999999 999755
999999 999836 999601 999764
999601 999698 999601 999695
999999 999620 999601 999980
999665 999999 999662 999999
999959 999999 999641 999601
999601 999686 999601 999683
999755 999999 999845 999601
999601 999896 999601 999893
999999 999965 999601 999635
999617 999999 999614 999999
999601 999830 999601 999827
999605 999601 999608 999601
999999 999872 999999 999875
999999 999968 999999 999971
999999 999806 999999 999809
999872 999999 999728 999601
999999 999788 999999 999791
999999 999686 999601 999914
999740 999999 999860 999601
999809 999601 999812 999601
999999 999794 999999 999797
999797 999999 999794 999999
999601 999740 999601 999737
999743 999601 999746 999601
999999 999710 999999 999713
999899 999999 999701 999601
999601 999998 999601 999995
999601 999818 999601 999815
999999 999716 999601 999884
999999 999722 999601 999878
999999 999713 999601 999887
999830 999999 999770 999601
999683 999999 999917 999601
999893 999999 999707 999601
999611 999999 999989 999601
999999 999683 999601 999917
999674 999999 999926 999601
999923 999999 999920 999999
999827 999601 999830 999601
999965 999999 999962 999999
999974 999999 999626 999601
999989 999999 999611 999601
999713 999601 999716 999601
999999 999743 999601 999857
999701 999601 999704 999601
999767 999601 999770 999601
999999 999662 999601 999938
999764 999999 999836 999601
999999 999992 999999 999995
999896 999999 999704 999601
999797 999999 999803 999601
999695 999999 999905 999601
999719 999999 999881 999601
999999 999974 999601 999626
999917 999601 999920 999601
999965 999601 999968 999601
999617 999999 999983 999601
999836 999999 999764 999601
999662 999999 999938 999601
999923 999999 999677 999601
999999 999761 999601 999839
999743 999999 999857 999601
999999 999974 999999 999977
999601 999866 999601 999863
999601 999788 999601 999785
999695 999601 999698 999601
999995 999999 999605 999601
999601 999800 999601 999797
999614 999999 999986 999601
999999 999866 999601 999734
999601 999716 999601 999713
999875 999999 999725 999601
999668 999999 999932 999601
999845 999999 999755 999601
999999 999896 999601 999704
999707 999601 999710 999601
999999 999740 999999 999743
999999 999704 999601 999896
999821 999601 999824 999601
999999 999950 999601 999650
999929 999601 999932 999601
999999 999884 999601 999716
999932 999999 999668 999601
999803 999999 999800 999999
999929 999999 999671 999601
999999 999680 999601 999920
999999 999782 999601 999818
999999 999770 999999 999773
999999 999755 999601 999845
999983 999999 999980 999999
999999 999830 999999 999833
999731 999601 999734 999601
999999 999860 999999 999863
999605 999999 999602 999999
999716 999999 999884 999601
999999 999947 999601 999653
999999 999932 999601 999668
999999 999758 999999 999761
999999 999641 999601 999959
999878 999999 999722 999601
999794 999999 999806 999601
999999 999890 999999 999893
999999 999608 999601 999992
999999 999986 999601 999614
999722 999999 999878 999601
999638 999999 999962 999601
999941 999999 999659 999601
999999 999854 999601 999746
999601 999662 999601 999659
999601 999692 999601 999689
999683 999601 999686 999601
999601 999944 999601 999941
999911 999999 999908 999999
999953 999999 999950 999999
999999 999611 999601 999989
999999 999665 999601 999935
999683 999999 999680 999999
999999 999776 999601 999824
999999 999881 999601 999719
999999 999848 999999 999851
999601 999932 999601 999929
999938 999999 999662 999601
999887 999999 999884 999999
999601 999620 999601 999617
999647 999999 999644 999999
999999 999818 999601 999782
999725 999999 999875 999601
999999 999629 999601 999971
999653 999999 999947 999601
999899 999601 999902 999601
999731 999999 999869 999601
999601 999758 999601 999755
999601 999992 999601 999989
999999 999623 999601 999977
999999 999668 999999 999671
999999 999836 999999 999839
999999 999710 999601 999890
999601 999914 999601 999911
999800 999999 999800 999601
999776 999999 999824 999601
999821 999999 999818 999999
999647 999601 999650 999601
999905 999999 999695 999601
999999 999908 999999 999911
999968 999999 999632 999601
999999 999914 999601 999686
999917 999999 999683 999601
999999 999626 999999 999629
999701 999999 999899 999601
999689 999999 999686 999999
999719 999999 999716 999999
999656 999999 999944 999601
999911 999601 999914 999601
999893 999999 999890 999999
999999 999785 999601 999815
999999 999932 999999 999935
999695 999999 999692 999999
999815 999601 999818 999601
999779 999999 999821 999601
999999 999809 999601 999791
999827 999999 999773 999601
999999 999689 999601 999911
999791 999999 999788 999999
999731 999999 999728 999999
999601 999782 999601 999779
999601 999752 999601 999749
999999 999944 999999 999947
999999 999728 999601 999872
999755 999601 999758 999601
999635 999601 999638 999601
999999 999884 999999 999887
999999 999893 999601 999707
999851 999601 999854 999601
999734 999999 999866 999601
999999 999779 999601 999821
999761 999999 999839 999601
999863 999999 999737 999601
999920 999999 999680 999601
999773 999999 999770 999999
999644 999999 999956 999601
999887 999601 999890 999601
999999 999704 999999 999707
999659 999999 999656 999999
999629 999601 999632 999601
999899 999999 999896 999999
999999 999650 999999 999653
999935 999999 999665 999601
999929 999999 999926 999999
999999 999695 999601 999905
999601 999656 999601 999653
999601 999704 999601 999701
999999 999773 999601 999827
999999 999824 999999 999827
999999 999686 999999 999689
1000000 1000000 999600 1000000
999999 999842 999601 999758
999941 999999 999938 999999
999999 999818 999999 999821
999758 999999 999842 999601
999779 999999 999776 999999
999995 999999 999992 999999
999770 999999 999830 999601
999601 999974 999601 999971
999999 999800 999601 999800
999749 999999 999851 999601
999857 999999 999854 999999
999999 999605 999601 999995
999977 999999 999974 999999
999999 999800 999999 999803
999671 999601 999674 999601
999902 999999 999698 999601
999999 999815 999601 999785
999601 999926 999601 999923
999999 999722 999999 999725
999601 999806 999601 999803
999854 999999 999746 999601
999999 999845 999601 999755
999821 999999 999779 999601
999875 999999 999872 999999
999629 999999 999626 999999
999999 999734 999999 999737
999601 999614 999601 999611
999743 999999 999740 999999
999999 999770 999601 999830
999999 999944 999601 999656
999725 999999 999722 999999
999812 999999 999788 999601
999680 999999 999920 999601
999601 999770 999601 999767
999950 999999 999650 999601
999999 999737 999601 999863
999866 999999 999734 999601
999839 999999 999836 999999
999601 999956 999601 999953
999601 999908 999601 999905
999999 999953 999601 999647
999601 999872 999601 999869
999707 999999 999704 999999
999999 999842 999999 999845
999999 999926 999999 999929
999999 999878 999999 999881
999749 999999 999746 999999
999601 999836 999601 999833
999999 999914 999999 999917
999601 999890 999601 999887
999677 999999 999923 999601
999999 999731 999601 999869
999983 999999 999617 999601
999827 999999 999824 999999
999999 999929 999601 999671
999653 999601 999656 999601
999710 999999 999890 999601
999601 999710 999601 999707
999601 999884 999601 999881
999953 999601 999956 999601
999999 999620 999999 999623
999999 999608 999999 999611
999999 999848 999601 999752
999999 999935 999601 999665
999999 999632 999999 999635
999947 999601 999950 999601
999601 999902 999601 999899
999767 999999 999833 999601
999600 999600 1000000 999600
999601 999734 999601 999731
999947 999999 999944 999999
999601 999878 999601 999875
999601 999950 999601 999947
999755 999999 999752 999999
999887 999999 999713 999601
999926 999999 999674 999601
999999 999824 999601 999776
999629 999999 999971 999601
999999 999968 999601 999632
999999 999797 999601 999803
999959 999999 999956 999999
999601 999812 999601 999809
999620 999999 999980 999601
999999 999659 999601 999941
999999 999692 999601 999908
999773 999601 999776 999601
999944 999999 999656 999601
999601 999938 999601 999935
999999 999992 999601 999608
999999 999806 999601 999794
999999 999638 999999 999641
999999 999653 999601 999947
999785 999999 999815 999601
999641 999999 999959 999601
999956 999999 999644 999601
999999 999872 999601 999728
999999 999767 999601 999833
999761 999999 999758 999999
999999 999926 999601 999674
999635 999999 999632 999999
999999 999656 999999 999659
999635 999999 999965 999601
999911 999999 999689 999601
999602 999999 999998 999601
999999 999794 999601 999806
999999 999674 999601 999926
999647 999999 999953 999601
999881 999999 999719 999601
999905 999999 999902 999999
999999 999701 999601 999899
999890 999999 999710 999601
999601 999608 999601 999605
999959 999601 999962 999601
999686 999999 999914 999601
999999 999851 999601 999749
999788 999999 999812 999601
999971 999601 999974 999601
999719 999601 999722 999601
999632 999999 999968 999601
999999 999746 999601 999854
999601 999776 999601 999773
999601 999644 999601 999641
999833 999999 999767 999601
999704 999999 999896 999601
999999 999764 999601 999836
999605 999999 999995 999601
999905 999601 999908 999601
999601 999824 999601 999821
999999 999803 999601 999797
999999 999962 999999 999965
999999 999908 999601 999692
999601 999638 999601 999635
999999 999902 999601 999698
999999 999788 999601 999812
999999 999923 999601 999677
999999 999698 999999 999701
999737 999601 999740 999601
999623 999999 999620 999999
999999 999758 999601 999842
999999 999830 999601 999770
999641 999601 999644 999601
999999 999746 999999 999749
999749 999601 999752 999601
999980 999999 999620 999601
999869 999999 999731 999601
999999 999698 999601 999902
999815 999999 999812 999999
999999 999614 999999 999617
999665 999601 999668 999601
999677 999999 999674 999999
999999 999671 999601 999929
999971 999999 999629 999601
999999 999728 999999 999731
999999 999941 999601 999659
999869 999999 999866 999999
999999 999839 999601 999761
999713 999999 999887 999601
999752 999999 999848 999601
999797 999601 999800 999601
999881 999601 999884 999601
999833 999601 999836 999601
999999 999626 999601 999974
999999 999875 999601 999725
999935 999601 999938 999601
999999 999869 999601 999731
999626 999999 999974 999601
999999 999902 999999 999905
999935 999999 999932 999999
999773 999999 999827 999601
999601 999764 999601 999761
999611 999601 999614 999601
999692 999999 999908 999601
999863 999999 999860 999999
999999 999602 999999 999605
999999 999866 999999 999869
999818 999999 999782 999601
999983 999601 999986 999601
999737 999999 999863 999601
999845 999999 999842 999999
999999 999707 999601 999893
999677 999601 999680 999601
999999 999983 999601 999617
999999 999644 999999 999647
999999 999887 999601 999713
999600 999600 999600 1000000
999601 999674 999601 999671
999999 999740 999601 999860
999839 999999 999761 999601
999999 999812 999999 999815
999999 999977 999601 999623
999999 999995 999601 999605
999839 999601 999842 999601
999999 999854 999999 999857
999601 999962 999601 999959
999999 999614 999601 999986
999999 999920 999601 999680
999848 999999 999752 999601
999999 999674 999999 999677
999999 999899 999601 999701
999608 999999 999992 999601
999999 999911 999601 999689
999601 999632 999601 999629
999659 999999 999941 999601
999601 999860 999601 999857
999601 999986 999601 999983
999809 999999 999791 999601
999851 999999 999848 999999
999809 999999 999806 999999
999601 999626 999601 999623
999815 999999 999785 999601
999893 999601 999896 999601
999999 999791 999601 999809
999653 999999 999650 999999
999999 999956 999999 999959
999999 999989 999601 999611
999782 999999 999818 999601
999601 999668 999601 999665
999701 999999 999698 999999
999999 999980 999999 999983
999989 999999 999986 999999
999999 999959 999601 999641
999999 999962 999601 999638
999999 999905 999601 999695
999999 999647 999601 999953
999601 999854 999601 999851
999601 999722 999601 999719
999623 999601 999626 999601
999611 999999 999608 999999
999601 999680 999601 999677
999779 999601 999782 999601
999999 999956 999601 999644
999713 999999 999710 999999
999986 999999 999614 999601
999941 999601 999944 999601
999999 999632 999601 999968
999999 999602 999601 999998
999833 999999 999830 999999
999999 999650 999601 999950
999659 999601 999662 999601
999601 999848 999601 999845
999601 999728 999601 999725
999999 999719 999601 999881
999707 999999 999893 999601
999989 999601 999992 999601
999999 999896 999999 999899
999953 999999 999647 999601
999999 999662 999999 999665
999999 999782 999999 999785
999999 999890 999601 999710
999785 999601 999788 999601
999601 999920 999601 999917
999999 999680 999999 999683
999999 999725 999601 999875
999999 999752 999601 999848
999908 999999 999692 999601
999737 999999 999734 999999
999761 999601 999764 999601
999999 999938 999601 999662
999999 999833 999601 999767
999999 999917 999601 999683
999999 999635 999601 999965
999999 999776 999999 999779
999728 999999 999872 999601
999824 999999 999776 999601
999671 999999 999929 999601
999842 999999 999758 999601
999999 999644 999601 999956
999999 999860 999601 999740
999601 999650 999601 999647
999601 999980 999601 999977
999999 999812 999601 999788
999689 999601 999692 999601
999999 999986 999999 999989
999999 999971 999601 999629
999689 999999 999911 999601
999806 999999 999794 999601
999999 999716 999999 999719
999601 999746 999601 999743
999601 999842 999601 999839
999875 999601 999878 999601
999671 999999 999668 999999
999884 999999 999716 999601
999845 999601 999848 999601
999869 999601 999872 999601
999917 999999 999914 999999
999881 999999 999878 999999
999999 999692 999999 999695
999999 999878 999601 999722
999999 999749 999601 999851
999999 999857 999601 999743
999947 999999 999653 999601
999914 999999 999686 999601
999999 999920 999999 999923
999999 999827 999601 999773
999791 999601 999794 999601
999999 999668 999601 999932
999999 999638 999601 999962
1000000 1000000 1000000 999600
999999 999677 999601 999923
999767 999999 999764 999999
999999 999764 999999 999767
999623 999999 999977 999601
999725 999601 999728 999601
999803 999999 999797 999601
999999 999863 999601 999737
999999 999950 999999 999953
999965 999999 999635 999601
999665 999999 999935 999601
999999 999980 999601 999620
999641 999999 999638 999999
999863 999601 999866 999601
999992 999999 999608 999601
999999 999734 999601 999866
999977 999601 999980 999601
999617 999601 999620 999601
999999 999938 999999 999941
999962 999999 999638 999601
999746 999999 999854 999601
999977 999999 999623 999601
999791 999999 999809 999601
999650 999999 999950 999601
999999 999617 999601 999983
999860 999999 999740 999601
999601 999794 999601 999791
999601 999968 999601 999965
999923 999601 999926 999601
999999 999656 999601 999944
999698 999999 999902 999601
999971 999999 999968 999999
999785 999999 999782 999999
999851 999999 999749 999601
999857 999601 999860 999601
999995 999601 999998 999601
