1000
0 835378 -170839 0
0 870842 -113359 0
0 158184 -835505 0
0 -562482 498459 0
0 -657350 386836 0
0 478545 -485088 0
0 -680468 -251772 0
0 142581 -872228 0
0 -338199 717463 0
0 566681 -357323 0
0 -701540 -246413 0
0 950634 83913 0
0 920589 -76844 0
0 -782956 243984 0
0 753868 264524 0
0 -489600 -485088 0
0 -148001 871530 0
0 604502 459526 0
0 58880 -928385 0
0 604502 -313777 0
0 -970333 -29242 0
0 -276896 -733597 0
0 853725 -143578 0
0 513044 531222 0
0 -753905 257218 0
0 -527187 525869 0
0 -591265 -301228 0
0 747780 268415 0
0 543450 -367589 0
0 -179403 -823994 0
0 -805630 214444 0
0 -681541 321478 0
0 -566630 -362311 0
0 348568 -590255 0
0 -553184 -369172 0
0 234381 795747 0
0 -805630 -173187 0
0 651247 -277746 0
0 -41967 965248 0
0 -963912 -43275 0
0 -485312 -506507 0
0 -583002 -349827 0
0 4132 -996074 0
0 -956675 74969 0
0 -636291 407085 0
0 -143699 -869876 0
0 212688 -765147 0
0 -94516 925975 0
0 996278 5042 0
0 171423 -824689 0
0 -569028 479235 0
0 -248965 -761340 0
0 -669983 383167 0
0 -223355 830536 0
0 -181458 -823199 0
0 -590945 -312909 0
0 -422788 640809 0
0 -288456 759560 0
0 -553184 508630 0
0 -88162 928382 0
0 -297981 -702747 0
0 182624 -810361 0
0 -485883 570971 0
0 32603 -950974 0
0 374771 -570513 0
0 -20280 997527 0
0 877888 169633 0
0 258755 -693749 0
0 -980214 36936 0
0 688804 345599 0
0 -966650 50557 0
0 305965 715028 0
0 -135919 -869999 0
0 660750 -272975 0
0 180077 -819448 0
0 528638 514709 0
0 700503 314329 0
0 982999 40261 0
0 526605 -404713 0
0 755512 -222644 0
0 -464136 -531419 0
0 478545 567689 0
0 -300741 736797 0
0 -516120 531222 0
0 558235 486823 0
0 -31029 -967141 0
0 870842 174897 0
0 -167991 863126 0
0 -427111 640256 0
0 469889 -496759 0
0 -450460 -540913 0
0 488309 -462294 0
0 -971456 43058 0
0 -816580 201576 0
0 901275 126117 0
0 -649225 399914 0
0 569820 -355843 0
0 482200 566139 0
0 -475054 -516059 0
0 959996 50557 0
0 -131833 895334 0
0 495604 548763 0
0 854784 -128055 0
0 432089 -530939 0
0 158238 868706 0
0 422789 -540913 0
0 857908 186538 0
0 158184 871495 0
0 440343 -515602 0
0 -674319 345599 0
0 14464 983090 0
0 -583097 461158 0
0 -679675 -254644 0
0 266391 735157 0
0 825249 -177075 0
0 -974389 -21767 0
0 -102929 -925276 0
0 -506353 551552 0
0 -596724 -294366 0
0 113078 903210 0
0 713692 -246413 0
0 927660 -70146 0
0 -288456 -707674 0
0 879856 162125 0
0 -671238 380971 0
0 -591103 -312136 0
0 676606 -255394 0
0 930933 90000 0
0 596098 461158 0
0 204059 820222 0
0 51963 -928438 0
0 813270 -179165 0
0 860518 183928 0
0 -966285 -38795 0
0 -758252 -204961 0
0 295318 717463 0
0 -555642 -367589 0
0 -560521 501666 0
0 -108074 -923164 0
0 -214742 -808644 0
0 -314267 735157 0
0 660750 397213 0
0 -795221 -177075 0
0 193742 -800845 0
0 338006 -602864 0
0 258755 736797 0
0 -636291 -284242 0
0 583704 -349827 0
0 -736486 -223036 0
0 -202656 -810361 0
0 958153 -38795 0
0 208737 813751 0
0 48252 -933425 0
0 -845455 -113359 0
0 -118940 898366 0
0 -477981 -510863 0
0 -239684 -778980 0
0 558235 -361869 0
0 -144568 882205 0
0 -936768 85494 0
0 -179403 851948 0
0 59166 -925276 0
0 -706325 305098 0
0 665009 -268874 0
0 676606 374562 0
0 -568965 486823 0
0 724177 286046 0
0 -108413 915459 0
0 967848 -29242 0
0 603135 -340476 0
0 932463 -62278 0
0 -264587 -750421 0
0 -963912 63800 0
0 973913 45885 0
0 -507231 548763 0
0 -718614 -243523 0
0 -264587 793865 0
0 -920096 89523 0
0 -214742 842361 0
0 551444 498459 0
0 -690256 314329 0
0 100674 -891331 0
0 -986949 -12499 0
0 991499 -17025 0
0 728524 -230653 0
0 -43276 -955927 0
0 400926 625128 0
0 -701540 306930 0
0 -761625 249058 0
0 984170 -19188 0
0 -455 999535 0
0 -105506 -924849 0
0 77228 915459 0
0 -20784 -972444 0
0 -132451 887117 0
0 488446 -457075 0
0 -358675 -631082 0
0 -285526 -720453 0
0 651247 399914 0
0 996278 -8821 0
0 -625697 407382 0
0 -358675 701884 0
0 -758252 253029 0
0 -579497 -355843 0
0 -180946 -823518 0
0 -246544 -763142 0
0 -724106 -230653 0
0 -986949 15126 0
0 -60790 932422 0
0 -320186 723645 0
0 -424160 -563427 0
0 206907 -786668 0
0 -264418 -755158 0
0 620587 428692 0
0 -793709 218889 0
0 -433538 632682 0
0 250348 -726234 0
0 148426 -860119 0
0 503466 540147 0
0 665009 391442 0
0 119249 -888414 0
0 -447353 -543989 0
0 -507475 -436812 0
0 355113 661996 0
0 -485312 572166 0
0 846692 -161381 0
0 305965 -643220 0
0 -653598 393191 0
0 89058 914872 0
0 -59782 -952225 0
0 535410 -369172 0
0 550807 501666 0
0 882684 -103326 0
0 -487950 568554 0
0 724177 -243556 0
0 -245957 810702 0
0 -892905 -98171 0
0 -436930 -545355 0
0 -668433 385242 0
0 -584483 -340476 0
0 -832863 -143578 0
0 389211 640256 0
0 983120 36936 0
0 -625697 -288213 0
0 199426 830536 0
0 232211 804082 0
0 -264418 795747 0
0 530530 511626 0
0 -380401 -590255 0
0 954362 63800 0
0 -100245 920952 0
0 -464136 591221 0
0 -278259 -728557 0
0 74772 915963 0
0 661922 -272189 0
0 -114417 914433 0
0 -450460 592573 0
0 -944494 -45555 0
0 811941 219562 0
0 -201824 -819448 0
0 332006 -608124 0
0 612022 446751 0
0 323944 -617309 0
0 335742 -606394 0
0 348568 676398 0
0 -507475 543716 0
0 -855038 166440 0
0 -284314 -726234 0
0 201113 -796098 0
0 44135 928892 0
0 848293 -156951 0
0 713973 305098 0
0 22236 -962513 0
0 -365101 686104 0
0 -736486 264524 0
0 -591265 430298 0
0 -266797 -746424 0
0 -617805 408895 0
0 9327 986454 0
0 -989786 -8821 0
0 -455 -996074 0
0 516931 525869 0
0 338006 683075 0
0 193480 -808644 0
0 -885141 137880 0
0 -439754 608975 0
0 -752247 258419 0
0 901275 -90989 0
0 673366 -256671 0
0 -131833 -886698 0
0 164726 863126 0
0 -64265 929398 0
0 566681 472908 0
0 -316087 731167 0
0 -841317 183928 0
0 811941 -179329 0
0 7437 993850 0
0 -490938 -475419 0
0 130871 -886698 0
0 -115077 904213 0
0 -36743 -966465 0
0 -108074 915963 0
0 48252 928382 0
0 -956675 -43756 0
0 374771 645224 0
0 -640424 406950 0
0 -980214 -21317 0
0 378454 640423 0
0 37486 -944202 0
0 759519 -219426 0
0 59821 -924849 0
0 759396 260996 0
0 569820 472583 0
0 -899052 -90989 0
0 759519 258419 0
0 193480 842361 0
0 -710414 291909 0
0 -613302 -293396 0
0 -640424 -277973 0
0 294341 719049 0
0 370539 652270 0
0 14464 -967141 0
0 -904355 113675 0
0 -495905 566139 0
0 992649 -14646 0
0 -20280 -995738 0
0 -657350 -265937 0
0 670021 383167 0
0 -840337 186538 0
0 317211 701884 0
0 -548222 514709 0
0 -516120 -422780 0
0 -555642 505831 0
0 487404 -464166 0
0 -590199 459526 0
0 24062 -955649 0
0 182624 843359 0
0 326024 -608687 0
0 -364955 690522 0
0 846270 -164908 0
0 -146215 875199 0
0 -82201 -944202 0
0 -369895 685800 0
0 -82201 929335 0
0 959996 -37279 0
0 -320186 -654257 0
0 879902 155265 0
0 51963 925975 0
0 -731436 -223915 0
0 252957 770749 0
0 550807 -366503 0
0 938579 86124 0
0 -903141 117462 0
0 169807 -827836 0
0 877888 -111557 0
0 164726 -828922 0
0 465528 -497775 0
0 886538 142373 0
0 -466847 -530939 0
0 778763 249058 0
0 -300741 -693749 0
0 -46203 958548 0
0 -649225 -277746 0
0 513919 -417043 0
0 517457 521250 0
0 157517 871530 0
0 -866811 -101862 0
0 -861898 -103763 0
0 -807735 212653 0
0 488309 553274 0
0 178323 848733 0
0 215324 808466 0
0 -770191 -196142 0
0 -427111 -547040 0
0 -439754 -545043 0
0 -226154 -786668 0
0 323944 690522 0
0 740546 269636 0
0 -366095 685926 0
0 -378151 -601193 0
0 32603 929398 0
0 526605 514881 0
0 -904355 -84448 0
0 77228 -911900 0
0 -669983 -259559 0
0 -946243 76712 0
0 239263 -746424 0
0 229603 808404 0
0 688804 -255099 0
0 954362 -43275 0
0 31730 -951464 0
0 94490 -897083 0
0 779186 -196142 0
0 -300513 -695919 0
0 447312 -507731 0
0 -811989 209811 0
0 -31029 983090 0
0 -226154 818008 0
0 89058 -909804 0
0 -113228 914872 0
0 639031 -289685 0
0 130871 895334 0
0 667685 -265937 0
0 882999 -101862 0
0 -971188 45885 0
0 530530 -374927 0
0 -64265 -950974 0
0 516931 -411352 0
0 -913179 -65107 0
0 943487 85494 0
0 -475054 587858 0
0 -114417 -909725 0
0 993980 15126 0
0 464875 -506507 0
0 117412 -888433 0
0 633351 -293396 0
0 391666 -546351 0
0 -359210 -629657 0
0 619734 430298 0
0 740546 -228960 0
0 -239684 813751 0
0 444862 -510863 0
0 -812519 202241 0
0 503466 -431534 0
0 -731436 268415 0
0 -503598 -462294 0
0 -413651 646048 0
0 -176105 859769 0
0 -469858 588989 0
0 311249 -636441 0
0 -832863 190357 0
0 644747 407085 0
0 257420 744129 0
0 478565 567110 0
0 983120 -21317 0
0 172280 851948 0
0 896067 -98171 0
0 429161 -531419 0
0 487404 556943 0
0 -315103 -663078 0
0 169807 859769 0
0 439256 587858 0
0 469889 568554 0
0 -325785 719049 0
0 849338 -146031 0
0 917644 -84448 0
0 -584483 460080 0
0 -790382 232143 0
0 -651102 397213 0
0 44135 -940807 0
0 619734 -301228 0
0 -378151 679465 0
0 930933 -65107 0
0 -479941 -507731 0
0 917644 113675 0
0 700503 -247964 0
0 447312 576249 0
0 -130233 -888414 0
0 294341 -650428 0
0 -866811 143087 0
0 267528 -663078 0
0 -828830 197854 0
0 -105506 915973 0
0 -987386 13088 0
0 -342661 -636609 0
0 -116340 903210 0
0 -922498 88453 0
0 842045 209811 0
0 -130233 897867 0
0 551444 -364975 0
0 728164 282011 0
0 604598 -312909 0
0 528638 -382801 0
0 -225802 -792849 0
0 -217889 839614 0
0 236872 793865 0
0 478565 -475419 0
0 927660 91149 0
0 402744 -545043 0
0 -509707 -433031 0
0 -317925 -659817 0
0 -413651 -571112 0
0 285208 723645 0
0 882684 147006 0
0 -782956 -193827 0
0 482200 -467698 0
0 943487 -49024 0
0 640303 407382 0
0 59166 918226 0
0 583704 462727 0
0 -430342 -546351 0
0 22236 965248 0
0 535410 508630 0
0 -514504 540147 0
0 -566630 488471 0
0 -903141 -86745 0
0 -528111 -408369 0
0 -887770 134073 0
0 171423 857632 0
0 244731 789177 0
0 -479941 576249 0
0 -286762 -716441 0
0 -818262 -156951 0
0 439256 -516059 0
0 93414 -909725 0
0 759396 -221821 0
0 -527180 528789 0
0 264850 -688430 0
0 -300513 740362 0
0 810943 232143 0
0 -424160 640423 0
0 -909950 91149 0
0 579044 470107 0
0 9327 -967623 0
0 -757698 253523 0
0 -316087 -661249 0
0 272140 -661249 0
0 317211 -631082 0
0 -841317 -127373 0
0 258167 740362 0
0 -338199 -648002 0
0 -816580 -161381 0
0 371827 -572143 0
0 488446 551552 0
0 -503598 553274 0
0 -178454 857632 0
0 117412 898366 0
0 -527187 -411352 0
0 951306 -44843 0
0 747780 -223915 0
0 809902 240745 0
0 250949 -720453 0
0 -849213 169633 0
0 650631 -277973 0
0 -590945 447898 0
0 14643 -966465 0
0 -144568 -867989 0
0 513044 -422780 0
0 377229 -565180 0
0 -861898 155265 0
0 370539 -573807 0
0 -419312 -570513 0
0 879902 -103763 0
0 -430342 637836 0
0 -936768 -49024 0
0 -527180 -417043 0
0 804212 243984 0
0 -276896 791306 0
0 27017 -954042 0
0 236872 -750421 0
0 148101 882205 0
0 -761625 -203945 0
0 -381439 661996 0
0 -224708 827093 0
0 975620 -22346 0
0 669907 385242 0
0 145212 -869999 0
0 -342661 708938 0
0 -338459 -643220 0
0 879719 -107392 0
0 145212 884441 0
0 579044 -354845 0
0 -313149 735555 0
0 -167991 -828922 0
0 -53559 936708 0
0 158238 -835488 0
0 -400961 -573807 0
0 882999 143087 0
0 -944494 83913 0
0 -400961 652270 0
0 149329 -854188 0
0 -342268 -639820 0
0 -922498 -57297 0
0 392132 632682 0
0 -974389 40261 0
0 -789519 240745 0
0 804212 -193827 0
0 371827 650092 0
0 -913179 90000 0
0 -489600 567689 0
0 959886 -37478 0
0 -904872 113085 0
0 -60790 -951464 0
0 699969 321478 0
0 810943 -184410 0
0 266391 -677645 0
0 284619 -659817 0
0 444862 578789 0
0 -262075 -758262 0
0 -595321 -297398 0
0 323387 -629657 0
0 958153 55860 0
0 180077 845915 0
0 -581377 -354845 0
0 29665 934996 0
0 -380401 676398 0
0 -920096 -62278 0
0 661922 393191 0
0 -680468 323904 0
0 -811989 -169085 0
0 -507231 -447958 0
0 372061 -571112 0
0 -156046 -830268 0
0 -286762 770749 0
0 -246544 808466 0
0 161569 -830268 0
0 -372519 -602864 0
0 853949 -130835 0
0 -278259 789177 0
0 -583002 462727 0
0 553939 -362311 0
0 -223355 -797311 0
0 670021 -259559 0
0 -284314 785270 0
0 984170 34137 0
0 -41967 -962513 0
0 264850 735555 0
0 59821 915973 0
0 -366095 -608124 0
0 -317925 724444 0
0 307358 -639820 0
0 495604 -447958 0
0 543450 505831 0
0 -46203 -955649 0
0 93414 914433 0
0 -983810 -17025 0
0 295318 -648002 0
0 713973 -244015 0
0 147296 883331 0
0 -248965 808404 0
0 400926 -545355 0
0 850408 195056 0
0 -548222 -382801 0
0 639031 408895 0
0 464875 572166 0
0 -893562 127768 0
0 5186 997527 0
0 -262075 804082 0
0 -861225 -104523 0
0 -985159 -14646 0
0 908773 117462 0
0 -579497 472583 0
0 -82633 -940807 0
0 -20784 993850 0
0 -724106 271668 0
0 517457 -408369 0
0 229603 -761340 0
0 284619 724444 0
0 501409 542808 0
0 435129 588989 0
0 -466847 590027 0
0 809902 -189507 0
0 204059 -792849 0
0 673366 380971 0
0 -372519 683075 0
0 307358 713946 0
0 -656340 -268874 0
0 -469858 -527951 0
0 4132 999535 0
0 332006 685926 0
0 -981901 -19188 0
0 715062 291909 0
0 -325785 -650428 0
0 982999 -21767 0
0 696063 -251772 0
0 933177 88453 0
0 -149084 -835505 0
0 -793709 -179165 0
0 612022 -312136 0
0 147296 -869876 0
0 -596724 428692 0
0 -419312 645224 0
0 -180946 849790 0
0 416436 -543989 0
0 -752247 -219426 0
0 -849213 -111557 0
0 29665 -952225 0
0 887600 -99291 0
0 234381 -755158 0
0 -545749 514881 0
0 113078 -890533 0
0 377229 640809 0
0 -148001 -842947 0
0 994932 -9957 0
0 285208 -654257 0
0 161569 865688 0
0 340768 679465 0
0 -706325 -244015 0
0 -750091 260996 0
0 499978 -436812 0
0 886538 -101827 0
0 -413080 -572143 0
0 -893562 -92678 0
0 -485883 -497775 0
0 561281 -358018 0
0 -617805 -289685 0
0 27017 936708 0
0 149329 875199 0
0 178323 -823199 0
0 -750091 -221821 0
0 -102929 918226 0
0 -946243 -44843 0
0 -862828 147006 0
0 -285526 780971 0
0 774460 253523 0
0 435129 -527951 0
0 853725 190357 0
0 991499 31149 0
0 311249 707478 0
0 860518 -127373 0
0 620587 -294366 0
0 253361 759560 0
0 -338459 715028 0
0 -433538 -545702 0
0 201113 827093 0
0 206907 818008 0
0 -840337 -127780 0
0 699969 -248744 0
0 74772 -923164 0
0 -350934 707478 0
0 -793068 219562 0
0 -834852 189869 0
0 -909447 -70531 0
0 825249 217634 0
0 779186 245482 0
0 755512 264076 0
0 372061 646048 0
0 -350934 -636441 0
0 669907 -265167 0
0 -831598 195056 0
0 148426 877511 0
0 -114508 -897083 0
0 893175 134073 0
0 501409 -433031 0
0 -970333 45956 0
0 -924362 86124 0
0 -495905 -467698 0
0 -501428 -464166 0
0 -514504 -431534 0
0 24062 958548 0
0 -501428 556943 0
0 -562482 -364975 0
0 -413080 650092 0
0 -156046 865688 0
0 -789519 -189507 0
0 416436 606853 0
0 244731 -728557 0
0 -613302 418537 0
0 728524 271668 0
0 -983810 31149 0
0 -904872 -76844 0
0 402744 608975 0
0 -201896 844229 0
0 239509 -733597 0
0 -568965 -361869 0
0 -201824 845915 0
0 422789 592573 0
0 -313149 -688430 0
0 257420 -702747 0
0 965774 -34765 0
0 -987386 -9957 0
0 713692 306930 0
0 887600 137880 0
0 766393 257218 0
0 850408 -144034 0
0 -118940 -888433 0
0 -114508 913846 0
0 -381439 -589835 0
0 -115077 -891331 0
0 953982 -43756 0
0 181641 -816919 0
0 849338 197854 0
0 -94516 -928438 0
0 -245957 -765147 0
0 391666 637836 0
0 340768 -601193 0
0 -747570 -222644 0
0 829292 -173187 0
0 920589 113085 0
0 933177 -57297 0
0 -21512 986454 0
0 553939 488471 0
0 -154452 868706 0
0 965774 46005 0
0 900202 -92678 0
0 513919 528789 0
0 -178454 -824689 0
0 -314267 -677645 0
0 829292 214444 0
0 -892905 132210 0
0 -834852 -130835 0
0 879856 -104523 0
0 893175 -98750 0
0 620040 -297398 0
0 715062 -243748 0
0 -477981 578789 0
0 -795221 217634 0
0 -887770 -98750 0
0 848293 200149 0
0 -116340 -890533 0
0 212688 810702 0
0 -840265 188788 0
0 842045 -169085 0
0 5186 -995738 0
0 250348 785270 0
0 -36743 966496 0
0 973913 -24067 0
0 429161 591221 0
0 -476725 -515602 0
0 938579 -49420 0
0 -176105 -827836 0
0 689928 328995 0
0 37486 929335 0
0 -154452 -835488 0
0 696063 323904 0
0 465528 570971 0
0 -728418 -228960 0
0 215324 -763142 0
0 -668433 -265167 0
0 -82633 928892 0
0 267528 733426 0
0 846692 201576 0
0 -506353 -457075 0
0 -989786 5042 0
0 -653598 -272189 0
0 932463 89523 0
0 994932 13088 0
0 -790382 -184410 0
0 -967463 -34765 0
0 561281 479235 0
0 253361 -707674 0
0 -831598 -144034 0
0 -266797 793371 0
0 778763 -203945 0
0 -747570 264076 0
0 -869718 -101827 0
0 766393 -209425 0
0 -487950 -496759 0
0 -569028 -358018 0
0 193742 839614 0
0 181641 844229 0
0 813270 218889 0
0 953982 74969 0
0 -509707 542808 0
0 633351 418537 0
0 846270 202241 0
0 176118 -823518 0
0 -716399 286046 0
0 689928 -254644 0
0 -359210 690585 0
0 -447353 606853 0
0 777633 253029 0
0 951306 76712 0
0 -770191 245482 0
0 -100245 -928385 0
0 -342268 713946 0
0 -885141 -99291 0
0 667685 386836 0
0 950634 -45555 0
0 172280 -823994 0
0 392132 -545702 0
0 596098 -349417 0
0 355113 -589835 0
0 148101 -867989 0
0 -576636 472908 0
0 -966285 55860 0
0 14643 966496 0
0 -422788 -565180 0
0 -145733 -860119 0
0 -545749 -404713 0
0 7437 -972444 0
0 326024 686104 0
0 -807735 -170839 0
0 -552966 511626 0
0 432089 590027 0
0 31730 932422 0
0 835378 212653 0
0 -718614 282011 0
0 -671238 -256671 0
0 -224708 -796098 0
0 -862828 -103326 0
0 -845455 174897 0
0 -728418 269636 0
0 -757698 -206516 0
0 -651102 -272975 0
0 157517 -842947 0
0 -201896 -816919 0
0 -753905 -209425 0
0 -576636 -357323 0
0 499978 543716 0
0 -315103 733426 0
0 -595321 429274 0
0 239509 791306 0
0 620040 429274 0
0 -217889 -800845 0
0 258167 -695919 0
0 -490938 567110 0
0 -869718 142373 0
0 378454 -563427 0
0 -840265 -128055 0
0 176118 849790 0
0 23163 -955927 0
0 900202 127768 0
0 -590199 -313777 0
0 959886 52317 0
0 -369895 -606394 0
0 -108413 -911900 0
0 -145733 877511 0
0 -21512 -967623 0
0 -132451 -872228 0
0 -59782 934996 0
0 -476725 580732 0
0 -909950 -70146 0
0 857908 -127780 0
0 -202656 843359 0
0 -552966 -374927 0
0 -966532 -37478 0
0 -716399 -243556 0
0 -793068 -179329 0
0 323387 690585 0
0 853949 189869 0
0 650631 406950 0
0 854784 188788 0
0 975620 43058 0
0 308801 708938 0
0 -909447 112944 0
0 -365101 -608687 0
0 23163 960494 0
0 -656340 391442 0
0 896067 132210 0
0 604598 447898 0
0 -364955 -617309 0
0 -924362 -49420 0
0 774460 -206516 0
0 -146215 -854188 0
0 -113228 -909804 0
0 -966532 52317 0
0 119249 897867 0
0 -818262 200149 0
0 -710414 -243748 0
0 -528111 521250 0
0 199426 -797311 0
0 -812519 -164908 0
0 -674319 -255099 0
0 272140 731167 0
0 308801 -636609 0
0 208737 -778980 0
0 -679675 328995 0
0 -581377 470107 0
0 440343 580732 0
0 -135919 884441 0
0 -971456 -22346 0
0 252957 -716441 0
0 -672267 374562 0
0 -43276 960494 0
0 -981901 34137 0
0 -966650 -37279 0
0 644747 -284242 0
0 232211 -758262 0
0 -149084 871495 0
0 250949 780971 0
0 -436930 625128 0
0 753868 -223036 0
0 -143699 883331 0
0 640303 -288213 0
0 777633 -204961 0
0 992649 28782 0
0 -560521 -366503 0
0 142581 887117 0
0 879719 166440 0
0 -297981 744129 0
0 908773 -86745 0
0 335742 685800 0
0 58880 920952 0
0 -681541 -248744 0
0 100674 904213 0
0 -53559 -954042 0
0 -88162 -933425 0
0 -583097 -349417 0
0 -591103 446751 0
0 967848 45956 0
0 239263 793371 0
0 603135 460080 0
0 -672267 -255394 0
0 993980 -12499 0
0 -899052 126117 0
0 94490 913846 0
0 389211 -547040 0
0 -225802 820222 0
0 925765 112944 0
0 -181458 848733 0
0 -861225 162125 0
0 -690256 -247964 0
0 -855038 -107392 0
0 -971188 -24067 0
0 925765 -70531 0
0 -985159 28782 0
0 -967463 46005 0
0 728164 -243523 0
0 -828830 -146031 0
