999
0 778434 766961 -766961
0 21272 -22523 -22523
0 21272 33688 -33688
0 83203 106577 -106577
0 851942 819326 -819326
-856224 -856224 860034 -860034
0 302652 307322 -307322
0 809522 807166 -807166
0 6772 10066 -10066
0 170567 -167792 -167792
0 294487 -274543 -274543
-71370 -71370 84551 -84551
0 500991 496976 -496976
0 716559 719268 -719268
0 691686 688051 -688051
0 677010 668479 -668479
0 976383 973781 -973781
-92294 -92294 124595 -124595
0 988896 986065 -986065
0 716559 -702396 -702396
0 61071 86097 -86097
-545751 -545751 544836 -544836
0 786625 775460 -775460
-998715 -998715 991468 -991468
-291060 -291060 315638 -315638
0 507708 499328 -499328
-988172 -988172 989032 -989032
0 420981 411536 -411536
-605121 -605121 617499 -617499
-155022 -155022 182321 -182321
0 326792 329732 -329732
0 270539 -264202 -264202
0 404557 -373645 -373645
0 496657 -491696 -491696
-775568 -775568 809456 -809456
0 612348 599685 -599685
0 237854 -239379 -239379
0 116970 -115123 -115123
0 294487 300387 -300387
0 979652 980292 -980292
0 61071 -71576 -71576
0 767190 758076 -758076
0 332105 -307554 -307554
-727065 -727065 728311 -728311
0 183501 -174029 -174029
0 202886 -191741 -191741
0 155099 -140456 -140456
-736580 -736580 759562 -759562
-938370 -938370 940880 -940880
0 337696 -318612 -318612
-114096 -114096 133786 -133786
0 516667 -499504 -499504
0 398569 379440 -379440
-500633 -500633 514253 -514253
-914008 -914008 921439 -921439
0 903876 -870447 -870447
-299523 -299523 320990 -320990
-632010 -632010 641376 -641376
-123738 -123738 150601 -150601
-5456 -5456 11659 -11659
0 252953 256745 -256745
0 972271 960242 -960242
0 209226 227708 -227708
-362265 -362265 379440 -379440
0 103902 -92294 -92294
0 644508 617152 -617152
0 366510 -331323 -331323
0 275217 280212 -280212
-941765 -941765 950217 -950217
-957855 -957855 957598 -957598
0 27267 42165 -42165
-794577 -794577 816865 -816865
0 200726 -185166 -185166
0 455388 450737 -450737
-85203 -85203 110470 -110470
0 828891 809456 -809456
0 599175 579740 -579740
0 592200 573373 -573373
0 210011 230943 -230943
-738841 -738841 762880 -762880
-453521 -453521 443258 -443258
-369668 -369668 391347 -391347
0 209226 -202344 -202344
-654033 -654033 662328 -662328
0 625297 607207 -607207
0 465439 454179 -454179
0 337970 338310 -338310
0 736693 -712448 -712448
0 665390 -648540 -648540
-738900 -738900 763203 -763203
0 287857 -274535 -274535
0 427083 415765 -415765
0 749946 -727911 -727911
0 112901 129486 -129486
-560329 -560329 548954 -548954
0 971159 -960157 -960157
0 94341 121107 -121107
0 66566 -71720 -71720
-599059 -599059 609316 -609316
-384125 -384125 405913 -405913
0 654808 -626101 -626101
-476307 -476307 462960 -462960
0 52742 62694 -62694
0 809522 -772256 -772256
-178969 -178969 213908 -213908
-848778 -848778 854494 -854494
-446828 -446828 443229 -443229
0 500991 -492010 -492010
0 852247 -802851 -802851
0 625297 -598030 -598030
0 406470 402180 -402180
0 366510 351077 -351077
-929236 -929236 936824 -936824
-543158 -543158 538654 -538654
-669912 -669912 686365 -686365
0 994553 -988172 -988172
0 706248 707788 -707788
-9310 -9310 22363 -22363
0 968593 -943853 -943853
0 844246 -794577 -794577
0 410556 405913 -405913
-976264 -976264 980292 -980292
0 849397 817781 -817781
-174029 -174029 207614 -207614
0 665390 654679 -654679
0 139402 160252 -160252
0 33174 -31036 -31036
0 474844 -468524 -468524
0 856100 832742 -832742
0 45783 49516 -49516
0 710328 -699406 -699406
-567991 -567991 553450 -553450
0 849397 -795070 -795070
0 889979 855893 -855893
0 163926 -159982 -159982
-191741 -191741 221099 -221099
0 981047 983113 -983113
0 740597 727925 -727925
0 201649 219398 -219398
-802851 -802851 823838 -823838
0 770443 -736580 -736580
-591607 -591607 599685 -599685
-531909 -531909 528515 -528515
0 656019 635849 -635849
0 5938 3386 -3386
-281239 -281239 301210 -301210
0 708927 -692288 -692288
-83124 -83124 108133 -108133
0 326792 -307254 -307254
0 95076 124226 -124226
0 789479 -753641 -753641
0 706248 -684757 -684757
0 572440 546992 -546992
-492010 -492010 496976 -496976
0 431370 -422943 -422943
-710694 -710694 723771 -723771
0 157878 -142083 -142083
0 786625 -752228 -752228
0 573847 548795 -548795
-868472 -868472 873906 -873906
0 274674 -265181 -265181
0 658301 642385 -642385
-301441 -301441 327654 -327654
0 799259 801247 -801247
0 778806 -746574 -746574
0 345591 339590 -339590
0 605899 -591258 -591258
0 973985 973200 -973200
-615714 -615714 622939 -622939
-115799 -115799 143375 -143375
0 849659 817887 -817887
-164453 -164453 195810 -195810
0 180457 -171653 -171653
0 48172 56498 -56498
0 912700 900146 -900146
-941587 -941587 947740 -947740
-133100 -133100 163328 -163328
0 163926 188200 -188200
0 481364 483524 -483524
0 673818 668310 -668310
-273783 -273783 296163 -296163
0 663936 651146 -651146
0 95076 -91740 -91740
0 335417 -308739 -308739
-71576 -71576 86097 -86097
0 73957 98705 -98705
0 30248 42687 -42687
-111665 -111665 129486 -129486
-757734 -757734 778906 -778906
0 753223 -728956 -728956
-961744 -961744 962804 -962804
0 380159 -350295 -350295
-979331 -979331 983113 -983113
0 170567 201790 -201790
0 15439 -9963 -9963
0 578887 551464 -551464
0 824535 808134 -808134
0 715832 718353 -718353
0 585919 561455 -561455
0 602696 587754 -587754
0 793564 788860 -788860
-747345 -747345 774023 -774023
-35870 -35870 45854 -45854
0 422343 -401958 -401958
0 428551 -420214 -420214
0 306217 315706 -315706
0 988896 -980356 -980356
0 593782 -577614 -577614
0 38969 -35870 -35870
0 353533 -326401 -326401
0 704274 705425 -705425
-373645 -373645 399089 -399089
0 680734 -667419 -667419
0 841888 812956 -812956
-143698 -143698 177480 -177480
-372549 -372549 398824 -398824
0 999790 -998715 -998715
0 996024 -988959 -988959
-960157 -960157 957934 -957934
0 27267 -24609 -24609
0 158720 177480 -177480
0 868784 837918 -837918
-264202 -264202 277481 -277481
0 351636 -322294 -322294
-812752 -812752 832742 -832742
-730919 -730919 739156 -739156
-771292 -771292 805828 -805828
0 119312 -115799 -115799
0 961799 950217 -950217
-248388 -248388 256745 -256745
0 680734 669617 -669617
0 416271 -387557 -387557
0 138924 152653 -152653
0 602696 -580844 -580844
0 572440 -554419 -554419
0 450952 -454938 -454938
-831869 -831869 851687 -851687
0 508228 -496992 -496992
-456268 -456268 450915 -450915
0 81396 100928 -100928
-9963 -9963 23546 -23546
0 497477 490136 -490136
0 677010 -661936 -661936
0 729601 726456 -726456
0 658301 -636543 -636543
-636543 -636543 642385 -642385
0 256713 -263188 -263188
-22523 -22523 33688 -33688
0 517098 -500633 -500633
-577614 -577614 574180 -574180
-791303 -791303 812956 -812956
0 723862 723771 -723771
0 390125 -361236 -361236
0 999790 991468 -991468
-480369 -480369 464666 -464666
0 9487 -5456 -5456
0 478439 -482408 -482408
0 938803 921439 -921439
0 533661 516069 -516069
0 52742 -60893 -60893
0 150632 -133100 -133100
0 952424 937939 -937939
0 89060 113202 -113202
0 585919 -575600 -575600
-322294 -322294 344619 -344619
-603172 -603172 611418 -611418
0 444391 430486 -430486
0 187081 207798 -207798
0 531699 -500947 -500947
0 883427 854186 -854186
0 561797 544836 -544836
-884821 -884821 888160 -888160
0 139402 -126359 -126359
-476969 -476969 463646 -463646
0 909261 887467 -887467
-873284 -873284 879479 -879479
0 575931 -560329 -560329
0 544743 534657 -534657
0 720636 723095 -723095
0 202886 221099 -221099
0 973878 966791 -966791
-17564 -17564 23719 -23719
0 626336 -599059 -599059
0 86803 108133 -108133
0 774688 -738900 -738900
0 428551 422154 -422154
-265181 -265181 279195 -279195
-734626 -734626 758076 -758076
-961194 -961194 960242 -960242
0 592200 -577453 -577453
-247553 -247553 255271 -255271
-65988 -65988 76527 -76527
0 943124 933204 -933204
-461760 -461760 454179 -454179
0 325428 328387 -328387
0 237854 234954 -234954
-727703 -727703 734694 -734694
0 870912 -831869 -831869
-24609 -24609 42165 -42165
0 45542 -36870 -36870
0 871013 -837497 -837497
0 999939 -998797 -998797
0 325428 -306186 -306186
0 420981 -389934 -389934
0 855888 -812403 -812403
0 103902 124595 -124595
0 14268 22363 -22363
0 823403 -774262 -774262
0 441628 426176 -426176
0 578887 -563686 -563686
-71658 -71658 89916 -89916
-752176 -752176 774873 -774873
0 544743 -539863 -539863
0 897087 861017 -861017
-529538 -529538 523590 -523590
0 537450 516677 -516677
-335604 -335604 357231 -357231
0 648603 -615714 -615714
0 852247 823838 -823838
0 379597 -340840 -340840
-360345 -360345 373352 -373352
-760431 -760431 788860 -788860
0 114677 -114096 -114096
-863125 -863125 871472 -871472
-980356 -980356 986065 -986065
0 905297 -882519 -882519
0 180457 206680 -206680
-885442 -885442 895711 -895711
0 968593 951346 -951346
0 794714 792123 -792123
-491155 -491155 486521 -486521
-553547 -553547 545435 -545435
0 30248 -29599 -29599
-361236 -361236 377578 -377578
0 456334 -459559 -459559
0 444391 -441803 -441803
-578846 -578846 582510 -582510
-321842 -321842 339590 -339590
0 679546 -667305 -667305
-762539 -762539 801247 -801247
0 243285 -247553 -247553
0 540844 523590 -523590
-274543 -274543 300387 -300387
0 704210 -679669 -679669
0 668264 657899 -657899
0 48172 -53648 -53648
0 543246 534023 -534023
0 422657 415055 -415055
0 404142 394007 -394007
-468524 -468524 461802 -461802
-401958 -401958 412043 -412043
0 588163 567848 -567848
0 749946 734988 -734988
0 14268 -9310 -9310
-661936 -661936 668479 -668479
0 389268 -360345 -360345
-71720 -71720 94329 -94329
-441803 -441803 430486 -430486
0 254645 -261321 -261321
-86572 -86572 115284 -115284
-365740 -365740 390163 -390163
0 380133 -343939 -343939
-413110 -413110 415221 -415221
0 940142 -915831 -915831
-263948 -263948 272382 -272382
-577859 -577859 579740 -579740
0 306217 -293310 -293310
0 307920 320990 -320990
0 91342 115284 -115284
-29599 -29599 42687 -42687
0 969601 -955243 -955243
0 729601 -711642 -711642
0 774688 763203 -763203
0 47372 50975 -50975
0 218308 233766 -233766
0 159784 179359 -179359
0 81396 -77091 -77091
0 531699 514916 -514916
0 717218 -707433 -707433
0 870619 -827681 -827681
0 823403 807959 -807959
0 203057 226033 -226033
0 639486 -603172 -603172
0 670961 662328 -662328
0 455388 -455785 -455785
-459559 -459559 453973 -453973
0 94341 -88376 -88376
-339602 -339602 357601 -357601
0 214554 233180 -233180
0 543080 -535698 -535698
-692288 -692288 710333 -710333
0 135045 -123738 -123738
-684757 -684757 707788 -707788
0 422343 412043 -412043
0 63457 89916 -89916
-776217 -776217 811691 -811691
0 911284 895711 -895711
0 910788 -884821 -884821
-202344 -202344 227708 -227708
0 766080 -731249 -731249
-110035 -110035 126214 -126214
-852291 -852291 856384 -856384
0 904248 -873284 -873284
0 18034 24749 -24749
0 68106 98060 -98060
0 889979 -851455 -851455
0 445990 443229 -443229
0 476501 -476307 -476307
0 580212 555314 -555314
0 723862 -710694 -710694
-350295 -350295 368214 -368214
0 999939 994955 -994955
0 302833 -291060 -291060
0 618444 603734 -603734
0 214554 -224343 -224343
-91740 -91740 124226 -124226
0 743941 -727065 -727065
-943853 -943853 951346 -951346
0 111878 -109678 -109678
0 302291 -287347 -287347
-750586 -750586 774227 -774227
0 887502 -848778 -848778
-988959 -988959 989649 -989649
0 892778 856384 -856384
0 51277 57477 -57477
0 658295 641376 -641376
0 893662 -856224 -856224
0 373806 357231 -357231
0 138924 -124311 -124311
-677379 -677379 688051 -688051
-772256 -772256 807166 -807166
0 930320 -910705 -910705
0 282818 296163 -296163
0 997633 -997960 -997960
0 199543 -179912 -179912
-140456 -140456 170652 -170652
-465486 -465486 455336 -455336
0 771038 -738841 -738841
0 690733 -674087 -674087
0 53526 -61497 -61497
0 930320 919742 -919742
0 422657 -411251 -411251
0 599175 -577859 -577859
-265442 -265442 280212 -280212
-728956 -728956 735515 -735515
0 783952 -752176 -752176
0 949906 -929236 -929236
0 663909 -637279 -637279
0 694218 688695 -688695
-118019 -118019 148938 -148938
0 708927 710333 -710333
-491696 -491696 490088 -490088
-439514 -439514 426176 -426176
0 793564 -760431 -760431
0 767190 -734626 -734626
-521373 -521373 516677 -516677
-124311 -124311 152653 -152653
-97901 -97901 125277 -125277
0 701729 -679474 -679474
0 256716 -263948 -263948
0 663909 647406 -647406
-267 -267 3386 -3386
0 897087 -856716 -856716
0 683194 -669912 -669912
-998797 -998797 994955 -994955
0 380159 368214 -368214
0 841888 -791303 -791303
-417391 -417391 415765 -415765
0 601980 -578846 -578846
-53648 -53648 56498 -56498
0 720636 -710052 -710052
-329733 -329733 348996 -348996
0 736693 727597 -727597
0 973154 962804 -962804
-44000 -44000 50975 -50975
0 897265 -859578 -859578
0 183501 207614 -207614
-859578 -859578 861257 -861257
0 274674 279195 -279195
0 972271 -961194 -961194
0 456334 453973 -453973
-580844 -580844 587754 -587754
0 783952 774873 -774873
0 5938 -267 -267
0 913905 -904944 -904944
-115123 -115123 137392 -137392
0 516667 511128 -511128
0 979485 976995 -976995
-667305 -667305 668998 -668998
0 971159 957934 -957934
0 770443 759562 -759562
-966257 -966257 973781 -973781
-970017 -970017 976995 -976995
0 953450 -941587 -941587
-432521 -432521 426004 -426004
0 556788 -543158 -543158
-631780 -631780 635849 -635849
0 540844 -529538 -529538
0 690733 687762 -687762
0 140648 162609 -162609
0 256713 271307 -271307
0 60964 84551 -84551
0 116970 137392 -137392
-778332 -778332 812612 -812612
-389934 -389934 411536 -411536
0 379597 360386 -360386
0 996024 989649 -989649
0 54514 66821 -66821
0 858393 837875 -837875
-774262 -774262 807959 -807959
0 252953 -248388 -248388
0 133385 -118019 -118019
0 474844 461802 -461802
0 997633 990595 -990595
0 307920 -299523 -299523
-679474 -679474 690506 -690506
-933947 -933947 937939 -937939
0 778434 -744637 -744637
0 253264 262103 -262103
0 223691 234368 -234368
-216253 -216253 230943 -230943
0 658295 -632010 -632010
0 17570 -17564 -17564
-652572 -652572 659226 -659226
-761177 -761177 792123 -792123
0 539533 -522942 -522942
0 940142 922691 -922691
0 836419 811691 -811691
0 486432 486521 -486521
-669652 -669652 681348 -681348
-910705 -910705 919742 -919742
-613848 -613848 618203 -618203
0 410556 -384125 -384125
0 973878 -962013 -962013
0 203057 -194573 -194573
0 754801 -730919 -730919
-955243 -955243 956160 -956160
0 626336 609316 -609316
0 302291 303856 -303856
0 844246 816865 -816865
0 875413 -839005 -839005
0 601980 582510 -582510
0 585058 -572435 -572435
-773381 -773381 807331 -807331
0 783153 -750586 -750586
-577453 -577453 573373 -573373
0 870912 851687 -851687
0 856100 -812752 -812752
-318729 -318729 338310 -338310
-827681 -827681 847332 -847332
0 345591 -321842 -321842
0 869750 843354 -843354
-411251 -411251 415055 -415055
-387557 -387557 407797 -407797
0 822414 -773381 -773381
0 402389 -368279 -368279
0 533661 -504037 -504037
0 353533 348984 -348984
0 337696 338008 -338008
0 647101 -605121 -605121
-174104 -174104 207798 -207798
0 194224 -178969 -178969
0 53526 62815 -62815
0 335417 332263 -332263
0 976383 -966257 -966257
0 167407 -166578 -166578
0 398639 390163 -390163
0 605899 591486 -591486
-315736 -315736 337403 -337403
0 717218 720886 -720886
-576570 -576570 567848 -567848
0 949906 936824 -936824
-372 -372 10066 -10066
0 402647 391347 -391347
-489873 -489873 485890 -485890
-374687 -374687 402180 -402180
-712448 -712448 727597 -727597
0 161918 182321 -182321
0 481404 485890 -485890
-263188 -263188 271307 -271307
0 307921 -301441 -301441
-287347 -287347 303856 -303856
0 496657 490088 -490088
0 543246 -537085 -537085
-179912 -179912 214686 -214686
-679669 -679669 698800 -698800
0 442733 -441545 -441545
0 178367 205527 -205527
0 287857 298929 -298929
-255530 -255530 262103 -262103
-650720 -650720 657899 -657899
-496992 -496992 500277 -500277
0 302833 315638 -315638
-731249 -731249 743660 -743660
0 66566 94329 -94329
-586177 -586177 589304 -589304
0 332105 332146 -332146
0 969601 956160 -956160
-870447 -870447 875165 -875165
0 789479 778228 -778228
0 778806 772300 -772300
0 465439 -461760 -461760
-126359 -126359 160252 -160252
0 150841 -136547 -136547
-306186 -306186 328387 -328387
-36870 -36870 48199 -48199
0 201649 -186479 -186479
-41168 -41168 49516 -49516
0 336468 337417 -337417
0 167407 197138 -197138
0 556788 538654 -538654
0 455811 -456268 -456268
-219193 -219193 232716 -232716
-61676 -61676 66821 -66821
0 275217 -265442 -265442
0 150632 163328 -163328
0 240924 241838 -241838
0 89060 -86139 -86139
0 647799 -613848 -613848
-699406 -699406 714997 -714997
0 194224 213908 -213908
-568788 -568788 555314 -555314
-637279 -637279 647406 -647406
-234117 -234117 234368 -234368
-727911 -727911 734988 -734988
0 670961 -654033 -654033
0 903351 873906 -873906
-710052 -710052 723095 -723095
0 942043 -918834 -918834
0 683194 686365 -686365
-906726 -906726 916500 -916500
0 254645 268624 -268624
0 133385 148938 -148938
0 187081 -174104 -174104
0 446430 443258 -443258
-702396 -702396 719268 -719268
0 663936 -638955 -638955
-504037 -504037 516069 -516069
0 869539 842301 -842301
0 803356 805828 -805828
-57507 -57507 57477 -57477
0 155099 170652 -170652
0 541270 528515 -528515
0 900502 -863125 -863125
0 639486 611418 -611418
-746574 -746574 772300 -772300
0 112901 -111665 -111665
0 112137 126214 -126214
-71921 -71921 98060 -98060
0 373812 -339602 -339602
0 440175 -432521 -432521
0 573847 -557129 -557129
-819944 -819944 842301 -842301
-678801 -678801 688695 -688695
-537085 -537085 534023 -534023
0 507708 -496662 -496662
-224343 -224343 233180 -233180
0 351636 344619 -344619
0 951105 -929327 -929327
0 691686 -677379 -677379
0 970215 957598 -957598
0 445990 -446828 -446828
0 15439 23546 -23546
0 398569 -362265 -362265
-882519 -882519 886403 -886403
0 783153 774227 -774227
0 791014 778906 -778906
-922190 -922190 933204 -933204
0 707227 707910 -707910
0 605270 -586177 -586177
-539863 -539863 534657 -534657
-293310 -293310 315706 -315706
0 164160 195810 -195810
-812403 -812403 827378 -827378
0 654808 624120 -624120
-18983 -18983 24749 -24749
0 855888 827378 -827378
-799856 -799856 819326 -819326
0 897265 861257 -861257
0 575931 548954 -548954
0 427081 415221 -415221
-244221 -244221 241838 -241838
-965105 -965105 973200 -973200
-795070 -795070 817781 -817781
0 83203 -77205 -77205
-318612 -318612 338008 -338008
0 682836 -669652 -669652
-522942 -522942 518566 -518566
0 781452 -747345 -747345
-159982 -159982 188200 -188200
0 478265 464666 -464666
0 73957 -75443 -75443
0 68106 -71921 -71921
0 858393 -816953 -816953
0 58465 76527 -76527
0 497477 -491948 -491948
0 270539 277481 -277481
0 476501 462960 -462960
-144520 -144520 179359 -179359
0 916371 -906726 -906726
-496662 -496662 499328 -499328
-454938 -454938 447971 -447971
-904944 -904944 905659 -905659
0 868784 -818435 -818435
0 747309 734694 -734694
0 893662 860034 -860034
0 910788 888160 -888160
0 55693 -63919 -63919
0 112137 -110035 -110035
0 87344 -85203 -85203
0 781452 774023 -774023
0 380465 371888 -371888
0 588163 -576570 -576570
0 585058 561336 -561336
-136547 -136547 166279 -166279
0 373806 -335604 -335604
-674087 -674087 687762 -687762
-7181 -7181 15240 -15240
0 9487 11659 -11659
0 938803 -914008 -914008
0 406470 -374687 -374687
0 481404 -489873 -489873
0 164160 -164453 -164453
-726197 -726197 727925 -727925
0 481364 -486757 -486757
0 897525 -861272 -861272
0 633862 609330 -609330
0 754801 739156 -739156
0 55693 71570 -71570
0 405674 -373831 -373831
0 440175 426004 -426004
0 580212 -568788 -568788
0 903876 875165 -875165
0 656019 -631780 -631780
0 537450 -521373 -521373
-997960 -997960 990595 -990595
0 51277 -57507 -57507
-86139 -86139 113202 -113202
0 427081 -413110 -413110
0 580174 553450 -553450
0 404557 399089 -399089
0 45783 -41168 -41168
-420214 -420214 422154 -422154
0 119312 143375 -143375
0 282818 -273783 -273783
0 517098 514253 -514253
0 961799 -941765 -941765
0 953450 947740 -947740
0 673818 -661674 -661674
0 416271 407797 -407797
0 243285 255271 -255271
-307254 -307254 329732 -329732
0 836419 -776217 -776217
0 743941 728311 -728311
0 161918 -155022 -155022
0 838540 -778332 -778332
0 803356 -771292 -771292
0 60964 -71370 -71370
-368279 -368279 391030 -391030
0 54514 -61676 -61676
0 18034 -18983 -18983
-598030 -598030 607207 -607207
0 828891 -775568 -775568
0 210666 -219193 -219193
0 390125 377578 -377578
0 373812 357601 -357601
0 47372 -44000 -44000
0 420489 -388847 -388847
0 633862 -601779 -601779
0 17570 23719 -23719
0 715832 -699940 -699940
0 471353 -465486 -465486
0 58465 -65988 -65988
0 471353 455336 -455336
-795388 -795388 817887 -817887
0 450952 447971 -447971
0 200726 217339 -217339
0 398639 -365740 -365740
0 508228 500277 -500277
-455785 -455785 450737 -450737
-316578 -316578 337417 -337417
-499504 -499504 511128 -511128
-929327 -929327 937144 -937144
0 647799 618203 -618203
0 970215 -957855 -957855
-308739 -308739 332263 -332263
-358202 -358202 371888 -371888
0 158720 -143698 -143698
-851455 -851455 855893 -855893
0 45542 48199 -48199
0 682836 681348 -681348
-707433 -707433 720886 -720886
0 550038 538275 -538275
-603941 -603941 617152 -617152
0 870619 847332 -847332
0 903351 -868472 -868472
-290379 -290379 307322 -307322
-638955 -638955 651146 -651146
-753641 -753641 778228 -778228
-591258 -591258 591486 -591486
0 210011 -216253 -216253
0 476664 463646 -463646
0 747309 -727703 -727703
-535698 -535698 532373 -532373
0 108292 -97901 -97901
0 210666 232716 -232716
0 405674 399254 -399254
-166578 -166578 197138 -197138
0 942043 922703 -922703
0 478439 479759 -479759
0 887502 854494 -854494
0 912700 -888382 -888382
-170270 -170270 205527 -205527
0 569793 545435 -545435
0 580174 -567991 -567991
-194573 -194573 226033 -226033
0 87344 110470 -110470
0 404142 -370610 -370610
0 694218 -678801 -678801
0 114677 133786 -133786
-883461 -883461 887467 -887467
0 968655 -944446 -944446
0 404467 -372549 -372549
0 838540 812612 -812612
-543031 -543031 538275 -538275
0 968655 955511 -955511
0 6772 -372 -372
-648540 -648540 654679 -654679
-699940 -699940 718353 -718353
-837497 -837497 852354 -852354
0 380465 -358202 -358202
-88376 -88376 121107 -121107
-61497 -61497 62815 -62815
0 794714 -761177 -761177
0 302652 -290379 -290379
-373831 -373831 399254 -399254
0 178367 -170270 -170270
-839005 -839005 852709 -852709
0 218308 -224575 -224575
0 256716 272382 -272382
0 361793 -329733 -329733
0 753223 735515 -735515
-326401 -326401 348984 -348984
0 824535 -775308 -775308
0 199543 214686 -214686
0 791014 -757734 -757734
0 710328 714997 -714997
0 541270 -531909 -531909
0 952754 940880 -940880
0 973985 -965105 -965105
0 441628 -439514 -439514
0 644508 -603941 -603941
-667419 -667419 669617 -669617
0 337970 -318729 -318729
0 402389 391030 -391030
-167792 -167792 201790 -201790
-239379 -239379 234954 -234954
0 253264 -255530 -255530
0 561797 -545751 -545751
-31036 -31036 43214 -43214
0 701729 690506 -690506
-129760 -129760 162609 -162609
0 870538 844554 -844554
0 307921 327654 -327654
0 427083 -417391 -417391
0 63457 -71658 -71658
0 981047 -979331 -979331
-75443 -75443 98705 -98705
0 771038 762880 -762880
0 404467 398824 -398824
0 904248 879479 -879479
-343939 -343939 360631 -360631
0 33174 43214 -43214
0 389268 373352 -373352
0 892778 -852291 -852291
-752228 -752228 775460 -775460
0 298500 -281239 -281239
-142083 -142083 175320 -175320
0 870538 -822226 -822226
-575600 -575600 561455 -561455
0 618444 -597720 -597720
-626101 -626101 624120 -624120
0 108292 125277 -125277
0 849659 -795388 -795388
-848222 -848222 854186 -854186
0 569793 -553547 -553547
-224575 -224575 233766 -233766
0 911284 -885442 -885442
0 478265 -480369 -480369
-482408 -482408 479759 -479759
0 740597 -726197 -726197
0 766080 743660 -743660
0 159784 -144520 -144520
0 150841 166279 -166279
0 543080 532373 -532373
0 679546 668998 -668998
-775308 -775308 808134 -808134
0 869750 -821936 -821936
0 455811 450915 -450915
0 91342 -86572 -86572
0 140648 -129760 -129760
-944446 -944446 955511 -955511
0 952424 -933947 -933947
-816953 -816953 837875 -837875
-388847 -388847 409699 -409699
-557129 -557129 548795 -548795
0 539533 518566 -518566
-554419 -554419 546992 -546992
0 994553 989032 -989032
0 648603 622939 -622939
0 897525 866123 -866123
0 223691 -234117 -234117
-486757 -486757 483524 -483524
-572435 -572435 561336 -561336
0 707227 -692238 -692238
0 420489 409699 -409699
0 402647 -369668 -369668
-861272 -861272 866123 -866123
-77091 -77091 100928 -100928
-370610 -370610 394007 -394007
0 979485 -970017 -970017
0 10465 15240 -15240
-962013 -962013 966791 -966791
0 668264 -650720 -650720
-261321 -261321 268624 -268624
0 670855 -652572 -652572
0 605270 589304 -589304
-441545 -441545 428771 -428771
0 900502 871472 -871472
-274535 -274535 298929 -298929
0 943124 -922190 -922190
0 38969 45854 -45854
0 335773 337403 -337403
-63919 -63919 71570 -71570
0 670855 659226 -659226
0 647101 617499 -617499
-597720 -597720 603734 -603734
0 871013 852354 -852354
0 240924 -244221 -244221
-601779 -601779 609330 -609330
0 550038 -543031 -543031
0 86803 -83124 -83124
-331323 -331323 351077 -351077
0 909261 -883461 -883461
0 916371 916500 -916500
-918834 -918834 922703 -922703
0 979652 -976264 -976264
-563686 -563686 551464 -551464
0 111878 126073 -126073
0 869539 -819944 -819944
-171653 -171653 206680 -206680
-500947 -500947 514916 -514916
0 612348 -591607 -591607
0 951105 937144 -937144
0 476664 -476969 -476969
0 431370 424272 -424272
-915831 -915831 922691 -922691
0 883427 -848222 -848222
-60893 -60893 62694 -62694
-821936 -821936 843354 -843354
-77205 -77205 106577 -106577
0 361793 348996 -348996
-491948 -491948 490136 -490136
0 298500 301210 -301210
0 335773 -315736 -315736
-186479 -186479 219398 -219398
-818435 -818435 837918 -837918
0 593782 574180 -574180
0 973154 -961744 -961744
0 336468 -316578 -316578
-185166 -185166 217339 -217339
-422943 -422943 424272 -424272
0 446430 -453521 -453521
-856716 -856716 861017 -861017
-822226 -822226 844554 -844554
0 704210 698800 -698800
0 822414 807331 -807331
0 913905 905659 -905659
0 799259 -762539 -762539
0 486432 -491155 -491155
-711642 -711642 726456 -726456
0 380133 360631 -360631
0 875413 852709 -852709
-682436 -682436 705425 -705425
-340840 -340840 360386 -360386
-109678 -109678 126073 -126073
0 157878 175320 -175320
0 952754 -938370 -938370
0 704274 -682436 -682436
0 442733 428771 -428771
0 135045 150601 -150601
-661674 -661674 668310 -668310
-888382 -888382 900146 -900146
-307554 -307554 332146 -332146
0 10465 -7181 -7181
-744637 -744637 766961 -766961
-692238 -692238 707910 -707910
0 851942 -799856 -799856
0 905297 886403 -886403
