999
0 200133 168564 -168564
0 236311 -240577 -240577
0 667584 616274 -616274
0 922599 932247 -932247
0 148817 109309 -109309
0 535315 482605 -482605
0 183539 140666 -140666
-760843 -760843 716733 -716733
-491132 -491132 470786 -470786
0 190723 -188769 -188769
-624989 -624989 601345 -601345
0 842995 -835319 -835319
0 626069 -604595 -604595
0 633415 595407 -595407
0 228719 223708 -223708
0 730403 -699584 -699584
-570809 -570809 538148 -538148
0 656556 -634605 -634605
0 408302 -371338 -371338
-699584 -699584 663102 -663102
0 909832 -907477 -907477
0 353550 303326 -303326
-18868 -18868 19258 -19258
0 555614 510936 -510936
0 51870 -41137 -41137
0 655355 601345 -601345
-301301 -301301 290012 -290012
0 757125 -730338 -730338
0 817318 785967 -785967
0 831875 -825541 -825541
-233548 -233548 223808 -223808
-211863 -211863 187844 -187844
0 135768 -133499 -133499
-382713 -382713 390439 -390439
0 285892 261538 -261538
0 663207 -647698 -647698
0 417376 -382713 -382713
0 463334 419675 -419675
0 105747 64193 -64193
0 907563 -902037 -902037
0 121567 -123202 -123202
0 160762 126119 -126119
-900252 -900252 907711 -907711
0 483077 446190 -446190
0 485320 451242 -451242
0 662103 609486 -609486
0 694083 -668912 -668912
-125162 -125162 84333 -84333
0 314221 -299862 -299862
0 844875 -835478 -835478
-25813 -25813 23077 -23077
0 155583 -155722 -155722
0 818047 -801291 -801291
0 94293 -79768 -79768
-835478 -835478 834395 -834395
0 173258 130462 -130462
0 481968 443474 -443474
0 127584 84333 -84333
0 824545 803276 -803276
-522470 -522470 493929 -493929
0 262846 241159 -241159
0 860261 866776 -866776
-115393 -115393 72073 -72073
0 777261 724164 -724164
0 633415 -605077 -605077
-991776 -991776 991080 -991080
-264877 -264877 244193 -244193
0 439228 402970 -402970
0 463334 -433407 -433407
-573440 -573440 547961 -547961
0 872060 -870456 -870456
-71006 -71006 46886 -46886
0 983228 -980643 -980643
-517988 -517988 488571 -488571
-543981 -543981 521320 -521320
-604595 -604595 592457 -592457
0 220681 -222717 -222717
-428005 -428005 413648 -413648
0 928944 -926447 -926447
0 148817 -152029 -152029
0 12166 14921 -14921
0 351279 301029 -301029
0 870777 869597 -869597
0 896229 889283 -889283
0 681739 623100 -623100
0 432495 393705 -393705
-941586 -941586 939628 -939628
-918192 -918192 925608 -925608
-480215 -480215 462175 -462175
0 530604 -491132 -491132
-328014 -328014 338492 -338492
0 328168 -301407 -301407
0 255845 -249072 -249072
0 436696 400128 -400128
0 992877 -991776 -991776
0 407678 -370289 -370289
0 677803 621149 -621149
0 712155 633605 -633605
0 237854 232867 -232867
-714677 -714677 681387 -681387
-935222 -935222 938669 -938669
0 165223 128832 -128832
0 165223 -162879 -162879
-224171 -224171 208894 -208894
-831910 -831910 832095 -832095
0 754395 -724789 -724789
0 26358 28924 -28924
0 624426 579708 -579708
0 221766 -224601 -224601
-291728 -291728 283132 -283132
-222108 -222108 207332 -207332
-825950 -825950 829684 -829684
-138798 -138798 96681 -96681
0 523286 -481293 -481293
0 637130 -608175 -608175
0 533974 472139 -472139
0 103009 59489 -59489
0 209582 -215277 -215277
0 190723 156089 -156089
-770921 -770921 730082 -730082
0 701694 632649 -632649
0 625338 587274 -587274
0 385971 363290 -363290
0 818047 786915 -786915
-239360 -239360 223847 -223847
-445777 -445777 440980 -440980
0 174660 133475 -133475
-722361 -722361 690313 -690313
0 368656 -323266 -323266
-862468 -862468 866776 -866776
-186120 -186120 150064 -150064
-975976 -975976 955887 -955887
0 363497 -322023 -322023
-610205 -610205 595833 -595833
0 432495 -407863 -407863
0 127584 -125162 -125162
0 701694 -672202 -672202
0 138082 -138798 -138798
0 839797 832095 -832095
-760883 -760883 718348 -718348
-801291 -801291 786915 -786915
0 442861 406225 -406225
0 568366 530017 -530017
-188769 -188769 156089 -156089
0 373617 -328014 -328014
0 561656 -543981 -543981
0 922599 -926228 -926228
0 859251 860608 -860608
0 757470 -733297 -733297
0 723979 652201 -652201
0 453995 -428005 -428005
-847957 -847957 841992 -841992
0 655355 -624989 -624989
0 658220 608161 -608161
0 618622 -594421 -594421
0 202625 -208055 -208055
0 407678 378602 -378602
0 285892 -266342 -266342
-178360 -178360 138527 -138527
-685085 -685085 637235 -637235
0 599962 -574708 -574708
0 472280 440980 -440980
0 332752 -301865 -301865
-568418 -568418 533232 -533232
0 348593 299949 -299949
-194292 -194292 166853 -166853
0 712155 -683371 -683371
-573382 -573382 542856 -542856
0 200133 -198783 -198783
0 201069 -203431 -203431
0 563487 526491 -526491
0 541217 -517988 -517988
0 292623 268513 -268513
-123202 -123202 78971 -78971
0 523286 464453 -464453
0 929994 938669 -938669
0 961013 952252 -952252
-941903 -941903 941560 -941560
-245078 -245078 237944 -237944
0 775957 -765280 -765280
-666014 -666014 618680 -618680
-810297 -810297 805417 -805417
0 618622 571009 -571009
0 144622 -151048 -151048
0 311015 -290078 -290078
0 371009 334972 -334972
-231845 -231845 222919 -222919
-122295 -122295 74830 -74830
-608175 -608175 595793 -595793
-980643 -980643 974190 -974190
0 549344 -530384 -530384
-758783 -758783 715143 -715143
0 770290 -760843 -760843
0 481968 -454257 -454257
0 907892 -906669 -906669
-37691 -37691 34522 -34522
0 227441 222919 -222919
0 536044 -510173 -510173
0 446652 -422756 -422756
0 701084 -671367 -671367
0 754849 -727989 -727989
0 655250 -614820 -614820
0 775957 723801 -723801
0 371398 336069 -336069
0 937170 941560 -941560
-967797 -967797 952252 -952252
0 550918 498810 -498810
-835319 -835319 832443 -832443
0 562234 524251 -524251
0 831875 817188 -817188
0 245466 -242745 -242745
-154337 -154337 113213 -113213
0 896229 -886445 -886445
0 754148 -722361 -722361
0 561656 521320 -521320
0 611793 558796 -558796
0 136752 88459 -88459
0 734960 663775 -663775
0 290239 -276131 -276131
-666795 -666795 621149 -621149
0 677803 -666795 -666795
0 541266 -519485 -519485
0 22476 -25813 -25813
0 315808 290012 -290012
0 236311 226982 -226982
0 777391 730082 -730082
0 879291 -880747 -880747
-175964 -175964 138255 -138255
0 39559 30287 -30287
0 328168 290364 -290364
0 618888 -595647 -595647
-118501 -118501 73578 -73578
-35158 -35158 32936 -32936
0 558903 -535043 -535043
-510173 -510173 484291 -484291
0 314221 286534 -286534
-380936 -380936 389281 -389281
-668838 -668838 623100 -623100
-976592 -976592 962152 -962152
0 53002 -47014 -47014
-863624 -863624 867096 -867096
-306532 -306532 296233 -296233
0 416572 389281 -389281
0 810555 757782 -757782
-22399 -22399 19625 -19625
0 739354 -714095 -714095
-926228 -926228 932247 -932247
0 380593 341316 -341316
0 668667 -666014 -666014
-807315 -807315 795627 -795627
0 14209 -22399 -22399
-423051 -423051 411794 -411794
0 214651 207332 -207332
0 375561 -328970 -328970
-371338 -371338 382349 -382349
0 160762 -161027 -161027
0 741014 -715545 -715545
0 724562 657028 -657028
0 787480 744169 -744169
0 866173 869381 -869381
0 544013 -522470 -522470
0 416572 -380936 -380936
0 723542 650705 -650705
0 866173 -863713 -863713
0 463699 426942 -426942
0 138082 96681 -96681
0 12176 19258 -19258
0 701084 627262 -627262
0 976345 -978233 -978233
-733583 -733583 714692 -714692
0 11358 12094 -12094
-709490 -709490 663775 -663775
0 95115 55991 -55991
0 741903 688816 -688816
-433407 -433407 419675 -419675
-887449 -887449 891476 -891476
0 233407 223847 -223847
0 761951 -758783 -758783
0 449162 -423051 -423051
-998354 -998354 999967 -999967
0 778448 736476 -736476
0 54859 38918 -38918
0 420901 -404387 -404387
-73688 -73688 46920 -46920
0 762596 715538 -715538
0 410634 -377098 -377098
-380387 -380387 384366 -384366
0 511556 462175 -462175
-594421 -594421 571009 -571009
-323201 -323201 322896 -322896
0 371009 -324142 -324142
0 417376 390439 -390439
-759388 -759388 715538 -715538
0 368656 328872 -328872
0 409787 382524 -382524
0 315666 -300286 -300286
0 79129 46920 -46920
0 549344 496205 -496205
0 247230 -244945 -244945
-203431 -203431 171022 -171022
-810094 -810094 803276 -803276
-716539 -716539 685683 -685683
-566493 -566493 532926 -532926
0 53002 35431 -35431
-488271 -488271 466305 -466305
-574141 -574141 547985 -547985
0 799351 -792043 -792043
0 22476 23077 -23077
0 911750 923451 -923451
0 94293 55352 -55352
-677879 -677879 633117 -633117
-873928 -873928 877524 -877524
0 588310 -568418 -568418
0 360328 -320332 -320332
0 79449 -74177 -74177
0 64347 46034 -46034
-290078 -290078 278564 -278564
0 917028 931798 -931798
0 536965 485070 -485070
0 963552 955183 -955183
-575247 -575247 554072 -554072
0 777391 -770921 -770921
-287190 -287190 277701 -277701
0 810555 -795220 -795220
-167356 -167356 130462 -130462
-266342 -266342 261538 -261538
0 568366 -559008 -559008
-602972 -602972 587274 -587274
-914591 -914591 923451 -923451
0 221766 217541 -217541
0 343137 -306532 -306532
0 606465 554072 -554072
-140809 -140809 104154 -104154
-727989 -727989 702680 -702680
0 822719 795627 -795627
0 174678 137770 -137770
0 876135 877524 -877524
0 965112 961183 -961183
0 707494 633117 -633117
0 108686 -115393 -115393
0 831174 814789 -814789
0 849334 841992 -841992
0 770418 -760883 -760883
0 178169 138527 -138527
-139766 -139766 102225 -102225
-804485 -804485 793667 -793667
0 624426 -601813 -601813
-925271 -925271 932164 -932164
0 135768 86926 -86926
0 567139 -555858 -555858
-443279 -443279 427309 -427309
-464263 -464263 451242 -451242
0 220681 207565 -207565
0 827735 -810297 -810297
-581335 -581335 558796 -558796
0 530604 470786 -470786
0 658220 -644412 -644412
-687106 -687106 640867 -640867
0 859348 861974 -861974
-715545 -715545 684820 -684820
-688464 -688464 643550 -643550
0 214651 -222108 -222108
0 144622 109171 -109171
-346454 -346454 362150 -362150
0 269656 244143 -244143
0 384694 355949 -355949
-325105 -325105 336069 -336069
0 656223 603246 -603246
0 761951 715143 -715143
0 662103 -644767 -644767
-437504 -437504 426942 -426942
0 412241 384366 -384366
0 756950 706706 -706706
-555858 -555858 528291 -528291
0 95100 -80520 -80520
-132338 -132338 86861 -86861
0 845836 834990 -834990
0 849334 -847957 -847957
0 4896 6159 -6159
-155722 -155722 116382 -116382
0 759231 -733583 -733583
0 449162 411794 -411794
0 739354 676046 -676046
0 907892 916760 -916760
0 588331 538148 -538148
0 385054 362150 -362150
0 831174 -820672 -820672
-404387 -404387 391548 -391548
-115154 -115154 67214 -67214
0 778448 -772869 -772869
-699103 -699103 652201 -652201
0 446652 411091 -411091
0 384694 -345127 -345127
0 255845 238036 -238036
0 741474 -716539 -716539
0 511556 -480215 -480215
0 716939 637235 -637235
0 57007 -58564 -58564
0 969904 965350 -965350
0 291746 267536 -267536
0 588784 -573382 -573382
0 897700 891476 -891476
0 931659 -941586 -941586
-473684 -473684 458188 -458188
0 694083 624613 -624613
-232136 -232136 223708 -223708
0 39590 32936 -32936
-527133 -527133 495928 -495928
-343611 -343611 343316 -343316
0 653693 -610205 -610205
0 205661 -214604 -214604
0 591554 -573440 -573440
0 472280 -445777 -445777
0 290000 -273129 -273129
-415882 -415882 402970 -402970
0 311015 278564 -278564
-797403 -797403 773044 -773044
0 842995 832443 -832443
0 132586 -132338 -132338
0 121567 78971 -78971
0 985528 979894 -979894
0 754395 695067 -695067
0 463699 -437504 -437504
0 719737 -687575 -687575
0 66678 46886 -46886
0 887642 884751 -884751
0 618974 -600243 -600243
-600243 -600243 578578 -578578
-842294 -842294 839699 -839699
-283842 -283842 270815 -270815
-242745 -242745 236464 -236464
0 770290 716733 -716733
0 108686 72073 -72073
0 436696 -409603 -409603
0 553392 503468 -503468
-858481 -858481 860608 -860608
-647698 -647698 614840 -614840
-861760 -861760 861974 -861974
-671367 -671367 627262 -627262
0 567139 528291 -528291
-277732 -277732 267536 -267536
0 177203 -175964 -175964
0 409787 -372342 -372342
0 653693 595833 -595833
0 309294 277701 -277701
-419492 -419492 406225 -406225
0 309294 -287190 -287190
0 757470 709225 -709225
0 976345 969215 -969215
0 229441 223808 -223808
-520362 -520362 493037 -493037
-225603 -225603 221033 -221033
0 965975 962152 -962152
0 210657 -217087 -217087
-511812 -511812 485836 -485836
-799775 -799775 779766 -779766
0 847059 839699 -839699
-800070 -800070 785967 -785967
0 105865 67214 -67214
0 54859 -58412 -58412
0 343137 296233 -296233
0 815876 773819 -773819
0 802597 -793541 -793541
0 606465 -575247 -575247
0 290239 267249 -267249
0 879291 882175 -882175
0 363835 -323183 -323183
0 851069 849666 -849666
0 827735 805417 -805417
0 201069 171022 -171022
-320332 -320332 309882 -309882
0 561236 -539468 -539468
0 818448 788313 -788313
0 222214 221033 -221033
0 898689 901250 -901250
0 557487 514874 -514874
0 667584 -662970 -662970
0 799351 754231 -754231
0 160163 -160920 -160920
0 141306 -140809 -140809
0 720603 -688464 -688464
0 815876 -799259 -799259
0 957141 952090 -952090
0 253412 -245078 -245078
0 822110 793667 -793667
0 419033 390482 -390482
-400710 -400710 391302 -391302
0 945749 950171 -950171
0 524556 -488271 -488271
0 562234 -550574 -550574
-319066 -319066 303326 -303326
0 312673 283132 -283132
-886445 -886445 889283 -889283
0 918669 -925271 -925271
0 730403 663102 -663102
0 137455 96572 -96572
-694306 -694306 650705 -650705
-151048 -151048 109171 -109171
-894503 -894503 895319 -895319
0 872438 -871829 -871829
-188005 -188005 152932 -152932
0 187828 -186120 -186120
0 907563 908204 -908204
-765280 -765280 723801 -723801
0 557487 -533674 -533674
0 160163 119964 -119964
-276131 -276131 267249 -267249
0 140488 -139766 -139766
0 536044 484291 -484291
0 136752 -134621 -134621
-133499 -133499 86926 -86926
0 655250 597557 -597557
0 132586 86861 -86861
-765781 -765781 724164 -724164
-454257 -454257 443474 -443474
0 174678 -168108 -168108
0 992877 991080 -991080
0 282973 -264877 -264877
0 665634 615823 -615823
-15871 -15871 14921 -14921
0 285534 -265071 -265071
-882191 -882191 884751 -884751
0 116605 74830 -74830
-851897 -851897 849666 -849666
0 831816 -825490 -825490
-198783 -198783 168564 -168564
-339332 -339332 342667 -342667
0 757125 708196 -708196
0 815514 -797403 -797403
-224601 -224601 217541 -217541
-977164 -977164 965350 -965350
0 844875 834395 -834395
-362711 -362711 371984 -371984
0 177203 138255 -138255
-801885 -801885 788313 -788313
0 822110 -804485 -804485
0 116605 -122295 -122295
-380425 -380425 385857 -385857
-287139 -287139 273563 -273563
0 401734 -363190 -363190
0 419137 391302 -391302
-714095 -714095 676046 -676046
0 381555 342667 -342667
-481293 -481293 464453 -464453
0 253412 237944 -237944
-125964 -125964 86599 -86599
0 49586 34522 -34522
0 83822 53004 -53004
0 839797 -831910 -831910
0 473421 441013 -441013
0 419033 -393756 -393756
0 612602 -583348 -583348
-409603 -409603 400128 -400128
-281570 -281570 268513 -268513
0 872438 871784 -871784
-926447 -926447 933565 -933565
0 983228 974190 -974190
0 724562 -699169 -699169
-205869 -205869 173672 -173672
0 460993 -428957 -428957
-530384 -530384 496205 -496205
-300286 -300286 288885 -288885
0 353550 -319066 -319066
0 285534 256335 -256335
-634605 -634605 605122 -605122
0 741014 684820 -684820
0 656223 -625717 -625717
0 193938 163313 -163313
0 540641 485836 -485836
0 719737 641560 -641560
0 594553 -574141 -574141
-820672 -820672 814789 -814789
-795220 -795220 757782 -757782
-428957 -428957 416337 -416337
0 152673 -154337 -154337
-134621 -134621 88459 -88459
-211078 -211078 179617 -179617
0 608935 -577514 -577514
0 618888 577672 -577672
-316386 -316386 301029 -301029
0 544013 493929 -493929
0 114617 -118501 -118501
0 282973 244193 -244193
0 723394 -688506 -688506
-955346 -955346 950171 -950171
0 292623 -281570 -281570
0 144540 -143641 -143641
-451171 -451171 441013 -441013
0 238293 235659 -235659
-372342 -372342 382524 -382524
-784818 -784818 746285 -746285
0 399732 -362711 -362711
-687575 -687575 641560 -641560
0 237854 -241762 -241762
0 178169 -178360 -178360
-683371 -683371 633605 -633605
-407863 -407863 393705 -393705
-595647 -595647 577672 -577672
0 707494 -677879 -677879
-505944 -505944 473628 -473628
0 51870 34699 -34699
0 233407 -239360 -239360
-719945 -719945 688816 -688816
0 57007 41031 -41031
0 723394 644744 -644744
0 12176 -18868 -18868
-215277 -215277 203503 -203503
-460951 -460951 446190 -446190
-789423 -789423 749194 -749194
-825541 -825541 817188 -817188
0 797452 753037 -753037
0 371398 -325105 -325105
-870456 -870456 869721 -869721
-322023 -322023 318244 -318244
0 668667 618680 -618680
0 196349 -194292 -194292
0 594553 547985 -547985
-139606 -139606 98054 -98054
-956172 -956172 951116 -951116
0 591554 547961 -547961
0 872060 869721 -869721
0 470562 427309 -427309
-644767 -644767 609486 -609486
0 905382 907711 -907711
-310289 -310289 296808 -296808
-530829 -530829 498810 -498810
0 94209 -75725 -75725
0 876135 -873928 -873928
0 174660 -167727 -167727
0 916717 925608 -925608
0 292884 270815 -270815
0 637130 595793 -595793
0 388364 364347 -364347
0 860261 -862468 -862468
0 898689 -897152 -897152
-510615 -510615 485070 -485070
0 39590 -35158 -35158
0 599962 553237 -553237
0 348593 -314447 -314447
0 306477 273563 -273563
0 796918 749194 -749194
-191511 -191511 163313 -163313
-724789 -724789 695067 -695067
0 991584 987684 -987684
0 898221 895319 -895319
0 228719 -232136 -232136
0 820011 -803294 -803294
0 534529 -505944 -505944
0 723979 -699103 -699103
0 363835 319746 -319746
-531595 -531595 503468 -503468
0 23645 28577 -28577
-160920 -160920 119964 -119964
0 739981 -714677 -714677
0 380593 -332880 -332880
-577514 -577514 556649 -556649
-264107 -264107 244143 -244143
-301865 -301865 291457 -291457
-299862 -299862 286534 -286534
0 739117 666710 -666710
0 420901 391548 -391548
0 210657 205083 -205083
-162879 -162879 128832 -128832
0 741474 685683 -685683
-80520 -80520 55718 -55718
0 863219 -863624 -863624
0 39559 -30075 -30075
0 859348 -861760 -861760
-648440 -648440 615823 -615823
0 541217 488571 -488571
0 506801 461609 -461609
0 796918 -789423 -789423
-863713 -863713 869381 -869381
0 965975 -976592 -976592
0 201685 173672 -173672
0 269656 -264107 -264107
-135098 -135098 96572 -96572
0 58950 45630 -45630
-47014 -47014 35431 -35431
0 549316 495928 -495928
-168108 -168108 137770 -137770
0 541266 492223 -492223
0 789457 -784818 -784818
-58564 -58564 41031 -41031
-918924 -918924 931798 -931798
0 905382 -900252 -900252
0 887642 -882191 -882191
0 221547 -224171 -224171
0 141306 104154 -104154
0 183539 -180626 -180626
0 952770 -956172 -956172
0 315808 -301301 -301301
0 103009 -91636 -91636
0 140488 102225 -102225
-730338 -730338 708196 -708196
0 957141 -956364 -956364
0 4896 -4453 -4453
0 128254 -125964 -125964
-29959 -29959 28924 -28924
-74297 -74297 53004 -53004
-143641 -143641 105416 -105416
0 229441 -233548 -233548
-583348 -583348 570717 -570717
-240577 -240577 226982 -226982
0 442861 -419492 -419492
-68320 -68320 46034 -46034
0 741903 -719945 -719945
-86781 -86781 55991 -55991
0 797452 -790133 -790133
0 838538 -825950 -825950
0 64347 -68320 -68320
0 816208 -799775 -799775
0 665634 -648440 -648440
-605077 -605077 595407 -595407
0 863219 867096 -867096
-871829 -871829 871784 -871784
0 897700 -887449 -887449
0 470562 -443279 -443279
0 144540 105416 -105416
-208055 -208055 177588 -177588
0 838538 829684 -829684
-241936 -241936 235659 -235659
-792043 -792043 754231 -754231
0 312673 -291728 -291728
0 756950 -729325 -729325
-519485 -519485 492223 -492223
0 717801 -687106 -687106
0 58950 -65169 -65169
-864778 -864778 869597 -869597
-907477 -907477 918426 -918426
-902037 -902037 908204 -908204
-377098 -377098 383456 -383456
0 345143 296808 -296808
0 105747 -113773 -113773
0 965112 -976175 -976175
0 79129 -73688 -73688
0 555614 -531908 -531908
-729325 -729325 706706 -706706
0 375561 338978 -338978
-985681 -985681 987684 -987684
0 831816 815179 -815179
0 412241 -380387 -380387
0 401734 372232 -372232
0 945749 -955346 -955346
0 580527 -566493 -566493
0 820011 789256 -789256
0 540641 -511812 -511812
0 389646 -360571 -360571
0 138780 -139606 -139606
0 963552 -975795 -975795
0 663207 614840 -614840
0 536965 -510615 -510615
0 381555 -339332 -339332
0 95100 55718 -55718
-10040 -10040 12094 -12094
-74177 -74177 47074 -47074
0 535315 -507277 -507277
0 964339 955887 -955887
-550574 -550574 524251 -524251
0 506801 -478024 -478024
0 137455 -135098 -135098
-531908 -531908 510936 -510936
0 203941 179617 -179617
-539468 -539468 521041 -521041
0 503525 455729 -455729
0 870777 -864778 -864778
0 439228 -415882 -415882
0 155583 116382 -116382
0 488439 455212 -455212
0 997080 999967 -999967
0 815514 773044 -773044
0 209582 203503 -203503
0 723542 -694306 -694306
-897152 -897152 901250 -901250
0 205179 187844 -187844
0 802597 755345 -755345
0 399732 371984 -371984
0 128254 86599 -86599
0 472033 435457 -435457
0 997080 -998354 -998354
0 79449 47074 -47074
0 816208 779766 -779766
0 105865 -115154 -115154
0 916717 -918192 -918192
0 173258 -167356 -167356
-668912 -668912 624613 -624613
0 385054 -346454 -346454
-699169 -699169 657028 -657028
0 818448 -801885 -801885
0 543056 493037 -493037
-790133 -790133 753037 -753037
0 306477 -287139 -287139
0 114617 73578 -73578
0 222214 -225603 -225603
0 918669 932164 -932164
0 681739 -668838 -668838
0 373617 338492 -338492
0 851069 -851897 -851897
0 221547 208894 -208894
0 942025 -954131 -954131
0 611793 -581335 -581335
-167727 -167727 133475 -133475
-113773 -113773 64193 -64193
0 202625 177588 -177588
-65169 -65169 45630 -45630
-688506 -688506 644744 -644744
0 618974 578578 -578578
-26104 -26104 28577 -28577
-75725 -75725 53190 -53190
0 291746 -277732 -277732
0 822719 -807315 -807315
0 626069 592457 -592457
0 824545 -810094 -810094
0 412498 -380425 -380425
0 543056 -520362 -520362
0 345143 -310289 -310289
-906669 -906669 916760 -916760
-551907 -551907 526491 -526491
-478024 -478024 461609 -461609
-672202 -672202 632649 -632649
0 588310 533232 -533232
0 720603 643550 -643550
0 11358 -10040 -10040
0 991584 -985681 -985681
0 23645 -26104 -26104
-41137 -41137 34699 -34699
0 789457 746285 -746285
0 408302 382349 -382349
-328970 -328970 338978 -338978
0 66678 -71006 -71006
-444426 -444426 435457 -435457
0 716939 -685085 -685085
-30075 -30075 30287 -30287
0 550918 -530829 -530829
0 754148 690313 -690313
0 588784 542856 -542856
-263360 -263360 241159 -241159
0 874755 -872629 -872629
0 388279 364282 -364282
0 969904 -977164 -977164
-345127 -345127 355949 -355949
0 524556 466305 -466305
0 205661 197197 -197197
0 383416 -343611 -343611
0 473421 -451171 -451171
-954131 -954131 942117 -942117
0 95115 -86781 -86781
-625717 -625717 603246 -603246
0 929994 -935222 -935222
-370289 -370289 378602 -378602
-507277 -507277 482605 -482605
0 817318 -800070 -800070
0 383416 343316 -343316
0 83822 -74297 -74297
0 238293 -241936 -241936
0 388279 -357672 -357672
0 588331 -570809 -570809
-363190 -363190 372232 -372232
0 917028 -918924 -918924
-803294 -803294 789256 -789256
0 385971 -354922 -354922
-975795 -975795 955183 -955183
-273129 -273129 265034 -265034
0 909832 918426 -918426
0 483077 -460951 -460951
0 717801 640867 -640867
-358445 -358445 364347 -364347
-222717 -222717 207565 -207565
0 193938 -191511 -191511
0 332752 291457 -291457
0 534529 473628 -473628
-256088 -256088 240572 -240572
-535043 -535043 516073 -516073
0 364261 -323201 -323201
0 985528 -984498 -984498
0 49586 -37691 -37691
-301407 -301407 290364 -290364
0 262846 -263360 -263360
-360571 -360571 366159 -366159
-91636 -91636 59489 -59489
0 12166 -15871 -15871
-601813 -601813 579708 -579708
0 770418 718348 -718348
0 351279 -316386 -316386
0 188139 152932 -152932
-393756 -393756 390482 -390482
-976175 -976175 961183 -961183
0 410634 383456 -383456
0 558903 516073 -516073
0 942025 942117 -942117
0 14209 19625 -19625
-323183 -323183 319746 -319746
0 911750 -914591 -914591
-733297 -733297 709225 -709225
0 138780 98054 -98054
-799259 -799259 773819 -773819
0 931659 939628 -939628
-249072 -249072 238036 -238036
0 205179 -211863 -211863
0 257427 240572 -240572
-533674 -533674 514874 -514874
0 94209 53190 -53190
0 612602 570717 -570717
0 759231 714692 -714692
0 453995 413648 -413648
0 845836 -836553 -836553
0 784765 -778937 -778937
-978233 -978233 969215 -969215
0 739117 -710794 -710794
-465696 -465696 455212 -455212
0 608935 556649 -556649
0 762596 -759388 -759388
-559008 -559008 530017 -530017
-323266 -323266 328872 -328872
0 412498 385857 -385857
-574708 -574708 553237 -553237
0 187828 150064 -150064
-324142 -324142 334972 -334972
0 553392 -531595 -531595
0 898221 -894503 -894503
0 196349 166853 -166853
-79768 -79768 55352 -55352
0 859251 -858481 -858481
0 503525 -471644 -471644
-662970 -662970 616274 -616274
-644412 -644412 608161 -608161
0 460993 416337 -416337
0 247230 236546 -236546
0 504213 458188 -458188
0 290000 265034 -265034
0 152673 113213 -113213
0 952770 951116 -951116
0 364261 322896 -322896
-956364 -956364 952090 -952090
-161027 -161027 126119 -126119
0 389646 366159 -366159
0 928944 933565 -933565
-265071 -265071 256335 -256335
0 625338 -602972 -602972
0 257427 -256088 -256088
0 485320 -464263 -464263
0 292884 -283842 -283842
-793541 -793541 755345 -755345
-180626 -180626 140666 -140666
0 734960 -709490 -709490
-357672 -357672 364282 -364282
0 964339 -975976 -975976
-984498 -984498 979894 -979894
-471644 -471644 455729 -455729
-778937 -778937 739970 -739970
-880747 -880747 882175 -882175
-614820 -614820 597557 -597557
-825490 -825490 815179 -815179
0 874755 872635 -872635
-783631 -783631 744169 -744169
0 937170 -941903 -941903
0 739981 681387 -681387
-872629 -872629 872635 -872635
-422756 -422756 411091 -411091
-501109 -501109 472139 -472139
0 656556 605122 -605122
-772869 -772869 736476 -736476
0 961013 -967797 -967797
0 472033 -444426 -444426
-836553 -836553 834990 -834990
0 363497 318244 -318244
0 315666 288885 -288885
-58412 -58412 38918 -38918
-241762 -241762 232867 -232867
-214604 -214604 197197 -197197
0 201685 -205869 -205869
0 563487 -551907 -551907
-152029 -152029 109309 -109309
0 784765 739970 -739970
0 245466 236464 -236464
-332880 -332880 341316 -341316
-314447 -314447 299949 -299949
-244945 -244945 236546 -236546
-354922 -354922 363290 -363290
0 754849 702680 -702680
0 561236 521041 -521041
0 360328 309882 -309882
0 227441 -231845 -231845
0 388364 -358445 -358445
0 26358 -29959 -29959
0 847059 -842294 -842294
-217087 -217087 205083 -205083
0 787480 -783631 -783631
0 419137 -400710 -400710
0 203941 -211078 -211078
0 580527 532926 -532926
-710794 -710794 666710 -666710
0 504213 -473684 -473684
0 533974 -501109 -501109
-4453 -4453 6159 -6159
0 777261 -765781 -765781
0 488439 -465696 -465696
0 188139 -188005 -188005
0 549316 -527133 -527133
