99
0 11730 -7111 -7111
0 158340 -155290 -155290
0 305200 -261544 -261544
0 735693 802476 -802476
0 580876 651888 -651888
0 32300 -106860 -106860
0 305200 344912 -344912
0 52737 204484 -204484
-781431 -781431 862104 -862104
0 818303 862104 -862104
0 916297 956593 -956593
0 205833 299215 -299215
-304475 -304475 429574 -429574
-379317 -379317 510878 -510878
0 341535 359929 -359929
0 630000 -575527 -575527
0 724507 -643589 -643589
-892799 -892799 955127 -955127
-445530 -445530 586896 -586896
0 932300 -979572 -979572
0 11730 28039 -28039
0 700573 744673 -744673
-42182 -42182 43311 -43311
-498048 -498048 651888 -651888
0 828394 929550 -929550
0 600825 -531447 -531447
0 52737 -150265 -150265
0 403844 -304475 -304475
0 600825 660608 -660608
-106860 -106860 73528 -73528
0 52736 -137809 -137809
-313821 -313821 456661 -456661
0 580876 -498048 -498048
0 558724 634356 -634356
-590121 -590121 744673 -744673
0 916297 -935357 -935357
0 482457 -313821 -313821
0 483914 586896 -586896
-979572 -979572 986363 -986363
0 844956 930293 -930293
0 786586 860525 -860525
0 32300 73528 -73528
0 52736 190660 -190660
-179470 -179470 299215 -299215
0 21002 -42182 -42182
0 844956 -850418 -850418
0 735693 -733182 -733182
0 369829 398577 -398577
-293994 -293994 398577 -398577
-137809 -137809 190660 -190660
0 304843 324184 -324184
0 818303 -781431 -781431
-575527 -575527 688660 -688660
0 865531 955127 -955127
0 700573 -590121 -590121
0 624813 686688 -686688
0 932300 986363 -986363
0 369829 -293994 -293994
0 205833 -179470 -179470
0 865531 -892799 -892799
0 482457 456661 -456661
0 42735 -115452 -115452
0 773912 812329 -812329
0 304843 -223884 -223884
0 403844 429574 -429574
-760139 -760139 812329 -812329
0 158340 222389 -222389
0 773912 -760139 -760139
-7111 -7111 28039 -28039
-559486 -559486 686688 -686688
0 483310 -379317 -379317
0 828394 -848364 -848364
-155290 -155290 222389 -222389
0 483914 -445530 -445530
-150265 -150265 204484 -204484
0 624813 -559486 -559486
-531447 -531447 660608 -660608
0 42735 157201 -157201
0 558724 -452807 -452807
0 483310 510878 -510878
0 724507 752399 -752399
-828367 -828367 881657 -881657
-848364 -848364 929550 -929550
-115452 -115452 157201 -157201
-733182 -733182 802476 -802476
-935357 -935357 956593 -956593
-261544 -261544 344912 -344912
-223884 -223884 324184 -324184
0 827546 -828367 -828367
0 341535 -288502 -288502
0 786586 -773355 -773355
-288502 -288502 359929 -359929
-643589 -643589 752399 -752399
0 21002 43311 -43311
0 827546 881657 -881657
-773355 -773355 860525 -860525
0 630000 688660 -688660
-850418 -850418 930293 -930293
-452807 -452807 634356 -634356
