24
999993 623140 -999993 593011
582039 999993 994293 -999993
-565481 -999993 -842927 999993
-999993 -107529 999993 123050
-999993 -450030 999993 -506597
481663 -999993 -615267 999993
-842927 999993 481663 -999993
-565481 -999993 843006 999993
-615267 999993 532410 -999993
999993 999993 999993 -999993
-319509 999993 540405 -999993
999993 -506597 -999993 -240348
999993 999993 -999993 999993
994293 -999993 843006 999993
999993 84269 -999993 -107529
-999993 -240348 999993 84269
999993 123050 -999993 -60474
-999993 593011 999993 900648
-999993 -999993 999993 -999993
-999993 -999993 -999993 999993
540405 -999993 582039 999993
-999993 -60474 999993 623140
532410 -999993 -319509 999993
-999993 -450030 999993 900648
