100
-999993 8520 999993 -369517
353473 -999993 277583 999993
-999993 401768 999993 64133
-999993 803355 999993 635721
-999993 416033 999993 82413
999993 732568 -999993 991540
999993 408039 -999993 764765
623464 999993 537436 -999993
-999993 398235 999993 -3496
-999993 955405 999993 660485
-436947 -999993 -503566 999993
-999993 -418534 999993 -557634
999993 -3496 -999993 401768
-999993 -879995 999993 -851072
-999993 790906 999993 626833
-124719 999993 257048 -999993
51394 999993 353473 -999993
-999993 658985 999993 408039
489518 -999993 609280 999993
-204225 999993 86220 -999993
-630205 999993 -844923 -999993
999993 -718095 -999993 -427037
-999993 764765 999993 613916
628318 999993 711126 -999993
-581169 999993 -436947 -999993
-999993 -999993 -999993 999993
-999993 -427037 999993 -713217
762898 999993 819623 -999993
-999993 431175 999993 318433
999993 -557634 -999993 -355358
-835712 -999993 -581169 999993
-999993 43354 999993 -124502
455621 -999993 505573 999993
-999993 -209227 999993 -490690
999993 -152491 -999993 43354
999993 -317829 -999993 39656
999993 -490690 -999993 8520
537436 -999993 628318 999993
999993 -851072 -999993 -533806
999993 -295894 -999993 41316
-971686 -999993 -788302 999993
-915907 -999993 -652183 999993
86220 -999993 -200205 999993
257048 -999993 51394 999993
-999993 39656 999993 -295894
151140 -999993 -124719 999993
999993 613916 -999993 790906
-999993 -999993 999993 -999993
-262076 -999993 -204225 999993
711126 -999993 762898 999993
937438 999993 992420 -999993
-999993 974386 999993 732568
-392832 999993 -350040 -999993
-999993 -355358 999993 -497000
999993 318433 -999993 551503
-846934 -999993 -630205 999993
411049 -999993 352241 999993
-999993 -533806 999993 -718095
-999993 992359 999993 866642
992420 -999993 956106 999993
921894 999993 833409 -999993
-933806 999993 -975559 -999993
277583 999993 411049 -999993
999993 635721 -999993 955405
-999993 991540 999993 796759
-975559 -999993 -912605 999993
999993 999993 999993 -999993
999993 626833 -999993 803355
505573 999993 489518 -999993
510487 -999993 623464 999993
999993 -124502 -999993 398235
999993 64133 -999993 416033
-977328 -999993 956106 999993
609280 999993 510487 -999993
999993 660485 -999993 974386
-912605 999993 -971686 -999993
999993 -497000 -999993 -209227
999993 -369517 -999993 23200
-652183 999993 -846934 -999993
-977328 -999993 -933806 999993
-401159 -999993 -392832 999993
-999993 41316 999993 -152491
833409 -999993 937438 999993
999993 796759 -999993 992359
352241 999993 455621 -999993
999993 -713217 -999993 -418534
999993 999993 -999993 999993
-200205 999993 151140 -999993
999993 82413 -999993 431175
-310811 999993 -262076 -999993
-999993 551503 999993 333047
-844923 -999993 -583854 999993
-503566 999993 -401159 -999993
-999993 23200 999993 -317829
819623 -999993 921894 999993
999993 333047 -999993 658985
-350040 -999993 -310811 999993
-999993 -879995 999993 866642
-583854 999993 -835712 -999993
-788302 999993 -915907 -999993
