1000
-999993 616488 999993 571619
-999993 -376292 999993 -285052
-999993 -55672 999993 6829
-999993 -875953 999993 -879127
817090 -999993 798757 999993
492919 999993 395954 -999993
999993 845872 -999993 890173
-999993 480325 999993 455075
-999993 -385642 999993 -359275
-310305 999993 -425242 -999993
-425242 -999993 -306636 999993
620212 -999993 665216 999993
-900923 999993 -870970 -999993
-999993 504263 999993 490601
-473285 -999993 -358070 999993
999993 320192 -999993 308439
-623680 999993 -704741 -999993
-348542 -999993 -201027 999993
-999993 -257292 999993 -194569
-999993 -595673 999993 -581671
-658142 -999993 -521050 999993
86864 999993 -99256 -999993
-775027 -999993 -760794 999993
728195 -999993 752344 999993
999993 724618 -999993 733065
-999993 -996984 999993 982599
120192 999993 -66805 -999993
819185 999993 826766 -999993
-999993 462305 999993 442149
-90315 999993 -256919 -999993
999993 -581671 -999993 -592505
193629 999993 61693 -999993
999993 353201 -999993 396084
-293424 -999993 -127584 999993
-340941 -999993 -195969 999993
-230082 -999993 -37088 999993
999993 706703 -999993 721103
-254468 999993 -393841 -999993
179825 -999993 264057 999993
999993 181525 -999993 80359
-999993 785192 999993 790700
999993 -459402 -999993 -510907
-490952 999993 -582200 -999993
-999993 -996984 999993 -998612
186366 999993 33128 -999993
999993 955386 -999993 981566
999993 179088 -999993 70910
33128 -999993 190261 999993
-999993 -385108 999993 -355137
-999993 -71857 999993 -13569
899538 999993 915856 -999993
-999993 -686877 999993 -629504
-420669 999993 -498022 -999993
-778908 999993 -786248 -999993
848780 999993 871088 -999993
999993 393388 -999993 402278
-964943 999993 -927327 -999993
-999993 919729 999993 919745
-999993 146098 999993 219908
-366324 999993 -478647 -999993
168484 -999993 230610 999993
-999993 -999993 999993 -999993
999993 562650 -999993 616488
999993 -831997 -999993 -836092
260291 -999993 349221 999993
-264199 999993 -395658 -999993
999993 186597 -999993 90002
965344 -999993 945802 999993
999993 280093 -999993 268421
798757 999993 821300 -999993
-306636 999993 -422400 -999993
999993 -434293 -999993 -505162
-760794 999993 -767791 -999993
999993 -355137 -999993 -383830
300364 999993 210360 -999993
-269387 999993 -400199 -999993
-999993 -63108 999993 -9985
-987906 999993 -979244 -999993
999993 320491 -999993 330264
-999993 -61374 999993 -3831
-126981 999993 -290835 -999993
264057 999993 183501 -999993
395554 999993 325952 -999993
416491 -999993 518722 999993
-999993 532482 999993 505234
349221 999993 269357 -999993
542801 999993 485302 -999993
283728 -999993 372570 999993
-999993 182136 999993 259355
999993 187627 -999993 98904
-19269 999993 -190223 -999993
195668 -999993 276425 999993
-513682 -999993 -453418 999993
-999993 -388309 999993 -383892
-404643 -999993 -269387 999993
-109972 -999993 67004 999993
160167 -999993 211875 999993
383171 999993 305955 -999993
999993 -98630 -999993 -132054
-533150 999993 -658142 -999993
999993 -104979 -999993 -133730
-999993 -383830 999993 -323523
-695460 -999993 -569975 999993
561386 999993 503284 -999993
-671029 -999993 -537220 999993
-999993 501913 999993 483106
-999993 -806888 999993 -773397
-17686 -999993 149928 999993
999993 224084 -999993 165705
999993 -854626 -999993 -856924
999993 166550 -999993 65767
-677969 -999993 -538735 999993
-744749 -999993 -675009 999993
999993 -518072 -999993 -548976
305955 -999993 389786 999993
526611 -999993 580921 999993
-710426 -999993 -623680 999993
-999993 584592 999993 550592
-870970 -999993 -900008 999993
999993 802161 -999993 811995
999993 999993 999993 -999993
-319710 -999993 -159381 999993
999993 889171 -999993 912665
-999993 706277 999993 697128
-290835 -999993 -113294 999993
999993 -700263 -999993 -763710
-999993 -77642 999993 -15671
-848542 999993 -830466 -999993
999993 151463 -999993 45593
-999993 -854921 999993 -832148
-999993 -61128 999993 -1703
999993 728615 -999993 745627
-743103 -999993 -653813 999993
233391 999993 179825 -999993
999993 704430 -999993 716171
999993 944476 -999993 964344
876157 -999993 886527 999993
-999993 721103 999993 720156
999993 -137640 -999993 -159576
-262258 -999993 -92226 999993
-484065 -999993 -366324 999993
-628835 999993 -710426 -999993
-999993 -720807 999993 -651612
-999993 -999993 -999993 999993
-999993 -13062 999993 59305
821300 -999993 799161 999993
-999993 345412 999993 353201
-420223 999993 -496466 -999993
728335 999993 706743 -999993
-1959 999993 -166732 -999993
-230012 999993 -361968 -999993
-999993 -836092 999993 -813692
999993 849152 -999993 894688
-393841 -999993 -249445 999993
784150 999993 804478 -999993
-999993 840746 999993 808864
-999993 733065 999993 724914
999993 -804878 -999993 -809011
999993 -833338 -999993 -854921
-354240 -999993 -217130 999993
364528 999993 283728 -999993
-999993 468189 999993 444870
999993 -591836 -999993 -630745
-260900 -999993 -90315 999993
-999993 -896675 999993 -905657
-999993 402278 999993 406532
-229652 999993 -354240 -999993
999993 -656131 -999993 -720807
662944 999993 620212 -999993
999993 -13569 -999993 -63108
-719670 -999993 -638825 999993
-193166 -999993 -19269 999993
999993 265524 -999993 231516
999993 369643 -999993 400860
-999993 -857478 999993 -854626
-999993 637594 999993 620934
-93926 -999993 120192 999993
-999993 -531934 999993 -485255
-927327 -999993 -948323 999993
770134 999993 773077 -999993
-737630 -999993 -646062 999993
738013 999993 722268 -999993
984421 -999993 984215 999993
-247402 -999993 -59412 999993
910909 999993 928740 -999993
321061 999993 251934 -999993
-241388 999993 -380825 -999993
-999993 -14938 999993 51736
-17679 -999993 161219 999993
-999993 859536 999993 836767
999993 787107 -999993 776847
999993 -359275 -999993 -385108
-999993 -921816 999993 -952400
999993 971147 -999993 984798
999993 39509 -999993 -21412
-999993 175882 999993 256666
682809 999993 638106 -999993
999993 744751 -999993 752202
230610 999993 174180 -999993
999993 910885 -999993 919729
-66586 -999993 122153 999993
-999993 716171 999993 706703
988943 -999993 986719 999993
999993 -422132 -999993 -460593
999993 840436 -999993 874941
999993 154756 -999993 61189
999993 -874366 -999993 -860768
999993 -46846 -999993 -84320
958911 999993 971329 -999993
-365165 999993 -473285 -999993
-999993 155752 999993 224084
-999993 -422721 999993 -390853
999993 -467912 -999993 -516100
251934 -999993 324878 999993
999993 -410703 -999993 -439447
999993 -486418 -999993 -531934
999993 -882995 -999993 -875953
-999993 634207 999993 586704
-999993 -460593 999993 -416604
272724 999993 195668 -999993
-999993 -767148 999993 -717941
-999993 801592 999993 802161
999993 -87583 -999993 -120365
-310948 -999993 -131138 999993
-49499 999993 -232219 -999993
927086 -999993 910909 999993
999993 789516 -999993 785192
522808 999993 452829 -999993
528838 -999993 602235 999993
-999993 739032 999993 728615
-999993 233003 999993 279394
-900008 999993 -869159 -999993
452829 -999993 530366 999993
-48194 -999993 136732 999993
999993 532203 -999993 551784
183501 -999993 272724 999993
804478 -999993 785580 999993
-358070 999993 -466444 -999993
706743 -999993 738013 999993
-999993 -557918 999993 -518072
-999993 296442 999993 319418
-142730 -999993 13853 999993
999993 742747 -999993 747924
-999993 -602128 999993 -584234
-217130 999993 -348542 -999993
-999993 -704074 999993 -644697
-999993 811995 999993 804821
-999993 756494 999993 761200
999993 -266646 -999993 -291808
-999993 90002 999993 187627
210360 -999993 301468 999993
999993 -864173 -999993 -857478
734380 -999993 756258 999993
-806906 -999993 -790901 999993
-999993 -499564 999993 -423492
-999993 -965583 999993 -976764
143905 999993 -19170 -999993
-838486 -999993 -848542 999993
528569 -999993 601019 999993
999993 127208 -999993 29922
999993 653940 -999993 685473
999993 -416604 -999993 -447540
-9 999993 -148118 -999993
-817391 999993 -814814 -999993
609731 999993 566543 -999993
-979244 -999993 -984006 999993
-999993 912665 999993 907419
35795 -999993 192235 999993
-582200 -999993 -473513 999993
999993 -699845 -999993 -756462
999993 -964503 -999993 -921816
864979 999993 876157 -999993
-999993 -590027 999993 -576278
999993 -423492 -999993 -482843
-6873 -999993 178490 999993
999993 790700 -999993 800807
999993 -323523 -999993 -381903
-478647 -999993 -365165 999993
221932 -999993 309697 999993
-999993 151187 999993 223569
801106 -999993 784150 999993
999993 417836 -999993 409922
999993 83331 -999993 2704
-675009 999993 -743103 -999993
582628 -999993 619391 999993
999993 852310 -999993 902244
951072 -999993 935586 999993
999993 -760088 -999993 -777022
490476 999993 389927 -999993
-810851 -999993 -800193 999993
-110688 999993 -273229 -999993
46714 999993 -109972 -999993
442948 -999993 522808 999993
999993 -887877 -999993 -885798
-495357 -999993 -394293 999993
650337 -999993 696329 999993
-159381 999993 -316812 -999993
-999993 685473 999993 676397
999993 720156 -999993 724594
-999993 69580 999993 179088
-583861 999993 -695460 -999993
999993 919745 -999993 922130
999993 279394 -999993 253212
-946474 -999993 -964943 999993
-999993 894688 999993 852310
-999993 -548976 999993 -509927
-464691 999993 -580754 -999993
-455421 999993 -513682 -999993
-195453 999993 -321841 -999993
-999993 401055 999993 393388
-999993 98904 999993 191990
360802 999993 279558 -999993
-8003 999993 -170394 -999993
-999993 -728784 999993 -656131
-815415 -999993 -817391 999993
-27940 -999993 143905 999993
-587914 -999993 -490952 999993
239187 -999993 321061 999993
999993 -285052 -999993 -365720
999993 741017 -999993 746558
-999993 -133730 999993 -98630
999993 652544 -999993 647865
-232219 -999993 -42457 999993
7766 999993 -142730 -999993
690466 999993 649819 -999993
423012 999993 329744 -999993
999993 219434 -999993 146098
840827 999993 857791 -999993
279558 -999993 364528 999993
970569 -999993 958911 999993
-434368 -999993 -335192 999993
885647 -999993 899538 999993
705979 999993 664708 -999993
-999993 981566 999993 971147
999993 -551080 -999993 -572271
-999993 -907766 999993 -933612
999993 950763 -999993 966297
198319 999993 144741 -999993
-195969 999993 -334875 -999993
-999993 -763710 999993 -699845
-881759 -999993 -907023 999993
485302 -999993 549788 999993
999993 843540 -999993 886231
999993 -376781 -999993 -386645
-999993 -739087 999993 -662924
999993 -219905 -999993 -267272
-321841 -999993 -181391 999993
999993 -937375 -999993 -907766
836107 -999993 831318 999993
-394761 -999993 -254468 999993
-999993 -103795 999993 -59712
-999993 45593 999993 154756
13853 999993 -138233 -999993
-999993 308439 999993 320261
-252129 -999993 -63921 999993
857791 -999993 843209 999993
579457 -999993 614454 999993
503284 -999993 563027 999993
918174 999993 944754 -999993
-999993 801448 999993 798509
836137 999993 855975 -999993
863761 -999993 848780 999993
-66805 -999993 121658 999993
999993 -975664 -999993 -944558
-999993 849087 999993 832522
-999993 -439447 999993 -408999
-19170 -999993 145468 999993
549788 999993 488964 -999993
999993 724914 -999993 739032
-581521 -999993 -464691 999993
-999993 253212 999993 280093
999993 277139 -999993 233003
395954 -999993 495521 999993
999993 -604241 -999993 -636577
-999993 747924 999993 744751
-999993 65767 999993 177620
540493 -999993 609731 999993
825136 -999993 804247 999993
-395658 -999993 -260453 999993
-107755 999993 -262258 -999993
-535223 -999993 -455421 999993
-999993 -862522 999993 -874366
-999993 80359 999993 186597
665216 999993 621202 -999993
-232601 -999993 -49499 999993
999993 -34217 -999993 -77642
-999993 -317579 999993 -266646
999993 -651612 -999993 -707924
999993 -1703 -999993 -57209
-991869 999993 -985931 -999993
-684464 999993 -745557 -999993
-999993 -773055 999993 -720451
999993 -914106 -999993 -896675
-762328 -999993 -684464 999993
55836 -999993 193629 999993
-999993 -649209 999993 -604241
-999993 752202 999993 744886
999993 744886 -999993 752608
403430 999993 328060 -999993
999993 -875615 -999993 -862522
-999993 -572271 999993 -531821
-999993 -821314 999993 -804878
276418 -999993 358921 999993
-361968 -999993 -229652 999993
-999993 -576152 999993 -551080
999993 -615894 -999993 -675214
999993 -138409 -999993 -163319
-649878 -999993 -515127 999993
-36808 999993 -210449 -999993
999993 -9985 -999993 -61374
999993 -198344 -999993 -262601
-195685 999993 -325701 -999993
497880 999993 401975 -999993
984215 999993 988943 -999993
347187 999993 260291 -999993
649819 -999993 690630 999993
399847 -999993 497880 999993
-999993 -365720 999993 -282243
-813657 999993 -811950 -999993
-999993 -37142 999993 22998
-999993 -197035 999993 -151814
2230 -999993 184430 999993
-999993 4230 999993 114180
999993 620934 -999993 638292
-999993 -267272 999993 -215706
-37088 999993 -228014 -999993
594517 -999993 628419 999993
-999993 8825 999993 117743
759145 -999993 770134 999993
358921 999993 278370 -999993
-999993 689625 999993 687103
-124604 -999993 37417 999993
999993 586704 -999993 637202
628419 999993 600916 -999993
999993 832522 -999993 859536
-400199 -999993 -264547 999993
999993 -662924 -999993 -728784
-999993 450174 999993 439513
999993 350618 -999993 345412
-800193 999993 -810348 -999993
461662 999993 370466 -999993
999993 -723685 -999993 -773055
-580754 -999993 -458687 999993
727005 999993 691130 -999993
-906267 -999993 -944574 999993
-999993 -269377 999993 -219905
691130 -999993 728335 999993
964922 -999993 943491 999993
999993 -151814 -999993 -188889
-786248 -999993 -778805 999993
-338778 999993 -434368 -999993
-999993 268421 999993 280359
999993 -813692 -999993 -821314
-422400 -999993 -275120 999993
722268 -999993 744422 999993
-873212 -999993 -900923 999993
-999993 -282674 999993 -255661
97040 999993 -93926 -999993
999993 808864 -999993 842323
999993 -609087 -999993 -661450
-800663 -999993 -783347 999993
752344 999993 734380 -999993
999993 798509 -999993 801592
999993 235755 -999993 175882
999993 -648645 -999993 -704074
-508346 -999993 -420669 999993
-999993 -856924 999993 -850476
-778805 999993 -775027 -999993
-999993 551784 999993 538101
-999993 -766841 999993 -700263
-999993 -756462 999993 -698902
999993 577387 -999993 634207
-347420 999993 -456929 -999993
999993 -791766 -999993 -806888
-462898 -999993 -347420 999993
-273229 -999993 -107755 999993
-138233 -999993 14403 999993
999993 -134778 -999993 -148284
465386 999993 384662 -999993
-181391 999993 -319710 -999993
-999993 -692996 999993 -639235
-999993 400860 999993 369790
-955612 -999993 -971864 999993
-999993 -955025 999993 -975664
999993 909663 -999993 918801
999993 223569 -999993 155752
-92226 999993 -260900 -999993
935586 999993 964922 -999993
-783347 999993 -790214 -999993
328060 -999993 423012 999993
-292222 -999993 -126981 999993
-316812 -999993 -143632 999993
999993 836767 -999993 874370
843209 999993 863761 -999993
-984006 999993 -955612 -999993
999993 51736 -999993 -13062
999993 923888 -999993 962773
517322 999993 416491 -999993
-999993 309386 999993 320491
-453418 999993 -508346 -999993
999993 -215706 -999993 -265218
-335192 999993 -429948 -999993
492829 -999993 561386 999993
-394293 999993 -489909 -999993
-815791 -999993 -823129 999993
-948323 999993 -906267 -999993
-999993 752608 999993 755890
999993 999993 -999993 999993
-999993 409922 999993 427301
999993 -682225 -999993 -744118
372570 999993 297499 -999993
-999993 -901259 999993 -914106
-999993 -352076 999993 -275061
-999993 -754380 999993 -682225
-999993 396084 999993 369643
826766 -999993 823228 999993
999993 5554 -999993 -55672
128747 999993 -48194 -999993
-999993 -188889 999993 -149254
999993 211803 -999993 136641
-77346 999993 -254716 -999993
-999993 -47391 999993 9396
999993 -584234 -999993 -595673
-999993 -632868 999993 -591836
999993 -282243 -999993 -352076
781821 999993 797907 -999993
-999993 745627 999993 741017
-999993 -482843 999993 -422132
999993 -717941 -999993 -766841
-999993 -744118 999993 -667016
-999993 341598 999993 350618
-991581 -999993 -991869 999993
122153 999993 -59804 -999993
-653813 999993 -737630 -999993
696329 999993 653879 -999993
-387210 -999993 -241388 999993
-999993 984798 999993 971274
602623 -999993 660347 999993
600916 -999993 655018 999993
259810 -999993 347187 999993
491697 -999993 560019 999993
999993 -472200 -999993 -521484
-999993 -510907 999993 -434293
-999993 -809011 999993 -791766
638106 -999993 690466 999993
764504 999993 754174 -999993
145468 999993 -17686 -999993
139313 999993 -27940 -999993
-999993 2704 999993 113864
-767791 -999993 -728648 999993
-249445 999993 -387210 -999993
-999993 61189 999993 166550
-999993 -534860 999993 -486418
-823129 999993 -815415 -999993
210782 999993 160167 -999993
999993 697128 -999993 709375
563027 999993 525535 -999993
-260453 999993 -394761 -999993
999993 676397 -999993 689625
-745557 -999993 -679535 999993
965005 999993 980341 -999993
-999993 -885798 999993 -882995
-127584 999993 -292222 -999993
-811950 -999993 -813234 999993
-999993 25960 999993 120063
61693 -999993 195054 999993
999993 259355 -999993 200255
943491 999993 965344 -999993
-256919 -999993 -77346 999993
-999993 886231 999993 845872
999993 922484 -999993 926880
944754 -999993 929103 999993
999993 687103 -999993 691850
999993 -580679 -999993 -590027
-999993 -337706 999993 -267268
-999993 -180688 999993 -138409
-288059 -999993 -110688 999993
-456929 -999993 -346386 999993
-999993 -634895 999993 -593583
999993 -639235 -999993 -686877
370466 -999993 465386 999993
-999993 746558 999993 742747
324878 999993 255875 -999993
-999993 -120365 999993 -79350
999993 538101 -999993 558420
-715003 -999993 -628835 999993
525535 -999993 578810 999993
-999993 231516 999993 277139
-999993 -235161 999993 -184482
602235 999993 540493 -999993
192235 999993 55836 -999993
-699998 999993 -762328 -999993
-148118 -999993 7766 999993
-320794 999993 -429692 -999993
999993 -832148 -999993 -838080
999993 -586844 -999993 -602128
-429692 -999993 -310305 999993
999993 -90317 -999993 -125130
999993 219908 -999993 151187
147814 -999993 210782 999993
823228 999993 836107 -999993
999993 -976764 -999993 -955025
614674 -999993 662944 999993
999993 -59712 -999993 -99021
999993 795682 -999993 801448
-999993 -855720 999993 -833338
999993 -629504 -999993 -679902
-190223 -999993 -19215 999993
-999993 -274978 999993 -234975
999993 -297938 -999993 -376292
-999993 -57209 999993 5554
-999993 614260 999993 562650
-999993 629784 999993 577387
999993 -606732 -999993 -649209
-143632 999993 -310948 -999993
-646062 999993 -729784 -999993
744422 999993 728195 -999993
-124579 -999993 46714 999993
-999993 70910 999993 181525
122876 -999993 197512 999993
999993 442149 -999993 468189
999993 -531821 -999993 -557918
-999993 989904 999993 982599
325952 -999993 403430 999993
37417 999993 -124579 -999993
785580 999993 817090 -999993
999993 571619 -999993 627808
999993 120063 -999993 26028
-813234 999993 -810851 -999993
-999993 890173 999993 849152
-166732 -999993 -9 999993
-999993 330264 999993 330476
999993 -979947 -999993 -965583
-521050 999993 -649878 -999993
971329 -999993 965005 999993
-999993 -776171 999993 -723685
999993 -79350 -999993 -103795
999993 -576278 -999993 -579689
999993 -403074 -999993 -430452
690630 999993 650337 -999993
-999993 776847 999993 789516
210473 999993 147814 -999993
999993 -644697 -999993 -692996
999993 256666 -999993 182136
-999993 -906061 999993 -926631
999993 -383892 -999993 -387081
-999993 -530790 999993 -472200
855975 -999993 840827 999993
999993 -698902 -999993 -754380
121658 999993 -66586 -999993
-355092 999993 -462898 -999993
999993 -926631 -999993 -901259
773077 -999993 780269 999993
831318 999993 848616 -999993
203045 -999993 300364 999993
999993 114180 -999993 8825
999993 694825 -999993 706277
999993 540775 -999993 560457
-999993 -795169 999993 -760088
-640936 999993 -719670 -999993
999993 -973289 -999993 -941748
999993 -267268 -999993 -317579
-999993 -5567 999993 71636
660347 999993 614674 -999993
688788 -999993 727005 999993
-999993 -434925 999993 -403074
999993 455075 -999993 494494
999993 369790 -999993 401055
-892247 999993 -868395 -999993
915856 -999993 904244 999993
-264547 999993 -395862 -999993
195805 999993 122876 -999993
530366 999993 470593 -999993
-538735 999993 -671029 -999993
-856076 999993 -838486 -999993
-275120 999993 -404643 -999993
-416322 999993 -495357 -999993
-716677 -999993 -633406 999993
999993 314376 -999993 296442
-765691 -999993 -699998 999993
999993 64700 -999993 -5567
796540 -999993 781821 999993
-999993 -132054 999993 -90317
999993 -593583 -999993 -632868
-999993 -3370 999993 83331
-537220 999993 -670095 -999993
566543 -999993 612128 999993
-971864 999993 -948489 -999993
-670095 -999993 -533150 999993
-466444 -999993 -355092 999993
-74614 999993 -252129 -999993
999993 572795 -999993 629784
-810348 -999993 -796924 999993
780269 999993 780897 -999993
-999993 709375 999993 704430
989984 -999993 996948 999993
-814814 -999993 -813657 999993
697792 999993 657971 -999993
-999993 -944558 999993 -973289
-999993 -679187 999993 -615894
389786 999993 321710 -999993
211875 999993 162045 -999993
-999993 535275 999993 532203
999993 804821 -999993 840746
231419 999993 177209 -999993
-944574 999993 -881759 -999993
-201027 999993 -340941 -999993
329744 -999993 452553 999993
999993 755890 -999993 756494
-37615 -999993 139313 999993
-868395 -999993 -883257 999993
999993 -667016 -999993 -739087
-999993 647865 999993 653940
195054 999993 69014 -999993
999993 218089 -999993 138004
-999993 -521484 999993 -467912
999993 59305 -999993 -5979
-999993 -262601 999993 -198056
144741 -999993 210473 999993
-999993 26028 999993 127208
754174 -999993 765677 999993
-999993 -860768 999993 -864173
999993 -194569 -999993 -235161
804247 999993 826527 -999993
999993 -727862 -999993 -776171
-999993 922130 999993 922484
999993 439182 -999993 450174
-391663 999993 -484065 -999993
999993 -879127 -999993 -869377
999993 319418 -999993 304131
983044 999993 984421 -999993
999993 330476 -999993 335243
-999993 -159576 999993 -134778
621202 -999993 682809 999993
-113294 999993 -288059 -999993
999993 427301 -999993 445534
999993 -618692 -999993 -679187
190261 999993 35795 -999993
999993 -720451 -999993 -767148
-999993 -675214 999993 -609087
-999993 -505162 999993 -432095
653879 -999993 697792 999993
-728648 999993 -765691 -999993
14403 999993 -124604 -999993
149928 999993 -17679 -999993
-999993 -926708 999993 -964503
-999993 -910331 999993 -940897
-907023 999993 -873212 -999993
580921 999993 528569 -999993
765677 999993 759145 -999993
-510143 999993 -587914 -999993
-999993 445534 999993 439182
999993 340536 -999993 341598
-999993 -447540 999993 -410703
-883257 999993 -848999 -999993
-999993 -291808 999993 -256371
-395862 -999993 -264199 999993
-999993 691850 999993 692416
999993 -149254 -999993 -186800
-131138 999993 -304031 -999993
-210449 -999993 -34574 999993
999993 -561022 -999993 -576152
-948489 -999993 -970546 999993
178490 999993 2230 -999993
-511111 999993 -595894 -999993
184430 999993 3043 -999993
-790901 999993 -800663 -999993
999993 -164187 -999993 -197035
-498022 -999993 -420223 999993
-34574 999993 -193166 -999993
355111 -999993 461662 999993
999993 -234975 -999993 -269377
-848999 -999993 -856076 999993
-99256 -999993 97040 999993
999993 280359 -999993 272227
799161 999993 825136 -999993
928740 -999993 918174 999993
-999993 404940 999993 417836
-999252 999993 -991581 -999993
452553 999993 355111 -999993
-439525 -999993 -338778 999993
999993 -608674 -999993 -650990
-999993 494494 999993 455348
999993 22998 -999993 -35422
-999993 510635 999993 503219
85006 999993 -105272 -999993
999993 -846587 -999993 -855720
-999993 106666 999993 211803
-823867 -999993 -824243 999993
177209 -999993 233391 999993
601019 999993 528838 -999993
-489909 -999993 -391663 999993
-999993 -5979 999993 64700
999993 -198056 -999993 -257292
999993 -773397 -999993 -795169
326794 999993 259810 -999993
999993 117743 -999993 25960
999993 -144689 -999993 -180688
999993 294348 -999993 278892
713972 999993 688788 -999993
-993411 -999993 996948 999993
-993411 -999993 -999252 999993
-334875 -999993 -195685 999993
-999993 -386645 999993 -360683
-999993 136641 999993 218089
-304031 -999993 -127717 999993
-13952 999993 -188777 -999993
-999993 560457 999993 543099
999993 406532 -999993 404940
-188777 -999993 -8003 999993
-458687 999993 -535223 -999993
-999993 918801 999993 910885
-999993 -889421 999993 -887877
-999993 -148284 999993 -104979
-569975 999993 -677969 -999993
401975 -999993 517322 999993
-999993 -265218 999993 -198344
578810 999993 526611 -999993
-999993 -909913 999993 -937375
-999993 962773 999993 944476
735270 -999993 764504 999993
-999993 -212715 999993 -177911
614454 999993 582628 -999993
-999993 200255 999993 265524
999993 543099 -999993 584592
-346386 999993 -439525 -999993
-999993 -592505 999993 -580679
-999993 -707924 999993 -648645
-999993 278892 999993 314376
389927 -999993 492919 999993
-985931 -999993 -987906 999993
-999993 -856841 999993 -846587
-679535 999993 -744749 -999993
999993 761200 -999993 763723
-999993 -679902 999993 -618692
-999993 -387081 999993 -376781
-999993 -197418 999993 -164187
999993 -397213 -999993 -422721
999993 550592 -999993 614260
-999993 -430452 999993 -397213
142941 -999993 198319 999993
999993 113864 -999993 4230
999993 -390853 -999993 -388309
-999993 -21412 999993 50260
-595894 -999993 -510143 999993
-633406 999993 -715003 -999993
999993 -905657 -999993 -889421
999993 -255661 -999993 -274978
999993 505234 -999993 535275
-999993 842323 999993 831331
999993 -933612 -999993 -906061
-999993 304131 999993 320192
999993 -509927 -999993 -534860
781095 999993 796540 -999993
-999993 -84320 999993 -34217
999993 320261 -999993 309386
871088 -999993 864979 999993
-473513 999993 -581521 -999993
999993 490601 -999993 510635
999993 907419 -999993 917189
-254716 -999993 -74614 999993
999993 -15671 -999993 -71857
886527 999993 885647 -999993
67004 999993 -106731 -999993
229282 999993 168484 -999993
255875 -999993 326794 999993
999993 604740 -999993 637594
-999993 -650990 999993 -606732
357111 999993 276418 -999993
-839970 999993 -823867 -999993
-999993 -661450 999993 -608674
-999993 724594 999993 724618
-830466 -999993 -839970 999993
-999993 -579689 999993 -561022
999993 -998612 -999993 -978776
-729784 -999993 -640936 999993
-999993 637202 999993 604740
999993 -58683 -999993 -98092
826527 -999993 819185 999993
-869159 -999993 -892247 999993
999993 9396 -999993 -37142
999993 191990 -999993 106666
-515127 999993 -638632 -999993
321710 -999993 395554 999993
-999993 -636577 999993 -602873
-496466 -999993 -416322 999993
-824243 999993 -815791 -999993
999993 -177911 -999993 -197418
999993 -275061 -999993 -337706
797907 -999993 783696 999993
999993 -850476 -999993 -856841
999993 -967922 -999993 -926708
-999993 693697 999993 694825
980341 -999993 983044 999993
-105272 -999993 86864 999993
999993 439513 -999993 462305
3043 -999993 186366 999993
-999993 -99021 999993 -58683
655018 999993 602623 -999993
-638632 -999993 -511111 999993
136732 999993 -37615 -999993
162045 -999993 229282 999993
-106731 -999993 85006 999993
999993 71636 -999993 -3370
999993 -256371 -999993 -282674
384662 -999993 490476 999993
945802 999993 970569 -999993
999993 -940897 -999993 -909913
278370 -999993 360802 999993
276425 999993 203045 -999993
612128 999993 579457 -999993
-228014 -999993 -36808 999993
-999993 763723 999993 787107
-970546 999993 -946474 -999993
-790214 -999993 -778908 999993
-999993 -869377 999993 -875615
-999993 638292 999993 652544
-999993 29922 999993 151463
560019 999993 492829 -999993
999993 -485255 -999993 -530790
-127717 999993 -293424 -999993
-42457 999993 -230082 -999993
-999993 -381903 999993 -297938
999993 -432095 -999993 -499564
780897 -999993 781095 999993
69014 -999993 195805 999993
-999993 874941 999993 843540
-63921 999993 -247402 -999993
-999993 -35422 999993 39509
269357 -999993 357111 999993
161219 999993 -6873 -999993
-999993 874370 999993 840436
495521 999993 399847 -999993
-999993 -186800 999993 -144689
999993 -360683 -999993 -385642
-999993 926880 999993 923888
-999993 -978776 999993 -979947
551146 999993 491697 -999993
-325701 -999993 -195453 999993
999993 177620 -999993 69580
-999993 627808 999993 572795
999993 -602873 -999993 -634895
-999993 -125130 999993 -87583
999993 831331 -999993 849087
929103 999993 951072 -999993
-999993 -941748 999993 -967922
-170394 -999993 -1959 999993
470593 -999993 542801 999993
-999993 -838080 999993 -831997
999993 444870 -999993 480325
-19215 999993 -189952 -999993
518722 999993 442948 -999993
-999993 917189 999993 909663
-189952 -999993 -13952 999993
-999993 902244 999993 889171
848616 -999993 836137 999993
999993 -184482 -999993 -212715
664708 -999993 713972 999993
999993 455348 -999993 501913
999993 -952400 -999993 -910331
301468 999993 221932 -999993
-999993 -630745 999993 -586844
-999993 -777022 999993 -727862
-704741 -999993 -583861 999993
999993 -3831 -999993 -61128
-999993 -163319 999993 -137640
297499 -999993 383171 999993
309697 999993 239187 -999993
197512 999993 142941 -999993
-380825 -999993 -230012 999993
-999993 800807 999993 795682
999993 -408999 -999993 -434925
999993 971274 -999993 989904
-59804 -999993 128747 999993
-999993 966297 999993 955386
783696 999993 801106 -999993
999993 503219 -999993 532482
986719 999993 989984 -999993
657971 -999993 705979 999993
-59412 999993 -232601 -999993
-999993 272227 999993 294348
999993 483106 -999993 504263
488964 -999993 551146 999993
-999993 -516100 999993 -459402
904244 999993 927086 -999993
756258 999993 735270 -999993
-999993 165705 999993 235755
619391 999993 594517 -999993
-999993 335243 999993 340536
-796924 999993 -806906 -999993
-638825 999993 -716677 -999993
999993 50260 -999993 -14938
174180 -999993 231419 999993
-999993 -98092 999993 -46846
-429948 -999993 -320794 999993
-999993 138004 999993 219434
-999993 558420 999993 540775
999993 6829 -999993 -47391
999993 692416 -999993 693697
-999993 964344 999993 950763
