1000
-190463 -923204 676750 810228
-326312 -239775 217616 77217
-63116 -66720 -335912 -186992
284651 -830951 132311 -125203
-338019 -335589 -289812 539598
-888468 49586 -391387 598950
-878749 358737 -850420 188807
7697 928400 -813166 -168496
378480 421037 -395785 -177822
-312518 975575 -850420 188807
323932 165451 378480 421037
-338019 -335589 -850420 188807
7697 928400 378480 421037
-59155 396813 -395785 -177822
-296601 592601 548656 -295003
11265 460167 -210430 223173
140510 626093 -391387 598950
-335912 -186992 -888468 49586
-945379 -495389 407755 -792280
548656 -295003 217616 77217
-433486 -853733 217616 77217
821107 -937041 407755 -792280
-190463 -923204 522910 -351315
-257673 -579446 -735113 -743014
-125196 -255643 -914979 989590
284651 -830951 -59155 396813
676750 810228 821107 -937041
-257673 -579446 930287 525061
-914979 989590 722736 -735997
407755 -792280 -391387 598950
-813166 -168496 266564 20884
284651 -830951 528033 -890663
522910 -351315 -338019 -335589
741268 -24630 -189594 -651273
-433486 -853733 -395785 -177822
-813166 -168496 -289812 539598
-338019 -335589 217616 77217
-878749 358737 -59155 396813
821107 -937041 266564 20884
-890269 -365945 -914979 989590
930287 525061 -429414 -23839
-664430 -99284 -338019 -335589
522910 -351315 407755 -792280
-813166 -168496 522910 -351315
-36018 -78357 528033 -890663
528033 -890663 -395785 -177822
693426 -443336 -189594 -651273
741268 -24630 -934158 -586148
-63116 -66720 407755 -792280
262307 548552 -59155 396813
-257673 -579446 -914979 989590
-125196 -255643 676750 810228
-433486 -853733 -391387 598950
407755 -792280 -189594 -651273
-296601 592601 407755 -792280
140510 626093 722736 -735997
741268 -24630 821107 -937041
-36018 -78357 821107 -937041
-934158 -586148 132311 -125203
-190463 -923204 -296601 592601
821107 -937041 -395785 -177822
-429414 -23839 -189594 -651273
323932 165451 -312518 975575
-664430 -99284 -326312 -239775
-934158 -586148 11265 460167
722736 -735997 217616 77217
-338019 -335589 528033 -890663
528033 -890663 323932 165451
262307 548552 206635 -18949
-296601 592601 -429414 -23839
930287 525061 407755 -792280
-890269 -365945 -189594 -651273
-190463 -923204 -914979 989590
-890269 -365945 -735113 -743014
-63116 -66720 -312518 975575
528033 -890663 -59155 396813
693426 -443336 11265 460167
722736 -735997 -735113 -743014
741268 -24630 522910 -351315
-296601 592601 323932 165451
206635 -18949 -189594 -651273
-813166 -168496 -338019 -335589
-190463 -923204 206635 -18949
-257673 -579446 323410 -284183
-664430 -99284 323932 165451
693426 -443336 284651 -830951
548656 -295003 132311 -125203
522910 -351315 -289812 539598
-289812 539598 -850420 188807
-335912 -186992 -395785 -177822
-934158 -586148 -888468 49586
-59155 396813 -735113 -743014
-125196 -255643 528033 -890663
-63116 -66720 132311 -125203
378480 421037 -850420 188807
-813166 -168496 -63116 -66720
-289812 539598 -735113 -743014
821107 -937041 548656 -295003
-914979 989590 -312518 975575
-664430 -99284 722736 -735997
-63116 -66720 -850420 188807
-338019 -335589 323932 165451
7697 928400 -890269 -365945
-890269 -365945 -945379 -495389
-338019 -335589 -59155 396813
217616 77217 -395785 -177822
-914979 989590 407755 -792280
323410 -284183 217616 77217
-125196 -255643 -735113 -743014
722736 -735997 -189594 -651273
-914979 989590 323410 -284183
-813166 -168496 528033 -890663
-190463 -923204 548656 -295003
-36018 -78357 7697 928400
-429414 -23839 722736 -735997
-190463 -923204 -888468 49586
548656 -295003 -59155 396813
821107 -937041 323410 -284183
821107 -937041 -850420 188807
7697 928400 -338019 -335589
-190463 -923204 -391387 598950
930287 525061 548656 -295003
-326312 -239775 323932 165451
-190463 -923204 -289812 539598
930287 525061 -934158 -586148
-125196 -255643 407755 -792280
262307 548552 -210430 223173
-914979 989590 284651 -830951
-664430 -99284 378480 421037
-890269 -365945 11265 460167
-125196 -255643 522910 -351315
323932 165451 -735113 -743014
140510 626093 930287 525061
930287 525061 676750 810228
140510 626093 548656 -295003
-125196 -255643 -391387 598950
-326312 -239775 -59155 396813
262307 548552 -813166 -168496
676750 810228 -878749 358737
-190463 -923204 323410 -284183
528033 -890663 -189594 -651273
930287 525061 -890269 -365945
522910 -351315 -63116 -66720
-335912 -186992 548656 -295003
930287 525061 206635 -18949
741268 -24630 407755 -792280
-335912 -186992 722736 -735997
-63116 -66720 -189594 -651273
284651 -830951 -210430 223173
-391387 598950 -59155 396813
693426 -443336 -429414 -23839
-878749 358737 -395785 -177822
522910 -351315 -888468 49586
-257673 -579446 -335912 -186992
-878749 358737 323932 165451
-36018 -78357 262307 548552
-429414 -23839 217616 77217
-945379 -495389 -59155 396813
-914979 989590 -210430 223173
262307 548552 11265 460167
-813166 -168496 548656 -295003
262307 548552 266564 20884
-36018 -78357 722736 -735997
-338019 -335589 11265 460167
-210430 223173 -395785 -177822
-63116 -66720 -391387 598950
-914979 989590 -63116 -66720
-945379 -495389 -395785 -177822
-190463 -923204 -189594 -651273
528033 -890663 -429414 -23839
741268 -24630 -391387 598950
528033 -890663 -391387 598950
-36018 -78357 -664430 -99284
262307 548552 284651 -830951
11265 460167 217616 77217
-888468 49586 -312518 975575
-36018 -78357 -914979 989590
-945379 -495389 -888468 49586
-888468 49586 -878749 358737
676750 810228 407755 -792280
-190463 -923204 528033 -890663
-338019 -335589 -934158 -586148
-878749 358737 821107 -937041
741268 -24630 132311 -125203
140510 626093 821107 -937041
262307 548552 -945379 -495389
-934158 -586148 266564 20884
-664430 -99284 -395785 -177822
693426 -443336 132311 -125203
522910 -351315 -914979 989590
-190463 -923204 -934158 -586148
-296601 592601 722736 -735997
-878749 358737 11265 460167
930287 525061 284651 -830951
-429414 -23839 11265 460167
741268 -24630 -289812 539598
284651 -830951 821107 -937041
-391387 598950 -850420 188807
-63116 -66720 -945379 -495389
-125196 -255643 -289812 539598
821107 -937041 -391387 598950
-36018 -78357 930287 525061
722736 -735997 -59155 396813
-257673 -579446 7697 928400
-335912 -186992 11265 460167
-190463 -923204 -335912 -186992
284651 -830951 -335912 -186992
-433486 -853733 548656 -295003
-210430 223173 378480 421037
7697 928400 -289812 539598
7697 928400 -391387 598950
-914979 989590 -335912 -186992
-63116 -66720 -888468 49586
-945379 -495389 -878749 358737
-338019 -335589 266564 20884
206635 -18949 548656 -295003
140510 626093 -934158 -586148
693426 -443336 -850420 188807
407755 -792280 -59155 396813
741268 -24630 323410 -284183
-813166 -168496 722736 -735997
-190463 -923204 722736 -735997
-890269 -365945 -395785 -177822
722736 -735997 -391387 598950
7697 928400 930287 525061
140510 626093 -335912 -186992
522910 -351315 206635 -18949
-326312 -239775 407755 -792280
-59155 396813 -189594 -651273
-890269 -365945 528033 -890663
-890269 -365945 -312518 975575
741268 -24630 -312518 975575
-433486 -853733 676750 810228
-433486 -853733 -125196 -255643
528033 -890663 -63116 -66720
-945379 -495389 11265 460167
-63116 -66720 -429414 -23839
140510 626093 741268 -24630
7697 928400 -189594 -651273
-63116 -66720 266564 20884
140510 626093 -189594 -651273
930287 525061 -391387 598950
-664430 -99284 676750 810228
-433486 -853733 -850420 188807
693426 -443336 -888468 49586
-63116 -66720 323410 -284183
284651 -830951 -391387 598950
11265 460167 407755 -792280
930287 525061 266564 20884
-125196 -255643 -934158 -586148
-914979 989590 -850420 188807
-433486 -853733 -735113 -743014
-433486 -853733 821107 -937041
-429414 -23839 -850420 188807
-190463 -923204 -63116 -66720
548656 -295003 -289812 539598
-326312 -239775 821107 -937041
-36018 -78357 548656 -295003
262307 548552 -429414 -23839
-326312 -239775 -429414 -23839
-296601 592601 217616 77217
407755 -792280 -210430 223173
528033 -890663 -850420 188807
-934158 -586148 722736 -735997
-890269 -365945 323410 -284183
206635 -18949 323932 165451
930287 525061 722736 -735997
262307 548552 -850420 188807
-296601 592601 -189594 -651273
693426 -443336 -190463 -923204
-326312 -239775 266564 20884
262307 548552 -664430 -99284
-433486 -853733 -664430 -99284
-813166 -168496 -326312 -239775
-914979 989590 217616 77217
522910 -351315 266564 20884
-664430 -99284 -210430 223173
323410 -284183 -59155 396813
-429414 -23839 -59155 396813
140510 626093 -326312 -239775
11265 460167 -735113 -743014
-391387 598950 132311 -125203
-36018 -78357 -813166 -168496
-338019 -335589 -189594 -651273
-945379 -495389 323410 -284183
-888468 49586 -395785 -177822
-429414 -23839 266564 20884
-338019 -335589 -63116 -66720
7697 928400 722736 -735997
-190463 -923204 217616 77217
7697 928400 -934158 -586148
-945379 -495389 378480 421037
-890269 -365945 548656 -295003
-326312 -239775 -878749 358737
262307 548552 -890269 -365945
7697 928400 -850420 188807
676750 810228 -210430 223173
-890269 -365945 206635 -18949
-433486 -853733 262307 548552
676750 810228 266564 20884
140510 626093 7697 928400
-36018 -78357 323932 165451
-914979 989590 -888468 49586
-210430 223173 -850420 188807
262307 548552 -312518 975575
-934158 -586148 323410 -284183
-934158 -586148 -850420 188807
-296601 592601 -850420 188807
262307 548552 -888468 49586
7697 928400 548656 -295003
284651 -830951 266564 20884
676750 810228 722736 -735997
-433486 -853733 11265 460167
206635 -18949 -289812 539598
-664430 -99284 -190463 -923204
-257673 -579446 722736 -735997
-335912 -186992 407755 -792280
-433486 -853733 284651 -830951
11265 460167 -850420 188807
-296601 592601 -59155 396813
-125196 -255643 -190463 -923204
-945379 -495389 676750 810228
323410 -284183 266564 20884
930287 525061 -335912 -186992
-326312 -239775 -335912 -186992
-878749 358737 132311 -125203
-934158 -586148 -210430 223173
266564 20884 -289812 539598
-934158 -586148 323932 165451
217616 77217 -850420 188807
-934158 -586148 -59155 396813
722736 -735997 378480 421037
-813166 -168496 930287 525061
-296601 592601 -63116 -66720
741268 -24630 -945379 -495389
140510 626093 217616 77217
-813166 -168496 -890269 -365945
528033 -890663 -878749 358737
-257673 -579446 821107 -937041
-429414 -23839 548656 -295003
-878749 358737 548656 -295003
-813166 -168496 -888468 49586
741268 -24630 -338019 -335589
140510 626093 -312518 975575
-914979 989590 378480 421037
217616 77217 132311 -125203
693426 -443336 -210430 223173
-338019 -335589 407755 -792280
522910 -351315 -395785 -177822
-934158 -586148 217616 77217
140510 626093 132311 -125203
676750 810228 -59155 396813
-296601 592601 528033 -890663
522910 -351315 821107 -937041
693426 -443336 407755 -792280
-890269 -365945 -335912 -186992
-664430 -99284 11265 460167
821107 -937041 -289812 539598
-813166 -168496 -429414 -23839
-890269 -365945 132311 -125203
-190463 -923204 -429414 -23839
-664430 -99284 206635 -18949
693426 -443336 323410 -284183
206635 -18949 821107 -937041
-429414 -23839 323932 165451
-125196 -255643 -36018 -78357
-433486 -853733 722736 -735997
-813166 -168496 -934158 -586148
-63116 -66720 722736 -735997
-890269 -365945 -934158 -586148
528033 -890663 407755 -792280
-433486 -853733 7697 928400
323410 -284183 407755 -792280
378480 421037 -189594 -651273
262307 548552 -296601 592601
-433486 -853733 323410 -284183
-296601 592601 206635 -18949
-36018 -78357 676750 810228
-813166 -168496 -735113 -743014
284651 -830951 11265 460167
284651 -830951 -735113 -743014
-878749 358737 -189594 -651273
930287 525061 -63116 -66720
140510 626093 266564 20884
-296601 592601 -890269 -365945
140510 626093 -945379 -495389
-326312 -239775 11265 460167
11265 460167 -312518 975575
-335912 -186992 821107 -937041
528033 -890663 -210430 223173
528033 -890663 266564 20884
-296601 592601 -878749 358737
-257673 -579446 -945379 -495389
11265 460167 323932 165451
-338019 -335589 -888468 49586
-890269 -365945 -59155 396813
-326312 -239775 206635 -18949
-338019 -335589 378480 421037
140510 626093 -289812 539598
930287 525061 -945379 -495389
930287 525061 -914979 989590
323932 165451 132311 -125203
262307 548552 -878749 358737
-335912 -186992 378480 421037
-664430 -99284 -735113 -743014
-335912 -186992 -850420 188807
206635 -18949 -312518 975575
-190463 -923204 378480 421037
930287 525061 11265 460167
-36018 -78357 284651 -830951
722736 -735997 407755 -792280
-189594 -651273 -850420 188807
206635 -18949 -210430 223173
206635 -18949 -878749 358737
676750 810228 548656 -295003
-257673 -579446 11265 460167
-433486 -853733 -338019 -335589
693426 -443336 -878749 358737
-934158 -586148 528033 -890663
-190463 -923204 821107 -937041
284651 -830951 206635 -18949
284651 -830951 -878749 358737
-125196 -255643 -890269 -365945
-664430 -99284 -289812 539598
-664430 -99284 548656 -295003
-125196 -255643 378480 421037
930287 525061 378480 421037
676750 810228 -312518 975575
-257673 -579446 -813166 -168496
-36018 -78357 693426 -443336
-189594 -651273 -395785 -177822
-257673 -579446 262307 548552
693426 -443336 217616 77217
522910 -351315 -210430 223173
-878749 358737 -735113 -743014
-190463 -923204 930287 525061
-433486 -853733 930287 525061
-890269 -365945 722736 -735997
-890269 -365945 323932 165451
-257673 -579446 -312518 975575
-429414 -23839 -335912 -186992
522910 -351315 323410 -284183
-63116 -66720 -210430 223173
-878749 358737 722736 -735997
-914979 989590 528033 -890663
-914979 989590 -735113 -743014
-813166 -168496 -335912 -186992
-813166 -168496 323932 165451
7697 928400 -190463 -923204
407755 -792280 -735113 -743014
-190463 -923204 -338019 -335589
-813166 -168496 284651 -830951
-338019 -335589 -945379 -495389
-945379 -495389 722736 -735997
11265 460167 266564 20884
-36018 -78357 407755 -792280
-914979 989590 323932 165451
-257673 -579446 407755 -792280
140510 626093 -878749 358737
-888468 49586 323932 165451
262307 548552 693426 -443336
-429414 -23839 323410 -284183
-813166 -168496 -296601 592601
-125196 -255643 -395785 -177822
-210430 223173 -189594 -651273
-312518 975575 -735113 -743014
528033 -890663 -888468 49586
266564 20884 -850420 188807
-433486 -853733 -312518 975575
-391387 598950 378480 421037
-36018 -78357 -338019 -335589
-36018 -78357 378480 421037
-934158 -586148 -289812 539598
-664430 -99284 -59155 396813
741268 -24630 548656 -295003
741268 -24630 -735113 -743014
7697 928400 -429414 -23839
7697 928400 -63116 -66720
217616 77217 -735113 -743014
140510 626093 -850420 188807
-888468 49586 548656 -295003
262307 548552 -934158 -586148
821107 -937041 -735113 -743014
262307 548552 407755 -792280
-813166 -168496 407755 -792280
-36018 -78357 -890269 -365945
-326312 -239775 -850420 188807
-664430 -99284 323410 -284183
741268 -24630 266564 20884
-326312 -239775 -189594 -651273
930287 525061 528033 -890663
-36018 -78357 -257673 -579446
132311 -125203 -395785 -177822
-257673 -579446 -391387 598950
693426 -443336 -338019 -335589
-36018 -78357 -335912 -186992
7697 928400 -210430 223173
522910 -351315 722736 -735997
-890269 -365945 -888468 49586
262307 548552 722736 -735997
-210430 223173 -289812 539598
-914979 989590 206635 -18949
206635 -18949 -888468 49586
206635 -18949 -429414 -23839
-210430 223173 132311 -125203
-888468 49586 -210430 223173
676750 810228 378480 421037
741268 -24630 -257673 -579446
676750 810228 -289812 539598
522910 -351315 284651 -830951
-125196 -255643 284651 -830951
-326312 -239775 676750 810228
-296601 592601 266564 20884
-391387 598950 217616 77217
-664430 -99284 217616 77217
-312518 975575 -59155 396813
284651 -830951 -189594 -651273
-296601 592601 11265 460167
-257673 -579446 -59155 396813
-296601 592601 132311 -125203
-296601 592601 323410 -284183
-125196 -255643 323410 -284183
930287 525061 -312518 975575
-433486 -853733 -813166 -168496
-429414 -23839 -312518 975575
-664430 -99284 284651 -830951
-429414 -23839 407755 -792280
132311 -125203 -59155 396813
-257673 -579446 132311 -125203
693426 -443336 -391387 598950
284651 -830951 -888468 49586
140510 626093 -257673 -579446
528033 -890663 323410 -284183
-312518 975575 -289812 539598
-125196 -255643 548656 -295003
284651 -830951 -945379 -495389
-433486 -853733 407755 -792280
-433486 -853733 -945379 -495389
-914979 989590 -934158 -586148
-433486 -853733 -878749 358737
-914979 989590 -189594 -651273
-888468 49586 -189594 -651273
-338019 -335589 284651 -830951
-945379 -495389 -312518 975575
407755 -792280 132311 -125203
528033 -890663 676750 810228
7697 928400 821107 -937041
693426 -443336 -63116 -66720
217616 77217 378480 421037
722736 -735997 323932 165451
-433486 -853733 -429414 -23839
-429414 -23839 -395785 -177822
407755 -792280 -850420 188807
7697 928400 -326312 -239775
-664430 -99284 930287 525061
-210430 223173 -735113 -743014
522910 -351315 -391387 598950
-664430 -99284 -189594 -651273
-735113 -743014 -850420 188807
7697 928400 11265 460167
-125196 -255643 -59155 396813
676750 810228 -391387 598950
-63116 -66720 323932 165451
-934158 -586148 -945379 -495389
741268 -24630 528033 -890663
693426 -443336 206635 -18949
930287 525061 -888468 49586
-429414 -23839 -945379 -495389
-338019 -335589 206635 -18949
-433486 -853733 -289812 539598
323410 -284183 -850420 188807
-36018 -78357 -190463 -923204
-945379 -495389 -735113 -743014
522910 -351315 -335912 -186992
-429414 -23839 -878749 358737
-664430 -99284 266564 20884
-813166 -168496 -312518 975575
-312518 975575 -395785 -177822
741268 -24630 11265 460167
-257673 -579446 -63116 -66720
-63116 -66720 11265 460167
-296601 592601 -210430 223173
722736 -735997 132311 -125203
378480 421037 -59155 396813
-890269 -365945 217616 77217
266564 20884 548656 -295003
741268 -24630 -429414 -23839
930287 525061 217616 77217
-429414 -23839 821107 -937041
693426 -443336 722736 -735997
741268 -24630 -890269 -365945
821107 -937041 132311 -125203
-36018 -78357 -878749 358737
-326312 -239775 378480 421037
206635 -18949 11265 460167
676750 810228 323932 165451
7697 928400 676750 810228
-878749 358737 323410 -284183
528033 -890663 548656 -295003
-296601 592601 -338019 -335589
-257673 -579446 -289812 539598
-257673 -579446 -888468 49586
140510 626093 -735113 -743014
-735113 -743014 -395785 -177822
821107 -937041 323932 165451
11265 460167 -289812 539598
-257673 -579446 -934158 -586148
-890269 -365945 -850420 188807
-125196 -255643 -210430 223173
548656 -295003 -735113 -743014
676750 810228 -850420 188807
-878749 358737 -289812 539598
-326312 -239775 -945379 -495389
-36018 -78357 323410 -284183
741268 -24630 -395785 -177822
-890269 -365945 -210430 223173
693426 -443336 -735113 -743014
140510 626093 -664430 -99284
-289812 539598 -189594 -651273
-125196 -255643 132311 -125203
262307 548552 -391387 598950
-429414 -23839 378480 421037
-335912 -186992 -189594 -651273
-914979 989590 -289812 539598
-429414 -23839 -735113 -743014
266564 20884 -735113 -743014
11265 460167 722736 -735997
-257673 -579446 -189594 -651273
-391387 598950 -189594 -651273
528033 -890663 -289812 539598
7697 928400 693426 -443336
-296601 592601 378480 421037
-326312 -239775 -735113 -743014
528033 -890663 -312518 975575
-125196 -255643 -257673 -579446
140510 626093 -914979 989590
-888468 49586 11265 460167
-257673 -579446 548656 -295003
-296601 592601 -395785 -177822
-257673 -579446 693426 -443336
741268 -24630 -190463 -923204
407755 -792280 548656 -295003
262307 548552 323410 -284183
284651 -830951 -289812 539598
-257673 -579446 528033 -890663
930287 525061 -189594 -651273
-433486 -853733 -934158 -586148
11265 460167 378480 421037
-433486 -853733 -63116 -66720
-888468 49586 -59155 396813
217616 77217 -289812 539598
741268 -24630 -664430 -99284
-326312 -239775 -391387 598950
262307 548552 528033 -890663
693426 -443336 -934158 -586148
-813166 -168496 -395785 -177822
-433486 -853733 741268 -24630
-125196 -255643 262307 548552
7697 928400 132311 -125203
722736 -735997 -312518 975575
-190463 -923204 -210430 223173
-125196 -255643 -189594 -651273
-945379 -495389 -289812 539598
-125196 -255643 722736 -735997
140510 626093 693426 -443336
-395785 -177822 -850420 188807
323932 165451 -289812 539598
-945379 -495389 266564 20884
-338019 -335589 323410 -284183
-338019 -335589 -312518 975575
284651 -830951 -850420 188807
548656 -295003 -395785 -177822
-312518 975575 -189594 -651273
-190463 -923204 -945379 -495389
-813166 -168496 323410 -284183
-433486 -853733 206635 -18949
266564 20884 -391387 598950
-326312 -239775 -395785 -177822
284651 -830951 -395785 -177822
-888468 49586 821107 -937041
693426 -443336 -59155 396813
132311 -125203 -189594 -651273
676750 810228 -395785 -177822
-664430 -99284 -813166 -168496
693426 -443336 378480 421037
-125196 -255643 821107 -937041
-664430 -99284 -888468 49586
-664430 -99284 -391387 598950
676750 810228 -888468 49586
206635 -18949 -391387 598950
522910 -351315 676750 810228
266564 20884 378480 421037
206635 -18949 217616 77217
-125196 -255643 -338019 -335589
262307 548552 217616 77217
-190463 -923204 -395785 -177822
-63116 -66720 -289812 539598
-914979 989590 -59155 396813
-125196 -255643 -878749 358737
-36018 -78357 -59155 396813
-190463 -923204 132311 -125203
-433486 -853733 -59155 396813
930287 525061 -735113 -743014
-63116 -66720 217616 77217
-890269 -365945 -391387 598950
284651 -830951 323410 -284183
-890269 -365945 -338019 -335589
741268 -24630 -878749 358737
-391387 598950 323932 165451
7697 928400 -59155 396813
-312518 975575 132311 -125203
676750 810228 -189594 -651273
-190463 -923204 -59155 396813
-326312 -239775 -210430 223173
-296601 592601 -391387 598950
-945379 -495389 548656 -295003
-296601 592601 676750 810228
323410 -284183 378480 421037
140510 626093 323410 -284183
-125196 -255643 323932 165451
741268 -24630 -63116 -66720
-335912 -186992 -391387 598950
-338019 -335589 -878749 358737
741268 -24630 -888468 49586
-945379 -495389 -189594 -651273
-190463 -923204 323932 165451
693426 -443336 -289812 539598
262307 548552 -289812 539598
-210430 223173 -59155 396813
-190463 -923204 266564 20884
821107 -937041 -59155 396813
-296601 592601 -914979 989590
676750 810228 132311 -125203
-813166 -168496 -914979 989590
-890269 -365945 407755 -792280
693426 -443336 323932 165451
-257673 -579446 676750 810228
930287 525061 -850420 188807
693426 -443336 548656 -295003
-257673 -579446 -338019 -335589
-664430 -99284 693426 -443336
140510 626093 522910 -351315
-888468 49586 378480 421037
-257673 -579446 284651 -830951
741268 -24630 -326312 -239775
-429414 -23839 -391387 598950
266564 20884 -210430 223173
722736 -735997 548656 -295003
132311 -125203 -735113 -743014
522910 -351315 -735113 -743014
206635 -18949 676750 810228
-36018 -78357 -326312 -239775
-813166 -168496 -850420 188807
-934158 -586148 -735113 -743014
528033 -890663 217616 77217
7697 928400 284651 -830951
7697 928400 -945379 -495389
-813166 -168496 206635 -18949
-914979 989590 266564 20884
284651 -830951 -429414 -23839
262307 548552 -395785 -177822
-391387 598950 -210430 223173
-934158 -586148 -312518 975575
262307 548552 7697 928400
-433486 -853733 -326312 -239775
-433486 -853733 323932 165451
-190463 -923204 -312518 975575
-391387 598950 -289812 539598
-125196 -255643 11265 460167
-433486 -853733 522910 -351315
11265 460167 132311 -125203
7697 928400 266564 20884
-36018 -78357 -296601 592601
262307 548552 132311 -125203
262307 548552 -335912 -186992
-36018 -78357 -945379 -495389
-36018 -78357 -63116 -66720
-888468 49586 -289812 539598
378480 421037 -289812 539598
-296601 592601 -888468 49586
741268 -24630 7697 928400
140510 626093 -813166 -168496
-433486 -853733 528033 -890663
693426 -443336 522910 -351315
676750 810228 11265 460167
-914979 989590 -391387 598950
-934158 -586148 -391387 598950
-888468 49586 -850420 188807
-296601 592601 -312518 975575
140510 626093 378480 421037
741268 -24630 676750 810228
7697 928400 -312518 975575
140510 626093 284651 -830951
-335912 -186992 323410 -284183
-934158 -586148 676750 810228
-125196 -255643 266564 20884
-125196 -255643 206635 -18949
-890269 -365945 -63116 -66720
140510 626093 -36018 -78357
-296601 592601 -289812 539598
930287 525061 -210430 223173
-945379 -495389 821107 -937041
-338019 -335589 132311 -125203
741268 -24630 722736 -735997
-326312 -239775 722736 -735997
522910 -351315 -850420 188807
132311 -125203 -289812 539598
262307 548552 378480 421037
-664430 -99284 -296601 592601
-888468 49586 217616 77217
-36018 -78357 -934158 -586148
-338019 -335589 548656 -295003
-335912 -186992 -312518 975575
-326312 -239775 -888468 49586
741268 -24630 -296601 592601
-878749 358737 -312518 975575
-433486 -853733 -890269 -365945
-257673 -579446 -878749 358737
-664430 -99284 -63116 -66720
-296601 592601 930287 525061
-338019 -335589 -335912 -186992
-257673 -579446 266564 20884
-813166 -168496 821107 -937041
528033 -890663 132311 -125203
930287 525061 821107 -937041
323410 -284183 -210430 223173
206635 -18949 -59155 396813
-125196 -255643 -888468 49586
693426 -443336 676750 810228
140510 626093 -429414 -23839
930287 525061 132311 -125203
132311 -125203 -850420 188807
-934158 -586148 407755 -792280
-257673 -579446 -296601 592601
7697 928400 217616 77217
522910 -351315 -934158 -586148
-296601 592601 -735113 -743014
-888468 49586 407755 -792280
930287 525061 323410 -284183
-63116 -66720 -878749 358737
-813166 -168496 -59155 396813
-945379 -495389 -391387 598950
-934158 -586148 821107 -937041
-125196 -255643 -335912 -186992
-664430 -99284 407755 -792280
-326312 -239775 -312518 975575
-429414 -23839 676750 810228
7697 928400 -878749 358737
693426 -443336 -395785 -177822
741268 -24630 -850420 188807
-36018 -78357 206635 -18949
-326312 -239775 -934158 -586148
-878749 358737 407755 -792280
7697 928400 -335912 -186992
7697 928400 323410 -284183
522910 -351315 -878749 358737
11265 460167 -59155 396813
217616 77217 -312518 975575
-664430 -99284 -335912 -186992
522910 -351315 548656 -295003
-326312 -239775 -190463 -923204
-338019 -335589 -735113 -743014
323932 165451 548656 -295003
722736 -735997 -289812 539598
284651 -830951 676750 810228
693426 -443336 -914979 989590
821107 -937041 -312518 975575
217616 77217 -189594 -651273
-257673 -579446 -890269 -365945
323932 165451 -59155 396813
206635 -18949 528033 -890663
407755 -792280 -312518 975575
140510 626093 -63116 -66720
-391387 598950 -312518 975575
-257673 -579446 323932 165451
-125196 -255643 217616 77217
284651 -830951 378480 421037
323410 -284183 -735113 -743014
-664430 -99284 132311 -125203
323410 -284183 722736 -735997
-664430 -99284 528033 -890663
-335912 -186992 676750 810228
-257673 -579446 -190463 -923204
-433486 -853733 140510 626093
7697 928400 -395785 -177822
-335912 -186992 -59155 396813
-36018 -78357 266564 20884
522910 -351315 -296601 592601
-429414 -23839 -210430 223173
-257673 -579446 522910 -351315
11265 460167 548656 -295003
741268 -24630 262307 548552
-391387 598950 -735113 -743014
206635 -18949 722736 -735997
-433486 -853733 -914979 989590
140510 626093 -888468 49586
-813166 -168496 11265 460167
262307 548552 -735113 -743014
-59155 396813 -289812 539598
-125196 -255643 741268 -24630
741268 -24630 -914979 989590
522910 -351315 -429414 -23839
-296601 592601 -934158 -586148
266564 20884 217616 77217
741268 -24630 930287 525061
-190463 -923204 -890269 -365945
548656 -295003 -312518 975575
-934158 -586148 -189594 -651273
693426 -443336 -945379 -495389
266564 20884 -59155 396813
-934158 -586148 206635 -18949
-125196 -255643 -63116 -66720
284651 -830951 548656 -295003
-36018 -78357 -289812 539598
262307 548552 -63116 -66720
741268 -24630 217616 77217
11265 460167 -189594 -651273
140510 626093 206635 -18949
522910 -351315 323932 165451
262307 548552 930287 525061
-210430 223173 548656 -295003
217616 77217 -59155 396813
-813166 -168496 132311 -125203
-391387 598950 548656 -295003
522910 -351315 528033 -890663
7697 928400 -888468 49586
284651 -830951 323932 165451
-664430 -99284 -878749 358737
-326312 -239775 -338019 -335589
-338019 -335589 821107 -937041
-338019 -335589 -429414 -23839
-433486 -853733 -888468 49586
7697 928400 -735113 -743014
676750 810228 -735113 -743014
7697 928400 -914979 989590
528033 -890663 722736 -735997
741268 -24630 206635 -18949
-338019 -335589 676750 810228
-125196 -255643 -850420 188807
522910 -351315 132311 -125203
140510 626093 -125196 -255643
528033 -890663 -335912 -186992
-335912 -186992 -289812 539598
-890269 -365945 -429414 -23839
323932 165451 217616 77217
140510 626093 323932 165451
-125196 -255643 -326312 -239775
-257673 -579446 206635 -18949
262307 548552 522910 -351315
-664430 -99284 -914979 989590
-664430 -99284 -890269 -365945
-429414 -23839 -289812 539598
741268 -24630 693426 -443336
-429414 -23839 132311 -125203
-664430 -99284 522910 -351315
693426 -443336 821107 -937041
262307 548552 -338019 -335589
-878749 358737 217616 77217
-664430 -99284 -429414 -23839
-296601 592601 284651 -830951
693426 -443336 528033 -890663
693426 -443336 -890269 -365945
262307 548552 -189594 -651273
-125196 -255643 -813166 -168496
-878749 358737 378480 421037
323410 -284183 -189594 -651273
-125196 -255643 -429414 -23839
407755 -792280 323932 165451
140510 626093 -296601 592601
-888468 49586 722736 -735997
-664430 -99284 -850420 188807
522910 -351315 11265 460167
-945379 -495389 -210430 223173
-813166 -168496 -190463 -923204
407755 -792280 217616 77217
262307 548552 548656 -295003
266564 20884 -189594 -651273
7697 928400 -296601 592601
-813166 -168496 217616 77217
528033 -890663 821107 -937041
323410 -284183 -312518 975575
-888468 49586 266564 20884
-257673 -579446 378480 421037
-36018 -78357 -312518 975575
821107 -937041 -189594 -651273
-36018 -78357 217616 77217
-890269 -365945 821107 -937041
-36018 -78357 522910 -351315
930287 525061 -878749 358737
722736 -735997 -395785 -177822
522910 -351315 -890269 -365945
-296601 592601 -945379 -495389
284651 -830951 -934158 -586148
-63116 -66720 676750 810228
284651 -830951 -312518 975575
-890269 -365945 284651 -830951
-63116 -66720 821107 -937041
-735113 -743014 -189594 -651273
-813166 -168496 -189594 -651273
262307 548552 676750 810228
