1000
-521335 607947 297047 723163
346388 -663975 587913 228534
32660 955745 -551736 -660056
-845720 893928 3505 917977
32660 955745 -323640 205978
777662 858705 297047 723163
-102194 504615 -150904 573842
-102194 504615 919526 -120513
-182085 -945361 556999 404092
-659599 -396200 170017 956972
695419 -295711 525294 -20033
587913 228534 -588119 -416258
-102194 504615 -458465 -500763
490563 901809 -395982 -949020
32660 955745 -927674 -585323
3505 917977 206297 372367
138460 -320072 -395982 -949020
564413 -553860 60582 -919360
174535 -97792 -590923 -628637
355898 -157075 -668253 -92442
-256376 739405 -964988 533400
-838634 -987207 -457266 -846296
-521335 607947 706663 -119015
461122 -258694 -590923 -628637
-102194 504615 -551736 -660056
-458465 -500763 191900 -151425
196619 -724570 -905643 -896327
126987 355141 -668253 -92442
-590923 -628637 -323640 205978
-150904 573842 942683 -110126
564413 -553860 194451 410019
-853159 863293 107247 -891551
-182085 -945361 -588119 -416258
-367436 410609 32660 955745
-403698 550641 -323640 205978
-905643 -896327 194451 410019
-590923 -628637 691637 63587
-367436 410609 138460 -320072
-659599 -396200 138460 -320072
776094 538409 346388 -663975
-458465 -500763 -927674 -585323
490563 901809 170017 956972
695419 -295711 490563 901809
-590923 -628637 -563999 -937747
174535 -97792 -323640 205978
-930176 -525645 107247 -891551
459367 876781 749365 737744
587913 228534 -590923 -628637
-182085 -945361 138460 -320072
-403698 550641 -905643 -896327
553366 423475 308624 -998061
490563 901809 -551736 -660056
-256376 739405 587913 228534
-458465 -500763 -668253 -92442
-150904 573842 -964988 533400
-403698 550641 -238892 324586
-102194 504615 776094 538409
691637 63587 480904 -317621
-892450 -793147 255872 -202772
425075 -935481 194451 410019
446222 755660 -853159 863293
749365 737744 -188306 487445
459367 876781 942683 -110126
-838634 -987207 32660 955745
-953305 -502193 -551736 -660056
941165 218321 -150904 573842
553366 423475 525294 -20033
126987 355141 107247 -891551
-953305 -502193 170017 956972
-853159 863293 -964988 533400
297047 723163 446222 755660
671787 573921 174535 -97792
-363511 875923 191900 -151425
-102194 504615 -668253 -92442
425075 -935481 -905643 -896327
461122 -258694 -323640 205978
691637 63587 -323640 205978
-182085 -945361 -590923 -628637
69108 -745766 -457266 -846296
-256376 739405 -323640 205978
-930176 -525645 -238892 324586
32660 955745 -905643 -896327
-494830 934538 425075 -935481
-403698 550641 60582 -919360
564413 -553860 480904 -317621
-315364 632134 -395982 -949020
556999 404092 -953305 -502193
-892450 -793147 587913 228534
-150904 573842 308624 -998061
334845 221730 490563 901809
-930176 -525645 -964988 533400
-363511 875923 -588119 -416258
-892450 -793147 308624 -998061
671787 573921 -188306 487445
194451 410019 -188306 487445
346388 -663975 706663 -119015
-838634 -987207 174535 -97792
-964988 533400 942683 -110126
255872 -202772 691637 63587
556999 404092 191900 -151425
-892450 -793147 -363511 875923
160712 417553 170017 956972
-845720 893928 446222 755660
553366 423475 480904 -317621
-315364 632134 944473 460149
691637 63587 160712 417553
-182085 -945361 -238892 324586
-182085 -945361 69108 -745766
297047 723163 355898 -157075
-668253 -92442 -563999 -937747
-182085 -945361 60582 -919360
749365 737744 -668253 -92442
-838634 -987207 170017 956972
749365 737744 194451 410019
-458465 -500763 -603250 453969
334845 221730 992036 -267779
255872 -202772 695419 -295711
174535 -97792 -659599 -396200
32660 955745 490563 901809
196619 -724570 -964988 533400
691637 63587 170017 956972
553366 423475 -323640 205978
-930176 -525645 992036 -267779
-323640 205978 -563999 -937747
-838634 -987207 446222 755660
671787 573921 -927674 -585323
-590923 -628637 -395982 -949020
776094 538409 919526 -120513
126987 355141 -403698 550641
-845720 893928 60582 -919360
992036 -267779 -563999 -937747
69108 -745766 -603250 453969
174535 -97792 3505 917977
-838634 -987207 553366 423475
706663 -119015 -188306 487445
-256376 739405 -457266 -846296
194451 410019 -551736 -660056
-150904 573842 160712 417553
749365 737744 425075 -935481
490563 901809 206297 372367
191900 -151425 308624 -998061
-102194 504615 -892450 -793147
138460 -320072 107247 -891551
334845 221730 138460 -320072
-150904 573842 170017 956972
425075 -935481 3505 917977
461122 -258694 334845 221730
297047 723163 -927674 -585323
138460 -320072 749365 737744
334845 221730 -367436 410609
556999 404092 206297 372367
490563 901809 944473 460149
564413 -553860 -188306 487445
556999 404092 -403698 550641
-256376 739405 191900 -151425
-458465 -500763 -551736 -660056
-315364 632134 490563 901809
196619 -724570 695419 -295711
691637 63587 -563999 -937747
138460 -320072 919526 -120513
346388 -663975 -150904 573842
297047 723163 -668253 -92442
-367436 410609 -853159 863293
-102194 504615 490563 901809
355898 -157075 706663 -119015
556999 404092 553366 423475
777662 858705 334845 221730
-588119 -416258 992036 -267779
255872 -202772 -905643 -896327
191900 -151425 -668253 -92442
-403698 550641 691637 63587
297047 723163 69108 -745766
776094 538409 -930176 -525645
-930176 -525645 461122 -258694
69108 -745766 -315364 632134
334845 221730 255872 -202772
992036 -267779 480904 -317621
346388 -663975 -603250 453969
941165 218321 308624 -998061
-930176 -525645 425075 -935481
-845720 893928 556999 404092
-150904 573842 553366 423475
-395982 -949020 -323640 205978
-845720 893928 -905643 -896327
355898 -157075 -457266 -846296
-403698 550641 -590923 -628637
-668253 -92442 691637 63587
-256376 739405 32660 955745
355898 -157075 32660 955745
-102194 504615 -188306 487445
-494830 934538 -588119 -416258
-102194 504615 564413 -553860
-927674 -585323 490563 901809
297047 723163 556999 404092
564413 -553860 -395982 -949020
-367436 410609 -458465 -500763
126987 355141 138460 -320072
174535 -97792 706663 -119015
-838634 -987207 -395982 -949020
-256376 739405 564413 -553860
-150904 573842 -367436 410609
-367436 410609 308624 -998061
-367436 410609 992036 -267779
-927674 -585323 525294 -20033
138460 -320072 942683 -110126
-845720 893928 706663 -119015
587913 228534 -238892 324586
-403698 550641 944473 460149
126987 355141 671787 573921
671787 573921 -563999 -937747
919526 -120513 160712 417553
-315364 632134 206297 372367
194451 410019 -323640 205978
695419 -295711 -238892 324586
194451 410019 3505 917977
-588119 -416258 138460 -320072
-458465 -500763 942683 -110126
-521335 607947 749365 737744
706663 -119015 525294 -20033
-363511 875923 446222 755660
-603250 453969 170017 956972
-150904 573842 174535 -97792
-838634 -987207 480904 -317621
777662 858705 126987 355141
69108 -745766 -964988 533400
-102194 504615 138460 -320072
-853159 863293 -238892 324586
355898 -157075 -603250 453969
174535 -97792 564413 -553860
346388 -663975 -927674 -585323
587913 228534 459367 876781
777662 858705 -367436 410609
-182085 -945361 160712 417553
587913 228534 -905643 -896327
297047 723163 992036 -267779
587913 228534 3505 917977
941165 218321 -395982 -949020
-838634 -987207 587913 228534
-892450 -793147 60582 -919360
69108 -745766 -323640 205978
941165 218321 919526 -120513
346388 -663975 -458465 -500763
459367 876781 -927674 -585323
425075 -935481 -551736 -660056
480904 -317621 170017 956972
776094 538409 255872 -202772
355898 -157075 255872 -202772
126987 355141 -845720 893928
461122 -258694 992036 -267779
191900 -151425 -457266 -846296
-905643 -896327 -964988 533400
308624 -998061 -551736 -660056
-930176 -525645 -603250 453969
174535 -97792 -853159 863293
355898 -157075 -563999 -937747
-458465 -500763 3505 917977
174535 -97792 170017 956972
-892450 -793147 194451 410019
-363511 875923 170017 956972
107247 -891551 -603250 453969
196619 -724570 -927674 -585323
777662 858705 3505 917977
-150904 573842 -457266 -846296
355898 -157075 459367 876781
-363511 875923 -188306 487445
-363511 875923 32660 955745
564413 -553860 191900 -151425
-668253 -92442 60582 -919360
-367436 410609 691637 63587
126987 355141 196619 -724570
-256376 739405 355898 -157075
-892450 -793147 671787 573921
-256376 739405 -563999 -937747
695419 -295711 -668253 -92442
777662 858705 -521335 607947
-927674 -585323 -188306 487445
525294 -20033 170017 956972
671787 573921 -668253 -92442
587913 228534 944473 460149
671787 573921 691637 63587
-964988 533400 160712 417553
-395982 -949020 -563999 -937747
446222 755660 206297 372367
671787 573921 -238892 324586
174535 -97792 749365 737744
706663 -119015 170017 956972
126987 355141 553366 423475
749365 737744 942683 -110126
-838634 -987207 -367436 410609
-494830 934538 942683 -110126
749365 737744 -551736 -660056
-182085 -945361 -563999 -937747
-150904 573842 695419 -295711
32660 955745 -403698 550641
941165 218321 107247 -891551
-668253 -92442 480904 -317621
-563999 -937747 944473 460149
-521335 607947 459367 876781
308624 -998061 -188306 487445
126987 355141 -395982 -949020
-102194 504615 -363511 875923
749365 737744 -905643 -896327
-521335 607947 174535 -97792
-892450 -793147 -590923 -628637
446222 755660 749365 737744
-927674 -585323 170017 956972
459367 876781 3505 917977
-102194 504615 297047 723163
941165 218321 -323640 205978
107247 -891551 942683 -110126
334845 221730 564413 -553860
194451 410019 308624 -998061
-953305 -502193 138460 -320072
691637 63587 -603250 453969
206297 372367 -188306 487445
255872 -202772 -590923 -628637
490563 901809 -188306 487445
942683 -110126 170017 956972
706663 -119015 -905643 -896327
776094 538409 564413 -553860
69108 -745766 992036 -267779
525294 -20033 -551736 -660056
-892450 -793147 525294 -20033
461122 -258694 -395982 -949020
346388 -663975 194451 410019
-150904 573842 -395982 -949020
777662 858705 -457266 -846296
-551736 -660056 919526 -120513
-845720 893928 308624 -998061
-853159 863293 206297 372367
355898 -157075 -927674 -585323
297047 723163 691637 63587
196619 -724570 525294 -20033
196619 -724570 -563999 -937747
-892450 -793147 -845720 893928
-953305 -502193 3505 917977
346388 -663975 461122 -258694
-845720 893928 -188306 487445
-102194 504615 -659599 -396200
942683 -110126 -323640 205978
255872 -202772 170017 956972
-458465 -500763 -315364 632134
553366 423475 490563 901809
3505 917977 942683 -110126
564413 -553860 3505 917977
-494830 934538 -458465 -500763
308624 -998061 944473 460149
-102194 504615 346388 -663975
126987 355141 170017 956972
556999 404092 944473 460149
525294 -20033 480904 -317621
941165 218321 196619 -724570
3505 917977 308624 -998061
-551736 -660056 944473 460149
-256376 739405 107247 -891551
425075 -935481 -668253 -92442
587913 228534 446222 755660
-953305 -502193 -457266 -846296
3505 917977 490563 901809
-964988 533400 944473 460149
461122 -258694 32660 955745
776094 538409 -458465 -500763
297047 723163 -953305 -502193
297047 723163 -238892 324586
553366 423475 944473 460149
556999 404092 -668253 -92442
-363511 875923 -905643 -896327
297047 723163 -845720 893928
-853159 863293 691637 63587
671787 573921 -367436 410609
-457266 -846296 -323640 205978
-953305 -502193 695419 -295711
-256376 739405 206297 372367
174535 -97792 308624 -998061
749365 737744 691637 63587
776094 538409 992036 -267779
446222 755660 425075 -935481
-588119 -416258 196619 -724570
297047 723163 -363511 875923
-256376 739405 170017 956972
334845 221730 196619 -724570
-521335 607947 -150904 573842
695419 -295711 -603250 453969
3505 917977 691637 63587
60582 -919360 206297 372367
-892450 -793147 942683 -110126
346388 -663975 564413 -553860
-845720 893928 174535 -97792
691637 63587 -238892 324586
-182085 -945361 -315364 632134
446222 755660 170017 956972
196619 -724570 691637 63587
69108 -745766 553366 423475
-367436 410609 -323640 205978
194451 410019 944473 460149
-458465 -500763 196619 -724570
126987 355141 -588119 -416258
-150904 573842 564413 -553860
126987 355141 3505 917977
-845720 893928 459367 876781
-845720 893928 749365 737744
556999 404092 -588119 -416258
-927674 -585323 3505 917977
69108 -745766 919526 -120513
60582 -919360 944473 460149
107247 -891551 170017 956972
346388 -663975 -403698 550641
107247 -891551 194451 410019
308624 -998061 -323640 205978
777662 858705 459367 876781
-182085 -945361 -395982 -949020
-838634 -987207 556999 404092
564413 -553860 425075 -935481
-838634 -987207 -182085 -945361
-315364 632134 480904 -317621
-838634 -987207 -521335 607947
556999 404092 425075 -935481
346388 -663975 490563 901809
525294 -20033 3505 917977
-892450 -793147 -238892 324586
255872 -202772 -551736 -660056
425075 -935481 992036 -267779
69108 -745766 -659599 -396200
191900 -151425 -603250 453969
425075 -935481 553366 423475
-603250 453969 206297 372367
-458465 -500763 107247 -891551
-845720 893928 553366 423475
-256376 739405 346388 -663975
706663 -119015 553366 423475
255872 -202772 992036 -267779
-905643 -896327 -323640 205978
777662 858705 -964988 533400
-659599 -396200 -590923 -628637
777662 858705 -905643 -896327
-256376 739405 -363511 875923
-603250 453969 944473 460149
-905643 -896327 -395982 -949020
-403698 550641 107247 -891551
-845720 893928 -315364 632134
255872 -202772 749365 737744
-930176 -525645 355898 -157075
-403698 550641 138460 -320072
-363511 875923 553366 423475
-150904 573842 -953305 -502193
-395982 -949020 480904 -317621
461122 -258694 206297 372367
174535 -97792 691637 63587
-182085 -945361 425075 -935481
777662 858705 170017 956972
-521335 607947 -238892 324586
206297 372367 -323640 205978
-930176 -525645 941165 218321
-494830 934538 346388 -663975
-659599 -396200 490563 901809
777662 858705 -315364 632134
-256376 739405 334845 221730
776094 538409 355898 -157075
107247 -891551 691637 63587
-953305 -502193 160712 417553
587913 228534 749365 737744
-363511 875923 490563 901809
-905643 -896327 919526 -120513
-150904 573842 -603250 453969
-182085 -945361 191900 -151425
355898 -157075 -403698 550641
-403698 550641 -188306 487445
556999 404092 -659599 -396200
196619 -724570 -395982 -949020
255872 -202772 -659599 -396200
107247 -891551 -457266 -846296
-659599 -396200 525294 -20033
-102194 504615 196619 -724570
-256376 739405 69108 -745766
355898 -157075 308624 -998061
-521335 607947 69108 -745766
-238892 324586 944473 460149
446222 755660 -457266 -846296
196619 -724570 992036 -267779
-853159 863293 564413 -553860
-853159 863293 194451 410019
334845 221730 -458465 -500763
355898 -157075 191900 -151425
-238892 324586 -563999 -937747
-659599 -396200 -315364 632134
-395982 -949020 944473 460149
-367436 410609 191900 -151425
776094 538409 459367 876781
126987 355141 -853159 863293
297047 723163 -590923 -628637
-845720 893928 691637 63587
138460 -320072 -603250 453969
-588119 -416258 160712 417553
255872 -202772 3505 917977
-953305 -502193 -964988 533400
-927674 -585323 691637 63587
-102194 504615 691637 63587
941165 218321 -905643 -896327
355898 -157075 -659599 -396200
-838634 -987207 191900 -151425
-521335 607947 525294 -20033
-930176 -525645 32660 955745
-845720 893928 -659599 -396200
-458465 -500763 308624 -998061
776094 538409 191900 -151425
706663 -119015 -563999 -937747
525294 -20033 -323640 205978
107247 -891551 -668253 -92442
564413 -553860 -457266 -846296
-494830 934538 -315364 632134
-367436 410609 459367 876781
-363511 875923 944473 460149
191900 -151425 206297 372367
525294 -20033 -603250 453969
-256376 739405 942683 -110126
297047 723163 695419 -295711
-367436 410609 170017 956972
32660 955745 191900 -151425
706663 -119015 308624 -998061
-892450 -793147 69108 -745766
297047 723163 941165 218321
308624 -998061 206297 372367
334845 221730 60582 -919360
355898 -157075 138460 -320072
334845 221730 194451 410019
255872 -202772 -563999 -937747
-588119 -416258 919526 -120513
-150904 573842 -458465 -500763
941165 218321 -238892 324586
-315364 632134 -238892 324586
-102194 504615 308624 -998061
-315364 632134 942683 -110126
-458465 -500763 459367 876781
-853159 863293 -323640 205978
941165 218321 587913 228534
446222 755660 255872 -202772
461122 -258694 126987 355141
-403698 550641 191900 -151425
556999 404092 459367 876781
695419 -295711 308624 -998061
-905643 -896327 3505 917977
-953305 -502193 -603250 453969
777662 858705 -551736 -660056
777662 858705 525294 -20033
297047 723163 -551736 -660056
-659599 -396200 564413 -553860
174535 -97792 -588119 -416258
587913 228534 334845 221730
776094 538409 -588119 -416258
194451 410019 919526 -120513
138460 -320072 553366 423475
191900 -151425 919526 -120513
346388 -663975 -845720 893928
941165 218321 32660 955745
191900 -151425 490563 901809
-457266 -846296 992036 -267779
-930176 -525645 -458465 -500763
-659599 -396200 160712 417553
-668253 -92442 308624 -998061
297047 723163 480904 -317621
-256376 739405 -395982 -949020
-457266 -846296 691637 63587
777662 858705 194451 410019
992036 -267779 944473 460149
297047 723163 -603250 453969
-892450 -793147 196619 -724570
-845720 893928 525294 -20033
255872 -202772 191900 -151425
-102194 504615 355898 -157075
671787 573921 -905643 -896327
346388 -663975 691637 63587
-521335 607947 564413 -553860
-494830 934538 69108 -745766
-494830 934538 -150904 573842
-521335 607947 941165 218321
297047 723163 -659599 -396200
255872 -202772 -403698 550641
556999 404092 194451 410019
587913 228534 -659599 -396200
255872 -202772 -927674 -585323
461122 -258694 -521335 607947
-256376 739405 992036 -267779
-853159 863293 425075 -935481
-964988 533400 -551736 -660056
-367436 410609 3505 917977
69108 -745766 -551736 -660056
-102194 504615 -182085 -945361
446222 755660 -927674 -585323
-590923 -628637 160712 417553
776094 538409 -838634 -987207
107247 -891551 60582 -919360
-659599 -396200 194451 410019
-256376 739405 160712 417553
334845 221730 -323640 205978
-494830 934538 671787 573921
-367436 410609 553366 423475
-953305 -502193 -395982 -949020
126987 355141 941165 218321
776094 538409 206297 372367
32660 955745 -238892 324586
-403698 550641 -395982 -949020
-256376 739405 -905643 -896327
425075 -935481 -964988 533400
776094 538409 -395982 -949020
942683 -110126 -395982 -949020
-588119 -416258 -853159 863293
194451 410019 490563 901809
297047 723163 196619 -724570
706663 -119015 69108 -745766
777662 858705 -182085 -945361
-845720 893928 334845 221730
346388 -663975 -659599 -396200
564413 -553860 553366 423475
-521335 607947 206297 372367
461122 -258694 355898 -157075
3505 917977 992036 -267779
-930176 -525645 -323640 205978
-521335 607947 255872 -202772
346388 -663975 919526 -120513
564413 -553860 919526 -120513
-102194 504615 194451 410019
191900 -151425 553366 423475
564413 -553860 -964988 533400
-892450 -793147 -603250 453969
461122 -258694 174535 -97792
695419 -295711 -590923 -628637
-150904 573842 194451 410019
941165 218321 556999 404092
564413 -553860 -603250 453969
297047 723163 -315364 632134
-892450 -793147 -182085 -945361
346388 -663975 -323640 205978
-953305 -502193 553366 423475
556999 404092 -964988 533400
-458465 -500763 691637 63587
556999 404092 525294 -20033
525294 -20033 -905643 -896327
334845 221730 446222 755660
776094 538409 308624 -998061
346388 -663975 138460 -320072
-838634 -987207 -563999 -937747
-182085 -945361 -953305 -502193
174535 -97792 919526 -120513
525294 -20033 919526 -120513
-838634 -987207 695419 -295711
564413 -553860 -315364 632134
-930176 -525645 -150904 573842
-953305 -502193 -588119 -416258
-930176 -525645 695419 -295711
355898 -157075 480904 -317621
-521335 607947 -182085 -945361
32660 955745 -953305 -502193
587913 228534 -367436 410609
-953305 -502193 -323640 205978
461122 -258694 160712 417553
297047 723163 553366 423475
-367436 410609 -551736 -660056
69108 -745766 749365 737744
-892450 -793147 -367436 410609
461122 -258694 -603250 453969
32660 955745 170017 956972
-256376 739405 3505 917977
587913 228534 -551736 -660056
776094 538409 -551736 -660056
671787 573921 587913 228534
-256376 739405 490563 901809
191900 -151425 695419 -295711
695419 -295711 170017 956972
459367 876781 206297 372367
255872 -202772 60582 -919360
308624 -998061 992036 -267779
-403698 550641 3505 917977
-457266 -846296 3505 917977
-659599 -396200 -953305 -502193
556999 404092 -590923 -628637
671787 573921 191900 -151425
60582 -919360 480904 -317621
-521335 607947 490563 901809
777662 858705 919526 -120513
346388 -663975 -588119 -416258
446222 755660 944473 460149
671787 573921 -323640 205978
461122 -258694 564413 -553860
355898 -157075 691637 63587
446222 755660 -590923 -628637
776094 538409 334845 221730
-853159 863293 942683 -110126
-238892 324586 -323640 205978
-182085 -945361 3505 917977
941165 218321 -953305 -502193
-521335 607947 446222 755660
334845 221730 425075 -935481
160712 417553 -188306 487445
553366 423475 -905643 -896327
564413 -553860 459367 876781
706663 -119015 695419 -295711
69108 -745766 107247 -891551
194451 410019 480904 -317621
425075 -935481 -395982 -949020
942683 -110126 206297 372367
777662 858705 -238892 324586
-588119 -416258 -395982 -949020
-256376 739405 196619 -724570
941165 218321 -563999 -937747
355898 -157075 -188306 487445
425075 -935481 -457266 -846296
777662 858705 -930176 -525645
-930176 -525645 60582 -919360
706663 -119015 -323640 205978
334845 221730 695419 -295711
706663 -119015 60582 -919360
941165 218321 69108 -745766
346388 -663975 -853159 863293
174535 -97792 480904 -317621
461122 -258694 170017 956972
196619 -724570 564413 -553860
-256376 739405 -927674 -585323
-150904 573842 -188306 487445
-363511 875923 480904 -317621
-521335 607947 425075 -935481
-892450 -793147 126987 355141
-150904 573842 32660 955745
556999 404092 695419 -295711
255872 -202772 -315364 632134
776094 538409 160712 417553
334845 221730 459367 876781
-905643 -896327 691637 63587
587913 228534 -603250 453969
334845 221730 -588119 -416258
107247 -891551 695419 -295711
-659599 -396200 107247 -891551
346388 -663975 -315364 632134
-927674 -585323 -905643 -896327
308624 -998061 -603250 453969
-588119 -416258 170017 956972
777662 858705 556999 404092
334845 221730 691637 63587
-367436 410609 -457266 -846296
-930176 -525645 459367 876781
-102194 504615 -964988 533400
-853159 863293 -563999 -937747
107247 -891551 -927674 -585323
461122 -258694 3505 917977
-838634 -987207 490563 901809
-102194 504615 556999 404092
-363511 875923 -367436 410609
255872 -202772 -238892 324586
-363511 875923 525294 -20033
749365 737744 944473 460149
-150904 573842 -551736 -660056
-494830 934538 -853159 863293
-494830 934538 -182085 -945361
334845 221730 107247 -891551
553366 423475 -457266 -846296
126987 355141 525294 -20033
941165 218321 191900 -151425
3505 917977 -315364 632134
-102194 504615 777662 858705
138460 -320072 206297 372367
-102194 504615 -853159 863293
556999 404092 -458465 -500763
-367436 410609 425075 -935481
-238892 324586 170017 956972
671787 573921 -457266 -846296
671787 573921 490563 901809
-892450 -793147 490563 901809
-363511 875923 425075 -935481
334845 221730 -457266 -846296
-853159 863293 749365 737744
126987 355141 556999 404092
553366 423475 -315364 632134
-363511 875923 -323640 205978
553366 423475 -395982 -949020
-395982 -949020 60582 -919360
-494830 934538 480904 -317621
564413 -553860 490563 901809
-102194 504615 160712 417553
-494830 934538 107247 -891551
355898 -157075 -588119 -416258
174535 -97792 553366 423475
671787 573921 -182085 -945361
69108 -745766 -590923 -628637
-458465 -500763 -457266 -846296
425075 -935481 -188306 487445
-403698 550641 -563999 -937747
706663 -119015 -953305 -502193
777662 858705 -150904 573842
174535 -97792 459367 876781
-845720 893928 -953305 -502193
564413 -553860 749365 737744
-905643 -896327 308624 -998061
-590923 -628637 -551736 -660056
334845 221730 -905643 -896327
-905643 -896327 -563999 -937747
-494830 934538 -590923 -628637
196619 -724570 -457266 -846296
-588119 -416258 -603250 453969
587913 228534 -964988 533400
695419 -295711 992036 -267779
107247 -891551 -590923 -628637
355898 -157075 3505 917977
-256376 739405 777662 858705
-590923 -628637 490563 901809
297047 723163 944473 460149
695419 -295711 -551736 -660056
346388 -663975 -563999 -937747
126987 355141 255872 -202772
334845 221730 308624 -998061
-102194 504615 -367436 410609
-668253 -92442 170017 956972
-457266 -846296 -603250 453969
-845720 893928 941165 218321
334845 221730 -668253 -92442
32660 955745 -188306 487445
-930176 -525645 -905643 -896327
425075 -935481 525294 -20033
461122 -258694 -367436 410609
-588119 -416258 944473 460149
69108 -745766 170017 956972
-182085 -945361 480904 -317621
-521335 607947 308624 -998061
525294 -20033 -668253 -92442
-905643 -896327 480904 -317621
695419 -295711 942683 -110126
-659599 -396200 -395982 -949020
255872 -202772 -964988 533400
-457266 -846296 -905643 -896327
107247 -891551 308624 -998061
-238892 324586 480904 -317621
-403698 550641 160712 417553
-964988 533400 3505 917977
3505 917977 -551736 -660056
-927674 -585323 480904 -317621
-588119 -416258 -188306 487445
-102194 504615 107247 -891551
706663 -119015 160712 417553
126987 355141 425075 -935481
355898 -157075 490563 901809
-182085 -945361 691637 63587
-403698 550641 -458465 -500763
107247 -891551 -315364 632134
334845 221730 206297 372367
-256376 739405 -521335 607947
346388 -663975 425075 -935481
942683 -110126 -551736 -660056
-853159 863293 170017 956972
459367 876781 -964988 533400
776094 538409 3505 917977
-892450 -793147 706663 -119015
-363511 875923 60582 -919360
-102194 504615 -256376 739405
-845720 893928 587913 228534
-964988 533400 -668253 -92442
-659599 -396200 480904 -317621
-403698 550641 749365 737744
671787 573921 107247 -891551
776094 538409 -964988 533400
941165 218321 -853159 863293
126987 355141 160712 417553
425075 -935481 107247 -891551
671787 573921 206297 372367
355898 -157075 -905643 -896327
126987 355141 -188306 487445
-367436 410609 564413 -553860
-238892 324586 206297 372367
776094 538409 -323640 205978
-367436 410609 -927674 -585323
-964988 533400 -315364 632134
706663 -119015 490563 901809
174535 -97792 -964988 533400
553366 423475 -964988 533400
-905643 -896327 -603250 453969
255872 -202772 -853159 863293
587913 228534 490563 901809
777662 858705 -838634 -987207
-930176 -525645 919526 -120513
691637 63587 308624 -998061
776094 538409 60582 -919360
587913 228534 942683 -110126
-363511 875923 255872 -202772
255872 -202772 480904 -317621
-930176 -525645 -182085 -945361
-953305 -502193 564413 -553860
-927674 -585323 -551736 -660056
-668253 -92442 -590923 -628637
777662 858705 -659599 -396200
-182085 -945361 -668253 -92442
69108 -745766 3505 917977
-927674 -585323 -238892 324586
69108 -745766 -905643 -896327
-892450 -793147 -323640 205978
-659599 -396200 206297 372367
297047 723163 942683 -110126
446222 755660 -953305 -502193
-403698 550641 480904 -317621
-892450 -793147 -964988 533400
-964988 533400 992036 -267779
255872 -202772 564413 -553860
525294 -20033 -964988 533400
206297 372367 992036 -267779
-659599 -396200 -458465 -500763
-845720 893928 -395982 -949020
-256376 739405 -458465 -500763
459367 876781 -395982 -949020
138460 -320072 191900 -151425
32660 955745 -668253 -92442
-458465 -500763 -590923 -628637
490563 901809 919526 -120513
-590923 -628637 170017 956972
-521335 607947 -853159 863293
-838634 -987207 941165 218321
-930176 -525645 308624 -998061
-659599 -396200 -563999 -937747
126987 355141 -603250 453969
138460 -320072 695419 -295711
-182085 -945361 -927674 -585323
776094 538409 -188306 487445
-458465 -500763 194451 410019
706663 -119015 480904 -317621
-892450 -793147 138460 -320072
355898 -157075 919526 -120513
556999 404092 -551736 -660056
-588119 -416258 191900 -151425
32660 955745 695419 -295711
32660 955745 -603250 453969
32660 955745 942683 -110126
334845 221730 -551736 -660056
-150904 573842 490563 901809
-494830 934538 749365 737744
-892450 -793147 425075 -935481
-930176 -525645 -188306 487445
69108 -745766 191900 -151425
196619 -724570 919526 -120513
-930176 -525645 556999 404092
-403698 550641 -927674 -585323
-845720 893928 -367436 410609
-845720 893928 -964988 533400
32660 955745 -853159 863293
776094 538409 671787 573921
-521335 607947 691637 63587
459367 876781 944473 460149
706663 -119015 107247 -891551
334845 221730 553366 423475
174535 -97792 525294 -20033
695419 -295711 206297 372367
174535 -97792 490563 901809
-838634 -987207 425075 -935481
-182085 -945361 -403698 550641
355898 -157075 -953305 -502193
777662 858705 355898 -157075
749365 737744 919526 -120513
-363511 875923 -403698 550641
3505 917977 480904 -317621
69108 -745766 160712 417553
-494830 934538 -188306 487445
69108 -745766 32660 955745
-838634 -987207 355898 -157075
-102194 504615 671787 573921
-521335 607947 60582 -919360
-363511 875923 -964988 533400
-838634 -987207 -927674 -585323
-102194 504615 -838634 -987207
-494830 934538 308624 -998061
-845720 893928 -668253 -92442
776094 538409 -150904 573842
-892450 -793147 992036 -267779
191900 -151425 160712 417553
-494830 934538 -551736 -660056
346388 -663975 126987 355141
32660 955745 919526 -120513
461122 -258694 944473 460149
556999 404092 3505 917977
-905643 -896327 -668253 -92442
138460 -320072 992036 -267779
-150904 573842 206297 372367
308624 -998061 60582 -919360
-892450 -793147 -853159 863293
355898 -157075 -395982 -949020
-953305 -502193 107247 -891551
-395982 -949020 308624 -998061
138460 -320072 194451 410019
-930176 -525645 -395982 -949020
695419 -295711 -188306 487445
706663 -119015 32660 955745
919526 -120513 944473 460149
-102194 504615 446222 755660
-930176 -525645 -668253 -92442
749365 737744 -395982 -949020
587913 228534 992036 -267779
777662 858705 490563 901809
671787 573921 32660 955745
107247 -891551 160712 417553
-521335 607947 -668253 -92442
-588119 -416258 308624 -998061
-102194 504615 -403698 550641
461122 -258694 942683 -110126
459367 876781 -457266 -846296
107247 -891551 206297 372367
-457266 -846296 60582 -919360
-853159 863293 -590923 -628637
