1000
-169435 472335 305839 -653196
3692 -432593 481101 -398362
-628266 372600 -104769 -488694
742573 221583 -906676 -493550
124006 993084 217507 -903693
-798656 228271 673905 -828767
390082 -289154 270702 197545
-883395 511097 270702 197545
389385 -371607 -516368 619222
390082 -289154 -462613 -891839
124006 993084 390082 -289154
-241512 -338469 598562 -576274
-478204 -897812 424032 -907133
-522685 574234 424032 -907133
157127 -817261 -57310 581046
-556132 -632877 805357 -798575
449039 162066 -57310 581046
383993 -89799 -462613 -891839
-771519 -773492 217507 -903693
-978643 -66723 992851 -817869
778234 -183675 -462613 -891839
-565053 70788 598562 -576274
-478204 -897812 -104769 -488694
-628266 372600 495615 -183333
886983 -657567 -618874 715376
-478204 -897812 390082 -289154
-104769 -488694 992350 -453508
992851 -817869 -462613 -891839
390082 -289154 -57310 581046
-565053 70788 -838024 430590
383993 -89799 49542 -200928
-893505 -496960 -695252 -573716
769740 -696002 -931011 -160401
-556132 -632877 992350 -453508
495615 -183333 389385 -371607
449039 162066 -556187 141975
-204757 -529157 398348 -30421
992851 -817869 806917 148049
89472 -617923 424032 -907133
89472 -617923 -695252 -573716
732333 -102963 -319343 -384371
-565053 70788 653040 -594524
886983 -657567 -262369 -759287
-722627 963038 -79372 -439693
-79372 -439693 389385 -371607
921241 944819 457990 -467184
681710 -581751 -628266 372600
390082 -289154 -522685 574234
769740 -696002 -695252 -573716
-798656 228271 -104769 -488694
232938 -403638 -522685 574234
-696633 -240685 129747 476003
305839 -653196 -618874 715376
-472543 -818985 -931011 -160401
-906676 -493550 67430 790731
3692 -432593 523786 251469
383993 -89799 4478 -472635
-928511 -226643 -104769 -488694
-79372 -439693 -104769 -488694
-160761 -249144 -87008 -856673
89472 -617923 523786 251469
-462613 -891839 157127 -817261
-472543 -818985 -522685 574234
806917 148049 495615 -183333
992851 -817869 -931011 -160401
276173 226363 -241512 -338469
383993 -89799 -288801 960942
368720 418922 86880 461286
-87251 -695854 -57310 581046
390082 -289154 598562 -576274
-767349 -857165 -86385 -536768
-204757 -529157 921241 944819
-641340 -442895 270702 197545
-164312 48611 669004 948459
778234 -183675 523786 251469
-79372 -439693 -906676 -493550
457990 -467184 495615 -183333
-838024 430590 553892 990570
-565053 70788 553892 990570
-285508 -844141 523786 251469
-200784 -533447 -516368 619222
673905 -828767 305839 -653196
631255 720814 732333 -102963
805357 -798575 270702 197545
695464 647405 -695252 -573716
-771519 -773492 348736 -279603
-200784 -533447 -628266 372600
537301 -837374 -164312 48611
-285508 -844141 921241 944819
-285508 -844141 424032 -907133
-978643 -66723 424032 -907133
343384 53507 -169435 472335
-79372 -439693 598562 -576274
888109 822033 -104769 -488694
653040 -594524 424032 -907133
-49981 371720 -931011 -160401
270702 197545 129747 476003
390082 -289154 742573 221583
695464 647405 -472518 -145670
-164312 48611 -516368 619222
-516368 619222 -931011 -160401
-285508 -844141 86880 461286
921241 944819 -696633 -240685
-883395 511097 -542498 -169660
732333 -102963 252748 684458
-319343 -384371 553892 990570
921241 944819 -618874 715376
4478 -472635 389385 -371607
-556132 -632877 -478204 -897812
921241 944819 -928511 -226643
992350 -453508 217507 -903693
631255 720814 -288801 960942
-565053 70788 -695252 -573716
-710013 922170 -241512 -338469
-710013 922170 598562 -576274
-883395 511097 769740 -696002
-87251 -695854 -49981 371720
-767349 -857165 -87008 -856673
681710 -581751 217507 -903693
-628266 372600 -262369 -759287
-477401 402123 -771519 -773492
523786 251469 -556187 141975
806917 148049 -522685 574234
992350 -453508 -57310 581046
-79372 -439693 398348 -30421
921241 944819 -516368 619222
-285508 -844141 270702 197545
86880 461286 389385 -371607
270702 197545 -516368 619222
276173 226363 -104769 -488694
299325 440091 -49981 371720
276173 226363 495615 -183333
537301 -837374 348736 -279603
653040 -594524 -79372 -439693
299325 440091 232938 -403638
-628266 372600 598562 -576274
252748 684458 4478 -472635
-86385 -536768 -522685 574234
742573 221583 -262369 -759287
992851 -817869 -49981 371720
885663 158911 -838024 430590
-87008 -856673 -288801 960942
343384 53507 -164312 48611
886983 -657567 -516368 619222
299325 440091 885663 158911
631255 720814 885663 158911
921241 944819 -472518 -145670
-838024 430590 232938 -403638
185041 178912 669004 948459
185041 178912 -49981 371720
-200784 -533447 523786 251469
-978643 -66723 -641340 -442895
-79372 -439693 157127 -817261
252748 684458 -160761 -249144
368720 418922 -893505 -496960
124006 993084 449039 162066
-522685 574234 523786 251469
-696633 -240685 -104769 -488694
-722627 963038 -565053 70788
-200784 -533447 276173 226363
-883395 511097 806917 148049
-764080 878157 -86385 -536768
457990 -467184 -618874 715376
-893505 -496960 67430 790731
-204757 -529157 -893505 -496960
-556132 -632877 921241 944819
-86385 -536768 -696633 -240685
-288801 960942 974687 779844
888109 822033 -57310 581046
-477401 402123 -928511 -226643
185041 178912 299325 440091
-628266 372600 67430 790731
-104769 -488694 553892 990570
299325 440091 4478 -472635
653040 -594524 -556187 141975
-200784 -533447 673905 -828767
-928511 -226643 305839 -653196
653040 -594524 -57310 581046
-462613 -891839 348736 -279603
-87251 -695854 -87008 -856673
124006 993084 -288801 960942
-767349 -857165 49542 -200928
-722627 963038 4478 -472635
898419 -436490 481101 -398362
921241 944819 383993 -89799
-104769 -488694 424032 -907133
-798656 228271 898419 -436490
-883395 511097 598562 -576274
86880 461286 -641340 -442895
383993 -89799 974687 779844
-164312 48611 888109 822033
-319343 -384371 449039 162066
157127 -817261 598562 -576274
-764080 878157 348736 -279603
-477401 402123 -618874 715376
124006 993084 885663 158911
-696633 -240685 992350 -453508
232938 -403638 523786 251469
-285508 -844141 742573 221583
-285508 -844141 898419 -436490
-722627 963038 669004 948459
-79372 -439693 -710013 922170
89472 -617923 276173 226363
299325 440091 806917 148049
-79372 -439693 67430 790731
-764080 878157 -57310 581046
299325 440091 886983 -657567
-710013 922170 -462613 -891839
-893505 -496960 -472518 -145670
-764080 878157 898419 -436490
-565053 70788 -556132 -632877
299325 440091 921241 944819
-838024 430590 389385 -371607
-883395 511097 -565053 70788
389385 -371607 -931011 -160401
653040 -594524 -771519 -773492
-641340 -442895 -472518 -145670
-798656 228271 -87008 -856673
-79372 -439693 778234 -183675
-771519 -773492 -522685 574234
778234 -183675 974687 779844
-722627 963038 -169435 472335
631255 720814 742573 221583
-722627 963038 124006 993084
-893505 -496960 89472 -617923
3692 -432593 86880 461286
-931011 -160401 348736 -279603
4478 -472635 449039 162066
390082 -289154 -87008 -856673
-771519 -773492 -319343 -384371
-79372 -439693 270702 197545
368720 418922 -79372 -439693
886983 -657567 -87008 -856673
-477401 402123 992851 -817869
-883395 511097 124006 993084
232938 -403638 -57310 581046
537301 -837374 389385 -371607
-204757 -529157 -767349 -857165
343384 53507 -285508 -844141
-764080 878157 185041 178912
631255 720814 383993 -89799
-204757 -529157 348736 -279603
681710 -581751 898419 -436490
-477401 402123 457990 -467184
-478204 -897812 495615 -183333
86880 461286 742573 221583
299325 440091 673905 -828767
653040 -594524 -241512 -338469
952888 -181637 -288801 960942
-978643 -66723 -86385 -536768
-472543 -818985 805357 -798575
523786 251469 457990 -467184
-931011 -160401 -618874 715376
299325 440091 -288801 960942
-204757 -529157 129747 476003
952888 -181637 778234 -183675
124006 993084 -478204 -897812
898419 -436490 -164312 48611
952888 -181637 -319343 -384371
-628266 372600 -462613 -891839
185041 178912 4478 -472635
-798656 228271 305839 -653196
-477401 402123 806917 148049
299325 440091 -928511 -226643
-86385 -536768 495615 -183333
778234 -183675 348736 -279603
-906676 -493550 553892 990570
886983 -657567 -928511 -226643
631255 720814 389385 -371607
305839 -653196 49542 -200928
-556132 -632877 157127 -817261
-928511 -226643 -542498 -169660
-478204 -897812 449039 162066
-696633 -240685 270702 197545
-472543 -818985 -79372 -439693
-200784 -533447 -542498 -169660
-462613 -891839 67430 790731
-978643 -66723 49542 -200928
232938 -403638 -49981 371720
-87251 -695854 299325 440091
-556132 -632877 952888 -181637
886983 -657567 -522685 574234
681710 -581751 129747 476003
-838024 430590 -49981 371720
-556132 -632877 -906676 -493550
885663 158911 -319343 -384371
769740 -696002 -710013 922170
-87251 -695854 -262369 -759287
89472 -617923 -516368 619222
-87251 -695854 129747 476003
217507 -903693 -288801 960942
523786 251469 553892 990570
-893505 -496960 673905 -828767
-204757 -529157 252748 684458
-86385 -536768 -542498 -169660
299325 440091 992350 -453508
921241 944819 -522685 574234
-542498 -169660 157127 -817261
-883395 511097 -767349 -857165
-771519 -773492 -928511 -226643
673905 -828767 -87008 -856673
3692 -432593 -104769 -488694
732333 -102963 921241 944819
885663 158911 974687 779844
3692 -432593 742573 221583
-978643 -66723 992350 -453508
-477401 402123 232938 -403638
886983 -657567 806917 148049
631255 720814 390082 -289154
-160761 -249144 -57310 581046
3692 -432593 732333 -102963
-722627 963038 299325 440091
299325 440091 89472 -617923
-978643 -66723 -542498 -169660
-838024 430590 669004 948459
921241 944819 -241512 -338469
-241512 -338469 -262369 -759287
252748 684458 537301 -837374
992851 -817869 888109 822033
681710 -581751 598562 -576274
-472543 -818985 -319343 -384371
-79372 -439693 921241 944819
299325 440091 390082 -289154
383993 -89799 -241512 -338469
888109 822033 -241512 -338469
992851 -817869 -628266 372600
-838024 430590 -516368 619222
389385 -371607 -556187 141975
-472543 -818985 553892 990570
-565053 70788 -262369 -759287
-978643 -66723 348736 -279603
232938 -403638 495615 -183333
49542 -200928 348736 -279603
-104769 -488694 -262369 -759287
886983 -657567 -104769 -488694
-160761 -249144 -542498 -169660
732333 -102963 -838024 430590
653040 -594524 -462613 -891839
-285508 -844141 -556132 -632877
-838024 430590 270702 197545
778234 -183675 449039 162066
-565053 70788 974687 779844
-472543 -818985 598562 -576274
-285508 -844141 481101 -398362
-169435 472335 -262369 -759287
-893505 -496960 806917 148049
-86385 -536768 992350 -453508
-542498 -169660 389385 -371607
805357 -798575 -618874 715376
343384 53507 389385 -371607
681710 -581751 276173 226363
888109 822033 669004 948459
-516368 619222 -618874 715376
-285508 -844141 681710 -581751
86880 461286 -522685 574234
-49981 371720 -104769 -488694
-641340 -442895 -928511 -226643
-556132 -632877 -472543 -818985
-764080 878157 -262369 -759287
-556132 -632877 299325 440091
-104769 -488694 -931011 -160401
124006 993084 424032 -907133
-262369 -759287 598562 -576274
-798656 228271 389385 -371607
537301 -837374 -771519 -773492
769740 -696002 681710 -581751
885663 158911 742573 221583
992851 -817869 217507 -903693
898419 -436490 805357 -798575
-641340 -442895 67430 790731
185041 178912 -104769 -488694
742573 221583 -462613 -891839
457990 -467184 974687 779844
124006 993084 769740 -696002
-641340 -442895 449039 162066
-628266 372600 -928511 -226643
232938 -403638 669004 948459
-767349 -857165 -906676 -493550
695464 647405 -906676 -493550
124006 993084 806917 148049
-164312 48611 -556187 141975
129747 476003 -288801 960942
343384 53507 -838024 430590
898419 -436490 232938 -403638
631255 720814 898419 -436490
-722627 963038 67430 790731
-104769 -488694 495615 -183333
89472 -617923 598562 -576274
343384 53507 -695252 -573716
343384 53507 -104769 -488694
-462613 -891839 -288801 960942
252748 684458 -928511 -226643
695464 647405 383993 -89799
898419 -436490 305839 -653196
952888 -181637 383993 -89799
-477401 402123 390082 -289154
-57310 581046 974687 779844
276173 226363 669004 948459
-695252 -573716 598562 -576274
49542 -200928 -556187 141975
-204757 -529157 732333 -102963
-710013 922170 553892 990570
-710013 922170 -695252 -573716
805357 -798575 398348 -30421
732333 -102963 89472 -617923
449039 162066 424032 -907133
-767349 -857165 232938 -403638
-906676 -493550 -556187 141975
-893505 -496960 669004 948459
-556132 -632877 -767349 -857165
305839 -653196 270702 197545
343384 53507 885663 158911
769740 -696002 553892 990570
-565053 70788 921241 944819
-978643 -66723 -695252 -573716
276173 226363 -472518 -145670
-87251 -695854 -86385 -536768
-767349 -857165 -771519 -773492
-87251 -695854 217507 -903693
-695252 -573716 67430 790731
778234 -183675 -516368 619222
992851 -817869 -86385 -536768
-893505 -496960 -641340 -442895
398348 -30421 -516368 619222
695464 647405 -771519 -773492
553892 990570 -288801 960942
-79372 -439693 -160761 -249144
124006 993084 -771519 -773492
-241512 -338469 481101 -398362
-49981 371720 4478 -472635
695464 647405 89472 -617923
390082 -289154 -164312 48611
-472543 -818985 481101 -398362
368720 418922 -710013 922170
305839 -653196 449039 162066
-893505 -496960 270702 197545
-628266 372600 -906676 -493550
-200784 -533447 992350 -453508
-478204 -897812 -710013 922170
67430 790731 -618874 715376
-798656 228271 -262369 -759287
252748 684458 -57310 581046
305839 -653196 598562 -576274
276173 226363 -57310 581046
4478 -472635 495615 -183333
-565053 70788 -931011 -160401
124006 993084 -522685 574234
-883395 511097 805357 -798575
232938 -403638 67430 790731
-883395 511097 86880 461286
952888 -181637 481101 -398362
-618874 715376 -288801 960942
-565053 70788 129747 476003
-556132 -632877 129747 476003
49542 -200928 129747 476003
-104769 -488694 -618874 715376
-798656 228271 -462613 -891839
742573 221583 523786 251469
157127 -817261 -472518 -145670
-710013 922170 -160761 -249144
86880 461286 -472518 -145670
886983 -657567 157127 -817261
-169435 472335 -104769 -488694
681710 -581751 -695252 -573716
653040 -594524 553892 990570
-164312 48611 389385 -371607
769740 -696002 424032 -907133
-87008 -856673 129747 476003
888109 822033 398348 -30421
898419 -436490 67430 790731
-285508 -844141 778234 -183675
368720 418922 -57310 581046
778234 -183675 -241512 -338469
-478204 -897812 805357 -798575
769740 -696002 -57310 581046
805357 -798575 -641340 -442895
185041 178912 769740 -696002
-472543 -818985 252748 684458
-906676 -493550 598562 -576274
-477401 402123 -516368 619222
124006 993084 681710 -581751
-200784 -533447 -478204 -897812
885663 158911 305839 -653196
3692 -432593 -169435 472335
-771519 -773492 669004 948459
217507 -903693 348736 -279603
89472 -617923 270702 197545
252748 684458 495615 -183333
457990 -467184 -695252 -573716
695464 647405 742573 221583
886983 -657567 898419 -436490
-87008 -856673 974687 779844
806917 148049 -542498 -169660
457990 -467184 -262369 -759287
553892 990570 270702 197545
732333 -102963 886983 -657567
-478204 -897812 -556187 141975
806917 148049 383993 -89799
653040 -594524 598562 -576274
398348 -30421 67430 790731
669004 948459 270702 197545
-883395 511097 449039 162066
-771519 -773492 -556187 141975
86880 461286 -49981 371720
992851 -817869 -641340 -442895
-477401 402123 992350 -453508
-160761 -249144 -928511 -226643
885663 158911 129747 476003
-204757 -529157 598562 -576274
-641340 -442895 -556187 141975
-556132 -632877 -522685 574234
631255 720814 886983 -657567
695464 647405 992851 -817869
-164312 48611 -319343 -384371
398348 -30421 -57310 581046
537301 -837374 -931011 -160401
-641340 -442895 523786 251469
653040 -594524 157127 -817261
681710 -581751 537301 -837374
124006 993084 -556187 141975
885663 158911 -522685 574234
-893505 -496960 -104769 -488694
-87251 -695854 -798656 228271
-767349 -857165 457990 -467184
232938 -403638 -241512 -338469
89472 -617923 669004 948459
383993 -89799 669004 948459
885663 158911 553892 990570
805357 -798575 348736 -279603
806917 148049 -57310 581046
252748 684458 669004 948459
449039 162066 -516368 619222
3692 -432593 806917 148049
732333 -102963 -798656 228271
-79372 -439693 348736 -279603
-262369 -759287 398348 -30421
778234 -183675 398348 -30421
343384 53507 383993 -89799
669004 948459 -472518 -145670
124006 993084 -695252 -573716
888109 822033 992350 -453508
124006 993084 -49981 371720
-798656 228271 398348 -30421
-978643 -66723 -838024 430590
-522685 574234 389385 -371607
653040 -594524 -798656 228271
-79372 -439693 -288801 960942
-79372 -439693 -169435 472335
-764080 878157 886983 -657567
-285508 -844141 -931011 -160401
232938 -403638 389385 -371607
-478204 -897812 -767349 -857165
-160761 -249144 49542 -200928
-556132 -632877 -87008 -856673
-565053 70788 185041 178912
424032 -907133 -472518 -145670
89472 -617923 -696633 -240685
232938 -403638 -641340 -442895
449039 162066 -262369 -759287
673905 -828767 -104769 -488694
885663 158911 598562 -576274
-838024 430590 -87008 -856673
-204757 -529157 389385 -371607
-285508 -844141 217507 -903693
89472 -617923 348736 -279603
232938 -403638 305839 -653196
-79372 -439693 553892 990570
-241512 -338469 129747 476003
124006 993084 -164312 48611
886983 -657567 -838024 430590
-556187 141975 -618874 715376
3692 -432593 -164312 48611
778234 -183675 389385 -371607
886983 -657567 -696633 -240685
-79372 -439693 523786 251469
124006 993084 -838024 430590
-164312 48611 398348 -30421
-628266 372600 778234 -183675
-893505 -496960 -516368 619222
3692 -432593 -838024 430590
86880 461286 974687 779844
631255 720814 252748 684458
-79372 -439693 -86385 -536768
732333 -102963 270702 197545
-771519 -773492 -87008 -856673
-641340 -442895 305839 -653196
631255 720814 669004 948459
-477401 402123 -478204 -897812
886983 -657567 -641340 -442895
-87251 -695854 4478 -472635
-472543 -818985 383993 -89799
-798656 228271 276173 226363
-87251 -695854 974687 779844
537301 -837374 992350 -453508
-883395 511097 67430 790731
885663 158911 424032 -907133
-542498 -169660 67430 790731
-285508 -844141 -462613 -891839
673905 -828767 67430 790731
-710013 922170 495615 -183333
-565053 70788 523786 251469
-200784 -533447 -79372 -439693
-319343 -384371 389385 -371607
124006 993084 669004 948459
523786 251469 157127 -817261
343384 53507 921241 944819
-764080 878157 -696633 -240685
806917 148049 888109 822033
-710013 922170 398348 -30421
898419 -436490 -104769 -488694
-722627 963038 673905 -828767
-87251 -695854 -628266 372600
-695252 -573716 -57310 581046
-49981 371720 -319343 -384371
368720 418922 769740 -696002
-565053 70788 67430 790731
49542 -200928 481101 -398362
-478204 -897812 886983 -657567
368720 418922 270702 197545
-104769 -488694 -462613 -891839
-798656 228271 481101 -398362
673905 -828767 -319343 -384371
-477401 402123 523786 251469
-79372 -439693 49542 -200928
4478 -472635 -618874 715376
-722627 963038 -104769 -488694
343384 53507 -262369 -759287
-285508 -844141 -542498 -169660
695464 647405 157127 -817261
806917 148049 -928511 -226643
-200784 -533447 952888 -181637
270702 197545 -556187 141975
3692 -432593 -200784 -533447
732333 -102963 -556187 141975
-893505 -496960 -262369 -759287
-49981 371720 598562 -576274
49542 -200928 -57310 581046
898419 -436490 921241 944819
-87251 -695854 86880 461286
898419 -436490 348736 -279603
806917 148049 -556187 141975
653040 -594524 -87251 -695854
-200784 -533447 806917 148049
3692 -432593 -516368 619222
-285508 -844141 -522685 574234
252748 684458 86880 461286
-928511 -226643 4478 -472635
673905 -828767 -771519 -773492
-767349 -857165 89472 -617923
-771519 -773492 270702 197545
-928511 -226643 523786 251469
232938 -403638 974687 779844
-883395 511097 -764080 878157
-883395 511097 631255 720814
-204757 -529157 -838024 430590
-556132 -632877 89472 -617923
898419 -436490 -86385 -536768
-79372 -439693 -928511 -226643
732333 -102963 299325 440091
-262369 -759287 -288801 960942
-883395 511097 -771519 -773492
-565053 70788 898419 -436490
-164312 48611 673905 -828767
343384 53507 -978643 -66723
383993 -89799 -319343 -384371
-883395 511097 778234 -183675
-104769 -488694 -516368 619222
368720 418922 232938 -403638
992851 -817869 -57310 581046
-628266 372600 398348 -30421
695464 647405 -104769 -488694
-478204 -897812 921241 944819
952888 -181637 -87008 -856673
-319343 -384371 67430 790731
-978643 -66723 276173 226363
-978643 -66723 -241512 -338469
185041 178912 974687 779844
631255 720814 -472518 -145670
-169435 472335 523786 251469
631255 720814 217507 -903693
732333 -102963 769740 -696002
-164312 48611 -104769 -488694
383993 -89799 157127 -817261
-771519 -773492 4478 -472635
-87251 -695854 -771519 -773492
888109 822033 742573 221583
-893505 -496960 -319343 -384371
885663 158911 390082 -289154
885663 158911 -241512 -338469
-710013 922170 -104769 -488694
217507 -903693 -516368 619222
-472543 -818985 -838024 430590
992851 -817869 -556187 141975
232938 -403638 -696633 -240685
769740 -696002 898419 -436490
681710 -581751 778234 -183675
-262369 -759287 67430 790731
898419 -436490 129747 476003
-169435 472335 4478 -472635
742573 221583 481101 -398362
383993 -89799 -516368 619222
537301 -837374 -928511 -226643
952888 -181637 457990 -467184
695464 647405 -472543 -818985
-883395 511097 368720 418922
232938 -403638 -556187 141975
-160761 -249144 217507 -903693
232938 -403638 383993 -89799
3692 -432593 -319343 -384371
49542 -200928 -288801 960942
653040 -594524 -906676 -493550
631255 720814 481101 -398362
-556132 -632877 481101 -398362
-49981 371720 389385 -371607
343384 53507 669004 948459
-771519 -773492 398348 -30421
888109 822033 276173 226363
-160761 -249144 -516368 619222
3692 -432593 -288801 960942
-200784 -533447 -522685 574234
-87251 -695854 -767349 -857165
276173 226363 457990 -467184
-722627 963038 389385 -371607
-565053 70788 -319343 -384371
673905 -828767 -696633 -240685
67430 790731 -472518 -145670
-906676 -493550 -472518 -145670
-767349 -857165 -618874 715376
952888 -181637 -169435 472335
276173 226363 -49981 371720
732333 -102963 974687 779844
-978643 -66723 252748 684458
952888 -181637 299325 440091
-556132 -632877 -542498 -169660
-931011 -160401 129747 476003
-798656 228271 -319343 -384371
-169435 472335 -319343 -384371
-160761 -249144 -472518 -145670
-771519 -773492 -57310 581046
769740 -696002 -641340 -442895
86880 461286 157127 -817261
-477401 402123 805357 -798575
252748 684458 49542 -200928
49542 -200928 -472518 -145670
-262369 -759287 129747 476003
-641340 -442895 -628266 372600
992851 -817869 -695252 -573716
124006 993084 157127 -817261
-319343 -384371 -556187 141975
-478204 -897812 276173 226363
368720 418922 129747 476003
-798656 228271 -516368 619222
-838024 430590 4478 -472635
769740 -696002 -472518 -145670
-542498 -169660 -931011 -160401
-285508 -844141 -798656 228271
299325 440091 778234 -183675
185041 178912 -710013 922170
-893505 -496960 921241 944819
-722627 963038 885663 158911
537301 -837374 -838024 430590
86880 461286 -87008 -856673
769740 -696002 232938 -403638
-319343 -384371 -288801 960942
-160761 -249144 673905 -828767
-978643 -66723 681710 -581751
124006 993084 921241 944819
-722627 963038 89472 -617923
952888 -181637 252748 684458
-767349 -857165 -696633 -240685
-798656 228271 681710 -581751
4478 -472635 -472518 -145670
-104769 -488694 -695252 -573716
769740 -696002 398348 -30421
-477401 402123 952888 -181637
-472543 -818985 -164312 48611
-477401 402123 -87251 -695854
-696633 -240685 157127 -817261
-319343 -384371 -462613 -891839
-722627 963038 805357 -798575
343384 53507 -79372 -439693
86880 461286 49542 -200928
49542 -200928 67430 790731
888109 822033 673905 -828767
-628266 372600 49542 -200928
-285508 -844141 -767349 -857165
992350 -453508 -262369 -759287
67430 790731 -288801 960942
-87251 -695854 424032 -907133
952888 -181637 -767349 -857165
-906676 -493550 495615 -183333
886983 -657567 49542 -200928
-87008 -856673 -472518 -145670
-641340 -442895 -516368 619222
343384 53507 129747 476003
886983 -657567 232938 -403638
368720 418922 3692 -432593
424032 -907133 -288801 960942
-565053 70788 124006 993084
368720 418922 523786 251469
-87251 -695854 -522685 574234
252748 684458 -288801 960942
-771519 -773492 -104769 -488694
-160761 -249144 888109 822033
-262369 -759287 481101 -398362
-204757 -529157 86880 461286
992851 -817869 -838024 430590
185041 178912 481101 -398362
-722627 963038 769740 -696002
-883395 511097 -262369 -759287
992350 -453508 389385 -371607
-160761 -249144 270702 197545
3692 -432593 974687 779844
-764080 878157 217507 -903693
89472 -617923 129747 476003
952888 -181637 67430 790731
86880 461286 -241512 -338469
669004 948459 -618874 715376
-160761 -249144 -695252 -573716
-565053 70788 -618874 715376
732333 -102963 992851 -817869
952888 -181637 129747 476003
-771519 -773492 -516368 619222
-565053 70788 4478 -472635
992851 -817869 49542 -200928
-710013 922170 992350 -453508
-565053 70788 742573 221583
537301 -837374 495615 -183333
669004 948459 449039 162066
695464 647405 -462613 -891839
-472543 -818985 -478204 -897812
185041 178912 389385 -371607
631255 720814 -696633 -240685
217507 -903693 -462613 -891839
185041 178912 -164312 48611
-710013 922170 305839 -653196
885663 158911 -57310 581046
299325 440091 -710013 922170
-764080 878157 -556187 141975
389385 -371607 -472518 -145670
653040 -594524 742573 221583
742573 221583 -556187 141975
-556132 -632877 992851 -817869
-86385 -536768 -928511 -226643
252748 684458 -641340 -442895
-556132 -632877 270702 197545
-104769 -488694 49542 -200928
398348 -30421 -288801 960942
-87251 -695854 157127 -817261
86880 461286 217507 -903693
89472 -617923 305839 -653196
-522685 574234 -516368 619222
805357 -798575 89472 -617923
343384 53507 898419 -436490
-641340 -442895 -696633 -240685
-204757 -529157 -241512 -338469
992851 -817869 669004 948459
653040 -594524 -618874 715376
-695252 -573716 -618874 715376
-928511 -226643 481101 -398362
992851 -817869 457990 -467184
-164312 48611 523786 251469
769740 -696002 742573 221583
-764080 878157 252748 684458
631255 720814 -771519 -773492
-764080 878157 -87251 -695854
681710 -581751 -160761 -249144
-838024 430590 -928511 -226643
-978643 -66723 -931011 -160401
631255 720814 -978643 -66723
-641340 -442895 -87008 -856673
3692 -432593 -556132 -632877
-477401 402123 -319343 -384371
-883395 511097 -477401 402123
449039 162066 -618874 715376
888109 822033 921241 944819
3692 -432593 -618874 715376
-204757 -529157 -628266 372600
-285508 -844141 -472518 -145670
-87251 -695854 -319343 -384371
-767349 -857165 -641340 -442895
778234 -183675 -931011 -160401
232938 -403638 129747 476003
424032 -907133 -931011 -160401
86880 461286 4478 -472635
-104769 -488694 -906676 -493550
-200784 -533447 129747 476003
653040 -594524 299325 440091
-160761 -249144 -164312 48611
952888 -181637 -472518 -145670
-556132 -632877 -49981 371720
-893505 -496960 -767349 -857165
732333 -102963 -104769 -488694
992851 -817869 742573 221583
523786 251469 -262369 -759287
-556187 141975 -288801 960942
124006 993084 -472543 -818985
695464 647405 888109 822033
3692 -432593 -764080 878157
898419 -436490 -49981 371720
124006 993084 -169435 472335
-160761 -249144 -319343 -384371
-978643 -66723 495615 -183333
-472543 -818985 974687 779844
-241512 -338469 -556187 141975
4478 -472635 481101 -398362
-477401 402123 -49981 371720
232938 -403638 217507 -903693
952888 -181637 992350 -453508
-477401 402123 185041 178912
-79372 -439693 -164312 48611
653040 -594524 -262369 -759287
276173 226363 -87008 -856673
-542498 -169660 348736 -279603
-86385 -536768 390082 -289154
495615 -183333 348736 -279603
-87008 -856673 -262369 -759287
886983 -657567 4478 -472635
952888 -181637 232938 -403638
769740 -696002 888109 822033
299325 440091 -104769 -488694
270702 197545 -931011 -160401
252748 684458 398348 -30421
86880 461286 778234 -183675
886983 -657567 -86385 -536768
-79372 -439693 992350 -453508
-477401 402123 -86385 -536768
185041 178912 305839 -653196
217507 -903693 -931011 -160401
-542498 -169660 217507 -903693
368720 418922 252748 684458
-79372 -439693 974687 779844
-160761 -249144 -906676 -493550
-767349 -857165 276173 226363
-542498 -169660 -695252 -573716
185041 178912 424032 -907133
805357 -798575 537301 -837374
398348 -30421 -472518 -145670
383993 -89799 -618874 715376
-764080 878157 -771519 -773492
886983 -657567 888109 822033
-200784 -533447 695464 647405
-285508 -844141 449039 162066
185041 178912 -472518 -145670
888109 822033 -522685 574234
-522685 574234 -241512 -338469
673905 -828767 992350 -453508
-628266 372600 457990 -467184
921241 944819 305839 -653196
-200784 -533447 974687 779844
952888 -181637 -798656 228271
952888 -181637 742573 221583
-516368 619222 424032 -907133
-79372 -439693 806917 148049
806917 148049 217507 -903693
898419 -436490 -262369 -759287
49542 -200928 -462613 -891839
67430 790731 974687 779844
-978643 -66723 390082 -289154
348736 -279603 -57310 581046
537301 -837374 390082 -289154
-86385 -536768 67430 790731
-204757 -529157 -164312 48611
673905 -828767 -462613 -891839
185041 178912 -87008 -856673
805357 -798575 553892 990570
732333 -102963 217507 -903693
-883395 511097 457990 -467184
695464 647405 299325 440091
124006 993084 695464 647405
124006 993084 -798656 228271
-285508 -844141 -87008 -856673
-710013 922170 232938 -403638
-838024 430590 -695252 -573716
-478204 -897812 -462613 -891839
992350 -453508 157127 -817261
681710 -581751 -86385 -536768
299325 440091 -542498 -169660
-565053 70788 -696633 -240685
898419 -436490 -556187 141975
886983 -657567 921241 944819
992851 -817869 681710 -581751
185041 178912 -798656 228271
390082 -289154 974687 779844
-200784 -533447 424032 -907133
952888 -181637 -262369 -759287
-200784 -533447 -906676 -493550
305839 -653196 4478 -472635
537301 -837374 67430 790731
-49981 371720 553892 990570
124006 993084 -262369 -759287
252748 684458 389385 -371607
-169435 472335 -288801 960942
390082 -289154 -931011 -160401
-169435 472335 457990 -467184
252748 684458 553892 990570
-928511 -226643 129747 476003
-556132 -632877 898419 -436490
-204757 -529157 -556187 141975
-285508 -844141 -710013 922170
