1000
458037 -349360 -993155 -601080
952056 650049 55673 -385366
526522 -733787 97515 900752
-712360 204386 -859469 321934
468989 -745303 470200 -305969
-195274 468955 867201 -54122
-955493 154844 250209 -479676
146693 375404 -966236 -159461
-955493 154844 804981 92355
701326 627637 -740177 -993015
856701 212994 470200 -305969
250069 330222 -791628 -344041
-275976 723794 -791628 -344041
426428 -31919 -315553 696951
115028 55293 68768 279905
421416 -642586 647398 -312344
272289 722023 -643617 267615
240655 -43470 -239352 870992
676038 -312153 -580895 -700525
-166452 849575 872354 109418
468989 -745303 83764 -626243
690680 -966673 -791628 -344041
418598 884159 250069 330222
-239092 -488184 804339 953356
-627083 -223673 336300 672246
-187082 -666702 149766 866261
-857987 277418 224765 199400
426428 -31919 -51076 198646
-643617 267615 81913 593350
418598 884159 215209 376653
-876345 785126 -461950 7201
-149035 893462 -599383 798719
68768 279905 -336667 -342166
-955493 154844 873442 -86806
18569 430709 277319 -637713
-409930 369436 240655 -43470
152592 -885047 -740177 -993015
952056 650049 -711248 -593722
477706 -394611 -356823 17052
546416 524278 81913 593350
-120690 162323 119850 -461055
486382 -368206 -336667 -342166
873442 -86806 477706 -394611
468989 -745303 722860 765298
-87151 -153001 614171 661125
519357 914304 -470888 293659
873277 523590 -297657 273924
-391198 -397489 851829 363118
458037 -349360 81913 593350
-477518 627694 -161393 -190473
-195274 468955 336453 494319
923619 -7765 46154 45388
-925741 599404 83764 -626243
-349335 -75839 810334 304505
690680 -966673 867201 -54122
-149035 893462 467711 881533
73310 387999 639134 -860176
386223 824603 -712548 341172
-429483 -64210 804981 92355
999651 -744027 834698 484140
-336667 -342166 -187082 -666702
639134 -860176 526522 -733787
-28803 903532 -918541 318655
-336667 -342166 -393322 -689220
-409930 369436 -983918 -386142
18569 430709 834698 484140
-239352 870992 81913 593350
486382 -368206 -857987 277418
-187082 -666702 -712548 341172
-578273 -941371 -467222 901706
526522 -733787 519357 914304
-983918 -386142 -987077 -87752
-712360 204386 480684 524535
326609 696091 -147772 770420
-954164 767933 -379371 642673
142610 632509 -614162 195863
-578273 -941371 -951794 710295
76277 484751 225596 639087
873277 523590 -951794 710295
-138631 -88838 115028 55293
-885665 -578407 -567872 -642155
169064 694594 -10386 -899106
-428463 397663 -379371 642673
-651815 -709032 -356823 17052
384116 -750469 184450 90412
-500220 338223 -599383 798719
146693 375404 810334 304505
-461950 7201 -736418 -878609
305656 254170 -239352 870992
146693 375404 787107 227992
-323838 839013 -429483 -64210
305656 254170 -812445 -483290
152592 -885047 -130094 373204
-615148 -599718 -567872 -642155
-925741 599404 481431 60735
856701 212994 -479229 -131659
519357 914304 -848869 -315965
-147772 770420 191587 820809
18569 430709 336300 672246
-350465 224278 -120690 162323
639134 -860176 -808265 693339
231352 284279 -578273 -941371
873277 523590 722860 765298
-428463 397663 -297657 273924
305656 254170 701326 627637
804981 92355 696618 -72721
-393322 -689220 -848869 -315965
-651815 -709032 46154 45388
-166452 849575 -13631 -177139
-307101 -919809 477706 -394611
-349335 -75839 83764 -626243
952056 650049 418598 884159
789220 -293631 184450 90412
-409930 369436 946463 166905
579528 744435 229139 29958
-166452 849575 804339 953356
692575 -877500 -235407 868805
477706 -394611 -297657 273924
-187082 -666702 -279494 -505200
640404 -144683 867201 -54122
-138631 -88838 -857987 277418
579528 744435 -28803 903532
696618 -72721 480684 524535
229139 29958 -884143 187918
-350391 -278002 947233 644429
225596 639087 -580895 -700525
-120690 162323 -955493 154844
952056 650049 -116810 -487038
-639849 229776 -955493 154844
-307101 -919809 -297657 273924
526522 -733787 250069 330222
-147772 770420 864294 -170636
-954164 767933 184450 90412
-13631 -177139 834698 484140
605596 -956013 -859469 321934
-315553 696951 519357 914304
144665 948568 647398 -312344
-955493 154844 -597649 -668649
-341407 -226630 -966236 -159461
-857987 277418 -315553 696951
-350465 224278 -810994 850994
-500220 338223 124150 -138304
546416 524278 480684 524535
-808265 693339 191587 820809
-166452 849575 418598 884159
240655 -43470 745524 242494
952056 650049 -239092 -488184
119850 -461055 -838606 -692005
690680 -966673 -467222 901706
873442 -86806 250069 330222
-28803 903532 169064 694594
804339 953356 -884143 187918
-791628 -344041 55673 -385366
-195274 468955 191587 820809
-195274 468955 49437 462140
46154 45388 -279494 -505200
851829 363118 480684 524535
336453 494319 278711 -897038
477706 -394611 -379371 642673
146693 375404 376396 925564
701326 627637 458037 -349360
73916 142549 834698 484140
468989 -745303 231352 284279
-138631 -88838 -740177 -993015
923619 -7765 -239092 -488184
-350391 -278002 -643617 267615
453465 -466523 -810994 850994
-712360 204386 785345 802752
701326 627637 873442 -86806
787107 227992 477706 -394611
546416 524278 477706 -394611
119850 -461055 -614162 195863
-51076 198646 124150 -138304
-409930 369436 856701 212994
426428 -31919 722860 765298
-500220 338223 55673 -385366
336453 494319 546416 524278
453465 -466523 -934888 -393751
-651815 -709032 -799889 -865207
-429483 -64210 872354 109418
946463 166905 -838606 -692005
-87151 -153001 386223 824603
351108 -305730 -187082 -666702
426428 -31919 -147772 770420
468989 -745303 229139 29958
-195274 468955 640404 -144683
787107 227992 -966236 -159461
-187082 -666702 480684 524535
923619 -7765 -884143 187918
453465 -466523 -297657 273924
18569 430709 -409930 369436
952056 650049 810334 304505
496414 975301 -810994 850994
923619 -7765 519357 914304
690680 -966673 229139 29958
-51076 198646 -315553 696951
73916 142549 745524 242494
467711 881533 -848869 -315965
-712360 204386 -239352 870992
90005 -242716 -145432 -792299
976524 -95491 745524 242494
-428463 397663 872354 109418
639134 -860176 614171 661125
-578273 -941371 229139 29958
-467222 901706 -567872 -642155
-740177 -993015 804339 953356
-166452 849575 149766 866261
-409930 369436 295117 -393750
277319 -637713 -297657 273924
-391198 -397489 68768 279905
-848869 -315965 229139 29958
976524 -95491 690680 -966673
73310 387999 169064 694594
-643617 267615 336453 494319
-149035 893462 -567872 -642155
-307101 -919809 851829 363118
-740177 -993015 -279494 -505200
692575 -877500 458037 -349360
-138631 -88838 -918541 318655
946463 166905 191587 820809
-275976 723794 -896735 928220
-461950 7201 -799889 -865207
-239352 870992 477706 -394611
579528 744435 546416 524278
119850 -461055 -429483 -64210
73310 387999 -651815 -709032
-857987 277418 -597649 -668649
-500220 338223 54275 798948
-857987 277418 144665 948568
305656 254170 647398 -312344
-925741 599404 -47307 132395
76277 484751 169064 694594
-391198 -397489 73916 142549
-145212 484730 787107 227992
440128 -521073 -13631 -177139
999651 -744027 -597649 -668649
519357 914304 169064 694594
-627083 -223673 -711248 -593722
526522 -733787 -791628 -344041
-323838 839013 -239352 870992
467711 881533 967912 -638733
270499 125782 834698 484140
-323838 839013 -597649 -668649
-536370 872791 834698 484140
-615148 -599718 872354 109418
-149035 893462 -711248 -593722
295117 -393750 467711 881533
73916 142549 -120690 162323
952056 650049 -81499 241565
-536370 872791 215209 376653
639134 -860176 496414 975301
-983918 -386142 701326 627637
789220 -293631 97515 900752
-147772 770420 872354 109418
692575 -877500 480684 524535
701326 627637 336453 494319
-307101 -919809 526522 -733787
481431 60735 -597649 -668649
-178093 -990607 -47307 132395
-51076 198646 -799889 -865207
90005 -242716 946463 166905
-409930 369436 519357 914304
-479229 -131659 -393322 -689220
-349335 -75839 250069 330222
745524 242494 277319 -637713
-10386 -899106 229139 29958
-323838 839013 -848869 -315965
-477518 627694 873442 -86806
-859469 321934 480684 524535
614171 661125 -966236 -159461
-116810 -487038 336453 494319
-934888 -393751 864294 -170636
90005 -242716 -341407 -226630
999651 -744027 -567872 -642155
-536370 872791 -239092 -488184
-479229 -131659 -500220 338223
692575 -877500 952056 650049
191587 820809 -187082 -666702
946463 166905 -614162 195863
384116 -750469 191587 820809
418598 884159 -597649 -668649
453465 -466523 -859469 321934
-145432 -792299 -338222 -136176
146693 375404 119850 -461055
142610 632509 -810994 850994
976524 -95491 -28803 903532
146693 375404 -315553 696951
-161393 -190473 -643617 267615
-307101 -919809 745524 242494
-187082 -666702 821417 965151
787107 227992 -166452 849575
-336667 -342166 -877715 -615857
426428 -31919 -428463 397663
-81499 241565 -712548 341172
240655 -43470 -578273 -941371
-477518 627694 -812445 -483290
-627083 -223673 976524 -95491
-235407 868805 872354 109418
-120690 162323 -736418 -878609
701326 627637 55673 -385366
-740177 -993015 97515 900752
-951794 710295 821417 965151
240655 -43470 231352 284279
144665 948568 867201 -54122
-477518 627694 -918541 318655
-983918 -386142 278711 -897038
295117 -393750 647398 -312344
-212121 171934 -580895 -700525
-147772 770420 97515 900752
-477518 627694 -429483 -64210
-161393 -190473 -10386 -899106
-51076 198646 386223 824603
-338222 -136176 834698 484140
-871798 -601823 277319 -637713
-239352 870992 149766 866261
-120690 162323 690680 -966673
519357 914304 745524 242494
470200 -305969 785345 802752
-857987 277418 421416 -642586
639134 -860176 270499 125782
305656 254170 -627083 -223673
467711 881533 789220 -293631
-992148 593958 351108 -305730
-187082 -666702 -736418 -878609
946463 166905 -799889 -865207
976524 -95491 -379371 642673
440128 -521073 -643617 267615
-195274 468955 -567872 -642155
336453 494319 -467222 901706
-992148 593958 -736418 -878609
-307101 -919809 -120690 162323
-350465 224278 -643617 267615
722860 765298 807505 -250483
-336667 -342166 144665 948568
923619 -7765 946463 166905
496414 975301 -212121 171934
-307101 -919809 -500220 338223
73916 142549 -791628 -344041
97515 900752 785345 802752
115028 55293 229139 29958
789220 -293631 804981 92355
-461950 7201 519357 914304
851829 363118 821417 965151
162669 -999974 351108 -305730
-881894 675228 -470888 293659
952056 650049 787107 227992
-808265 693339 -235407 868805
851829 363118 470200 -305969
-307101 -919809 -92649 449398
-13631 -177139 745524 242494
605596 -956013 -116810 -487038
467711 881533 83764 -626243
-350391 -278002 384116 -750469
-639849 229776 215209 376653
692575 -877500 426428 -31919
947233 644429 83764 -626243
73310 387999 999651 -744027
701326 627637 -130094 373204
-350391 -278002 215209 376653
-627083 -223673 -47307 132395
873442 -86806 745524 242494
-195274 468955 -409930 369436
696618 -72721 867201 -54122
873277 523590 -799889 -865207
701326 627637 68768 279905
-409930 369436 -500220 338223
-983918 -386142 -599383 798719
-812445 -483290 -848869 -315965
999651 -744027 440128 -521073
-391198 -397489 97515 900752
-391198 -397489 224765 199400
639134 -860176 -925741 599404
-212121 171934 967912 -638733
295117 -393750 440128 -521073
496414 975301 215209 376653
-838606 -692005 224765 199400
947233 644429 -993155 -601080
-147772 770420 -884143 187918
440128 -521073 -877715 -615857
-235407 868805 336300 672246
467711 881533 785345 802752
-954164 767933 -323838 839013
384116 -750469 -580895 -700525
386223 824603 54275 798948
440128 -521073 -918541 318655
873277 523590 789220 -293631
90005 -242716 -983918 -386142
-47307 132395 149766 866261
-109062 -299021 470200 -305969
722860 765298 -918541 318655
605596 -956013 -349335 -75839
722860 765298 -166747 -589120
-876345 785126 -993155 -601080
579528 744435 864294 -170636
-461950 7201 546416 524278
-116810 -487038 -992148 593958
169064 694594 -791628 -344041
999651 -744027 -810994 850994
18569 430709 873442 -86806
-239092 -488184 967912 -638733
-934888 -393751 -918541 318655
458037 -349360 872354 109418
946463 166905 250209 -479676
-145212 484730 807505 -250483
468989 -745303 813433 -19742
579528 744435 947233 644429
144665 948568 -567872 -642155
68768 279905 -166452 849575
692575 -877500 690680 -966673
-145432 -792299 690680 -966673
486382 -368206 277319 -637713
-145432 -792299 -235407 868805
856701 212994 -934888 -393751
976524 -95491 376396 925564
-391198 -397489 936509 -576934
149766 866261 936509 -576934
73310 387999 -275976 723794
124150 -138304 -567872 -642155
-275976 723794 295117 -393750
519357 914304 336300 672246
-87151 -153001 191587 820809
999651 -744027 -536370 872791
-239092 -488184 936509 -576934
-235407 868805 -885665 -578407
336300 672246 83764 -626243
270499 125782 -147772 770420
73310 387999 -876345 785126
-838606 -692005 -470888 293659
-983918 -386142 -812445 -483290
787107 227992 -884143 187918
952056 650049 146693 375404
-614162 195863 967912 -638733
470200 -305969 -28803 903532
-350465 224278 -130094 373204
90005 -242716 -47307 132395
-812445 -483290 191587 820809
676038 -312153 -740177 -993015
-393322 -689220 -884143 187918
458037 -349360 -712548 341172
-178093 -990607 -147772 770420
692575 -877500 -350465 224278
-178093 -990607 873442 -86806
270499 125782 -338222 -136176
418598 884159 873442 -86806
-212121 171934 789220 -293631
76277 484751 -567872 -642155
-391198 -397489 326609 696091
-166452 849575 458037 -349360
270499 125782 952056 650049
-876345 785126 -567872 -642155
468989 -745303 -87151 -153001
467711 881533 -379371 642673
-615148 -599718 -987077 -87752
999651 -744027 -47307 132395
231352 284279 807505 -250483
-461950 7201 -871798 -601823
-918541 318655 -848869 -315965
-51076 198646 -791628 -344041
68768 279905 -859469 321934
-109062 -299021 696618 -72721
546416 524278 813433 -19742
18569 430709 976524 -95491
856701 212994 115028 55293
97515 900752 834698 484140
923619 -7765 -147772 770420
-109062 -299021 250069 330222
-857987 277418 49437 462140
468989 -745303 -993155 -601080
-859469 321934 -877715 -615857
-885665 -578407 -467222 901706
-109062 -299021 -896735 928220
-409930 369436 -51076 198646
270499 125782 -467222 901706
605596 -956013 152592 -885047
-338222 -136176 250069 330222
115028 55293 -268697 -338392
496414 975301 834698 484140
-279494 -505200 480684 524535
-13631 -177139 -859469 321934
-838606 -692005 467711 881533
440128 -521073 -467222 901706
73310 387999 947233 644429
240655 -43470 -859469 321934
426428 -31919 -47307 132395
421416 -642586 -627083 -223673
-477518 627694 -307101 -919809
486382 -368206 -323838 839013
-350391 -278002 676038 -312153
676038 -312153 -951794 710295
152592 -885047 -896735 928220
519357 914304 -356823 17052
-161393 -190473 810334 304505
440128 -521073 -896735 928220
351108 -305730 -297657 273924
-925741 599404 -379371 642673
-145212 484730 -791628 -344041
458037 -349360 -356823 17052
76277 484751 480684 524535
-461950 7201 124150 -138304
-315553 696951 -130094 373204
295117 -393750 873277 523590
-92649 449398 381035 -632885
-993155 -601080 -567872 -642155
-116810 -487038 -651815 -709032
-987077 -87752 -951794 710295
-992148 593958 -955493 154844
851829 363118 -580895 -700525
923619 -7765 -235407 868805
-987077 -87752 745524 242494
225596 639087 54275 798948
76277 484751 224765 199400
-885665 -578407 496414 975301
614171 661125 49437 462140
305656 254170 54275 798948
856701 212994 -268697 -338392
90005 -242716 967912 -638733
-275976 723794 418598 884159
-987077 -87752 -239092 -488184
336453 494319 -470888 293659
-120690 162323 250069 330222
326609 696091 947233 644429
49437 462140 55673 -385366
-87151 -153001 -955493 154844
152592 -885047 376396 925564
-712360 204386 -597649 -668649
-614162 195863 -848869 -315965
270499 125782 -116810 -487038
-409930 369436 486382 -368206
807505 -250483 277319 -637713
-740177 -993015 124150 -138304
579528 744435 481431 60735
-178093 -990607 -315553 696951
-212121 171934 804339 953356
-580895 -700525 -877715 -615857
-992148 593958 480684 524535
115028 55293 -28803 903532
-275976 723794 453465 -466523
-275976 723794 696618 -72721
-212121 171934 864294 -170636
692575 -877500 -315553 696951
-81499 241565 -379371 642673
-239352 870992 55673 -385366
-871798 -601823 -212121 171934
851829 363118 421416 -642586
381035 -632885 453465 -466523
-992148 593958 -627083 -223673
947233 644429 329744 543360
470200 -305969 -627083 -223673
305656 254170 -138631 -88838
326609 696091 -812445 -483290
640404 -144683 -736418 -878609
225596 639087 519357 914304
-639849 229776 -81499 241565
215209 376653 967912 -638733
-178093 -990607 526522 -733787
787107 227992 810334 304505
-925741 599404 -467222 901706
191587 820809 -279494 -505200
-643617 267615 -356823 17052
162669 -999974 -239092 -488184
146693 375404 -161393 -190473
952056 650049 722860 765298
-145212 484730 -235407 868805
-391198 -397489 -955493 154844
676038 -312153 -341407 -226630
-92649 449398 418598 884159
787107 227992 336300 672246
470200 -305969 -712548 341172
191587 820809 458037 -349360
923619 -7765 -992148 593958
270499 125782 486382 -368206
240655 -43470 -712548 341172
76277 484751 873277 523590
481431 60735 -536370 872791
-712360 204386 789220 -293631
-987077 -87752 55673 -385366
722860 765298 -810994 850994
-275976 723794 458037 -349360
-987077 -87752 421416 -642586
605596 -956013 54275 798948
-799889 -865207 -297657 273924
-871798 -601823 -740177 -993015
73310 387999 -614162 195863
-876345 785126 -881894 675228
-871798 -601823 418598 884159
-178093 -990607 864294 -170636
381035 -632885 55673 -385366
152592 -885047 647398 -312344
124150 -138304 149766 866261
-925741 599404 -812445 -483290
162669 -999974 -954164 767933
-315553 696951 -599383 798719
115028 55293 215209 376653
-239352 870992 787107 227992
787107 227992 -356823 17052
-178093 -990607 229139 29958
467711 881533 277319 -637713
-461950 7201 872354 109418
-149035 893462 -147772 770420
856701 212994 -341407 -226630
-712360 204386 -149035 893462
692575 -877500 -791628 -344041
722860 765298 -429483 -64210
614171 661125 -896735 928220
-239092 -488184 -810994 850994
468989 -745303 351108 -305730
250209 -479676 81913 593350
470200 -305969 458037 -349360
-881894 675228 873442 -86806
468989 -745303 -877715 -615857
-808265 693339 277319 -637713
191587 820809 -599383 798719
856701 212994 -470888 293659
336300 672246 229139 29958
-161393 -190473 -81499 241565
-992148 593958 97515 900752
-138631 -88838 -597649 -668649
810334 304505 -791628 -344041
-500220 338223 295117 -393750
295117 -393750 701326 627637
-239352 870992 215209 376653
-500220 338223 -109062 -299021
-477518 627694 54275 798948
-987077 -87752 834698 484140
-409930 369436 804981 92355
-740177 -993015 872354 109418
486382 -368206 -350465 224278
-799889 -865207 -859469 321934
386223 824603 97515 900752
277319 -637713 149766 866261
-992148 593958 804339 953356
81913 593350 967912 -638733
-838606 -692005 277319 -637713
923619 -7765 -356823 17052
-712360 204386 579528 744435
470200 -305969 -597649 -668649
-567872 -642155 81913 593350
-881894 675228 -147772 770420
804339 953356 54275 798948
813433 -19742 480684 524535
124150 -138304 967912 -638733
-51076 198646 -338222 -136176
-350391 -278002 -51076 198646
-279494 -505200 -470888 293659
546416 524278 -212121 171934
381035 -632885 -712548 341172
162669 -999974 -149035 893462
146693 375404 -580895 -700525
-109062 -299021 -379371 642673
-983918 -386142 546416 524278
-145212 484730 873442 -86806
-848869 -315965 -470888 293659
146693 375404 -934888 -393751
-87151 -153001 807505 -250483
-477518 627694 647398 -312344
-87151 -153001 864294 -170636
-138631 -88838 68768 279905
-178093 -990607 384116 -750469
-925741 599404 -500220 338223
-166747 -589120 -877715 -615857
579528 744435 -580895 -700525
426428 -31919 -341407 -226630
-81499 241565 144665 948568
-120690 162323 -130094 373204
-954164 767933 169064 694594
605596 -956013 -987077 -87752
-799889 -865207 690680 -966673
851829 363118 785345 802752
18569 430709 -934888 -393751
-876345 785126 215209 376653
947233 644429 -896735 928220
-983918 -386142 229139 29958
-109062 -299021 -597649 -668649
923619 -7765 546416 524278
-857987 277418 97515 900752
-166452 849575 967912 -638733
-651815 -709032 -470888 293659
272289 722023 -838606 -692005
640404 -144683 97515 900752
142610 632509 -992148 593958
-341407 -226630 278711 -897038
810334 304505 83764 -626243
418598 884159 -599383 798719
-145432 -792299 -884143 187918
272289 722023 229139 29958
-639849 229776 467711 881533
-479229 -131659 -92649 449398
-876345 785126 804981 92355
18569 430709 936509 -576934
605596 -956013 329744 543360
-323838 839013 -599383 798719
-955493 154844 83764 -626243
-477518 627694 690680 -966673
-349335 -75839 -212121 171934
386223 824603 647398 -312344
-10386 -899106 329744 543360
46154 45388 -297657 273924
-808265 693339 146693 375404
851829 363118 83764 -626243
-81499 241565 -356823 17052
49437 462140 191587 820809
486382 -368206 -275976 723794
-712360 204386 496414 975301
115028 55293 -336667 -342166
692575 -877500 467711 881533
-955493 154844 46154 45388
-92649 449398 440128 -521073
-341407 -226630 807505 -250483
-51076 198646 -235407 868805
468989 -745303 225596 639087
787107 227992 336453 494319
-467222 901706 696618 -72721
-81499 241565 -810994 850994
215209 376653 -470888 293659
-479229 -131659 119850 -461055
813433 -19742 807505 -250483
-341407 -226630 480684 524535
856701 212994 -13631 -177139
169064 694594 936509 -576934
999651 -744027 -187082 -666702
486382 -368206 477706 -394611
90005 -242716 49437 462140
225596 639087 351108 -305730
-147772 770420 -212121 171934
-428463 397663 -166747 -589120
-307101 -919809 453465 -466523
546416 524278 -848869 -315965
-791628 -344041 184450 90412
-500220 338223 -147772 770420
-983918 -386142 -992148 593958
-712548 341172 867201 -54122
-712548 341172 477706 -394611
73916 142549 -884143 187918
-279494 -505200 277319 -637713
-643617 267615 -470888 293659
952056 650049 152592 -885047
326609 696091 83764 -626243
-740177 -993015 -966236 -159461
-166452 849575 -187082 -666702
813433 -19742 -166747 -589120
-885665 -578407 46154 45388
-639849 229776 -987077 -87752
-651815 -709032 936509 -576934
851829 363118 -838606 -692005
231352 284279 -28803 903532
579528 744435 124150 -138304
-627083 -223673 519357 914304
162669 -999974 867201 -54122
-712548 341172 54275 798948
-966236 -159461 867201 -54122
-966236 -159461 83764 -626243
639134 -860176 -87151 -153001
418598 884159 81913 593350
-391198 -397489 -393322 -689220
-477518 627694 336453 494319
-138631 -88838 807505 -250483
701326 627637 -951794 710295
-149035 893462 -614162 195863
146693 375404 -470888 293659
-536370 872791 -336667 -342166
68768 279905 440128 -521073
-987077 -87752 864294 -170636
336453 494319 -13631 -177139
-955493 154844 54275 798948
305656 254170 453465 -466523
76277 484751 -871798 -601823
-808265 693339 851829 363118
68768 279905 250209 -479676
-810994 850994 873442 -86806
-178093 -990607 -983918 -386142
946463 166905 -877715 -615857
18569 430709 696618 -72721
81913 593350 149766 866261
-934888 -393751 97515 900752
864294 -170636 149766 866261
-536370 872791 -951794 710295
-350465 224278 336453 494319
386223 824603 -810994 850994
967912 -638733 -791628 -344041
-138631 -88838 696618 -72721
142610 632509 999651 -744027
-627083 -223673 -712548 341172
-195274 468955 162669 -999974
946463 166905 647398 -312344
-336667 -342166 -130094 373204
-955493 154844 -896735 928220
119850 -461055 804339 953356
-336667 -342166 967912 -638733
-275976 723794 -871798 -601823
-178093 -990607 -81499 241565
526522 -733787 -884143 187918
231352 284279 -130094 373204
-987077 -87752 376396 925564
873277 523590 49437 462140
-428463 397663 -711248 -593722
336453 494319 867201 -54122
804339 953356 -470888 293659
-166452 849575 785345 802752
-428463 397663 967912 -638733
124150 -138304 867201 -54122
947233 644429 640404 -144683
-212121 171934 -896735 928220
-639849 229776 162669 -999974
-315553 696951 -297657 273924
-239352 870992 68768 279905
-349335 -75839 804981 92355
-350465 224278 376396 925564
639134 -860176 -356823 17052
142610 632509 745524 242494
-500220 338223 -812445 -483290
-307101 -919809 -338222 -136176
-87151 -153001 54275 798948
115028 55293 -379371 642673
692575 -877500 240655 -43470
526522 -733787 -599383 798719
-951794 710295 745524 242494
440128 -521073 -859469 321934
-145212 484730 -966236 -159461
-876345 785126 647398 -312344
639134 -860176 856701 212994
90005 -242716 -477518 627694
351108 -305730 184450 90412
519357 914304 -580895 -700525
-955493 154844 -428463 397663
-145212 484730 277319 -637713
-275976 723794 804339 953356
169064 694594 872354 109418
486382 -368206 54275 798948
-993155 -601080 -297657 273924
-500220 338223 -297657 273924
-51076 198646 546416 524278
-315553 696951 -799889 -865207
-235407 868805 -166747 -589120
947233 644429 -81499 241565
-479229 -131659 -349335 -75839
-409930 369436 -740177 -993015
999651 -744027 336300 672246
789220 -293631 785345 802752
-239092 -488184 -848869 -315965
-536370 872791 329744 543360
-307101 -919809 -467222 901706
-187082 -666702 -47307 132395
807505 -250483 -736418 -878609
-925741 599404 453465 -466523
-338222 -136176 97515 900752
-429483 -64210 149766 866261
813433 -19742 329744 543360
639134 -860176 -966236 -159461
976524 -95491 -884143 187918
-341407 -226630 191587 820809
-885665 -578407 -711248 -593722
-28803 903532 -467222 901706
-195274 468955 421416 -642586
-349335 -75839 -627083 -223673
-881894 675228 -239092 -488184
676038 -312153 -812445 -483290
426428 -31919 68768 279905
426428 -31919 -379371 642673
-925741 599404 -268697 -338392
946463 166905 867201 -54122
-323838 839013 946463 166905
526522 -733787 -147772 770420
-178093 -990607 785345 802752
231352 284279 229139 29958
-409930 369436 119850 -461055
-461950 7201 -81499 241565
-161393 -190473 -147772 770420
-239352 870992 376396 925564
999651 -744027 97515 900752
225596 639087 -848869 -315965
384116 -750469 -47307 132395
-81499 241565 640404 -144683
-10386 -899106 936509 -576934
864294 -170636 329744 543360
76277 484751 149766 866261
-983918 -386142 81913 593350
-885665 -578407 -13631 -177139
-350465 224278 336300 672246
-391198 -397489 295117 -393750
295117 -393750 191587 820809
468989 -745303 480684 524535
-268697 -338392 -166747 -589120
-187082 -666702 97515 900752
-350391 -278002 745524 242494
-643617 267615 -848869 -315965
326609 696091 458037 -349360
421416 -642586 -336667 -342166
851829 363118 54275 798948
-166452 849575 -740177 -993015
-28803 903532 -712548 341172
-336667 -342166 834698 484140
351108 -305730 -885665 -578407
-195274 468955 278711 -897038
851829 363118 -992148 593958
-116810 -487038 46154 45388
873277 523590 83764 -626243
-639849 229776 453465 -466523
-740177 -993015 947233 644429
-336667 -342166 -712548 341172
-166452 849575 -993155 -601080
470200 -305969 -740177 -993015
-145432 -792299 440128 -521073
-536370 872791 936509 -576934
605596 -956013 -145432 -792299
-409930 369436 546416 524278
579528 744435 -859469 321934
468989 -745303 224765 199400
115028 55293 -951794 710295
-876345 785126 936509 -576934
-409930 369436 676038 -312153
152592 -885047 453465 -466523
-808265 693339 -87151 -153001
-187082 -666702 807505 -250483
-871798 -601823 149766 866261
-740177 -993015 -567872 -642155
-896735 928220 -47307 132395
-477518 627694 169064 694594
453465 -466523 -884143 187918
426428 -31919 326609 696091
-614162 195863 647398 -312344
873277 523590 867201 -54122
-239092 -488184 169064 694594
-149035 893462 250069 330222
-712360 204386 -955493 154844
923619 -7765 -740177 -993015
305656 254170 -740177 -993015
-615148 -599718 -47307 132395
305656 254170 -379371 642673
692575 -877500 215209 376653
-315553 696951 647398 -312344
810334 304505 -934888 -393751
250209 -479676 278711 -897038
73310 387999 946463 166905
68768 279905 873277 523590
639134 -860176 152592 -885047
-429483 -64210 690680 -966673
453465 -466523 -848869 -315965
240655 -43470 -810994 850994
-885665 -578407 458037 -349360
-871798 -601823 -349335 -75839
-147772 770420 278711 -897038
947233 644429 821417 965151
-120690 162323 149766 866261
546416 524278 873442 -86806
384116 -750469 142610 632509
486382 -368206 -356823 17052
-51076 198646 -116810 -487038
-477518 627694 -639849 229776
73310 387999 270499 125782
952056 650049 873277 523590
76277 484751 -341407 -226630
639134 -860176 -896735 928220
-479229 -131659 76277 484751
-393322 -689220 336300 672246
-954164 767933 -857987 277418
-336667 -342166 -599383 798719
169064 694594 696618 -72721
-393322 -689220 250209 -479676
-536370 872791 640404 -144683
-145212 484730 -279494 -505200
-428463 397663 46154 45388
-336667 -342166 -47307 132395
119850 -461055 -791628 -344041
-955493 154844 676038 -312153
486382 -368206 68768 279905
-838606 -692005 250069 330222
305656 254170 579528 744435
-966236 -159461 -599383 798719
384116 -750469 936509 -576934
-336667 -342166 386223 824603
-149035 893462 722860 765298
-876345 785126 54275 798948
73310 387999 873442 -86806
90005 -242716 947233 644429
-812445 -483290 329744 543360
-51076 198646 -881894 675228
872354 109418 936509 -576934
999651 -744027 272289 722023
384116 -750469 976524 -95491
605596 -956013 787107 227992
-145432 -792299 -651815 -709032
-983918 -386142 -81499 241565
225596 639087 -810994 850994
73916 142549 851829 363118
-307101 -919809 -87151 -153001
-350391 -278002 -268697 -338392
-740177 -993015 496414 975301
-954164 767933 49437 462140
-212121 171934 54275 798948
-477518 627694 952056 650049
-166452 849575 -838606 -692005
326609 696091 149766 866261
-871798 -601823 -341407 -226630
-871798 -601823 -145432 -792299
-341407 -226630 873442 -86806
240655 -43470 614171 661125
-109062 -299021 229139 29958
923619 -7765 -712360 204386
-711248 -593722 -279494 -505200
-109062 -299021 418598 884159
