1000
-533389 -774969 583992 -121374
-653472 -87283 791498 375411
736531 -879937 852604 257262
868570 30557 -607973 929017
-91477 -255764 -728486 -400469
680718 685743 -834744 494767
-777898 154820 -517393 557918
635236 -662625 -248629 -657864
-93075 511693 456937 -424957
-802583 -404838 -52528 724560
697427 745651 480818 -88152
-691260 -447234 3303 377356
-336388 424699 -338768 819423
-744171 626631 645728 -353515
478331 697854 852604 257262
-259798 474505 96012 476462
734224 -830060 860995 -847482
-338768 819423 379696 -67466
-248340 293086 829529 -291570
-100356 -854542 -482841 62
-173714 952668 804385 721151
929439 382162 -436488 932169
-100356 -854542 -841564 595889
-923730 380601 81377 -82524
97493 979188 534686 -658958
-517393 557918 -478066 57006
-666606 -758010 -228711 -963107
281339 426221 -789452 -12782
-733936 591976 -747694 -556440
-374419 -592084 737473 293435
-733936 591976 114215 119712
860995 -847482 -71628 -975307
203839 818215 -931333 901473
-602232 990546 86551 729118
-482841 62 -832587 -378554
905763 -877114 791498 375411
-54929 -947583 -670646 655610
-525633 764247 -308177 171713
583992 -121374 -173459 929646
638426 -170297 593818 860343
-248340 293086 378106 545507
152442 59921 97493 979188
860995 -847482 -216638 109026
-278781 -874449 -376384 742194
392606 -237864 -538688 -933480
-389669 -828100 -673059 -975157
677458 -244868 673770 869726
-691260 -447234 293047 399707
3303 377356 -571550 939172
677458 -244868 97493 979188
-338768 819423 852604 257262
294748 873326 -80643 412744
441457 208863 96012 476462
941431 346007 -832587 -378554
-939360 911135 834788 710866
168904 -980735 107528 644325
535059 583922 574650 728825
69029 45622 584380 814394
-732685 -888042 386175 444570
-338768 819423 534686 -658958
-983495 365643 531947 199817
678567 470035 593818 860343
-543682 303768 60661 575447
861438 372607 983207 561718
939548 54138 -388010 -643498
939548 54138 736069 707865
737473 293435 624831 -639623
-316321 333962 358592 217275
-141548 -232433 829529 -291570
-518846 979301 386175 444570
-802583 -404838 -61174 -678280
-293344 -883534 534686 -658958
-259798 474505 -52528 724560
478331 697854 -533389 -774969
70122 361366 -503663 386286
638426 -170297 -228711 -963107
396588 -541557 913122 -537091
181510 108248 -228711 -963107
-320922 -899220 -436488 932169
73212 552515 988587 335298
251198 824148 -302174 -272457
868570 30557 -735685 171702
96012 476462 377252 -598249
697427 745651 -228711 -963107
-141548 -232433 -666606 -758010
358592 217275 122420 -234472
-184099 -51930 -5729 52361
-98958 371038 -284940 -275827
377252 -598249 -986305 869936
-423182 335446 181510 108248
-278781 -874449 -789474 -817047
110358 4536 954576 -523807
-338768 819423 588748 316739
96012 476462 294748 873326
929439 382162 -653472 -87283
902354 734407 43336 -793324
902354 734407 697427 745651
-374419 -592084 -744171 626631
941431 346007 -724985 -96208
-983495 365643 757884 -217574
-98958 371038 -49228 22234
-731790 594414 -365775 -969649
-789452 -12782 -65979 -565294
-983495 365643 -686374 -587248
-703570 634182 193304 -162516
73212 552515 929439 382162
73212 552515 150089 9628
43336 -793324 -258055 -197735
-631018 -182708 -595178 221516
939548 54138 97038 -207234
736531 -879937 -733936 591976
680718 685743 511633 887752
-777898 154820 518718 931439
254017 -767135 297892 -357258
-732685 -888042 757884 -217574
272736 697373 998123 -764836
-621697 898582 -388010 -643498
-422473 419854 -482841 62
-762885 -594388 -571550 939172
-98958 371038 -691260 -447234
-855354 626740 386175 444570
518718 931439 378106 545507
678567 470035 107528 644325
-422473 419854 677458 -244868
677458 -244868 584380 814394
997529 117374 -732685 -888042
110358 4536 -525633 764247
792211 108222 107528 644325
116756 432593 379696 -67466
-634255 579615 -986305 869936
8824 355569 660392 312056
531947 199817 -724985 -96208
-939360 911135 -597752 662529
998123 -764836 65614 -915484
535059 583922 358592 217275
409911 856649 -5729 52361
-621697 898582 -744171 626631
-732685 -888042 -651148 -930604
-259798 474505 -158177 -277493
-986305 869936 -519671 -192514
-517393 557918 941431 346007
97493 979188 50740 135479
535059 583922 -52528 724560
-248340 293086 -116322 -643104
-453272 889420 -744171 626631
-71019 262038 905763 -877114
-686374 -587248 480818 -88152
-354757 619061 -376384 742194
-201770 -916404 462778 -952810
110358 4536 660392 312056
-832587 -378554 -80643 412744
-141548 -232433 -482841 62
-517393 557918 329830 -827658
734224 -830060 -834744 494767
-222191 -555681 -673059 -975157
360345 26586 -651148 -930604
-518846 979301 -80643 412744
-259798 474505 23249 -912907
-651148 -930604 748099 -743567
-757513 -979085 624831 -639623
23249 -912907 963042 974329
329830 -827658 122420 -234472
116756 432593 70122 361366
-601714 230042 673770 869726
396588 -541557 -353987 -556620
-983495 365643 329830 -827658
-670646 655610 377252 -598249
493434 240166 -71628 -975307
456937 -424957 -485086 -550226
-82603 -365831 645728 -353515
-735685 171702 203839 818215
-158177 -277493 861438 372607
392606 -237864 -49280 -427398
-372886 -737848 57411 449844
678567 470035 -802583 -404838
736531 -879937 260211 370102
-336388 424699 963042 974329
-201770 -916404 -747694 -556440
727287 -446038 480818 -88152
-248629 -657864 377252 -598249
396588 -541557 -794771 798220
785469 -690468 -427481 -403371
-744171 626631 -789474 -817047
152442 59921 624383 -449704
-855354 626740 50911 -759080
441457 208863 203839 818215
-54929 -947583 941431 346007
868570 30557 -216638 109026
635236 -662625 -747694 -556440
-983495 365643 -151940 -719816
-703570 634182 -181657 -262604
360345 26586 -848663 -617283
-601714 230042 -541758 -271826
-855354 626740 -673059 -975157
665268 -348460 297892 -357258
181510 108248 593818 860343
392606 -237864 33740 132199
118910 951962 854919 571463
73212 552515 -503663 386286
-5729 52361 -108345 -605211
50328 739295 -789474 -817047
-100356 -854542 -724586 -390077
677458 -244868 -192791 -399188
-133925 -799323 86551 729118
-133925 -799323 829529 -291570
-173459 929646 -673059 -975157
177407 497972 -851482 110992
-201770 -916404 -309288 92498
70122 361366 757884 -217574
588748 316739 299672 -201310
-248340 293086 246891 -155183
723145 -985429 834788 710866
-374419 -592084 -533389 -774969
107528 644325 65157 516945
665268 -348460 638426 -170297
-98958 371038 -116322 -643104
651289 -96355 -666606 -758010
97493 979188 379696 -67466
110358 4536 860995 -847482
386204 677345 535059 583922
-691260 -447234 860995 -847482
975010 -438192 749564 935051
-991262 -590684 -597752 662529
-52528 724560 -71628 -975307
574650 728825 -108345 -605211
638426 -170297 293047 399707
386175 444570 50911 -759080
409911 856649 803749 -852385
792211 108222 -388010 -643498
-732685 -888042 -525633 764247
-198922 -807723 -660223 96245
-133925 -799323 -519671 -192514
-828433 -276331 749564 935051
954576 -523807 -978958 104518
-329829 565091 834788 710866
118910 951962 829529 -291570
251198 824148 624383 -449704
-158177 -277493 588748 316739
683407 -47762 -670646 655610
405886 -380662 511633 887752
-306739 31232 152442 59921
177407 497972 -248629 -657864
-71019 262038 645728 -353515
-744171 626631 -978958 104518
677458 -244868 -65979 -565294
-54929 -947583 474243 -120195
73212 552515 81377 -82524
-306739 31232 97493 979188
-728486 -400469 -308177 171713
114215 119712 58212 -884171
294748 873326 792211 108222
409911 856649 58212 -884171
96012 476462 -427481 -403371
699660 -743829 -571550 939172
-52528 724560 624831 -639623
-259798 474505 -757513 -979085
-733936 591976 -353987 -556620
-601714 230042 366911 317092
-789452 -12782 645728 -353515
462778 -952810 723145 -985429
531947 199817 737473 293435
737473 293435 854919 571463
86551 729118 -427481 -403371
76978 -693097 699660 -743829
-789452 -12782 73681 -315702
901235 -159105 -851482 110992
-198922 -807723 -851482 110992
535059 583922 -841564 595889
73212 552515 624383 -449704
737473 293435 -372886 -737848
-482841 62 -607973 929017
-686374 -587248 -353987 -556620
460041 -552450 -71019 262038
378106 545507 785469 -690468
736531 -879937 -151940 -719816
559263 -557683 203839 818215
76978 -693097 -309288 92498
-634255 579615 -158177 -277493
3303 377356 284227 477156
-602232 990546 294748 873326
-634255 579615 -724985 -96208
-577819 340553 396588 -541557
478331 697854 299672 -201310
462778 -952810 -308177 171713
535059 583922 -533389 -774969
358592 217275 33740 132199
116756 432593 588748 316739
293047 399707 -228711 -963107
69029 45622 -427481 -403371
929439 382162 -228711 -963107
-173714 952668 -61940 243964
114215 119712 405886 -380662
-178523 -316148 624383 -449704
683407 -47762 -248629 -657864
-71019 262038 -389669 -828100
904392 356282 574650 728825
474243 -120195 58212 -884171
86551 729118 -488546 915772
660392 312056 -302174 -272457
-5729 52361 307834 890673
293047 399707 -571550 939172
-151940 -719816 -543682 303768
651289 -96355 97493 979188
-686374 -587248 -939360 911135
-789452 -12782 -77113 -918280
-93075 511693 913122 -537091
757884 -217574 -769845 -786520
23249 -912907 -789452 -12782
-686374 -587248 624383 -449704
73212 552515 -651148 -930604
43336 -793324 792211 108222
50740 135479 474243 -120195
804272 783426 -453272 889420
975010 -438192 -309288 92498
460041 -552450 834788 710866
868570 30557 3303 377356
-802583 -404838 -338768 819423
734224 -830060 677458 -244868
-517393 557918 81377 -82524
-98958 371038 574650 728825
164216 896482 -52528 724560
-802583 -404838 868570 30557
86551 729118 683348 131869
462778 -952810 734224 -830060
167097 -844776 913122 -537091
-93075 511693 164216 896482
-794771 798220 -488546 915772
-43643 321802 86551 729118
-953803 -604681 150244 819643
-248629 -657864 -524370 228006
-517393 557918 -192791 -399188
164216 896482 -338768 819423
-597752 662529 58212 -884171
-192791 -399188 33740 132199
478331 697854 -607973 929017
256193 -198895 -216638 109026
-607973 929017 -173459 929646
-284940 -275827 -607973 929017
-524370 228006 -942718 -16427
983207 561718 -173459 929646
-7927 -609429 -427925 111350
-309288 92498 852604 257262
-201770 -916404 929439 382162
-621697 898582 -983495 365643
460041 -552450 -49280 -427398
-485086 -550226 50911 -759080
954576 -523807 574650 728825
73212 552515 -61174 -678280
861438 372607 -651148 -930604
70122 361366 60661 575447
736069 707865 -482841 62
757884 -217574 -80643 412744
-597752 662529 -724985 -96208
-602232 990546 -181657 -262604
456937 -424957 677458 -244868
-577819 340553 -100356 -854542
736069 707865 -302174 -272457
-973828 488434 -848663 -617283
177407 497972 -79703 -332180
635236 -662625 748099 -743567
-731790 594414 -482841 62
-601714 230042 -851482 110992
-651148 -930604 294748 873326
651289 -96355 -116322 -643104
480818 -88152 683407 -47762
86551 729118 -308177 171713
355474 -833469 114215 119712
461057 -146254 -728486 -400469
-372886 -737848 -222191 -555681
-631018 -182708 -597752 662529
-284940 -275827 -316321 333962
-336388 424699 -769845 -786520
110358 4536 150244 819643
-953803 -604681 -453272 889420
734224 -830060 -597752 662529
861438 372607 73681 -315702
-43643 321802 758681 270475
-982187 -995390 907066 -974975
-248340 293086 -376384 742194
-602232 990546 65614 -915484
355474 -833469 -71628 -975307
-621697 898582 167097 -844776
-329829 565091 -724985 -96208
493434 240166 -423182 335446
76978 -693097 -724586 -390077
-731790 594414 -538688 -933480
-336388 424699 -541758 -271826
559263 -557683 -973828 488434
-602232 990546 -571550 939172
462778 -952810 -939360 911135
70122 361366 624831 -639623
-485086 -550226 593818 860343
678567 470035 -422473 419854
96012 476462 21758 -565422
905763 -877114 860995 -847482
-848663 -617283 461057 -146254
-784368 678602 431139 -938321
-733936 591976 -517393 557918
-973828 488434 734224 -830060
-731790 594414 8824 355569
462778 -952810 -302174 -272457
307834 890673 988587 335298
635236 -662625 651289 -96355
-777898 154820 -423182 335446
-732685 -888042 -694349 468722
523571 443406 -841564 595889
-577819 340553 699660 -743829
651289 -96355 -61940 243964
76978 -693097 785469 -690468
-703570 634182 574650 728825
-518846 979301 456937 -424957
-731790 594414 43336 -793324
-374419 -592084 8824 355569
660392 312056 379696 -67466
-320922 -899220 988587 335298
70122 361366 593818 860343
-794771 798220 727352 -580240
167097 -844776 -973828 488434
736531 -879937 -293344 -883534
678567 470035 -336388 424699
-71019 262038 -228711 -963107
-173714 952668 -116322 -643104
-374419 -592084 -789474 -817047
588748 316739 624383 -449704
523571 443406 -353987 -556620
-503663 386286 58212 -884171
941431 346007 -49228 22234
456937 -424957 -192791 -399188
901235 -159105 583992 -121374
-98958 371038 150244 819643
511633 887752 -173459 929646
-631018 -182708 246891 -155183
-248340 293086 -978958 104518
281339 426221 749564 935051
-703570 634182 804385 721151
164216 896482 852604 257262
-353987 -556620 -543682 303768
-601714 230042 181510 108248
904392 356282 829529 -291570
-784368 678602 -423182 335446
-133925 -799323 549732 201165
396588 -541557 193304 -162516
-891937 264845 757884 -217574
366911 317092 193304 -162516
-61940 243964 -724586 -390077
-631018 -182708 -541758 -271826
-634255 579615 473056 -170783
997529 117374 -686374 -587248
-151940 -719816 941431 346007
70122 361366 868570 30557
-133925 -799323 673770 869726
-184099 -51930 988587 335298
566559 -474302 852604 257262
-228711 -963107 688457 -543530
-198922 -807723 677458 -244868
559263 -557683 749564 935051
-524370 228006 -571550 939172
97038 -207234 -302174 -272457
-287924 765467 167097 -844776
43336 -793324 73681 -315702
577343 -256131 593818 860343
518718 931439 431139 -938321
307834 890673 -427481 -403371
-855354 626740 -724586 -390077
-336388 424699 -329829 565091
355474 -833469 -365775 -969649
-789452 -12782 983207 561718
-133925 -799323 574650 728825
-983495 365643 358592 217275
-54929 -947583 -100356 -854542
-65979 -565294 748099 -743567
152442 59921 -571550 939172
-98958 371038 -538688 -933480
-287924 765467 256193 -198895
-762885 -594388 963042 974329
-353987 -556620 954576 -523807
396588 -541557 673770 869726
-374419 -592084 758681 270475
-248340 293086 -108345 -605211
-519671 -192514 727352 -580240
441457 208863 -49228 22234
-158177 -277493 86551 729118
-43643 321802 297892 -357258
-43643 321802 -488546 915772
409911 856649 540990 342401
-133925 -799323 150089 9628
251198 824148 -248340 293086
680718 685743 624831 -639623
-43643 321802 441457 208863
-309288 92498 534686 -658958
281339 426221 73681 -315702
-691260 -447234 -49280 -427398
-336388 424699 688457 -543530
193304 -162516 660392 312056
660392 312056 -841564 595889
-198922 -807723 -65979 -565294
281339 426221 983207 561718
-517393 557918 -80643 412744
-93075 511693 150089 9628
737473 293435 -423182 335446
518718 931439 -173459 929646
-43643 321802 -939360 911135
-538688 -933480 70122 361366
-597752 662529 409911 856649
-133925 -799323 688457 -543530
-607973 929017 -79703 -332180
-942718 -16427 50911 -759080
360345 26586 651289 -96355
-181657 -262604 -248340 293086
152442 59921 -216638 109026
-309288 92498 431139 -938321
-198922 -807723 -762885 -594388
-518846 979301 -336388 424699
-802583 -404838 65614 -915484
-151940 -719816 905763 -877114
480818 -88152 834788 710866
-151940 -719816 334137 -360711
-724985 -96208 -302174 -272457
913122 -537091 -173459 929646
-602232 990546 792211 108222
860995 -847482 -673059 -975157
-287924 765467 791498 375411
-422473 419854 904392 356282
396588 -541557 -482841 62
-939360 911135 379696 -67466
386175 444570 -222191 -555681
-828433 -276331 785469 -690468
697427 745651 -525633 764247
-427925 111350 929439 382162
-953803 -604681 -670646 655610
386175 444570 -673059 -975157
377252 -598249 593818 860343
-372886 -737848 329830 -827658
-841564 595889 -673059 -975157
-192791 -399188 58212 -884171
246891 -155183 -308177 171713
975010 -438192 378106 545507
-388010 -643498 -228711 -963107
-7927 -609429 -309288 92498
73212 552515 645728 -353515
645728 -353515 -173459 929646
901235 -159105 -973828 488434
251198 824148 -329829 565091
-141548 -232433 749564 935051
-54929 -947583 651289 -96355
-365775 -969649 -571550 939172
-198922 -807723 736069 707865
-181657 -262604 -828433 -276331
-100356 -854542 294748 873326
-653472 -87283 81377 -82524
23249 -912907 -832587 -378554
474243 -120195 -571550 939172
461057 -146254 299672 -201310
868570 30557 114215 119712
939548 54138 -577819 340553
-133925 -799323 -49280 -427398
260211 370102 907066 -974975
635236 -662625 -784368 678602
150089 9628 474243 -120195
-703570 634182 60661 575447
804272 783426 -52528 724560
-93075 511693 57411 449844
-733936 591976 -735685 171702
-52528 724560 -841564 595889
-65979 -565294 -302174 -272457
697427 745651 803749 -852385
-184099 -51930 997529 117374
-181657 -262604 -82603 -365831
-923730 380601 988587 335298
-651148 -930604 -981801 -806625
460041 -552450 941431 346007
-181657 -262604 297892 -357258
118910 951962 683407 -47762
683407 -47762 593818 860343
-518846 979301 651289 -96355
392606 -237864 -744171 626631
683407 -47762 -631018 -182708
736531 -879937 -986305 869936
473056 -170783 -178036 231489
-226818 189942 734224 -830060
396588 -541557 905763 -877114
902354 734407 379696 -67466
405886 -380662 -376384 742194
281339 426221 688457 -543530
254017 -767135 -308177 171713
-372886 -737848 540990 342401
76978 -693097 -248629 -657864
460041 -552450 913122 -537091
-133925 -799323 -651148 -930604
-733936 591976 -316321 333962
-577819 340553 680718 685743
69029 45622 -173714 952668
-517393 557918 -178036 231489
929439 382162 378106 545507
-259798 474505 441457 208863
-777898 154820 456937 -424957
-686374 -587248 -784368 678602
474243 -120195 386175 444570
678567 470035 203839 818215
76978 -693097 -597752 662529
97038 -207234 -308177 171713
683348 131869 81377 -82524
-518846 979301 -789452 -12782
-98958 371038 -651148 -930604
-173714 952668 281339 426221
-43643 321802 -597752 662529
727352 -580240 -82603 -365831
8824 355569 583992 -121374
-320922 -899220 -834744 494767
660392 312056 749564 935051
-828433 -276331 -77113 -918280
-794771 798220 -423182 335446
963042 974329 -178523 -316148
-891937 264845 905763 -877114
474243 -120195 50911 -759080
-744171 626631 -192791 -399188
3303 377356 683348 131869
-991262 -590684 -436488 932169
-192791 -399188 907066 -974975
-284940 -275827 152442 59921
462778 -952810 297892 -357258
-660223 96245 110358 4536
-744171 626631 860995 -847482
-198922 -807723 -216638 109026
-293344 -883534 -79703 -332180
678567 470035 -571550 939172
474243 -120195 334137 -360711
150089 9628 988587 335298
-607973 929017 405886 -380662
-258055 -197735 -423182 335446
-329829 565091 -651148 -930604
-686374 -587248 -789474 -817047
-784368 678602 -389669 -828100
-141548 -232433 -49228 22234
-98958 371038 441457 208863
-694349 468722 -82603 -365831
-248340 293086 431139 -938321
588748 316739 534686 -658958
50328 739295 624383 -449704
-79703 -332180 -541758 -271826
929439 382162 57411 449844
493434 240166 860995 -847482
73212 552515 272736 697373
97493 979188 -923730 380601
-981801 -806625 963042 974329
-747553 -787884 -201770 -916404
678567 470035 -983495 365643
-43643 321802 -802583 -404838
-173714 952668 -372886 -737848
929439 382162 904392 356282
-158177 -277493 181510 108248
683407 -47762 -939360 911135
-353987 -556620 -832587 -378554
941431 346007 988587 335298
-517393 557918 677458 -244868
-607973 929017 588748 316739
-61174 -678280 -571550 939172
377252 -598249 -61174 -678280
902354 734407 -5729 52361
651289 -96355 -691260 -447234
-287924 765467 -154799 877223
905763 -877114 748099 -743567
651289 -96355 181510 108248
114215 119712 854919 571463
-100356 -854542 -607973 929017
651289 -96355 378106 545507
683407 -47762 -5729 52361
-54929 -947583 -427481 -403371
-939360 911135 65157 516945
50740 135479 -942718 -16427
150244 819643 73681 -315702
360345 26586 114215 119712
-406197 -557734 -769845 -786520
-744171 626631 988587 335298
758681 270475 405886 -380662
-201770 -916404 -365775 -969649
-80643 412744 688457 -543530
-660223 96245 293047 399707
-731790 594414 -986305 869936
152442 59921 -524370 228006
-691260 -447234 256193 -198895
-777898 154820 -178036 231489
-184099 -51930 -388010 -643498
-7927 -609429 -848663 -617283
-406197 -557734 531947 199817
-353987 -556620 -52528 724560
152442 59921 -982187 -995390
392606 -237864 868570 30557
152442 59921 540990 342401
-365775 -969649 -61174 -678280
-978958 104518 -49228 22234
355474 -833469 478331 697854
-991262 -590684 246891 -155183
736531 -879937 69029 45622
473056 -170783 -376384 742194
-198922 -807723 377252 -598249
-733936 591976 193304 -162516
665268 -348460 -802583 -404838
-388010 -643498 -154799 877223
164216 896482 -201770 -916404
386204 677345 -735685 171702
-691260 -447234 511633 887752
913122 -537091 583992 -121374
736069 707865 748099 -743567
-427925 111350 904392 356282
441457 208863 -79703 -332180
-757513 -979085 -724586 -390077
409911 856649 60661 575447
-485086 -550226 97493 979188
-406197 -557734 -828433 -276331
734224 -830060 -724586 -390077
-777898 154820 -302174 -272457
-427925 111350 -248629 -657864
988587 335298 834788 710866
-983495 365643 -673059 -975157
-79703 -332180 757884 -217574
480818 -88152 -65979 -565294
-287924 765467 386175 444570
954576 -523807 -673059 -975157
260211 370102 749564 935051
748099 -743567 854919 571463
531947 199817 929439 382162
-733936 591976 803749 -852385
861438 372607 535059 583922
386204 677345 -538688 -933480
913122 -537091 -354757 619061
-747553 -787884 441457 208863
360345 26586 456937 -424957
360345 26586 635236 -662625
-91477 -255764 913122 -537091
-309288 92498 456937 -424957
678567 470035 683348 131869
33740 132199 -302174 -272457
-602232 990546 -353987 -556620
624831 -639623 -834744 494767
-258055 -197735 -503663 386286
86551 729118 81377 -82524
-154799 877223 122420 -234472
21758 -565422 -533389 -774969
-670646 655610 748099 -743567
-802583 -404838 804385 721151
167097 -844776 -724586 -390077
-543682 303768 -982187 -995390
396588 -541557 65157 516945
43336 -793324 511633 887752
678567 470035 181510 108248
256193 -198895 -154799 877223
-436488 932169 378106 545507
164216 896482 748099 -743567
683407 -47762 -973828 488434
-802583 -404838 68624 10662
-61940 243964 -978958 104518
588748 316739 791498 375411
251198 824148 -248629 -657864
110358 4536 -216638 109026
-93075 511693 -293344 -883534
736531 -879937 -216638 109026
473056 -170783 168904 -980735
152442 59921 -733936 591976
-724586 -390077 511633 887752
246891 -155183 -923730 380601
861438 372607 -769845 -786520
-133925 -799323 535059 583922
-427925 111350 -900632 -572072
975010 -438192 -222191 -555681
68624 10662 -49280 -427398
81377 -82524 -302174 -272457
829529 -291570 -724985 -96208
-278781 -874449 904392 356282
-133925 -799323 167097 -844776
-762885 -594388 577343 -256131
-733936 591976 535059 583922
-728486 -400469 -541758 -271826
-981801 -806625 511633 887752
-406197 -557734 297892 -357258
355474 -833469 164216 896482
785469 -690468 624383 -449704
-517393 557918 181510 108248
-735685 171702 50740 135479
-525633 764247 -607973 929017
-732685 -888042 983207 561718
624831 -639623 -302174 -272457
86551 729118 409911 856649
-939360 911135 -595178 221516
-389669 -828100 -80643 412744
905763 -877114 941431 346007
-93075 511693 8824 355569
-577819 340553 785469 -690468
577343 -256131 907066 -974975
409911 856649 683348 131869
804272 783426 23249 -912907
-485086 -550226 583992 -121374
727287 -446038 -485086 -550226
254017 -767135 -61174 -678280
-855354 626740 904392 356282
-834744 494767 379696 -67466
-939360 911135 203839 818215
-784368 678602 107528 644325
-353987 -556620 307834 890673
905763 -877114 -533389 -774969
366911 317092 -931333 901473
118910 951962 480818 -88152
-173714 952668 -338768 819423
963042 974329 -173459 929646
-422473 419854 307834 890673
-374419 -592084 -309288 92498
65157 516945 -571550 939172
-316321 333962 -388010 -643498
-184099 -51930 -931333 901473
-517393 557918 785469 -690468
-309288 92498 358592 217275
-71019 262038 829529 -291570
-973828 488434 677458 -244868
-986305 869936 660392 312056
-518846 979301 834788 710866
-724985 -96208 50911 -759080
535059 583922 -762885 -594388
86551 729118 150244 819643
902354 734407 -222191 -555681
-427925 111350 624383 -449704
-71019 262038 294748 873326
-173714 952668 -981801 -806625
998123 -764836 203839 818215
511633 887752 -80643 412744
-939360 911135 -302174 -272457
50911 -759080 688457 -543530
-61940 243964 540990 342401
-71019 262038 -653472 -87283
861438 372607 988587 335298
360345 26586 -80643 412744
-703570 634182 -851482 110992
-91477 -255764 -923730 380601
360345 26586 -43643 321802
473056 -170783 -631018 -182708
-422473 419854 683407 -47762
118910 951962 -184099 -51930
167097 -844776 -543682 303768
251198 824148 757884 -217574
456937 -424957 -533389 -774969
107528 644325 577343 -256131
-802583 -404838 -666606 -758010
-538688 -933480 441457 208863
-54929 -947583 366911 317092
-284940 -275827 -953803 -604681
360345 26586 673770 869726
43336 -793324 -5729 52361
-453272 889420 -571550 939172
-732685 -888042 660392 312056
-336388 424699 -141548 -232433
939548 54138 -828433 -276331
727287 -446038 -49228 22234
-939360 911135 299672 -201310
-201770 -916404 23249 -912907
-98958 371038 -982187 -995390
86551 729118 -372886 -737848
152442 59921 65614 -915484
-287924 765467 -178036 231489
737473 293435 3303 377356
-7927 -609429 -133925 -799323
396588 -541557 677458 -244868
150244 819643 -478066 57006
-653472 -87283 -851482 110992
-316321 333962 -108345 -605211
-284940 -275827 -524370 228006
-889 378497 122420 -234472
-5729 52361 -308177 171713
737473 293435 535059 583922
-365775 -969649 -762885 -594388
-54929 -947583 -5729 52361
360345 26586 -983495 365643
76978 -693097 284227 477156
462778 -952810 203839 818215
386204 677345 -91477 -255764
861438 372607 -832587 -378554
177407 497972 -316321 333962
168904 -980735 -154799 877223
-7927 -609429 860995 -847482
-991262 -590684 -222191 -555681
281339 426221 -372886 -737848
473056 -170783 378106 545507
-900632 -572072 954576 -523807
868570 30557 -543682 303768
355474 -833469 -855354 626740
574650 728825 645728 -353515
-100356 -854542 -423182 335446
193304 -162516 785469 -690468
-284940 -275827 -841564 595889
677458 -244868 -77113 -918280
559263 -557683 -82603 -365831
-133925 -799323 792211 108222
-631018 -182708 549732 201165
-181657 -262604 377252 -598249
69029 45622 -336388 424699
23249 -912907 -653472 -87283
-91477 -255764 -571550 939172
-198922 -807723 757884 -217574
624831 -639623 593818 860343
-43643 321802 749564 935051
-329829 565091 583992 -121374
723145 -985429 749564 935051
-427925 111350 757884 -217574
366911 317092 478331 697854
254017 -767135 -388010 -643498
-777898 154820 -5729 52361
-336388 424699 493434 240166
-621697 898582 723145 -985429
861438 372607 -543682 303768
392606 -237864 -226818 189942
941431 346007 -747694 -556440
-365775 -969649 409911 856649
-7927 -609429 110358 4536
566559 -474302 58212 -884171
-744171 626631 358592 217275
-724985 -96208 329830 -827658
635236 -662625 -226818 189942
355474 -833469 -374419 -592084
167097 -844776 852604 257262
-228711 -963107 534686 -658958
-602232 990546 -762885 -594388
377252 -598249 -978958 104518
-724586 -390077 593818 860343
929439 382162 -338768 819423
68624 10662 58212 -884171
-116322 -643104 -178523 -316148
583992 -121374 -541758 -271826
-198922 -807723 -789474 -817047
-116322 -643104 -478066 57006
-524370 228006 -607973 929017
8824 355569 -981801 -806625
-828433 -276331 834788 710866
-485086 -550226 -981801 -806625
272736 697373 997529 117374
386204 677345 -601714 230042
-116322 -643104 -923730 380601
736069 707865 854919 571463
366911 317092 -942718 -16427
-71019 262038 -832587 -378554
-973828 488434 829529 -291570
-991262 -590684 -673059 -975157
177407 497972 254017 -767135
-653472 -87283 -388010 -643498
929439 382162 281339 426221
-329829 565091 307834 890673
566559 -474302 -374419 -592084
804272 783426 478331 697854
478331 697854 -651148 -930604
-43643 321802 -248340 293086
69029 45622 963042 974329
76978 -693097 -173459 929646
635236 -662625 -794771 798220
638426 -170297 493434 240166
150089 9628 -673059 -975157
-7927 -609429 -336388 424699
-686374 -587248 478331 697854
518718 931439 645728 -353515
386204 677345 358592 217275
50740 135479 3303 377356
-855354 626740 680718 685743
480818 -88152 673770 869726
-602232 990546 -427481 -403371
792211 108222 358592 217275
-900632 -572072 549732 201165
-889 378497 -601714 230042
396588 -541557 116756 432593
386204 677345 -855354 626740
-923730 380601 50911 -759080
-983495 365643 -538688 -933480
307834 890673 699660 -743829
-747553 -787884 868570 30557
-43643 321802 -541758 -271826
-828433 -276331 -154799 877223
73212 552515 -192791 -399188
-789452 -12782 -388010 -643498
-789452 -12782 723145 -985429
-939360 911135 -841564 595889
-503663 386286 -427481 -403371
913122 -537091 723145 -985429
114215 119712 168904 -980735
-71019 262038 -338768 819423
-178036 231489 33740 132199
-757513 -979085 748099 -743567
461057 -146254 785469 -690468
902354 734407 -762885 -594388
-653472 -87283 203839 818215
-983495 365643 -178523 -316148
107528 644325 -178523 -316148
-192791 -399188 -49228 22234
-538688 -933480 366911 317092
3303 377356 699660 -743829
905763 -877114 -673059 -975157
804272 783426 -607973 929017
-422473 419854 905763 -877114
-621697 898582 727287 -446038
-71019 262038 50740 135479
-248629 -657864 -631018 -182708
203839 818215 358592 217275
-607973 929017 -302174 -272457
-524370 228006 -694349 468722
272736 697373 58212 -884171
-374419 -592084 -151940 -719816
