1000
35680 262530 -339076 -621792
399147 -931842 -91089 511361
-489238 945998 -800279 -859436
399147 -931842 692800 -448903
-392167 -234758 545691 -259114
488348 215048 668576 -490485
-783452 -433896 467790 -440108
-655246 798269 -516936 -616274
467790 -440108 536421 376419
648787 -831659 -22229 -659808
625864 214239 793799 318542
467790 -440108 128745 655901
-411782 -599980 231367 -289315
657999 -468179 298932 316199
-879887 -69264 422411 -639170
-508348 197780 -441915 283654
-489238 945998 -411782 -599980
488348 215048 692800 -448903
-22229 -659808 753167 547008
-606168 380840 536421 376419
625864 214239 -615397 315648
-879887 -69264 793799 318542
-489238 945998 648787 -831659
-879887 -69264 269522 37681
472752 -971233 -688993 -278292
472752 -971233 128745 655901
-783452 -433896 128745 655901
-879887 -69264 -160827 84228
-489238 945998 -198374 -991049
-802912 -885484 137018 902151
648787 -831659 -92279 -231404
-438904 -363869 520270 785052
-879887 -69264 -67639 -733453
-879887 -69264 338982 -299259
111884 357507 137018 902151
35680 262530 -411782 -599980
725020 308910 -598267 -947239
272192 495862 186202 422012
472752 -971233 -655246 798269
625864 214239 545691 -259114
-802912 -885484 -493560 61630
668576 -490485 793799 318542
-15857 545835 -598267 -947239
-489238 945998 -371731 -886342
625864 214239 -91089 511361
-833431 -252214 730071 722830
-509181 879331 422411 -639170
-438904 -363869 -508348 197780
-438904 -363869 -144205 548557
298932 316199 186202 422012
-411782 -599980 -371731 -886342
-879887 -69264 930804 -919328
730071 722830 668576 -490485
-371731 -886342 264019 905063
625864 214239 -144205 548557
-411782 -599980 692800 -448903
-211861 855033 -371731 -886342
-493560 61630 186202 422012
-324463 384156 272192 495862
-783452 -433896 668576 -490485
36230 994025 467790 -440108
-411782 -599980 -839892 441776
-489238 945998 128745 655901
467790 -440108 692800 -448903
488348 215048 399843 -235254
-392167 -234758 272192 495862
399147 -931842 488348 215048
-438904 -363869 648787 -831659
111299 630480 -371731 -886342
-783452 -433896 692800 -448903
-598267 -947239 -144205 548557
-438904 -363869 591188 -239569
-802912 -885484 536421 376419
-802912 -885484 -64827 -499646
-493560 61630 470762 286115
-392167 -234758 267383 84512
399147 -931842 -667828 801573
-392167 -234758 -371731 -886342
625864 214239 472752 -971233
-489238 945998 422411 -639170
-489238 945998 267383 84512
-392167 -234758 472752 -971233
-438904 -363869 846471 287948
-67639 -733453 -688993 -278292
-879887 -69264 -441915 283654
-438904 -363869 35680 262530
-411782 -599980 -513314 764617
337116 552052 470762 286115
648787 -831659 545691 -259114
399147 -931842 472752 -971233
-489238 945998 692800 -448903
-802912 -885484 -339076 -621792
-64827 -499646 -667828 801573
648787 -831659 882661 461741
265222 445964 683065 91370
-438904 -363869 545691 -259114
-800279 -859436 520270 785052
648787 -831659 467790 -440108
-438904 -363869 -509181 879331
-879887 -69264 -783452 -433896
399147 -931842 -516936 -616274
730071 722830 399843 -235254
-67639 -733453 -615397 315648
321694 -317899 399843 -235254
-438904 -363869 267383 84512
625864 214239 272192 495862
-879887 -69264 35680 262530
-64827 -499646 -508348 197780
-438904 -363869 -879887 -69264
536421 376419 545691 -259114
-411782 -599980 -91089 511361
-802912 -885484 231367 -289315
488348 215048 545691 -259114
472752 -971233 488348 215048
-392167 -234758 242578 457735
-802912 -885484 399843 -235254
-516936 -616274 -839892 441776
-67639 -733453 -833431 -252214
-493560 61630 -598267 -947239
-438904 -363869 137018 902151
36230 994025 -67639 -733453
267383 84512 668576 -490485
269522 37681 793799 318542
-438904 -363869 -91089 511361
581985 490065 -198374 -991049
-493560 61630 -509181 879331
-67639 -733453 882661 461741
625864 214239 -783452 -433896
-392167 -234758 -114552 -33949
-114552 -33949 668576 -490485
625864 214239 882661 461741
-67639 -733453 267383 84512
-211861 855033 137018 902151
314338 -263392 111299 630480
-839892 441776 882661 461741
-783452 -433896 -598267 -947239
36230 994025 -392167 -234758
-67639 -733453 -64827 -499646
399147 -931842 930804 -919328
-879887 -69264 854256 561577
798935 263632 186202 422012
-438904 -363869 134868 163535
272192 495862 314338 -263392
648787 -831659 35680 262530
-438904 -363869 581985 490065
-802912 -885484 -371731 -886342
-879887 -69264 -525995 340550
730071 722830 -839892 441776
36230 994025 -91089 511361
648787 -831659 -800279 -859436
488348 215048 186202 422012
793799 318542 470762 286115
-392167 -234758 186202 422012
-489238 945998 467790 -440108
-513314 764617 545691 -259114
-879887 -69264 -324463 384156
-411782 -599980 854256 561577
625864 214239 -92279 -231404
-879887 -69264 267383 84512
-493560 61630 854256 561577
-438904 -363869 321694 -317899
-438904 -363869 -67639 -733453
35680 262530 -598267 -947239
-67639 -733453 186202 422012
-879887 -69264 264019 905063
536421 376419 -297380 117234
-879887 -69264 545691 -259114
399147 -931842 128745 655901
472752 -971233 321694 -317899
472752 -971233 591188 -239569
472752 -971233 -508348 197780
-879887 -69264 321694 -317899
648787 -831659 730071 722830
793799 318542 545691 -259114
-783452 -433896 -615397 315648
472752 -971233 536421 376419
-783452 -433896 488348 215048
-64827 -499646 591188 -239569
810992 464254 -839892 441776
625864 214239 137018 902151
35680 262530 -509181 879331
-493560 61630 -615397 315648
-493560 61630 -297380 117234
854256 561577 581985 490065
36230 994025 -839892 441776
-879887 -69264 470762 286115
-22229 -659808 -297380 117234
399147 -931842 882661 461741
-879887 -69264 730071 722830
-802912 -885484 -441915 283654
-114552 -33949 399843 -235254
-783452 -433896 -67639 -733453
-489238 945998 -598267 -947239
648787 -831659 -160827 84228
36230 994025 399843 -235254
-879887 -69264 272192 495862
-879887 -69264 -509181 879331
-392167 -234758 517927 -493259
854256 561577 128745 655901
648787 -831659 321694 -317899
488348 215048 321694 -317899
-802912 -885484 321694 -317899
399147 -931842 -802912 -885484
35680 262530 -144205 548557
648787 -831659 520270 785052
-392167 -234758 -839892 441776
-64827 -499646 467790 -440108
-489238 945998 -833431 -252214
-489238 945998 -92279 -231404
-489238 945998 -67639 -733453
-879887 -69264 882661 461741
648787 -831659 -324463 384156
472752 -971233 272192 495862
-509181 879331 793799 318542
-879887 -69264 -839892 441776
-489238 945998 472752 -971233
-879887 -69264 692800 -448903
488348 215048 -598267 -947239
648787 -831659 472752 -971233
-67639 -733453 488348 215048
467790 -440108 186202 422012
-489238 945998 -513314 764617
-688993 -278292 399843 -235254
-91089 511361 -371731 -886342
648787 -831659 930804 -919328
-802912 -885484 -509181 879331
854256 561577 793799 318542
-879887 -69264 -114552 -33949
657999 -468179 648787 -831659
-783452 -433896 470762 286115
-411782 -599980 321694 -317899
399147 -931842 -586107 890417
-438904 -363869 -598267 -947239
-438904 -363869 -868950 -465105
625864 214239 321694 -317899
-879887 -69264 -493560 61630
648787 -831659 267383 84512
-493560 61630 -144205 548557
-438904 -363869 -26027 -431224
399147 -931842 854256 561577
36230 994025 137018 902151
-489238 945998 -64827 -499646
648787 -831659 470762 286115
-64827 -499646 -91089 511361
648787 -831659 -411782 -599980
128745 655901 231367 -289315
242578 457735 -378748 -677585
730071 722830 321694 -317899
128745 655901 -15857 545835
-64827 -499646 793799 318542
-438904 -363869 -339076 -621792
-91089 511361 186202 422012
-879887 -69264 -615397 315648
-879887 -69264 657999 -468179
-879887 -69264 472752 -971233
-508348 197780 128745 655901
625864 214239 -802912 -885484
-802912 -885484 -586107 890417
472752 -971233 -839892 441776
-879887 -69264 -993565 -433114
536421 376419 -598267 -947239
-879887 -69264 -371731 -886342
-489238 945998 -26027 -431224
128745 655901 668576 -490485
-438904 -363869 488348 215048
-67639 -733453 314338 -263392
581985 490065 -160827 84228
-489238 945998 -586107 890417
472752 -971233 -509181 879331
36230 994025 488348 215048
399147 -931842 242578 457735
36230 994025 545691 -259114
-493560 61630 -64827 -499646
-489238 945998 591188 -239569
-438904 -363869 793799 318542
625864 214239 769830 11406
36230 994025 -509181 879331
-489238 945998 264019 905063
472752 -971233 -144205 548557
-392167 -234758 -921426 -46711
399147 -931842 231367 -289315
-879887 -69264 -688993 -278292
35680 262530 -91089 511361
648787 -831659 36230 994025
-509181 879331 399843 -235254
-688993 -278292 769830 11406
-438904 -363869 -371731 -886342
-509181 879331 854256 561577
-667828 801573 -324463 384156
472752 -971233 692800 -448903
-411782 -599980 -144205 548557
-392167 -234758 668576 -490485
-392167 -234758 520270 785052
-688993 -278292 -441915 283654
-802912 -885484 692800 -448903
267383 84512 338982 -299259
-35082 961899 692800 -448903
-411782 -599980 -800279 -859436
-509181 879331 128745 655901
-297380 117234 -525995 340550
-802912 -885484 545691 -259114
-64827 -499646 264019 905063
-67639 -733453 422411 -639170
810992 464254 769830 11406
-489238 945998 -509181 879331
-324463 384156 668576 -490485
467790 -440108 793799 318542
-489238 945998 338982 -299259
399147 -931842 536421 376419
-879887 -69264 314338 -263392
36230 994025 422411 -639170
128745 655901 930804 -919328
-493560 61630 657999 -468179
-879887 -69264 -64827 -499646
472752 -971233 -114552 -33949
-783452 -433896 -144205 548557
-489238 945998 -615397 315648
846471 287948 536421 376419
625864 214239 488348 215048
399147 -931842 -493560 61630
-489238 945998 470762 286115
648787 -831659 517927 -493259
35680 262530 -160827 84228
730071 722830 -441915 283654
-655246 798269 272192 495862
-489238 945998 36230 994025
648787 -831659 725020 308910
-802912 -885484 272192 495862
36230 994025 -160827 84228
-509181 879331 692800 -448903
36230 994025 35680 262530
625864 214239 -371731 -886342
-489238 945998 -211861 855033
399147 -931842 -392167 -234758
-411782 -599980 -114552 -33949
321694 -317899 -615397 315648
467790 -440108 730071 722830
467790 -440108 -839892 441776
536421 376419 -513314 764617
-392167 -234758 467790 -440108
399147 -931842 668576 -490485
-509181 879331 -839892 441776
-879887 -69264 798935 263632
-438904 -363869 -615397 315648
-35082 961899 -839892 441776
-783452 -433896 683065 91370
-438904 -363869 264019 905063
625864 214239 591188 -239569
-489238 945998 298932 316199
648787 -831659 -868950 -465105
399147 -931842 -598267 -947239
648787 -831659 -441915 283654
648787 -831659 -586107 890417
36230 994025 854256 561577
930804 -919328 854256 561577
399147 -931842 321694 -317899
488348 215048 683065 91370
-489238 945998 683065 91370
-802912 -885484 186202 422012
488348 215048 128745 655901
35680 262530 793799 318542
648787 -831659 314338 -263392
-783452 -433896 854256 561577
-493560 61630 -441915 283654
-392167 -234758 137018 902151
854256 561577 -371731 -886342
-438904 -363869 -800279 -859436
27898 751243 545691 -259114
-525995 340550 536421 376419
-489238 945998 793799 318542
648787 -831659 753167 547008
36230 994025 267383 84512
625864 214239 -392167 -234758
-438904 -363869 930804 -919328
730071 722830 -160827 84228
35680 262530 520270 785052
-489238 945998 769830 11406
854256 561577 -598267 -947239
-114552 -33949 882661 461741
-802912 -885484 -839892 441776
399147 -931842 -324463 384156
35680 262530 467790 -440108
-64827 -499646 -839892 441776
-783452 -433896 -64827 -499646
-783452 -433896 321694 -317899
399147 -931842 272192 495862
-489238 945998 272192 495862
725020 308910 -509181 879331
-879887 -69264 591188 -239569
-438904 -363869 265222 445964
-438904 -363869 -516936 -616274
-802912 -885484 591188 -239569
-438904 -363869 231367 -289315
36230 994025 -688993 -278292
648787 -831659 272192 495862
930804 -919328 137018 902151
-489238 945998 545691 -259114
467790 -440108 -598267 -947239
-67639 -733453 -839892 441776
-802912 -885484 27898 751243
-438904 -363869 128745 655901
-802912 -885484 -91089 511361
399147 -931842 -783452 -433896
399147 -931842 -297380 117234
399147 -931842 -441915 283654
-783452 -433896 422411 -639170
-489238 945998 753167 547008
472752 -971233 -92279 -231404
-489238 945998 -22229 -659808
488348 215048 -839892 441776
648787 -831659 -67639 -733453
-493560 61630 128745 655901
-783452 -433896 -839892 441776
-438904 -363869 854256 561577
-392167 -234758 -67639 -733453
648787 -831659 625864 214239
472752 -971233 467790 -440108
-392167 -234758 683065 91370
-606168 380840 769830 11406
-783452 -433896 -92279 -231404
-91089 511361 137018 902151
-489238 945998 625864 214239
-489238 945998 -802912 -885484
-411782 -599980 -64827 -499646
-493560 61630 267383 84512
-411782 -599980 488348 215048
399147 -931842 -371731 -886342
-64827 -499646 545691 -259114
267383 84512 769830 11406
488348 215048 -64827 -499646
399147 -931842 -67639 -733453
625864 214239 267383 84512
-493560 61630 -371731 -886342
399147 -931842 470762 286115
-493560 61630 269522 37681
793799 318542 321694 -317899
-438904 -363869 730071 722830
-411782 -599980 186202 422012
35680 262530 338982 -299259
35680 262530 591188 -239569
648787 -831659 -64827 -499646
-15857 545835 186202 422012
269522 37681 692800 -448903
-35082 961899 -508348 197780
-879887 -69264 581985 490065
265222 445964 -525995 340550
-879887 -69264 128745 655901
-489238 945998 -114552 -33949
35680 262530 846471 287948
488348 215048 231367 -289315
625864 214239 -839892 441776
-198374 -991049 545691 -259114
488348 215048 854256 561577
-67639 -733453 536421 376419
-438904 -363869 657999 -468179
-441915 283654 -615397 315648
-802912 -885484 -67639 -733453
725020 308910 -392167 -234758
-508348 197780 668576 -490485
-411782 -599980 399843 -235254
-67639 -733453 769830 11406
648787 -831659 769830 11406
-411782 -599980 467790 -440108
-783452 -433896 35680 262530
36230 994025 -92279 -231404
-392167 -234758 854256 561577
-493560 61630 321694 -317899
648787 -831659 -35082 961899
35680 262530 -26027 -431224
-489238 945998 269522 37681
36230 994025 -441915 283654
648787 -831659 264019 905063
-441915 283654 321694 -317899
472752 -971233 -411782 -599980
-438904 -363869 272192 495862
-802912 -885484 793799 318542
-160827 84228 545691 -259114
-802912 -885484 683065 91370
-438904 -363869 -833431 -252214
-525995 340550 272192 495862
-802912 -885484 472752 -971233
-489238 945998 668576 -490485
36230 994025 314338 -263392
111884 357507 128745 655901
-438904 -363869 668576 -490485
-438904 -363869 -667828 801573
536421 376419 -688993 -278292
-879887 -69264 -598267 -947239
267383 84512 591188 -239569
321694 -317899 -160827 84228
648787 -831659 137018 902151
-615397 315648 231367 -289315
-489238 945998 -441915 283654
35680 262530 -324463 384156
-489238 945998 -688993 -278292
-783452 -433896 -508348 197780
810992 464254 298932 316199
265222 445964 -615397 315648
-879887 -69264 399147 -931842
-879887 -69264 -392167 -234758
-879887 -69264 36230 994025
399843 -235254 -371731 -886342
-392167 -234758 769830 11406
625864 214239 -598267 -947239
-802912 -885484 846471 287948
-489238 945998 488348 215048
-392167 -234758 -598267 -947239
-15857 545835 520270 785052
625864 214239 -160827 84228
625864 214239 683065 91370
36230 994025 265222 445964
854256 561577 -655246 798269
35680 262530 186202 422012
854256 561577 536421 376419
134868 163535 692800 -448903
472752 -971233 -598267 -947239
-783452 -433896 186202 422012
-438904 -363869 -92279 -231404
-667828 801573 -516936 -616274
399147 -931842 -509181 879331
472752 -971233 -525995 340550
-802912 -885484 36230 994025
-438904 -363869 186202 422012
-67639 -733453 472752 -971233
-513314 764617 399147 -931842
-493560 61630 -688993 -278292
27898 751243 -783452 -433896
-411782 -599980 793799 318542
-392167 -234758 692800 -448903
-489238 945998 -91089 511361
-509181 879331 668576 -490485
399147 -931842 314338 -263392
-64827 -499646 854256 561577
-438904 -363869 -324463 384156
-489238 945998 399147 -931842
35680 262530 683065 91370
725020 308910 730071 722830
-67639 -733453 730071 722830
-879887 -69264 520270 785052
-802912 -885484 128745 655901
-493560 61630 472752 -971233
-64827 -499646 -371731 -886342
-438904 -363869 467790 -440108
-64827 -499646 536421 376419
648787 -831659 536421 376419
472752 -971233 -441915 283654
-493560 61630 -525995 340550
-67639 -733453 668576 -490485
-802912 -885484 730071 722830
-667828 801573 399843 -235254
-411782 -599980 -688993 -278292
-144205 548557 545691 -259114
-392167 -234758 399843 -235254
467790 -440108 298932 316199
-802912 -885484 488348 215048
-802912 -885484 35680 262530
-438904 -363869 -297380 117234
-802912 -885484 769830 11406
-586107 890417 854256 561577
648787 -831659 488348 215048
-411782 -599980 -509181 879331
-67639 -733453 470762 286115
399147 -931842 27898 751243
488348 215048 -509181 879331
36230 994025 -371731 -886342
725020 308910 -35082 961899
854256 561577 668576 -490485
-438904 -363869 338982 -299259
-438904 -363869 -160827 84228
359594 447209 882661 461741
-879887 -69264 -92279 -231404
-67639 -733453 692800 -448903
-879887 -69264 -833431 -252214
648787 -831659 -598267 -947239
35680 262530 399843 -235254
536421 376419 683065 91370
-67639 -733453 -598267 -947239
-392167 -234758 35680 262530
-489238 945998 -783452 -433896
-489238 945998 -324463 384156
-438904 -363869 -513314 764617
-489238 945998 -144205 548557
488348 215048 -91089 511361
36230 994025 730071 722830
488348 215048 -655246 798269
35680 262530 321694 -317899
-489238 945998 137018 902151
-802912 -885484 267383 84512
-509181 879331 730071 722830
472752 -971233 -993565 -433114
35680 262530 267383 84512
882661 461741 769830 11406
-509181 879331 321694 -317899
467790 -440108 -371731 -886342
648787 -831659 591188 -239569
128745 655901 769830 11406
-783452 -433896 36230 994025
3763 -774592 692800 -448903
-783452 -433896 -392167 -234758
730071 722830 793799 318542
314338 -263392 -411782 -599980
-879887 -69264 -516936 -616274
-783452 -433896 793799 318542
-438904 -363869 314338 -263392
-879887 -69264 -297380 117234
648787 -831659 -615397 315648
591188 -239569 668576 -490485
-394429 932296 137018 902151
730071 722830 -598267 -947239
-489238 945998 -839892 441776
399147 -931842 338982 -299259
35680 262530 -92279 -231404
467790 -440108 769830 11406
-489238 945998 536421 376419
-438904 -363869 -525995 340550
399147 -931842 -993565 -433114
625864 214239 536421 376419
-411782 -599980 128745 655901
-411782 -599980 -441915 283654
581985 490065 -64827 -499646
625864 214239 657999 -468179
35680 262530 298932 316199
134868 163535 128745 655901
625864 214239 399843 -235254
35680 262530 753167 547008
399147 -931842 467790 -440108
35680 262530 -508348 197780
-67639 -733453 793799 318542
625864 214239 128745 655901
-392167 -234758 -339076 -621792
-493560 61630 -91089 511361
-438904 -363869 -64827 -499646
-392167 -234758 -64827 -499646
-489238 945998 186202 422012
-67639 -733453 -91089 511361
-667828 801573 -92279 -231404
128745 655901 -598267 -947239
-67639 -733453 545691 -259114
467790 -440108 399843 -235254
-493560 61630 -833431 -252214
472752 -971233 -160827 84228
35680 262530 517927 -493259
-198374 -991049 269522 37681
-438904 -363869 470762 286115
692800 -448903 -144205 548557
648787 -831659 -802912 -885484
-783452 -433896 472752 -971233
-839892 441776 186202 422012
-489238 945998 -525995 340550
625864 214239 407694 279142
-493560 61630 -411782 -599980
-64827 -499646 -92279 -231404
-783452 -433896 769830 11406
399147 -931842 545691 -259114
625864 214239 -525995 340550
-802912 -885484 -144205 548557
35680 262530 536421 376419
111299 630480 -378748 -677585
-64827 -499646 128745 655901
-783452 -433896 545691 -259114
467790 -440108 -324463 384156
264019 905063 -493560 61630
359594 447209 769830 11406
35680 262530 769830 11406
-879887 -69264 -91089 511361
-392167 -234758 536421 376419
-211861 855033 -144205 548557
35680 262530 -211861 855033
-438904 -363869 769830 11406
-64827 -499646 -525995 340550
-489238 945998 -516936 -616274
488348 215048 467790 -440108
467790 -440108 -441915 283654
625864 214239 -513314 764617
-438904 -363869 -688993 -278292
-493560 61630 545691 -259114
472752 -971233 520270 785052
-67639 -733453 591188 -239569
-493560 61630 -839892 441776
472752 -971233 -91089 511361
-489238 945998 -15857 545835
-493560 61630 -508348 197780
-392167 -234758 488348 215048
-879887 -69264 683065 91370
536421 376419 -160827 84228
-783452 -433896 137018 902151
648787 -831659 -91089 511361
-438904 -363869 692800 -448903
-64827 -499646 692800 -448903
-438904 -363869 -839892 441776
-802912 -885484 -411782 -599980
472752 -971233 267383 84512
-392167 -234758 -91089 511361
-783452 -433896 -324463 384156
-67639 -733453 35680 262530
-489238 945998 930804 -919328
399147 -931842 730071 722830
472752 -971233 846471 287948
-67639 -733453 -92279 -231404
-493560 61630 -324463 384156
-489238 945998 399843 -235254
692800 -448903 -800279 -859436
-783452 -433896 -441915 283654
648787 -831659 -667828 801573
-688993 -278292 470762 286115
264019 905063 -615397 315648
-489238 945998 35680 262530
625864 214239 854256 561577
399147 -931842 -64827 -499646
-802912 -885484 -324463 384156
134868 163535 730071 722830
-64827 -499646 -509181 879331
-489238 945998 -160827 84228
-392167 -234758 -411782 -599980
-879887 -69264 242578 457735
625864 214239 35680 262530
-392167 -234758 -688993 -278292
-783452 -433896 882661 461741
111884 357507 -606168 380840
648787 -831659 422411 -639170
-598267 -947239 -615397 315648
-67639 -733453 683065 91370
648787 -831659 231367 -289315
648787 -831659 -26027 -431224
-879887 -69264 -586107 890417
-411782 -599980 298932 316199
399147 -931842 36230 994025
-64827 -499646 -441915 283654
472752 -971233 186202 422012
-508348 197780 338982 -299259
-489238 945998 657999 -468179
-438904 -363869 269522 37681
36230 994025 472752 -971233
-879887 -69264 846471 287948
-493560 61630 36230 994025
-411782 -599980 769830 11406
467790 -440108 -509181 879331
338982 -299259 -598267 -947239
-493560 61630 467790 -440108
399147 -931842 -144205 548557
399147 -931842 -26027 -431224
683065 91370 399843 -235254
-879887 -69264 -667828 801573
-438904 -363869 -392167 -234758
36230 994025 321694 -317899
-438904 -363869 -802912 -885484
625864 214239 -688993 -278292
-493560 61630 769830 11406
-783452 -433896 -91089 511361
-493560 61630 272192 495862
36230 994025 128745 655901
668576 -490485 242578 457735
314338 -263392 692800 -448903
-438904 -363869 399843 -235254
-879887 -69264 -15857 545835
-493560 61630 -160827 84228
488348 215048 -586107 890417
-392167 -234758 -441915 283654
-509181 879331 -598267 -947239
36230 994025 -324463 384156
-438904 -363869 -198374 -991049
648787 -831659 -114552 -33949
-833431 -252214 -160827 84228
-783452 -433896 -22229 -659808
854256 561577 -688993 -278292
-489238 945998 -879887 -69264
625864 214239 467790 -440108
-489238 945998 882661 461741
-655246 798269 -26027 -431224
648787 -831659 -509181 879331
399147 -931842 846471 287948
269522 37681 -64827 -499646
-783452 -433896 -802912 -885484
35680 262530 472752 -971233
648787 -831659 269522 37681
-489238 945998 -392167 -234758
-493560 61630 683065 91370
467790 -440108 810992 464254
488348 215048 -615397 315648
648787 -831659 854256 561577
36230 994025 769830 11406
-67639 -733453 321694 -317899
625864 214239 36230 994025
-879887 -69264 -802912 -885484
625864 214239 930804 -919328
-411782 -599980 591188 -239569
-879887 -69264 -411782 -599980
-839892 441776 -598267 -947239
-802912 -885484 882661 461741
625864 214239 -493560 61630
625864 214239 3763 -774592
-489238 945998 -438904 -363869
-489238 945998 314338 -263392
36230 994025 536421 376419
648787 -831659 298932 316199
648787 -831659 265222 445964
-493560 61630 -67639 -733453
399147 -931842 793799 318542
-493560 61630 488348 215048
-64827 -499646 321694 -317899
-489238 945998 -508348 197780
-438904 -363869 -493560 61630
-655246 798269 186202 422012
-879887 -69264 -144205 548557
-598267 -947239 399843 -235254
-509181 879331 536421 376419
648787 -831659 -371731 -886342
111884 357507 668576 -490485
399147 -931842 -160827 84228
-489238 945998 846471 287948
536421 376419 -371731 -886342
399843 -235254 591188 -239569
488348 215048 470762 286115
-509181 879331 186202 422012
-489238 945998 520270 785052
-879887 -69264 -35082 961899
-783452 -433896 399843 -235254
36230 994025 657999 -468179
-598267 -947239 3763 -774592
-324463 384156 -92279 -231404
407694 279142 -67639 -733453
-64827 -499646 520270 785052
683065 91370 -525995 340550
683065 91370 591188 -239569
625864 214239 668576 -490485
-489238 945998 854256 561577
-509181 879331 -371731 -886342
-879887 -69264 467790 -440108
269522 37681 -800279 -859436
-586107 890417 137018 902151
648787 -831659 683065 91370
399147 -931842 186202 422012
-839892 441776 -688993 -278292
-489238 945998 231367 -289315
-489238 945998 321694 -317899
35680 262530 854256 561577
-879887 -69264 536421 376419
-879887 -69264 668576 -490485
399147 -931842 111299 630480
854256 561577 -839892 441776
-879887 -69264 -508348 197780
-783452 -433896 267383 84512
692800 -448903 -688993 -278292
730071 722830 854256 561577
399147 -931842 35680 262530
399147 -931842 -114552 -33949
-802912 -885484 -598267 -947239
267383 84512 186202 422012
-783452 -433896 591188 -239569
399147 -931842 683065 91370
-489238 945998 27898 751243
36230 994025 -833431 -252214
-411782 -599980 267383 84512
-438904 -363869 -114552 -33949
648787 -831659 -839892 441776
-438904 -363869 298932 316199
-22229 -659808 137018 902151
-67639 -733453 -371731 -886342
-438904 -363869 -394429 932296
-489238 945998 517927 -493259
-438904 -363869 -441915 283654
-525995 340550 591188 -239569
-879887 -69264 186202 422012
625864 214239 -64827 -499646
-783452 -433896 730071 722830
488348 215048 -371731 -886342
625864 214239 -509181 879331
-879887 -69264 -606168 380840
36230 994025 -615397 315648
-64827 -499646 730071 722830
467790 -440108 321694 -317899
269522 37681 517927 -493259
35680 262530 -371731 -886342
-198374 -991049 -64827 -499646
36230 994025 793799 318542
-525995 340550 846471 287948
648787 -831659 399843 -235254
-67639 -733453 -144205 548557
-655246 798269 -15857 545835
35680 262530 488348 215048
36230 994025 683065 91370
581985 490065 793799 318542
-64827 -499646 668576 -490485
-921426 -46711 730071 722830
399147 -931842 -833431 -252214
648787 -831659 -392167 -234758
399147 -931842 -411782 -599980
-879887 -69264 625864 214239
36230 994025 668576 -490485
-802912 -885484 -92279 -231404
648787 -831659 -15857 545835
-392167 -234758 321694 -317899
730071 722830 769830 11406
-91089 511361 882661 461741
3763 -774592 517927 -493259
-879887 -69264 -513314 764617
-802912 -885484 -615397 315648
399147 -931842 269522 37681
648787 -831659 692800 -448903
-489238 945998 -655246 798269
-67639 -733453 854256 561577
-493560 61630 793799 318542
36230 994025 470762 286115
-411782 -599980 545691 -259114
35680 262530 -655246 798269
-438904 -363869 472752 -971233
472752 -971233 -371731 -886342
399147 -931842 399843 -235254
648787 -831659 668576 -490485
-800279 -859436 -144205 548557
-441915 283654 -586107 890417
-438904 -363869 882661 461741
-493560 61630 753167 547008
-438904 -363869 36230 994025
854256 561577 692800 -448903
648787 -831659 793799 318542
399147 -931842 520270 785052
648787 -831659 -144205 548557
-879887 -69264 488348 215048
668576 -490485 -800279 -859436
854256 561577 27898 751243
-392167 -234758 730071 722830
-493560 61630 -392167 -234758
488348 215048 730071 722830
-438904 -363869 -586107 890417
-783452 -433896 -411782 -599980
-67639 -733453 -324463 384156
-67639 -733453 -441915 283654
472752 -971233 399843 -235254
-392167 -234758 128745 655901
-67639 -733453 467790 -440108
-879887 -69264 769830 11406
-489238 945998 265222 445964
472752 -971233 769830 11406
625864 214239 -411782 -599980
730071 722830 128745 655901
337116 552052 591188 -239569
-438904 -363869 625864 214239
-489238 945998 -297380 117234
648787 -831659 846471 287948
730071 722830 -371731 -886342
-489238 945998 -493560 61630
-493560 61630 536421 376419
467790 -440108 591188 -239569
-879887 -69264 298932 316199
648787 -831659 -297380 117234
467790 -440108 753167 547008
399147 -931842 625864 214239
-67639 -733453 -509181 879331
-441915 283654 -655246 798269
730071 722830 692800 -448903
-441915 283654 854256 561577
-438904 -363869 536421 376419
536421 376419 128745 655901
128745 655901 338982 -299259
625864 214239 470762 286115
625864 214239 -833431 -252214
536421 376419 321694 -317899
-114552 -33949 338982 -299259
399147 -931842 -688993 -278292
488348 215048 793799 318542
36230 994025 -993565 -433114
399147 -931842 267383 84512
930804 -919328 769830 11406
-392167 -234758 -509181 879331
472752 -971233 668576 -490485
-411782 -599980 242578 457735
265222 445964 -586107 890417
-438904 -363869 -411782 -599980
-802912 -885484 467790 -440108
-493560 61630 35680 262530
-783452 -433896 231367 -289315
-297380 117234 -586107 890417
-392167 -234758 -615397 315648
648787 -831659 399147 -931842
-783452 -433896 536421 376419
36230 994025 -411782 -599980
134868 163535 930804 -919328
-91089 511361 520270 785052
648787 -831659 186202 422012
35680 262530 -516936 -616274
-493560 61630 591188 -239569
648787 -831659 134868 163535
-67639 -733453 137018 902151
128745 655901 314338 -263392
-783452 -433896 272192 495862
625864 214239 692800 -448903
-879887 -69264 -800279 -859436
793799 318542 422411 -639170
-783452 -433896 -211861 855033
648787 -831659 -493560 61630
-489238 945998 730071 722830
-489238 945998 -667828 801573
-438904 -363869 -655246 798269
-802912 -885484 -688993 -278292
536421 376419 -508348 197780
930804 -919328 -441915 283654
-489238 945998 581985 490065
-411782 -599980 730071 722830
648787 -831659 -783452 -433896
