1000
139623 -703072 718798 511887
-679523 -664418 757864 509743
-47936 507665 244941 -836604
-962271 247230 -475921 686898
816689 -541709 -607486 239140
501032 -65000 -650818 -361077
-650818 -361077 -910769 790270
-853269 -64297 244941 -836604
941915 116308 229130 892161
-287917 534736 986045 67048
917125 360323 -47936 507665
204685 266713 649467 623928
-736789 -494863 -88917 859094
2109 538739 -642943 718870
501032 -65000 340751 -188210
-679523 -664418 313891 923344
917125 360323 -482374 -607130
-861815 -928893 718798 511887
834247 122366 156587 -828770
475945 -257766 24545 48619
986045 67048 236898 903922
350750 762013 -88917 859094
-647529 -862917 -606556 -109157
917125 360323 -639949 194752
2109 538739 923682 -903805
-700070 -58359 349580 -152307
-986035 50367 594079 -675650
620609 279699 -321800 -234731
488698 -732486 -815073 96374
-880887 -919381 167637 -961265
-641000 29428 244941 -836604
878061 -143221 -641000 29428
-700070 -58359 923682 -903805
367176 -318054 -53404 -964410
501032 -65000 -844658 479746
-193866 -401991 563599 492290
622800 437970 167637 -961265
-550767 803857 340751 -188210
160635 -673756 -38278 955359
755743 566261 986045 67048
-679523 -664418 244941 -836604
-560578 -622858 693195 265790
-67975 694961 809166 -298268
247276 -736946 -718818 186946
986045 67048 757864 509743
-47714 492480 -296625 -94320
501032 -65000 -962271 247230
-238866 798537 -579598 -391173
230402 107533 752846 -694622
-321800 -234731 923682 -903805
199644 92742 611998 273350
-287917 534736 752846 -694622
-650818 -361077 837518 549374
180274 774171 -296074 -523165
-861815 -928893 -457500 951286
-60202 -128517 752846 -694622
-47936 507665 620609 279699
-819168 198741 -550767 803857
-350226 -403850 364404 37172
-700070 -58359 -861815 -928893
755743 566261 945238 -313294
364404 37172 429898 945276
649467 623928 340751 -188210
-287917 534736 816689 -541709
649467 623928 244941 -836604
105394 203646 693195 265790
975600 352452 830994 -131299
-287917 534736 -639949 194752
49565 -157500 -238866 798537
-861815 -928893 -960552 15475
501032 -65000 693195 265790
230771 221432 432319 -158482
-135043 399960 -560578 -622858
-962271 247230 -819168 198741
160635 -673756 313891 923344
641124 84521 986045 927026
-679523 -664418 250974 360678
-650818 -361077 718798 511887
185428 -444625 718798 511887
-550767 803857 -989703 678873
340751 -188210 429898 945276
49565 -157500 -550767 803857
-935778 981435 -587985 28058
58237 -839886 752846 -694622
-679523 -664418 -736789 -494863
49565 -157500 -579598 -391173
620609 279699 475945 -257766
972566 93606 839182 -913030
917125 360323 340751 -188210
501032 -65000 785785 157658
-679523 -664418 -910769 790270
975600 352452 -632043 -187050
-47714 492480 748639 672764
501032 -65000 449674 978655
-579598 -391173 622800 437970
-989703 678873 -819168 198741
620609 279699 986045 67048
-47936 507665 809166 -298268
-752162 844246 -977097 -434217
611998 273350 229130 892161
501032 -65000 639255 -526918
940616 -123310 488698 -732486
-350226 -403850 -679523 -664418
222116 -63851 816689 -541709
-350226 -403850 244941 -836604
972566 93606 244941 -836604
501032 -65000 972566 93606
-38278 955359 33101 -884914
986045 927026 -632043 -187050
935517 -224302 -579598 -391173
-906018 314128 -691949 680923
247276 -736946 -884780 -447443
757864 509743 -641000 29428
-650818 -361077 123261 -821128
-935778 981435 -47714 492480
917125 360323 -153801 -462275
-679523 -664418 -718818 186946
-115404 -182873 809166 -298268
370213 39226 563599 492290
-287917 534736 564695 -895356
-47714 492480 -259163 -403300
139623 -703072 -879206 814314
112422 -24128 222116 -63851
429898 945276 552586 -311136
429898 945276 -579598 -391173
917125 360323 718798 511887
755743 566261 390379 717511
755743 566261 831067 775592
501032 -65000 244941 -836604
432319 -158482 -579598 -391173
878061 -143221 -579598 -391173
-53404 -964410 -296625 -94320
941915 116308 718798 511887
-579598 -391173 -989703 678873
972566 93606 -861815 -928893
-287917 534736 693195 265790
-718818 186946 809166 -298268
986045 67048 -297985 -780695
349580 -152307 203080 -24977
620609 279699 869884 -272606
241873 376387 564695 -895356
-861815 -928893 24545 48619
-853269 -64297 809166 -298268
501032 -65000 -90885 932104
986045 67048 -738583 521050
649467 623928 -861419 60067
-434897 518739 563599 492290
986045 67048 -989703 678873
742114 232634 182133 -942197
230402 107533 -47936 507665
816689 -541709 -90885 932104
-287917 534736 -47936 507665
972566 93606 112422 -24128
185428 -444625 -296625 -94320
830994 -131299 923682 -903805
-38278 955359 230402 107533
167637 -961265 244941 -836604
-47714 492480 432319 -158482
745400 527586 203080 -24977
917125 360323 -88917 859094
180274 774171 429898 945276
364404 37172 203080 -24977
501032 -65000 -457500 951286
923682 -903805 -238866 798537
986045 927026 752846 -694622
620609 279699 -607486 239140
-727177 27286 -434897 518739
-287917 534736 -861419 60067
185428 -444625 -259163 -403300
-880887 -919381 831067 775592
972566 93606 831067 775592
-259163 -403300 208242 407842
-53404 -964410 -434897 518739
214638 -885351 364404 37172
-434897 518739 552586 -311136
432319 -158482 718798 511887
340751 -188210 -639949 194752
-238866 798537 -321800 -234731
-482374 -607130 -434897 518739
-861815 -928893 364404 37172
-482374 -607130 923682 -903805
649467 623928 429898 945276
49565 -157500 340751 -188210
-581024 842802 -853269 -64297
-238866 798537 986045 927026
-321800 -234731 -434897 518739
745400 527586 -738583 521050
-321800 -234731 -962271 247230
917125 360323 -606556 -109157
755743 566261 -550767 803857
641124 84521 831067 775592
501032 -65000 -518084 116989
-752162 844246 349580 -152307
-287917 534736 986045 927026
148243 -895993 -482374 -607130
972566 93606 834247 122366
-679523 -664418 923682 -903805
986045 67048 831067 775592
-962271 247230 -579598 -391173
831191 -240190 -362821 -737990
229130 892161 -411984 -490087
-679523 -664418 -168557 340184
349580 -152307 693195 265790
-287917 534736 -607486 239140
-47714 492480 -416670 112414
-434897 518739 -518084 116989
-650818 -361077 203080 -24977
-861815 -928893 -79930 188786
167637 -961265 -718818 186946
230402 107533 370213 39226
222116 -63851 -641000 29428
917125 360323 -135043 399960
-135043 399960 941915 116308
757864 509743 -861815 -928893
-53404 -964410 -718818 186946
917125 360323 123261 -821128
-280053 -308589 222116 -63851
429898 945276 831067 775592
390018 779660 785785 157658
-752162 844246 229130 892161
123261 -821128 718798 511887
-475921 686898 -434897 518739
620609 279699 -434897 518739
-935778 981435 208242 407842
-287917 534736 -861815 -928893
204685 266713 809166 -298268
-641000 29428 -844658 479746
477239 -405229 340751 -188210
986045 927026 -718818 186946
755743 566261 816689 -541709
-46634 -589952 923682 -903805
24545 48619 244941 -836604
837518 549374 112422 -24128
941915 116308 -579598 -391173
-434897 518739 342769 959577
350750 762013 757864 509743
972566 93606 986045 67048
639166 696234 232822 679213
-53404 -964410 718798 511887
986045 927026 349580 -152307
349580 -152307 -819168 198741
-581024 842802 574406 -688894
244941 -836604 180274 774171
432319 -158482 831191 -240190
837518 549374 945238 -313294
755743 566261 342769 959577
-550767 803857 313891 923344
986045 927026 148243 -895993
475945 -257766 -434897 518739
-579598 -391173 244941 -836604
622800 437970 707285 -771583
757864 509743 -632043 -187050
-287917 534736 -434897 518739
683948 413216 -101661 -221817
-238866 798537 -639949 194752
574406 -688894 809166 -298268
917125 360323 -861815 -928893
-60202 -128517 -686281 877957
208242 407842 785785 157658
-718818 186946 -550767 803857
-287917 534736 839182 -913030
501032 -65000 -115770 -69135
370213 39226 33101 -884914
755743 566261 639255 -526918
350750 762013 -679523 -664418
-679523 -664418 167637 -961265
-587985 28058 429898 945276
-179646 -760244 -686281 877957
501032 -65000 241873 376387
-53404 -964410 693195 265790
917125 360323 -560578 -622858
620609 279699 33101 -884914
-752162 844246 831191 -240190
649467 623928 -844658 479746
-457500 951286 -47714 492480
112422 -24128 390379 717511
-47714 492480 -47936 507665
-47714 492480 244941 -836604
477239 -405229 639255 -526918
941915 116308 -434897 518739
620609 279699 746021 537238
-989703 678873 644769 -590623
-287917 534736 -296074 -523165
229130 892161 -434897 518739
222116 -63851 230402 107533
-238866 798537 -378583 910419
869884 -272606 831067 775592
745400 527586 -434897 518739
975600 352452 -579598 -391173
-986035 50367 220252 -916407
-579598 -391173 816689 -541709
349580 -152307 -550767 803857
485917 -75120 342769 959577
-60202 -128517 -587985 28058
112422 -24128 220252 -916407
-193866 -401991 -135043 399960
429898 945276 -60202 -128517
755743 566261 -815073 96374
986045 67048 -607486 239140
831191 -240190 230771 221432
757864 509743 707285 -771583
-861815 -928893 203080 -24977
975600 352452 -989703 678873
917125 360323 -378583 910419
649467 623928 -38278 955359
-60202 -128517 809166 -298268
488698 -732486 -38278 955359
641124 84521 349580 -152307
-679523 -664418 -90885 932104
972566 93606 -844658 479746
-287917 534736 -579598 -391173
349580 -152307 -179646 -760244
-259163 -403300 203080 -24977
367176 -318054 132720 -136523
-47714 492480 -642943 718870
917125 360323 563599 492290
620609 279699 639255 -526918
367176 -318054 -718818 186946
-238866 798537 785785 157658
501032 -65000 574406 -688894
837518 549374 -47714 492480
917125 360323 -938588 133397
986045 927026 -471670 -624406
-686281 877957 112422 -24128
986045 927026 92558 793735
485917 -75120 112422 -24128
-47714 492480 -587985 28058
-47714 492480 -560578 -622858
-679523 -664418 220252 -916407
-679523 -664418 693195 265790
917125 360323 839182 -913030
718798 511887 364404 37172
-321800 -234731 -906018 314128
917125 360323 622800 437970
501032 -65000 -550767 803857
-238866 798537 -632043 -187050
-679523 -664418 869884 -272606
755743 566261 -861815 -928893
203080 -24977 -960552 15475
313891 923344 -815073 96374
-550767 803857 116251 -512535
683603 -790866 475945 -257766
-910769 790270 -738583 521050
432319 -158482 757864 509743
986045 67048 -647529 -862917
370213 39226 831067 775592
-287917 534736 -642943 718870
340751 -188210 313891 923344
-38278 955359 220252 -916407
514805 -78843 222116 -63851
-482374 -607130 230402 107533
830994 -131299 -632043 -187050
755743 566261 644769 -590623
830994 -131299 -738583 521050
229130 892161 785785 157658
-280053 -308589 563599 492290
-883797 188193 -579598 -391173
-938588 133397 -321800 -234731
105394 203646 -632043 -187050
755743 566261 112422 -24128
986045 927026 -727177 27286
-550767 803857 757864 509743
501032 -65000 -956114 140213
-321800 -234731 313891 923344
-287917 534736 241873 376387
757864 509743 -642943 718870
-587985 28058 203080 -24977
620609 279699 -632043 -187050
-679523 -664418 222116 -63851
-259163 -403300 229130 892161
-650818 -361077 839182 -913030
917125 360323 429898 945276
132720 -136523 -989703 678873
-587985 28058 33101 -884914
972566 93606 -579598 -391173
-880887 -919381 -861419 60067
809166 -298268 693195 265790
-47714 492480 349580 -152307
477239 -405229 -321800 -234731
-47714 492480 563599 492290
986045 67048 923682 -903805
-718818 186946 -938588 133397
923682 -903805 -579598 -391173
949736 207253 718798 511887
972566 93606 -115404 -182873
757864 509743 831067 775592
755743 566261 917125 360323
204685 266713 123261 -821128
-321800 -234731 -854884 -526556
940616 -123310 -560578 -622858
432319 -158482 -47936 507665
825779 -838157 -238866 798537
501032 -65000 -88917 859094
620609 279699 923682 -903805
229130 892161 123261 -821128
837518 549374 809166 -298268
-47714 492480 2109 538739
-259163 -403300 564695 -895356
755743 566261 620609 279699
501032 -65000 -642943 718870
475945 -257766 364404 37172
-482374 -607130 250974 360678
230402 107533 123261 -821128
-861815 -928893 349580 -152307
244460 161868 501032 -65000
757864 509743 -854884 -526556
-38278 955359 718798 511887
244941 -836604 746021 537238
-38278 955359 -906018 314128
-679523 -664418 390018 779660
845658 83767 809166 -298268
-986035 50367 746021 537238
755743 566261 340751 -188210
-518084 116989 -861815 -928893
972566 93606 -296625 -94320
755743 566261 564695 -895356
757864 509743 33101 -884914
-482374 -607130 229130 892161
-287917 534736 -60485 -212698
2109 538739 757864 509743
-238866 798537 809166 -298268
204685 266713 116251 -512535
917125 360323 342769 959577
-287917 534736 -632043 -187050
917125 360323 203080 -24977
935517 -224302 364404 37172
986045 67048 -259163 -403300
-560578 -622858 33101 -884914
49565 -157500 244941 -836604
972566 93606 816689 -541709
917125 360323 -607486 239140
972566 93606 869884 -272606
-910769 790270 -861419 60067
-287917 534736 370213 39226
-650818 -361077 683603 -790866
986045 67048 837518 549374
112422 -24128 -280053 -308589
620609 279699 693195 265790
232822 679213 831191 -240190
247276 -736946 -639949 194752
917125 360323 809166 -298268
830994 -131299 737136 -817892
-46503 413157 816689 -541709
986045 927026 -819168 198741
-135043 399960 831067 775592
-287917 534736 -115404 -182873
-46503 413157 -679523 -664418
-287917 534736 -641000 29428
350750 762013 449674 978655
917125 360323 611998 273350
-287917 534736 244460 161868
39059 665232 -238866 798537
-193866 -401991 923682 -903805
755743 566261 718798 511887
208242 407842 -475921 686898
755743 566261 116251 -512535
878061 -143221 -434897 518739
-560578 -622858 -844658 479746
-457500 951286 182133 -942197
755743 566261 475945 -257766
-650818 -361077 -179646 -760244
-956114 140213 349580 -152307
39059 665232 220252 -916407
986045 927026 222116 -63851
-321800 -234731 -607486 239140
-647529 -862917 -639949 194752
501032 -65000 869884 -272606
-147169 478703 -647529 -862917
986045 67048 112422 -24128
917125 360323 132720 -136523
-321800 -234731 809166 -298268
869884 -272606 -815073 96374
972566 93606 -642943 718870
837518 549374 -844658 479746
620609 279699 -581024 842802
501032 -65000 -259163 -403300
532583 433321 112422 -24128
975600 352452 -434897 518739
-700070 -58359 367176 -318054
-935778 981435 -650818 -361077
917125 360323 241873 376387
831067 775592 203080 -24977
429898 945276 222116 -63851
-238866 798537 33101 -884914
-475921 686898 -844658 479746
986045 67048 -296074 -523165
972566 93606 563599 492290
208242 407842 -686281 877957
-280053 -308589 -960552 15475
620609 279699 834247 122366
-679523 -664418 935517 -224302
986045 927026 220252 -916407
429898 945276 123261 -821128
-475921 686898 752846 -694622
367176 -318054 -238866 798537
-287917 534736 123261 -821128
230402 107533 -639949 194752
748639 672764 831067 775592
-296074 -523165 -90885 932104
477239 -405229 -53404 -964410
123261 -821128 112422 -24128
-910769 790270 33101 -884914
-516060 337720 -844658 479746
-679523 -664418 611998 273350
501032 -65000 24545 48619
972566 93606 222116 -63851
-883797 188193 229130 892161
816689 -541709 -679523 -664418
-986035 50367 923682 -903805
683603 -790866 395477 569343
683948 413216 834247 122366
986045 67048 222116 -63851
-647529 -862917 693195 265790
-287917 534736 923682 -903805
-47936 507665 123261 -821128
92558 793735 -736789 -494863
247276 -736946 -482374 -607130
247276 -736946 2109 538739
917125 360323 986045 927026
-259163 -403300 -587985 28058
-259163 -403300 -67975 694961
340751 -188210 -280053 -308589
-679523 -664418 -79930 188786
429898 945276 229130 892161
972566 93606 -938588 133397
-861419 60067 639255 -526918
755743 566261 222116 -63851
986045 67048 2109 538739
429898 945276 -297985 -780695
123261 -821128 -632043 -187050
755743 566261 28823 578145
757864 509743 -378583 910419
-53404 -964410 488698 -732486
917125 360323 757864 509743
429898 945276 514805 -78843
986045 67048 241873 376387
972566 93606 -587985 28058
755743 566261 -686281 877957
986045 927026 -844658 479746
-47936 507665 203080 -24977
247276 -736946 785785 157658
574406 -688894 -632043 -187050
-47714 492480 869884 -272606
229130 892161 986045 67048
429898 945276 746021 537238
972566 93606 349580 -152307
917125 360323 250974 360678
-193866 -401991 718798 511887
611998 273350 -861419 60067
167637 -961265 -607486 239140
-253688 -499406 229130 892161
-269724 787500 123261 -821128
-321800 -234731 830994 -131299
501032 -65000 -883797 188193
501032 -65000 923682 -903805
349580 -152307 -115404 -182873
-47714 492480 945238 -313294
-287917 534736 105394 203646
475945 -257766 340751 -188210
622800 437970 746021 537238
2109 538739 972566 93606
972566 93606 220252 -916407
160635 -673756 718798 511887
-47714 492480 350750 762013
-434897 518739 718798 511887
-700070 -58359 -639949 194752
-253688 -499406 -115404 -182873
247276 -736946 340751 -188210
-294787 -467877 693195 265790
845658 83767 923682 -903805
949736 207253 -819168 198741
816689 -541709 429898 945276
-853269 -64297 830994 -131299
367176 -318054 123261 -821128
-938588 133397 594079 -675650
501032 -65000 718798 511887
-516060 337720 203080 -24977
204685 266713 -738583 521050
28823 578145 -115404 -182873
-238866 798537 -47714 492480
501032 -65000 429898 945276
831191 -240190 -482374 -607130
-679523 -664418 203080 -24977
755743 566261 -879206 814314
975600 352452 -639949 194752
940616 -123310 830994 -131299
748639 672764 244460 161868
986045 67048 340751 -188210
755743 566261 972566 93606
-679523 -664418 -238866 798537
-686281 877957 475945 -257766
755743 566261 831191 -240190
986045 67048 429898 945276
123261 -821128 222116 -63851
620609 279699 941915 116308
755743 566261 -47936 507665
203080 -24977 -378583 910419
941915 116308 -879206 814314
-297985 -780695 746021 537238
350750 762013 -844658 479746
244941 -836604 -238866 798537
501032 -65000 370213 39226
-60202 -128517 -738583 521050
917125 360323 349580 -152307
477239 -405229 837518 549374
940616 -123310 33101 -884914
620609 279699 -844658 479746
229130 892161 -686281 877957
986045 67048 -344151 795721
620609 279699 -861815 -928893
-935778 981435 236898 903922
-321800 -234731 167637 -961265
986045 67048 683948 413216
935517 -224302 755743 566261
-679523 -664418 -259163 -403300
-550767 803857 33101 -884914
559796 -353358 986045 67048
501032 -65000 -434897 518739
208242 407842 230402 107533
112422 -24128 349580 -152307
-193866 -401991 693195 265790
-269724 787500 564695 -895356
972566 93606 -321800 -234731
622800 437970 220252 -916407
199644 92742 -475921 686898
-287917 534736 683603 -790866
514805 -78843 611998 273350
-287917 534736 -482374 -607130
755743 566261 -67975 694961
-53404 -964410 649467 623928
986045 67048 718798 511887
-411984 -490087 -819168 198741
208242 407842 313891 923344
-700070 -58359 -378583 910419
185428 -444625 649467 623928
972566 93606 241873 376387
244941 -836604 -700070 -58359
972566 93606 -47714 492480
-935778 981435 -560578 -622858
254777 -34652 748639 672764
-238866 798537 746021 537238
58237 -839886 742114 232634
940616 -123310 -861815 -928893
449674 978655 -718818 186946
986045 67048 -321800 -234731
-38278 955359 -350226 -403850
986045 927026 -115404 -182873
972566 93606 -632043 -187050
-280053 -308589 748639 672764
837518 549374 -168557 340184
620609 279699 -718818 186946
-287917 534736 785785 157658
-47714 492480 220252 -916407
745400 527586 -844658 479746
-819168 198741 340751 -188210
247276 -736946 313891 923344
313891 923344 -297985 -780695
501032 -65000 203080 -24977
755743 566261 -861419 60067
755743 566261 -90885 932104
390018 779660 364404 37172
49565 -157500 222116 -63851
837518 549374 816689 -541709
342769 959577 229130 892161
-457500 951286 364404 37172
-287917 534736 -738583 521050
-647529 -862917 -861815 -928893
641124 84521 340751 -188210
488698 -732486 -362821 -737990
-38278 955359 816689 -541709
-287917 534736 -962271 247230
986045 67048 986045 927026
429898 945276 809166 -298268
757864 509743 563599 492290
-287917 534736 432319 -158482
745400 527586 -938588 133397
432319 -158482 -296625 -94320
-280053 -308589 -691949 680923
620609 279699 752846 -694622
831067 775592 250974 360678
972566 93606 229130 892161
831191 -240190 -135043 399960
-647529 -862917 112422 -24128
-736789 -494863 241873 376387
-883797 188193 230402 107533
917125 360323 649467 623928
755743 566261 -53404 -964410
501032 -65000 -115404 -182873
-632043 -187050 -647529 -862917
-287917 534736 639255 -526918
367176 -318054 923682 -903805
683948 413216 563599 492290
-935778 981435 123261 -821128
185428 -444625 639255 -526918
-60202 -128517 986045 927026
620609 279699 945238 -313294
-287917 534736 -259163 -403300
230402 107533 785785 157658
-47714 492480 -844658 479746
-632043 -187050 229130 892161
757864 509743 349580 -152307
-587985 28058 -910769 790270
-844658 479746 123261 -821128
-607486 239140 693195 265790
501032 -65000 -53404 -964410
367176 -318054 33101 -884914
845658 83767 -861815 -928893
112422 -24128 -632043 -187050
-587985 28058 229130 892161
620609 279699 244941 -836604
167637 -961265 923682 -903805
825779 -838157 564695 -895356
-679523 -664418 809166 -298268
745400 527586 167637 -961265
620609 279699 -47714 492480
755743 566261 236898 903922
167637 -961265 693195 265790
432319 -158482 -718818 186946
755743 566261 -434897 518739
-938588 133397 182133 -942197
350750 762013 -296625 -94320
620609 279699 -297985 -780695
-989703 678873 475945 -257766
-47714 492480 230402 107533
620609 279699 230771 221432
-47714 492480 -986035 50367
-47714 492480 33101 -884914
-294787 -467877 501032 -65000
917125 360323 620609 279699
-679523 -664418 -135043 399960
972566 93606 33101 -884914
-910769 790270 -53404 -964410
986045 67048 693195 265790
-960552 15475 -844658 479746
757864 509743 123261 -821128
429898 945276 785785 157658
972566 93606 432319 -158482
-38278 955359 -861815 -928893
-53404 -964410 475945 -257766
229130 892161 244941 -836604
620609 279699 241873 376387
-581024 842802 -475921 686898
757864 509743 594079 -675650
-296625 -94320 -362821 -737990
620609 279699 -935778 981435
-647529 -862917 229130 892161
182133 -942197 -632043 -187050
620609 279699 564695 -895356
-647529 -862917 639166 696234
-700070 -58359 -986035 50367
-718818 186946 488698 -732486
112422 -24128 923682 -903805
837518 549374 -38278 955359
972566 93606 986045 927026
831191 -240190 244460 161868
342769 959577 -686281 877957
214638 -885351 203080 -24977
514805 -78843 -738583 521050
923682 -903805 -53404 -964410
755743 566261 -259163 -403300
-179646 -760244 972566 93606
-344151 795721 160635 -673756
395477 569343 611998 273350
367176 -318054 -560578 -622858
-560578 -622858 923682 -903805
-861419 60067 429898 945276
350750 762013 693195 265790
-296074 -523165 342769 959577
208242 407842 -90885 932104
-411984 -490087 364404 37172
917125 360323 -883797 188193
941915 116308 230402 107533
986045 927026 167637 -961265
972566 93606 -434897 518739
-989703 678873 123261 -821128
622800 437970 -686281 877957
-60202 -128517 941915 116308
986045 927026 -879206 814314
532583 433321 923682 -903805
-287917 534736 112422 -24128
917125 360323 -989703 678873
214638 -885351 -632043 -187050
232822 679213 -53404 -964410
-287917 534736 -238866 798537
831067 775592 -90885 932104
-321800 -234731 737136 -817892
986045 67048 -938588 133397
831067 775592 449674 978655
-287917 534736 475945 -257766
-560578 -622858 364404 37172
785785 157658 241873 376387
878061 -143221 -632043 -187050
-287917 534736 116251 -512535
-457500 951286 247276 -736946
204685 266713 -79930 188786
-60202 -128517 563599 492290
641124 84521 33101 -884914
620609 279699 -280053 -308589
837518 549374 917125 360323
208242 407842 -60202 -128517
501032 -65000 -321800 -234731
139623 -703072 611998 273350
501032 -65000 222116 -63851
-53404 -964410 785785 157658
-47714 492480 -579598 -391173
-321800 -234731 564695 -895356
940616 -123310 757864 509743
755743 566261 364404 37172
-287917 534736 247276 -736946
-287917 534736 746021 537238
-475921 686898 -647529 -862917
350750 762013 564695 -895356
501032 -65000 941915 116308
2109 538739 429898 945276
-47936 507665 -861815 -928893
390379 717511 -632043 -187050
-935778 981435 156587 -828770
244941 -836604 -639949 194752
755743 566261 986045 927026
757864 509743 -88917 859094
755743 566261 649467 623928
986045 927026 364404 37172
-861419 60067 244941 -836604
501032 -65000 230402 107533
-977097 -434217 -135043 399960
-135043 399960 180274 774171
-819168 198741 639255 -526918
-650818 -361077 -296074 -523165
-238866 798537 230402 107533
112422 -24128 -238866 798537
429898 945276 -560578 -622858
-362821 -737990 123261 -821128
123261 -821128 475945 -257766
350750 762013 364404 37172
349580 -152307 -647529 -862917
757864 509743 -238866 798537
620609 279699 -679523 -664418
845658 83767 718798 511887
917125 360323 229130 892161
611998 273350 -883797 188193
611998 273350 2109 538739
869884 -272606 203080 -24977
755743 566261 33101 -884914
-411984 -490087 752846 -694622
432319 -158482 -844658 479746
-434897 518739 639255 -526918
622800 437970 -53404 -964410
501032 -65000 232822 679213
-115770 -69135 559796 -353358
845658 83767 244941 -836604
-259163 -403300 112422 -24128
986045 67048 367176 -318054
2109 538739 -632043 -187050
-287917 534736 620609 279699
-632043 -187050 809166 -298268
-550767 803857 972566 93606
757864 509743 809166 -298268
941915 116308 -632043 -187050
755743 566261 -647529 -862917
501032 -65000 -960552 15475
-287917 534736 160635 -673756
241873 376387 -579598 -391173
878061 -143221 160635 -673756
254777 -34652 244941 -836604
757864 509743 -280053 -308589
-101661 -221817 564695 -895356
-47714 492480 -38278 955359
-475921 686898 132720 -136523
755743 566261 -738583 521050
199644 92742 -962271 247230
757864 509743 203080 -24977
972566 93606 757864 509743
-287917 534736 917125 360323
917125 360323 -60485 -212698
-287917 534736 941915 116308
620609 279699 349580 -152307
58237 -839886 123261 -821128
-259163 -403300 -861815 -928893
-962271 247230 -47936 507665
2109 538739 58237 -839886
-47714 492480 -321800 -234731
390018 779660 809166 -298268
986045 67048 -861815 -928893
-321800 -234731 594079 -675650
-579598 -391173 -738583 521050
-47714 492480 986045 927026
986045 67048 -906018 314128
-287917 534736 185428 -444625
-47714 492480 203080 -24977
342769 959577 564695 -895356
940616 -123310 -938588 133397
182499 338087 693195 265790
340751 -188210 -296625 -94320
199644 92742 364404 37172
649467 623928 -259163 -403300
214638 -885351 564695 -895356
986045 67048 160635 -673756
139623 -703072 -679523 -664418
477239 -405229 244460 161868
986045 927026 123261 -821128
247276 -736946 203080 -24977
-650818 -361077 785785 157658
563599 492290 923682 -903805
755743 566261 -718818 186946
755743 566261 -475921 686898
-434897 518739 757864 509743
-47936 507665 340751 -188210
917125 360323 244460 161868
-880887 -919381 564695 -895356
986045 927026 342769 959577
563599 492290 -482374 -607130
-47714 492480 693195 265790
972566 93606 -482374 -607130
-168557 340184 -280053 -308589
105394 203646 785785 157658
182499 338087 -416670 112414
972566 93606 -67975 694961
878061 -143221 229130 892161
-883797 188193 809166 -298268
-46634 -589952 395477 569343
649467 623928 -475921 686898
532583 433321 -884780 -447443
349580 -152307 -90885 932104
649467 623928 222116 -63851
-679523 -664418 -321800 -234731
-287917 534736 2109 538739
-475921 686898 203080 -24977
236898 903922 -434897 518739
972566 93606 123261 -821128
-321800 -234731 340751 -188210
501032 -65000 204685 266713
-819168 198741 -679523 -664418
220252 -916407 230402 107533
-482374 -607130 -38278 955359
831191 -240190 -632043 -187050
532583 433321 -60202 -128517
501032 -65000 -639949 194752
986045 927026 831067 775592
-321800 -234731 -53404 -964410
-47714 492480 123261 -821128
-287917 534736 229130 892161
-679523 -664418 -883797 188193
429898 945276 -238866 798537
620609 279699 112422 -24128
-321800 -234731 -147169 478703
845658 83767 395477 569343
230402 107533 -641000 29428
986045 67048 -632043 -187050
917125 360323 564695 -895356
432319 -158482 -378583 910419
986045 67048 -686281 877957
917125 360323 -861419 60067
2109 538739 -79930 188786
-238866 798537 229130 892161
-287917 534736 641124 84521
-938588 133397 -238866 798537
940616 -123310 -679523 -664418
-60202 -128517 203080 -24977
247276 -736946 -321800 -234731
718798 511887 208242 407842
501032 -65000 220252 -916407
986045 927026 2109 538739
620609 279699 718798 511887
917125 360323 167637 -961265
-60202 -128517 -88917 859094
-193866 -401991 342769 959577
986045 927026 639255 -526918
49565 -157500 693195 265790
-259163 -403300 -238866 798537
-47714 492480 923682 -903805
755743 566261 693195 265790
230402 107533 241873 376387
49565 -157500 -60202 -128517
432319 -158482 429898 945276
112422 -24128 244941 -836604
-518084 116989 -153801 -462275
620609 279699 160635 -673756
755743 566261 230402 107533
-259163 -403300 748639 672764
755743 566261 -115404 -182873
986045 67048 -960552 15475
-287917 534736 33101 -884914
620609 279699 390379 717511
-135043 399960 313891 923344
-297985 -780695 -632043 -187050
204685 266713 -471670 -624406
718798 511887 -639949 194752
-321800 -234731 2109 538739
-910769 790270 -641000 29428
220252 -916407 -321800 -234731
-935778 981435 241873 376387
340751 -188210 -861815 -928893
501032 -65000 837518 549374
230402 107533 -115404 -182873
785785 157658 837518 549374
112422 -24128 2109 538739
755743 566261 -482374 -607130
-168557 340184 230771 221432
-287917 534736 -647529 -862917
-550767 803857 -47714 492480
