1000
-826330 -351165 887876 -333243
-692309 230912 -382344 254008
378688 -350237 130541 321881
-787260 74029 389679 -272261
238247 -619315 -888800 -783612
-787260 74029 258100 -859315
12054 453536 -462128 888064
-834389 -182189 534438 -270930
875728 859603 -91842 -61942
481712 118612 362126 952116
-558000 -881162 -800985 203910
-708241 943870 -367798 -467790
304408 380373 317616 -917842
-551176 310119 605490 190676
-516885 194461 -585597 739815
-910729 -880692 213825 874972
185206 57167 989678 -348240
-803624 123959 774787 -46892
-333576 798805 250305 -458708
-910729 -880692 185206 57167
-189807 -213274 -800985 203910
-851672 941215 300507 -503411
919645 403929 -894660 -750246
-708241 943870 -98669 241166
598624 941438 235187 807838
-856059 -884225 884951 -303028
280856 -717239 -776885 -124875
388449 -273239 -364388 -529142
887876 -333243 -856059 -884225
-184517 -536795 12589 712711
-966093 -502758 -698452 811817
699593 463276 66724 -270849
-123076 5456 -694381 -448534
965361 -492602 -58717 375142
-234336 184822 216530 276379
-850648 285688 672105 985308
828050 -914843 -314693 820925
372829 377689 185206 57167
-692309 230912 -184565 319923
-851672 941215 230523 56743
-708241 943870 -563808 536413
12091 584199 -364388 -529142
-671911 346657 -212099 966229
-893117 -902163 -3861 543377
-722534 752292 235187 807838
-354662 706640 378688 -350237
-516126 -453447 -698452 811817
778373 79897 362126 952116
-266312 212647 -700705 383420
-91842 -61942 -700705 383420
-506601 -765960 -816494 712854
-708241 943870 417212 -11749
-599814 -751913 990629 215017
-708241 943870 658642 -88131
-215396 199689 123079 961807
-850648 285688 918173 -211567
-728656 898648 -81500 303648
366610 -26838 -252057 476482
230523 56743 -275712 -180332
-184565 319923 218350 349920
280856 -717239 -314693 820925
-311073 692816 -150747 -17107
76104 569575 49411 -194253
-215396 199689 -390721 -328210
-314693 820925 -506601 -765960
-798153 38378 316426 397994
-252301 -254585 643056 525920
-184565 319923 3168 352063
-184565 319923 -147191 -399181
-189807 -213274 -224020 -165388
300507 -503411 -700705 383420
-692309 230912 -800985 203910
883005 787470 102644 105300
774787 -46892 77743 -162797
-184565 319923 110228 -328544
-536706 682834 -698452 811817
-648810 -582765 -803624 123959
-566207 963100 -110123 -23919
828050 -914843 388449 -273239
-311073 692816 378688 -350237
-910729 -880692 843091 185494
-905067 -190938 -446211 -557939
-184517 -536795 194397 -72979
12589 712711 -58717 375142
304408 380373 -800985 203910
-776885 -124875 445485 -325439
-322948 198761 -856059 -884225
216530 276379 235187 807838
-636868 19661 -364388 -529142
-599814 -751913 811612 835450
-599814 -751913 -98669 241166
-708241 943870 938832 -665103
-516885 194461 797399 973082
102644 105300 -155759 112813
776758 -505749 378688 -350237
218350 349920 185206 57167
77743 -162797 -993569 -38607
-150747 -17107 -800985 203910
-506601 -765960 616567 -134642
774787 -46892 884951 -303028
-708241 943870 76104 569575
774787 -46892 377552 -820109
-856059 -884225 76104 569575
326676 363646 -184517 -536795
-800985 203910 -920373 70422
-585597 739815 -318085 -510837
-539642 480275 388489 -458046
518403 30293 605490 190676
-516885 194461 66724 -270849
754395 391245 918173 -211567
828050 -914843 643056 525920
-30798 468609 49411 -194253
994646 776398 -754929 808219
304408 380373 -928994 781108
774787 -46892 76104 569575
388449 -273239 -728656 898648
-503095 -471580 377552 -820109
-333576 798805 377552 -820109
420885 -744661 615667 -379054
-91842 -61942 -386264 -183988
672105 985308 -382344 254008
965424 243206 -311073 692816
-671911 346657 -536706 682834
-905779 -894588 -776885 -124875
-708241 943870 -776885 -124875
-10231 156179 -698452 811817
774787 -46892 -170970 -228804
-987691 -408710 -743239 -754147
-504736 672252 -834389 -182189
786821 229574 -551176 310119
-184517 -536795 -893117 -902163
102644 105300 -504736 672252
-850648 285688 998906 -639178
310569 -549172 -910729 -880692
-966093 -502758 185206 57167
-585597 739815 366610 -26838
-333576 798805 123079 961807
811612 835450 938832 -665103
304408 380373 -164924 286583
672105 985308 -910729 -880692
338984 -223496 230523 56743
786821 229574 -585597 739815
-91842 -61942 -462128 888064
-333576 798805 -563808 536413
-382344 254008 -241280 -415702
575231 -39552 -382344 254008
-666604 -257834 378688 -350237
12589 712711 -834389 -182189
-275712 -180332 518403 30293
76104 569575 776758 -505749
-91842 -61942 -652435 -348436
-606817 -319574 -859595 321238
-333576 798805 614410 -163582
919645 403929 362126 952116
481712 118612 123079 961807
708261 -539359 -910729 -880692
740463 -753903 377552 -820109
-316352 -649851 49411 -194253
-901045 -804969 -746355 -953614
-395824 -241776 -803624 123959
425414 -832741 -362000 -728858
445485 -325439 -698452 811817
-652435 -348436 -484422 -88504
830279 273126 883005 787470
-798153 38378 -800985 203910
-920373 70422 301026 144816
-856059 -884225 -910729 -880692
487702 -778849 76104 569575
326676 363646 -318085 -510837
49411 -194253 -776885 -124875
324931 308403 268630 465136
-215396 199689 378688 -350237
828050 -914843 797399 973082
300507 -503411 -756335 61442
280856 -717239 316426 397994
102644 105300 123079 961807
102644 105300 968113 597276
575231 -39552 -648810 -582765
-743239 -754147 218350 349920
280856 -717239 530692 -650806
811612 835450 76104 569575
-184565 319923 123079 961807
378688 -350237 534438 -270930
425414 -832741 210755 204153
-709195 819535 -666604 -257834
-215396 199689 -518802 -339234
875728 859603 102644 105300
884951 -303028 445485 -325439
-364801 946180 310569 -549172
-821919 787094 -856059 -884225
-910729 -880692 362126 952116
-215396 199689 -539642 480275
66724 -270849 377552 -820109
-692309 230912 883005 787470
-164924 286583 12589 712711
-332588 878936 -856059 -884225
-215396 199689 740463 -753903
389679 -272261 -200571 -204079
-311073 692816 -993569 -38607
-694381 -448534 -554806 947187
884951 -303028 -563808 536413
-709195 819535 362126 952116
534438 -270930 -275712 -180332
863543 -597459 -987691 -408710
598624 941438 -537900 418931
-787260 74029 369940 -325428
-543010 -560788 -477233 -523904
-516885 194461 -850648 285688
-800985 203910 -58717 375142
615667 -379054 530692 -650806
280856 -717239 -910729 -880692
304408 380373 918173 -211567
-123076 5456 -609172 -687245
-184517 -536795 -215396 199689
304408 380373 123079 961807
280856 -717239 -888800 -783612
-506601 -765960 66724 -270849
672105 985308 110228 -328544
388489 -458046 756474 206799
-709195 819535 487702 -778849
866647 109353 39073 -687742
-851672 941215 941607 312697
778373 79897 -696550 681869
828050 -914843 -462779 -858988
965361 -492602 -484422 -88504
-170970 -228804 317616 -917842
918173 -211567 -314693 820925
-700705 383420 990629 215017
-708241 943870 990629 215017
598624 941438 123079 961807
-787260 74029 998906 -639178
-910729 -880692 123079 961807
3168 352063 941607 312697
-184517 -536795 736602 136189
-184565 319923 -652435 -348436
-700705 383420 754395 391245
66724 -270849 -894660 -750246
-516885 194461 -966093 -502758
103636 -923415 -627738 -721739
-170970 -228804 911591 -165584
487702 -778849 -754929 808219
-81500 303648 -525968 -881698
-856059 -884225 -81500 303648
-708241 943870 369940 -325428
-164924 286583 362126 952116
919645 403929 316426 397994
-411689 -682792 123079 961807
-123076 5456 -200571 -204079
102644 105300 -776885 -124875
218350 349920 -606817 -319574
-821158 -251533 369940 -325428
102644 105300 -241280 -415702
-212099 966229 386587 1598
-708241 943870 -856059 -884225
280856 -717239 76104 569575
-215396 199689 301026 144816
918173 -211567 317598 970295
-539642 480275 12589 712711
828050 -914843 486037 222047
-821919 787094 530692 -650806
-215396 199689 -275712 -180332
216530 276379 -800985 203910
338984 -223496 -184565 319923
-551725 -657600 -946691 340795
-708241 943870 911591 -165584
866647 109353 -776885 -124875
774787 -46892 -843599 -733965
388449 -273239 -318085 -510837
605490 190676 -333576 798805
929587 -992651 -803624 123959
-180165 -215575 76104 569575
388489 -458046 -800985 203910
-110123 -23919 -728656 898648
-551176 310119 12054 453536
486138 -4449 324931 308403
280856 -717239 369940 -325428
863543 -597459 103636 -923415
388449 -273239 -311073 692816
-212099 966229 929587 -992651
781619 -557499 388489 -458046
530692 -650806 534438 -270930
-215396 199689 866647 109353
102644 105300 998906 -639178
584036 229601 49411 -194253
-364801 946180 -364388 -529142
280856 -717239 230523 56743
66724 -270849 -598393 -151864
-692309 230912 77743 -162797
828050 -914843 -937900 511854
268630 465136 -609172 -687245
377552 -820109 -110123 -23919
-987691 -408710 606796 -876459
304408 380373 -180165 -215575
-851672 941215 740463 -753903
-636868 19661 530692 -650806
-905779 -894588 -201445 -925155
774787 -46892 -859595 321238
-64370 -967965 989678 -348240
303857 -655766 786821 229574
-910729 -880692 -652435 -348436
-506601 -765960 -652435 -348436
295475 -253181 -322948 198761
-252057 476482 194397 -72979
-184565 319923 883005 787470
388489 -458046 530692 -650806
658642 -88131 -170970 -228804
-184565 319923 -212099 966229
811612 835450 -563808 536413
-184517 -536795 -275712 -180332
-671911 346657 -598393 -151864
828050 -914843 -58717 375142
-64370 -967965 699593 463276
615667 -379054 234877 -560600
-728656 898648 938832 -665103
-215396 199689 -318085 -510837
338984 -223496 -652435 -348436
-184565 319923 -700705 383420
965361 -492602 -754929 808219
-874296 -887415 968113 597276
881738 -32111 -504736 672252
-708241 943870 884951 -303028
49411 -194253 929587 -992651
-184565 319923 388489 -458046
-800985 203910 369940 -325428
-516126 -453447 615667 -379054
12054 453536 -894660 -750246
-800985 203910 417212 -11749
-743239 -754147 268630 465136
12054 453536 786821 229574
-184565 319923 637910 -816202
-893117 -902163 662290 537419
295475 -253181 -81500 303648
66724 -270849 918173 -211567
-504736 672252 614410 -163582
49411 -194253 918173 -211567
-663474 -420697 605490 190676
-40092 -149698 304408 380373
-189807 -213274 260549 717716
268630 465136 994646 776398
-708241 943870 887876 -333243
-987691 -408710 388449 -273239
-722534 752292 -856059 -884225
-694381 -448534 -848952 433642
-521305 356865 637910 -816202
12589 712711 -98669 241166
-821158 -251533 -743239 -754147
-856059 -884225 377552 -820109
338984 -223496 -40092 -149698
12993 765032 918173 -211567
420885 -744661 -484342 -796030
76104 569575 -333576 798805
-64370 -967965 -155759 112813
774787 -46892 103636 -923415
187166 -664959 389679 -272261
280856 -717239 830279 273126
-856059 -884225 12589 712711
102644 105300 -275712 -180332
-417668 905123 -598393 -151864
-536087 398015 -698452 811817
817447 -306313 185206 57167
887876 -333243 534438 -270930
-708241 943870 786821 229574
-709195 819535 130541 321881
-506601 -765960 -894660 -750246
740463 -753903 -484342 -796030
103636 -923415 218350 349920
12993 765032 -856059 -884225
222398 -919893 -728656 898648
378688 -350237 -234336 184822
-966093 -502758 123079 961807
-617183 -862480 -314693 820925
-184565 319923 -841833 -74466
887876 -333243 -155759 112813
-333772 298300 -58717 375142
-708241 943870 740463 -753903
-893117 -902163 990629 215017
615667 -379054 -174840 650022
919645 403929 -81500 303648
-184565 319923 216530 276379
102644 105300 -215396 199689
-893117 -902163 998906 -639178
625574 -655274 -390721 -328210
-30798 468609 614410 -163582
708261 -539359 -776885 -124875
740463 -753903 -81500 303648
519841 -668809 366610 -26838
481712 118612 388449 -273239
828050 -914843 -354662 706640
-776885 -124875 362126 952116
-627738 -721739 -856059 -884225
-473152 -725301 77743 -162797
-803624 123959 -652435 -348436
708261 -539359 295475 -253181
280856 -717239 235187 807838
828050 -914843 -974219 535598
-993569 -38607 185206 57167
411348 -955216 39073 -687742
774787 -46892 -56980 -286056
828050 -914843 774787 -46892
304408 380373 -81500 303648
-708241 943870 12054 453536
-333576 798805 -311073 692816
280856 -717239 534438 -270930
238247 -619315 -364388 -529142
-215396 199689 941607 312697
519841 -668809 637910 -816202
-76179 -972259 -652435 -348436
250305 -458708 606796 -876459
388449 -273239 369940 -325428
280856 -717239 -275712 -180332
-516126 -453447 625574 -655274
406681 -931106 388449 -273239
828050 -914843 -504736 672252
304408 380373 740463 -753903
338984 -223496 -241280 -415702
-816494 712854 -585597 739815
774787 -46892 417212 -11749
-682641 97570 338984 -223496
-184565 319923 774787 -46892
44950 -149907 919645 403929
218350 349920 -234336 184822
230523 56743 -311073 692816
-743239 -754147 130541 321881
280856 -717239 327344 11741
300507 -503411 774787 -46892
-150747 -17107 341581 -369981
-184565 319923 -417668 905123
-123076 5456 366610 -26838
-189807 -213274 -694381 -448534
-743239 -754147 756474 206799
300507 -503411 -598393 -151864
-894660 -750246 12589 712711
12091 584199 -800985 203910
-316352 -649851 -395824 -241776
218350 349920 -364388 -529142
605490 190676 386587 1598
615667 -379054 -800985 203910
774787 -46892 -617183 -862480
398275 756153 -539642 480275
-76179 -972259 568513 -284098
778373 79897 918173 -211567
-848952 433642 -234336 184822
786821 229574 989678 -348240
-516885 194461 -563808 536413
-617183 -862480 -364388 -529142
-856059 -884225 918173 -211567
994646 776398 -234336 184822
487702 -778849 -666604 -257834
218350 349920 -816494 712854
-937900 511854 -361169 194788
951473 -27377 -185116 -677422
304408 380373 -776885 -124875
-606817 -319574 778373 79897
-333576 798805 941607 312697
338984 -223496 -912248 388913
919645 403929 774787 -46892
-787260 74029 929587 -992651
280856 -717239 -311073 692816
518403 30293 -666604 -257834
-506601 -765960 -598393 -151864
598624 941438 -888800 -783612
598624 941438 968113 597276
326676 363646 -993569 -38607
-516885 194461 -155759 112813
-910729 -880692 -56980 -286056
-851672 941215 -816494 712854
625574 -655274 230523 56743
-81500 303648 439900 454887
875728 859603 -551176 310119
-636868 19661 -698452 811817
-64370 -967965 938832 -665103
919645 403929 304408 380373
-905779 -894588 398275 756153
-700705 383420 756474 206799
-821919 787094 -859595 321238
866647 109353 -652435 -348436
-993569 -38607 778373 79897
-215396 199689 -666604 -257834
326676 363646 -608833 -845035
-862618 -34687 102644 105300
-946691 340795 658642 -88131
102644 105300 445485 -325439
965361 -492602 -10231 156179
887876 -333243 12589 712711
776758 -505749 -201445 -925155
-905067 -190938 12589 712711
518403 30293 -58717 375142
3168 352063 -698452 811817
989678 -348240 637910 -816202
378688 -350237 369940 -325428
-536087 398015 -504736 672252
250305 -458708 -504736 672252
-170970 -228804 356342 -584731
12589 712711 -859595 321238
951473 -27377 -91842 -61942
-826330 -351165 -386264 -183988
66724 -270849 369940 -325428
102644 105300 -700705 383420
12091 584199 -834389 -182189
-184565 319923 510322 -815079
230523 56743 -609172 -687245
280856 -717239 356342 -584731
-123076 5456 234877 -560600
218350 349920 -32459 -572197
-700705 383420 -484342 -796030
-652435 -348436 -974219 535598
-516126 -453447 -893117 -902163
102644 105300 -652435 -348436
-708241 943870 -201445 -925155
-682641 97570 627168 832115
-536706 682834 -364388 -529142
-800985 203910 776758 -505749
-910729 -880692 145432 -204811
-184565 319923 185206 57167
362126 952116 -608833 -845035
778373 79897 -608833 -845035
-671911 346657 -910729 -880692
-224020 -165388 -694381 -448534
-189807 -213274 324931 308403
797399 973082 366610 -26838
388449 -273239 -462128 888064
-543010 -560788 941607 312697
-585597 739815 -609172 -687245
-905779 -894588 776758 -505749
-708241 943870 -894660 -750246
66724 -270849 103636 -923415
304408 380373 -964940 650713
-91842 -61942 445485 -325439
-332588 878936 918173 -211567
-856059 -884225 -212099 966229
828050 -914843 369940 -325428
817447 -306313 843091 185494
-692309 230912 -776885 -124875
356009 -744836 -364388 -529142
-700705 383420 -234336 184822
-189807 -213274 -652435 -348436
708261 -539359 -201445 -925155
-834389 -182189 130541 321881
-901045 -804969 -585597 739815
-215396 199689 797399 973082
637910 -816202 -382344 254008
-708241 943870 -910729 -880692
965361 -492602 -184565 319923
304408 380373 643056 525920
76104 569575 699593 463276
218350 349920 672105 985308
-616476 833588 260549 717716
866647 109353 -58717 375142
-516885 194461 -275712 -180332
-521305 356865 -503095 -471580
-76179 -972259 884951 -303028
398275 756153 39073 -687742
-462779 -858988 -506601 -765960
-123076 5456 439900 454887
-920373 70422 -694381 -448534
-64370 -967965 776758 -505749
123079 961807 -462128 888064
615667 -379054 -3861 543377
-504736 672252 -551176 310119
-543010 -560788 616567 -134642
833182 -352673 378688 -350237
-874296 -887415 -700705 383420
-910729 -880692 -170970 -228804
388449 -273239 -563808 536413
-993569 -38607 -10231 156179
-311073 692816 -170970 -228804
-692309 230912 -180165 -215575
222398 -919893 998906 -639178
76104 569575 -563808 536413
280856 -717239 -993569 -38607
-110123 -23919 -558000 -881162
-803624 123959 -834389 -182189
-184565 319923 797399 973082
598624 941438 -694381 -448534
280856 -717239 -462128 888064
-503095 -471580 -164559 -67294
388449 -273239 -490173 335598
-10231 156179 530692 -650806
280856 -717239 12993 765032
774787 -46892 49411 -194253
49411 -194253 44950 -149907
-150747 -17107 -617183 -862480
300507 -503411 -910729 -880692
-946691 340795 -698452 811817
778373 79897 -536087 398015
-946691 340795 -200571 -204079
-743239 -754147 -3861 543377
-333576 798805 218350 349920
607669 233310 -484342 -796030
-311073 692816 -91842 -61942
-709195 819535 76104 569575
-708241 943870 187166 -664959
-912248 388913 -3861 543377
-843599 -733965 -364388 -529142
388449 -273239 76104 569575
-616476 833588 -652435 -348436
968113 597276 222398 -919893
-821919 787094 102644 105300
-76179 -972259 -666604 -257834
300507 -503411 123079 961807
-617183 -862480 -30798 468609
-536087 398015 -920373 70422
-803624 123959 -490173 335598
-200571 -204079 -504736 672252
-585597 739815 -3861 543377
-708241 943870 -462779 -858988
378688 -350237 -320190 -430970
-743239 -754147 -504736 672252
887876 -333243 -698452 811817
-894660 -750246 866647 109353
568513 -284098 -58717 375142
965361 -492602 637910 -816202
-991999 -900523 -816494 712854
-81500 303648 378688 -350237
304408 380373 145432 -204811
658642 -88131 -81500 303648
990629 215017 -164559 -67294
280856 -717239 786821 229574
598624 941438 388489 -458046
-224020 -165388 884951 -303028
-551725 -657600 -367798 -467790
310569 -549172 625574 -655274
377552 -820109 658642 -88131
-708241 943870 -32459 -572197
-215396 199689 49411 -194253
-516126 -453447 -215396 199689
778373 79897 699593 463276
672105 985308 -506601 -765960
-708241 943870 883005 787470
-708241 943870 534438 -270930
218350 349920 -558000 -881162
-180165 -215575 -776885 -124875
-606817 -319574 -333576 798805
-30798 468609 130541 321881
828050 -914843 672105 985308
230523 56743 -834389 -182189
-708241 943870 -362000 -728858
786821 229574 -859595 321238
238247 -619315 774787 -46892
-585597 739815 -364388 -529142
-599814 -751913 -386264 -183988
388449 -273239 213825 874972
-682641 97570 736602 136189
-458972 928272 887876 -333243
-671911 346657 -652435 -348436
-663474 -420697 -516885 194461
-215396 199689 -776885 -124875
12589 712711 386587 1598
-506601 -765960 -311073 692816
797768 280769 250305 -458708
-708241 943870 797768 280769
12993 765032 317598 970295
-816494 712854 530692 -650806
-912248 388913 -609172 -687245
123079 961807 843091 185494
-150747 -17107 994646 776398
411348 -955216 627168 832115
-966093 -502758 530692 -650806
-709195 819535 778373 79897
607669 233310 -10231 156179
-164924 286583 377552 -820109
76104 569575 -462128 888064
-666604 -257834 -652435 -348436
637910 -816202 -894660 -750246
-189807 -213274 -275712 -180332
968113 597276 -554806 947187
-598393 -151864 -361169 194788
965424 243206 -928994 781108
-708241 943870 -585597 739815
304408 380373 786821 229574
-946691 340795 883005 787470
-490173 335598 -666604 -257834
-821158 -251533 218350 349920
-539960 -518294 637910 -816202
-462779 -858988 568513 -284098
-458972 928272 362126 952116
-212099 966229 941607 312697
-946691 340795 -275712 -180332
324931 308403 740463 -753903
-756335 61442 828050 -914843
828050 -914843 -652435 -348436
280856 -717239 -901045 -804969
280856 -717239 918173 -211567
965361 -492602 -787260 74029
12993 765032 -888800 -783612
280856 -717239 774787 -46892
-585597 739815 -504736 672252
-746355 -953614 -700705 383420
185206 57167 -787260 74029
300507 -503411 -504736 672252
965361 -492602 -585597 739815
-708241 943870 -904545 250089
338984 -223496 213825 874972
828050 -914843 -888800 -783612
883005 787470 -700705 383420
-536087 398015 388449 -273239
49411 -194253 -314693 820925
918173 -211567 -364388 -529142
584036 229601 -683154 -865049
-993569 -38607 828050 -914843
607669 233310 366610 -26838
469808 505841 366610 -26838
-708241 943870 77743 -162797
-3861 543377 534438 -270930
-599814 -751913 -816494 712854
280856 -717239 389679 -272261
-893117 -902163 727818 804207
-150747 -17107 218350 349920
-64370 -967965 -275712 -180332
-184517 -536795 -696550 681869
-473152 -725301 -311073 692816
378688 -350237 185206 57167
-904545 250089 324931 308403
929587 -992651 210755 204153
326676 363646 -537900 418931
12054 453536 378688 -350237
-652435 -348436 884951 -303028
883005 787470 12589 712711
304408 380373 -563808 536413
304408 380373 -692309 230912
781619 -557499 300507 -503411
66724 -270849 518403 30293
-81500 303648 -147191 -399181
304408 380373 366610 -26838
-3861 543377 304408 380373
-556900 -827885 941607 312697
828050 -914843 -234336 184822
-212099 966229 -800985 203910
-320190 -430970 -504736 672252
103636 -923415 439900 454887
-910729 -880692 439900 454887
398275 756153 218350 349920
643056 525920 389679 -272261
230523 56743 -800985 203910
-991999 -900523 469808 505841
-215396 199689 -382344 254008
39073 -687742 -910729 -880692
459421 967395 445485 -325439
-821158 -251533 -609172 -687245
786821 229574 294061 -672979
-663474 -420697 797768 280769
-816494 712854 123079 961807
-386264 -183988 12589 712711
-184565 319923 627168 832115
-694381 -448534 388489 -458046
803524 -551082 340358 276624
-241280 -415702 -390721 -328210
-386264 -183988 -490173 335598
12091 584199 -536706 682834
-123076 5456 324931 308403
-715646 272796 778373 79897
102644 105300 -98669 241166
875728 859603 12054 453536
-874296 -887415 530692 -650806
-692309 230912 -446211 -557939
534438 -270930 923027 180434
607669 233310 -58717 375142
-516126 -453447 12589 712711
-692309 230912 -606817 -319574
66724 -270849 304408 380373
-728656 898648 672105 985308
-893117 -902163 -841833 -74466
3168 352063 -123076 5456
300507 -503411 998906 -639178
280856 -717239 -170970 -228804
12091 584199 130541 321881
12993 765032 -901045 -804969
250305 -458708 398275 756153
369940 -325428 605490 190676
481712 118612 -776885 -124875
-490173 335598 666401 -347404
-184565 319923 12589 712711
-170970 -228804 -608833 -845035
388449 -273239 445485 -325439
304408 380373 -318085 -510837
828050 -914843 -841833 -74466
102644 105300 672105 985308
280856 -717239 -598393 -151864
-709195 819535 -698452 811817
-58717 375142 -888800 -783612
185206 57167 605490 190676
919645 403929 -506601 -765960
388449 -273239 884951 -303028
250305 -458708 530692 -650806
-787260 74029 -174840 650022
-184565 319923 -170970 -228804
-709195 819535 386587 1598
-826330 -351165 -652435 -348436
-862618 -34687 -964940 650713
-215396 199689 -212099 966229
-894660 -750246 49411 -194253
-787260 74029 -816494 712854
-715646 272796 817447 -306313
-652435 -348436 -164924 286583
568513 -284098 672105 985308
372829 377689 -311073 692816
-566207 963100 366610 -26838
-698452 811817 797768 280769
-503095 -471580 -364388 -529142
-816494 712854 -700705 383420
230523 56743 883005 787470
817447 -306313 356342 -584731
-170970 -228804 -609172 -687245
-503095 -471580 -266312 212647
-215396 199689 883005 787470
774787 -46892 389679 -272261
12054 453536 -698452 811817
-10231 156179 -754929 808219
317616 -917842 643056 525920
216530 276379 -3861 543377
-184565 319923 378688 -350237
-311073 692816 884951 -303028
-189807 -213274 216530 276379
338984 -223496 -800985 203910
-821158 -251533 145432 -204811
828050 -914843 510322 -815079
398275 756153 530692 -650806
12054 453536 -516885 194461
881738 -32111 699593 463276
102644 105300 -525968 -881698
-708241 943870 102644 105300
378688 -350237 445485 -325439
866647 109353 786821 229574
-636868 19661 123079 961807
377552 -820109 797768 280769
12993 765032 377552 -820109
778373 79897 -32459 -572197
828050 -914843 -539960 -518294
303857 -655766 388449 -273239
280856 -717239 -318085 -510837
-164924 286583 -503095 -471580
-787260 74029 833182 -352673
-803624 123959 -234336 184822
12054 453536 377552 -820109
76104 569575 362126 952116
-910729 -880692 76104 569575
-894660 -750246 -585597 739815
388449 -273239 -275712 -180332
797768 280769 -311073 692816
-608833 -845035 672105 985308
340358 276624 740463 -753903
-599814 -751913 280856 -717239
-910729 -880692 486037 222047
304408 380373 -201445 -925155
990629 215017 666401 -347404
965361 -492602 -700705 383420
238247 -619315 -504736 672252
-189807 -213274 672105 985308
786821 229574 130541 321881
280856 -717239 -700705 383420
218350 349920 -888800 -783612
774787 -46892 -563808 536413
828050 -914843 -536706 682834
-506601 -765960 293669 288472
-856059 -884225 534438 -270930
-504736 672252 -123076 5456
66724 -270849 222398 -919893
-617183 -862480 -608833 -845035
316426 397994 -241280 -415702
-787260 74029 605490 190676
-170970 -228804 445485 -325439
786821 229574 -123076 5456
-224020 -165388 662290 537419
-671911 346657 -275712 -180332
-184565 319923 -585597 739815
-834389 -182189 756474 206799
-616476 833588 740463 -753903
316426 397994 218350 349920
103636 -923415 317616 -917842
923027 180434 -477233 -523904
-816494 712854 918173 -211567
-893117 -902163 459421 967395
918173 -211567 672105 985308
-506601 -765960 366610 -26838
-616476 833588 -800985 203910
316426 397994 530692 -650806
-184565 319923 417212 -11749
-826330 -351165 76104 569575
293669 288472 843091 185494
486138 -4449 -598393 -151864
-311073 692816 -484342 -796030
-364388 -529142 -663474 -420697
803524 -551082 268630 465136
-333772 298300 -518802 -339234
102644 105300 727818 804207
-893117 -902163 -201445 -925155
866647 109353 -390721 -328210
-708241 943870 324931 308403
-966093 -502758 327344 11741
294061 -672979 258100 -859315
919645 403929 -185116 -677422
102644 105300 388489 -458046
-311073 692816 445485 -325439
994646 776398 388449 -273239
12091 584199 -816494 712854
828050 -914843 -318085 -510837
-803624 123959 658642 -88131
398275 756153 326676 363646
614410 -163582 -856059 -884225
-901045 -804969 883005 787470
-184517 -536795 -506601 -765960
-536087 398015 213825 874972
-215396 199689 341581 -369981
-856059 -884225 -536706 682834
406681 -931106 -776885 -124875
235187 807838 -516885 194461
-636868 19661 -666604 -257834
-910729 -880692 -462128 888064
-558000 -881162 -904545 250089
66724 -270849 -411689 -682792
740463 -753903 883005 787470
-692309 230912 218350 349920
-708241 943870 260549 717716
-598393 -151864 194397 -72979
102644 105300 -311073 692816
102644 105300 -170970 -228804
185206 57167 666401 -347404
-184517 -536795 786821 229574
388449 -273239 -215396 199689
598624 941438 774787 -46892
786821 229574 12589 712711
388449 -273239 -856059 -884225
-252301 -254585 -563808 536413
919645 403929 778373 79897
-851672 941215 786821 229574
-671911 346657 -698452 811817
304408 380373 530692 -650806
-888800 -783612 -170970 -228804
-556900 -827885 123079 961807
-834389 -182189 -10231 156179
185206 57167 388489 -458046
230523 56743 -32459 -572197
607669 233310 77743 -162797
-816494 712854 -318085 -510837
103636 -923415 -776885 -124875
-563808 536413 102644 105300
-816494 712854 643056 525920
-798153 38378 740463 -753903
-215396 199689 -698452 811817
-241280 -415702 398275 756153
-901045 -804969 -776885 -124875
929587 -992651 -606817 -319574
-803624 123959 -364388 -529142
185206 57167 -964940 650713
-652435 -348436 -563808 536413
-543010 -560788 778373 79897
-275712 -180332 -212099 966229
-856059 -884225 699593 463276
774787 -46892 260549 717716
-666604 -257834 -598393 -151864
-893117 -902163 12589 712711
102644 105300 -10231 156179
941607 312697 230523 56743
-787260 74029 356342 -584731
828050 -914843 235187 807838
828050 -914843 584036 229601
828050 -914843 -215396 199689
627168 832115 12993 765032
-333576 798805 310569 -549172
866647 109353 -874296 -887415
-856059 -884225 -834389 -182189
-893117 -902163 797399 973082
968113 597276 268630 465136
130541 321881 -364388 -529142
-671911 346657 -609172 -687245
-598393 -151864 637910 -816202
584036 229601 324931 308403
-912248 388913 -964940 650713
-484342 -796030 -490173 335598
-692309 230912 -859595 321238
774787 -46892 -311073 692816
-636868 19661 918173 -211567
-81500 303648 -776885 -124875
607669 233310 338984 -223496
866647 109353 -698452 811817
-516885 194461 -170970 -228804
280856 -717239 218350 349920
218350 349920 778373 79897
388449 -273239 918173 -211567
-708241 943870 -800985 203910
388449 -273239 666401 -347404
518403 30293 965361 -492602
304408 380373 49411 -194253
-682641 97570 194397 -72979
-189807 -213274 -841833 -74466
776758 -505749 637910 -816202
-504736 672252 49411 -194253
-821158 -251533 -462128 888064
-598393 -151864 -212099 966229
-215396 199689 145432 -204811
615667 -379054 672105 985308
-551176 310119 -311073 692816
-81500 303648 -683154 -865049
-798153 38378 918173 -211567
-184565 319923 295475 -253181
-904545 250089 66724 -270849
304408 380373 -170970 -228804
-386264 -183988 776758 -505749
994646 776398 356009 -744836
828050 -914843 -81500 303648
