1000
-941538 570666 258502 351560
-824260 -446632 331983 826184
621195 877202 675216 -654700
-497454 239195 165329 768097
-325089 -72606 788937 303044
-493977 823118 -95385 569851
-895602 -572847 944037 719826
-459442 -553910 961097 -152734
801683 705807 -424194 361038
954649 370244 234798 -64198
625684 999531 571505 645846
360224 -830312 6300 -469944
-599988 640180 -942393 952686
-662220 -820173 -401324 -775739
279877 -352105 -179163 -652017
-221038 141992 625458 979911
-494630 898204 -855354 -352614
-214371 725400 69668 744369
364399 795361 -647617 871578
-531089 -589127 -658430 -188145
-104561 -937500 229011 -215217
945382 616474 330924 -304237
-128387 -900558 -85765 18977
226310 -293126 22280 135401
-736322 470895 -983569 362712
69668 744369 -736322 470895
165668 -408692 79653 923786
-356979 -567990 154331 -820679
432642 295564 -215227 92069
493130 -266767 964373 799761
-898072 -507448 832228 835808
978521 -661865 935737 -241420
-708055 -4359 -199738 -747537
-679617 110302 -833598 666373
-35186 583989 -403413 -272650
-895602 -572847 -23048 -45572
-983569 362712 -914820 -357447
567103 -597918 -621562 937839
-279718 -240600 928619 -773496
283973 304477 -497454 239195
-46506 309972 683416 -482516
411673 512040 -733220 -67320
-336427 -143524 -437835 -560701
-9687 56726 -895489 413165
-862320 -774095 -167496 192119
756144 -643701 31737 19746
980926 380042 153209 -656968
625684 999531 525870 -920444
872794 9257 -446366 711550
-993539 474405 387545 -742077
165329 768097 -199738 -747537
360224 -830312 -459442 -553910
-325089 -72606 -532878 -180194
432642 295564 -544472 427502
-824260 -446632 -95385 569851
-317559 841493 3086 -469226
871803 957502 -731514 895274
139328 -208581 259938 -4807
-942393 952686 971979 209427
285985 -259541 566316 151181
877305 348266 -621562 937839
69668 744369 -493977 823118
-995500 -434682 302237 -788476
408290 914665 -774821 -804602
-325089 -72606 -855354 -352614
-884556 582505 160128 -145053
352997 -110066 -888836 -969011
267903 482621 459713 484672
-826967 -413096 -636395 523323
-317559 841493 559935 -415166
395485 948929 -196711 552475
871457 -741007 568575 462184
331983 826184 648255 -867783
381013 717645 -317559 841493
-450453 -563035 960129 110882
810863 -948484 6300 -469944
664631 547799 387545 -742077
395485 948929 978521 -661865
-158917 -301457 621195 877202
845732 -569128 224217 -980930
64551 -393353 858928 929467
757633 678446 643390 720850
693101 692005 -958315 -99081
139328 -208581 -833598 666373
-348267 946581 -788498 197885
216293 868688 553847 932865
-245828 983676 837505 218607
828538 141813 -450453 -563035
153209 -656968 -891640 -374887
89075 -647939 449425 -171939
-884556 582505 -412123 -3736
317484 345082 25139 -680761
-8906 370438 691794 105376
818653 -174693 449179 -770689
693101 692005 -914820 -357447
626783 -596267 -459442 -553910
471144 -96528 267903 482621
-895602 -572847 395485 948929
309441 110022 824483 454584
-106486 -397060 749490 -582476
-824260 -446632 -408584 -163092
154331 -820679 945382 616474
239396 704895 935737 -241420
869170 -428397 -77412 615863
64551 -393353 156534 905735
-572336 676011 -682620 460725
239396 704895 550941 229488
-514550 -409997 705288 -959485
409829 293258 170211 637719
-459442 -553910 -344553 832361
373585 -885930 44262 368122
-77412 615863 -584222 350177
-29219 133220 460019 -303482
-77412 615863 259376 409599
-426085 334248 -884903 290674
370360 -147404 648255 -867783
-396308 -430004 800659 27824
557622 486182 -816578 -64054
50437 654285 681914 902160
749490 -582476 130359 -358188
871803 957502 129655 -385414
872794 9257 -941538 570666
356878 -407134 722004 26629
364399 795361 -167987 819641
-895602 -572847 153209 -656968
-477026 152899 -90614 -678235
-29219 133220 681914 902160
-624740 680299 485408 -8373
-374248 543221 -884556 582505
-23048 -45572 643390 720850
-204025 304885 457751 -662147
360936 -189180 6300 -469944
-382063 -128035 -424194 361038
-368847 -809854 -857179 -70009
-403413 -272650 525870 -920444
-315372 876771 -888836 -969011
39036 382370 971979 209427
50437 654285 -382665 680822
749490 -582476 -477026 152899
-651540 -378246 190103 -447129
-896676 334884 944037 719826
-553160 621368 154331 -820679
395485 948929 522327 403862
928619 -773496 -637788 243756
757633 678446 -331516 -685570
493596 64759 173690 139006
309441 110022 571505 645846
64551 -393353 445980 -9967
634619 -417085 44262 368122
-77412 615863 -412123 -3736
-325089 -72606 998612 928036
816004 -135833 807256 -178721
31737 19746 571915 370492
664631 547799 360936 -189180
493596 64759 181288 -804213
-572336 676011 930169 -617832
-342592 -45638 -634104 -725590
-367988 591102 784527 -809576
404147 724398 -95385 569851
-647617 871578 95761 503395
404147 724398 -335009 98339
945382 616474 961097 -152734
-895602 -572847 364399 795361
339283 552356 129655 -385414
493596 64759 848975 -63358
387545 -742077 330924 -304237
31737 19746 944037 719826
226310 -293126 722004 26629
309441 110022 625458 979911
153209 -656968 525870 -920444
871803 957502 -77412 615863
-941538 570666 226310 -293126
960129 110882 408290 914665
153209 -656968 -445510 777541
-824260 -446632 553413 -221815
-621562 937839 930169 -617832
567103 -597918 -348267 946581
-898072 -507448 -544914 390199
443322 -503857 -113997 941470
-245828 983676 -199738 -747537
-245828 983676 -943188 -745160
31737 19746 229011 -215217
493596 64759 930169 -617832
25139 -680761 -344553 832361
248204 594167 683416 -482516
-572336 676011 54405 -110340
-805769 463746 848975 -63358
-137566 -801122 -335009 98339
-914820 -357447 330924 -304237
-676272 -727224 -412123 -3736
711319 371069 363643 117956
521839 -595148 784527 -809576
980926 380042 -580225 569348
566316 151181 -774821 -804602
-599819 168430 774013 850225
947055 -35799 804728 -447209
538029 185340 -95385 569851
322492 -871923 -403413 -272650
-675453 413928 675216 -654700
-940445 648552 -647617 871578
521839 -595148 551661 -164963
417342 -970498 837505 218607
241694 -204673 330924 -304237
190103 -447129 354060 833665
428640 -872832 50437 654285
404147 724398 -633483 -266172
-865157 46470 551661 -164963
-20416 -529629 -331751 -607398
-77412 615863 6300 -469944
-325089 -72606 3086 -469226
-509872 43976 467373 931692
226310 -293126 -196711 552475
216293 868688 -336427 -143524
936775 318624 -604662 -445849
160128 -145053 824483 454584
998612 928036 -837906 845562
-941949 153741 460019 -303482
-367988 591102 869170 -428397
-317559 841493 626783 -596267
89075 -647939 649222 182433
315172 -311975 -325089 -72606
634619 -417085 -553160 621368
482758 -864348 648255 -867783
-785079 -413335 -167987 819641
970807 -984592 72810 379436
145648 -574969 -941538 570666
-52895 -737383 738023 -459363
-662220 -820173 130038 -168932
583657 49127 153209 -656968
-896676 334884 346727 -928259
-941538 570666 797870 175052
404147 724398 -920172 974232
738023 -459363 6300 -469944
-895602 -572847 -611376 823396
-382665 680822 -66941 -979809
330924 -304237 -403413 -272650
749490 -582476 170211 637719
346727 -928259 -450453 -563035
-325089 -72606 568575 462184
60350 285829 -348267 946581
-984185 -825327 165329 768097
-90614 -678235 234798 -64198
-895602 -572847 242617 379402
-412123 -3736 130038 -168932
545852 443153 -532878 -180194
749490 -582476 521645 169105
-581196 -656207 493596 64759
-896676 334884 449425 -171939
-137566 -801122 229011 -215217
807256 -178721 154331 -820679
-42180 929044 -733220 -67320
749490 -582476 317484 345082
-862320 -774095 877305 348266
-958315 -99081 944037 719826
-229361 -488042 -652435 -564055
-611376 823396 559935 -415166
44710 345204 681914 902160
583657 49127 545852 443153
-483601 671730 -23048 -45572
-229361 -488042 -95385 569851
932945 627854 22280 135401
219145 -924899 330924 -304237
-101150 703888 -403413 -272650
322492 -871923 130359 -358188
-14464 -131279 429263 -681803
-514550 -409997 -941619 -598112
373585 -885930 947055 -35799
824059 -848021 691794 105376
-396308 -430004 -15794 201266
354416 -885552 960129 110882
-663674 -402385 25052 -470341
801683 705807 -983569 362712
72388 -491549 766759 533999
824059 -848021 408290 914665
945382 616474 -652435 -564055
-18342 -844688 -636395 523323
810863 -948484 -647617 871578
-9687 56726 79653 923786
-841148 -497621 -651540 -378246
-167987 819641 -204025 304885
749618 581204 156534 905735
-325089 -72606 449425 -171939
-52071 852100 -113997 941470
-367988 591102 -941538 570666
-221038 141992 971979 209427
845732 -569128 22280 135401
804728 -447209 -368847 -809854
120148 765460 -637788 243756
-884556 582505 971979 209427
932945 627854 625684 999531
-826967 -413096 -995500 -434682
-408584 -163092 -393142 153969
757633 678446 22280 135401
970807 -984592 545852 443153
-101150 703888 520823 994868
322492 -871923 22280 135401
-663674 -402385 -10831 88965
-7583 252603 302237 -788476
986627 659956 643390 720850
-237271 -296198 -401324 -775739
-315516 -310446 870978 379210
-325089 -72606 -920172 974232
190103 -447129 -943188 -745160
395485 948929 749490 -582476
-708055 -4359 -15794 201266
241694 -204673 568575 462184
352997 -110066 -47222 849982
-167987 819641 -23048 -45572
-890937 623273 -755999 -893946
-369026 21240 545852 443153
409829 293258 -335181 829958
-824260 -446632 -477026 152899
653258 -741413 818500 349131
364399 795361 625684 999531
-87430 523396 927988 942297
-229361 -488042 -896676 334884
242275 907746 -237271 -296198
154331 -820679 299612 732748
360224 -830312 457751 -662147
404147 724398 -943188 -745160
757633 678446 258502 351560
-459442 -553910 165329 768097
-834078 486116 -317559 841493
-553403 -12300 -14464 -131279
-964244 -766218 -931766 108947
-544914 390199 330924 -304237
112242 761141 807256 -178721
120148 765460 -317559 841493
648255 -867783 330924 -304237
-553403 -12300 -374724 -228470
-553403 -12300 -837906 845562
-895489 413165 -884903 290674
589725 557325 387545 -742077
443322 -503857 766680 233160
-77412 615863 269079 -594831
-167987 819641 356878 -407134
-855354 -352614 625458 979911
557622 486182 -572336 676011
848975 -63358 797942 -851646
139328 -208581 -807967 -706086
-553403 -12300 306060 440784
-245828 983676 -477026 152899
757633 678446 493596 64759
24770 573374 -807967 -706086
640357 210604 -331516 -685570
479974 206223 545852 443153
-278414 390682 364399 795361
-177806 270713 -993539 474405
31737 19746 648255 -867783
370360 -147404 449425 -171939
422234 736416 72810 379436
339283 552356 -722798 -86727
-708055 -4359 -477247 449921
-773187 563208 -196681 -163652
-553403 -12300 -446366 711550
-583152 946285 -86445 509593
757633 678446 -315372 876771
163457 707627 971979 209427
757633 678446 -841148 -497621
704732 -559552 449425 -171939
-914820 -357447 -896676 334884
824483 454584 -686462 893716
757633 678446 -446366 711550
-896676 334884 621195 877202
120148 765460 852671 -150319
471144 -96528 -611376 823396
344935 178542 869170 -428397
978521 -661865 -393142 153969
-493977 823118 320738 665541
287351 -210035 -95385 569851
-826967 -413096 356878 -407134
-199738 -747537 871457 -741007
-952809 -520102 -931973 -918518
521645 169105 267903 482621
-553403 -12300 -166611 132773
60350 285829 766680 233160
409829 293258 -941949 153741
-807967 -706086 -204025 304885
-139279 -477902 -113997 941470
749490 -582476 -214508 -276788
928619 -773496 693101 692005
-553403 -12300 -401324 -775739
877305 348266 279877 -352105
553601 564119 -884903 290674
638827 432614 129655 -385414
-128387 -900558 343412 684967
553601 564119 -392866 5954
523686 958273 -241890 -555609
818653 -174693 -993539 474405
-686066 827507 -675453 413928
-483601 671730 961097 -152734
-29219 133220 852671 -150319
954649 370244 681914 902160
-113997 941470 154331 -820679
-101150 703888 354060 833665
-532406 -735683 -862320 -774095
766680 233160 194121 -116662
640357 210604 493596 64759
-793895 -615803 -331516 -685570
314692 892882 -365314 422556
553601 564119 445980 -9967
-583152 946285 354060 833665
154331 -820679 -85765 18977
194121 -116662 317484 345082
-807967 -706086 165329 768097
-711514 -380731 -941619 -598112
795477 -491529 -904712 8946
-199738 -747537 449179 -770689
-494630 898204 -793895 -615803
-572336 676011 -637788 243756
-177806 270713 -443039 -185780
165668 -408692 64551 -393353
-582097 -351230 -344553 832361
-807967 -706086 -868539 257999
-86445 509593 -199738 -747537
-674359 679153 -453489 885833
871457 -741007 267903 482621
464624 88611 240262 594444
145648 -574969 914592 -628613
381013 717645 -459442 -553910
-529973 218872 846199 684033
653258 -741413 704294 611298
-632528 205778 428754 -575702
-943188 -745160 -636395 523323
-601783 -492409 244441 446389
871803 957502 -199738 -747537
322492 -871923 859429 526473
810863 -948484 -331516 -685570
-317559 841493 -734832 -661591
217299 294849 -679197 715745
-611376 823396 331983 826184
-87430 523396 216293 868688
643390 720850 259376 409599
-553403 -12300 -392866 5954
310143 -478729 675216 -654700
31737 19746 -762475 -148899
795477 -491529 -95385 569851
-315516 -310446 242275 907746
69668 744369 927688 -981528
-632528 205778 -331516 -685570
-35186 583989 467373 931692
190103 -447129 -762475 -148899
-807967 -706086 354060 833665
-128387 -900558 -426085 334248
568575 462184 479974 206223
-299404 -946449 -914820 -357447
395485 948929 366880 -887295
521645 169105 44262 368122
480720 473794 -993539 474405
-774821 -804602 -77412 615863
331983 826184 771999 -141149
-582097 -351230 648255 -867783
738023 -459363 -614592 -976895
356878 -407134 870978 379210
359679 131442 626783 -596267
190103 -447129 664631 547799
-112638 -803751 -531089 -589127
945382 616474 -931766 108947
363643 117956 788937 303044
-581196 -656207 244441 446389
978521 -661865 -413180 -886413
31737 19746 -477026 152899
284527 -314314 648255 -867783
551661 -164963 -852195 528878
824059 -848021 945382 616474
801683 705807 818500 349131
932945 627854 -71354 881020
-231124 637852 -445510 777541
373585 -885930 653258 -741413
-773187 563208 -166611 132773
954649 370244 -403413 -272650
44262 368122 738023 -459363
480720 473794 643390 720850
-896676 334884 -167987 819641
-317559 841493 954649 370244
-662220 -820173 673947 953136
-154390 238618 559935 -415166
757633 678446 -816578 -64054
163457 707627 -482626 -419325
-446366 711550 432642 295564
-895602 -572847 -920172 974232
-826967 -413096 -403413 -272650
-322309 -11505 -941538 570666
-196681 -163652 -331516 -685570
-325089 -72606 -896676 334884
-367988 591102 630406 111026
860190 554614 -546298 -452447
-884903 290674 -3710 463437
-325089 -72606 346727 -928259
399623 -435417 681914 902160
567103 -597918 320738 665541
-535326 -890772 800659 27824
756144 -643701 733937 431474
854035 -902359 64551 -393353
-674359 679153 -731514 895274
484998 -263792 559935 -415166
165668 -408692 -793895 -615803
-686066 827507 -508809 -10770
711319 371069 -167496 192119
-348267 946581 -52071 852100
-941949 153741 493596 64759
480720 473794 -193026 -612001
-509872 43976 285985 -259541
428293 264405 -331516 -685570
625684 999531 859429 526473
411673 512040 310143 -478729
259376 409599 -990261 566874
621195 877202 -497454 239195
309441 110022 -335181 829958
-942393 952686 -331516 -685570
127998 -131896 500459 -147855
-990281 567065 -497454 239195
259938 -4807 545852 443153
-636395 523323 -392866 5954
-834078 486116 971979 209427
-711514 -380731 459713 484672
-90614 -678235 -663674 -402385
478011 927599 -696687 454851
-833598 666373 -477026 152899
757633 678446 681914 902160
795477 -491529 -392866 5954
-662220 -820173 331983 826184
-599988 640180 356878 -407134
-898072 -507448 331983 826184
840724 76693 344935 178542
153209 -656968 -477026 152899
-830673 716821 971979 209427
-325089 -72606 -652435 -564055
-437835 -560701 521839 -595148
-392866 5954 818500 349131
-392866 5954 364399 795361
-204025 304885 525870 -920444
810863 -948484 705288 -959485
818500 349131 807983 -14956
-532878 -180194 242275 907746
900558 -749582 346727 -928259
810863 -948484 -884903 290674
630406 111026 859429 526473
-196681 -163652 -887484 105674
-805769 463746 -855354 -352614
493596 64759 -734832 -661591
-826967 -413096 971979 209427
-87430 523396 -679197 715745
-396308 -430004 795477 -491529
165668 -408692 267903 482621
-446366 711550 810863 -948484
190103 -447129 130038 -168932
395485 948929 364399 795361
-325089 -72606 -676272 -727224
-342592 -45638 -826967 -413096
523686 958273 317484 345082
-167987 819641 25052 -470341
-459442 -553910 -408584 -163092
-914820 -357447 224217 -980930
653258 -741413 -663674 -402385
970807 -984592 -896676 334884
-993721 84848 343412 684967
-931973 -918518 354416 -885552
-47222 849982 -85765 18977
-599819 168430 181288 -804213
986627 659956 810863 -948484
806533 921728 -634104 -725590
-935675 535159 -686462 893716
165668 -408692 156534 905735
797870 175052 6300 -469944
-686066 827507 -365314 422556
-896676 334884 -85765 18977
-580225 569348 -674359 679153
154331 -820679 44262 368122
267903 482621 -365314 422556
64551 -393353 240262 594444
242275 907746 625458 979911
-624740 680299 800659 27824
583657 49127 -611376 823396
704732 -559552 44262 368122
218732 564921 -193026 -612001
704294 611298 -751342 101031
-20416 -529629 -914820 -357447
-325089 -72606 6300 -469944
387545 -742077 -728135 -5382
-958315 -99081 44262 368122
-325089 -72606 -601783 -492409
704294 611298 -113997 941470
-95385 569851 643390 720850
-493716 -455655 673947 953136
-23048 -45572 -453489 885833
854035 -902359 625458 979911
-412123 -3736 387545 -742077
408290 914665 130038 -168932
-509872 43976 -572336 676011
567103 -597918 44262 368122
315172 -311975 -214371 725400
-77412 615863 -544914 390199
-493977 823118 -299404 -946449
-77412 615863 837505 218607
-245828 983676 130038 -168932
638827 432614 739116 486402
675216 -654700 160128 -145053
-35186 583989 -193026 -612001
370360 -147404 -368847 -809854
24770 573374 571915 370492
-834078 486116 72388 -491549
409829 293258 -658430 -188145
-313051 -333296 331983 826184
417342 -970498 522327 403862
828538 141813 520823 994868
757633 678446 848975 -63358
-580225 569348 -686462 893716
816004 -135833 244441 446389
-325089 -72606 -8906 370438
-245828 983676 869170 -428397
-52071 852100 -837906 845562
807256 -178721 154070 872261
704732 -559552 -557416 994865
487622 -443795 360224 -830312
-167987 819641 -557416 994865
-374825 -600488 733937 431474
-245828 983676 343412 684967
-686066 827507 566316 151181
-824260 -446632 -331516 -685570
890574 -346085 366880 -887295
757633 678446 -865157 46470
484998 -263792 -477026 152899
-896676 334884 559935 -415166
360936 -189180 -9687 56726
-774821 -804602 766759 533999
-824260 -446632 649222 182433
-331516 -685570 149288 757846
-241890 -555609 643390 720850
757633 678446 -193026 -612001
404147 724398 837505 218607
-325089 -72606 411673 512040
521839 -595148 571505 645846
-904712 8946 -196681 -163652
-431842 -224932 -497454 239195
69668 744369 828538 141813
-128387 -900558 364399 795361
738023 -459363 154070 872261
409829 293258 360936 -189180
-325089 -72606 871803 957502
-896676 334884 -7583 252603
259376 409599 79653 923786
648255 -867783 473003 -699065
961097 -152734 -204025 304885
648255 -867783 -990261 566874
-253155 15198 -210514 -243441
871803 957502 457751 -662147
25139 -680761 872794 9257
-904712 8946 872794 9257
-686066 827507 807983 -14956
-47222 849982 -392866 5954
932945 627854 -728135 -5382
-9687 56726 859429 526473
-621562 937839 521645 169105
408290 914665 525870 -920444
360936 -189180 -245828 983676
-686066 827507 330924 -304237
-958315 -99081 -636395 523323
-647617 871578 -344152 917268
-621562 937839 -793895 -615803
607109 -386258 464624 88611
653258 -741413 -941619 -598112
954649 370244 -47222 849982
239396 704895 -868539 257999
-647617 871578 8590 -370079
589725 557325 -636395 523323
-229361 -488042 -106781 -911756
-325089 -72606 -964244 -766218
848975 -63358 346727 -928259
860190 554614 -722798 -86727
828538 141813 -344152 917268
-315516 -310446 -553160 621368
978521 -661865 -941619 -598112
523686 958273 -443039 -185780
801683 705807 154070 872261
998612 928036 -830673 716821
-374724 -228470 -941538 570666
-663674 -402385 -647617 871578
-315516 -310446 -317559 841493
-77412 615863 -477247 449921
900558 -749582 -857179 -70009
-336427 -143524 -633483 -266172
480720 473794 -755999 -893946
-426085 334248 824483 454584
-229361 -488042 525870 -920444
-807967 -706086 832228 835808
-7583 252603 551661 -164963
693101 692005 800659 27824
757252 676513 877305 348266
-167987 819641 559935 -415166
-855354 -352614 -943188 -745160
-77412 615863 219145 -924899
858928 929467 156534 905735
621195 877202 -914820 -357447
970807 -984592 -85765 18977
872794 9257 -221621 -989872
-519829 484069 6300 -469944
145648 -574969 -215227 92069
583657 49127 571505 645846
567103 -597918 -408584 -163092
-935675 535159 553847 932865
-325089 -72606 749618 581204
-374825 -600488 411673 512040
673947 953136 927988 942297
550941 229488 648255 -867783
693101 692005 848975 -63358
-401324 -775739 429263 -681803
890574 -346085 482758 -864348
166903 -134811 -696687 454851
625684 999531 130359 -358188
-245828 983676 443465 742251
-493977 823118 -344553 832361
157094 -140287 267903 482621
-245828 983676 643390 720850
44710 345204 -35186 583989
322492 -871923 643390 720850
432642 295564 -336427 -143524
828538 141813 156534 905735
522327 403862 -547334 -484057
-833598 666373 -47222 849982
-5564 -232078 6300 -469944
971979 209427 -106486 -397060
-7583 252603 -674359 679153
-824260 -446632 550941 229488
8590 -370079 -604662 -445849
-253155 15198 653258 -741413
-277563 -300166 360224 -830312
239396 704895 195248 -135694
-519829 484069 -604662 -445849
165329 768097 310143 -478729
154331 -820679 331983 826184
-356979 -567990 366880 -887295
360936 -189180 -46506 309972
978521 -661865 837505 218607
-532878 -180194 -90614 -678235
693101 692005 621195 877202
166903 -134811 681914 902160
165668 -408692 914592 -628613
704294 611298 -392866 5954
784527 -809576 648255 -867783
112242 761141 130359 -358188
214900 -125973 54405 -110340
545852 443153 878089 -625284
521839 -595148 -914820 -357447
-348267 946581 625458 979911
-896676 334884 267903 482621
-245828 983676 626783 -596267
-580225 569348 -624583 -817623
527494 600480 424692 209793
-77412 615863 25052 -470341
704732 -559552 -884903 290674
901853 703004 244441 446389
-426085 334248 648255 -867783
-676272 -727224 525870 -920444
-101150 703888 120148 765460
112242 761141 -852195 528878
354416 -885552 -990281 567065
693101 692005 343412 684967
877305 348266 -231124 637852
373585 -885930 240262 594444
-958315 -99081 -896676 334884
828538 141813 859429 526473
757633 678446 -502032 -986949
691794 105376 -837906 845562
478011 927599 673947 953136
757633 678446 346727 -928259
154331 -820679 343412 684967
322492 -871923 -791563 -15283
567103 -597918 -893295 14155
-614592 -976895 -958315 -99081
39036 382370 998612 928036
64551 -393353 738023 -459363
69668 744369 -497454 239195
-983569 362712 354060 833665
366880 -887295 -95385 569851
649222 182433 -113997 941470
493130 -266767 25052 -470341
521839 -595148 559935 -415166
-5564 -232078 -679197 715745
872794 9257 149288 757846
664631 547799 -221621 -989872
493130 -266767 -508809 -10770
-941538 570666 -624740 680299
-245828 983676 704732 -559552
-167987 819641 346727 -928259
370360 -147404 -535326 -890772
153209 -656968 471144 -96528
359679 131442 -733220 -67320
154331 -820679 -477026 152899
95761 503395 824483 454584
242617 379402 139218 436613
-263013 -262745 -887484 105674
485408 -8373 226310 -293126
-942393 952686 -614592 -976895
757633 678446 -604662 -445849
-984185 -825327 571505 645846
-344553 832361 -166611 132773
-914820 -357447 877305 348266
-263013 -262745 269079 -594831
-29219 133220 -532406 -735683
-952809 -520102 625458 979911
139328 -208581 408290 914665
625684 999531 -652435 -564055
-450453 -563035 493596 64759
-529973 218872 240262 594444
-278414 390682 559935 -415166
869170 -428397 387545 -742077
954649 370244 869170 -428397
478011 927599 -771833 -241380
-412123 -3736 -113997 941470
749490 -582476 -751342 101031
154331 -820679 493596 64759
217299 294849 -3710 463437
877305 348266 566316 151181
936775 318624 267903 482621
31737 19746 757252 676513
248204 594167 681914 902160
947055 -35799 -514550 -409997
154331 -820679 527494 600480
-18342 -844688 900558 -749582
749490 -582476 -193026 -612001
-431842 -224932 473003 -699065
331983 826184 -637788 243756
145648 -574969 -113997 941470
-958315 -99081 -493716 -455655
872794 9257 -368847 -809854
-66941 -979809 -277563 -300166
-904712 8946 -647617 871578
267903 482621 705288 -959485
643390 720850 -611376 823396
-245828 983676 -611376 823396
-369026 21240 -158917 -301457
487622 -443795 625458 979911
22280 135401 531906 622783
824059 -848021 625458 979911
-611376 823396 96080 35925
-446366 711550 -686462 893716
-662220 -820173 64551 -393353
-509872 43976 287351 -210035
527494 600480 89075 -647939
154331 -820679 -679197 715745
691794 105376 -214508 -276788
407143 -527919 -788498 197885
-245828 983676 -367988 591102
404147 724398 -634104 -725590
810863 -948484 945382 616474
-459442 -553910 -636395 523323
443465 742251 859429 526473
960129 110882 234798 -64198
-245828 983676 -686066 827507
704732 -559552 154070 872261
-546298 -452447 310143 -478729
-676272 -727224 964373 799761
784527 -809576 771999 -141149
226310 -293126 -544472 427502
848975 -63358 -793895 -615803
449425 -171939 846199 684033
354060 833665 -95385 569851
-104561 -937500 -855354 -352614
399623 -435417 -85765 18977
757633 678446 -647617 871578
784527 -809576 -920172 974232
25139 -680761 428640 -872832
-322309 -11505 -331516 -685570
331983 826184 424692 209793
-599819 168430 766680 233160
-413180 -886413 -166611 132773
704732 -559552 649222 182433
-624740 680299 961097 -152734
-834078 486116 -914820 -357447
872794 9257 673176 796412
-493977 823118 -167987 819641
522327 403862 -514550 -409997
757633 678446 -396308 -430004
757633 678446 -791563 -15283
944037 719826 364399 795361
443322 -503857 242275 907746
626783 -596267 139218 436613
314692 892882 129655 -385414
625684 999531 195248 -135694
-15794 201266 807256 -178721
-547334 -484057 625458 979911
-5564 -232078 -941949 153741
978521 -661865 -553160 621368
-993721 84848 626783 -596267
-23048 -45572 704294 611298
422234 736416 643390 720850
478011 927599 -179163 -652017
877305 348266 -52895 -737383
978521 -661865 854035 -902359
284527 -314314 -914820 -357447
607109 -386258 945382 616474
283973 304477 387545 -742077
-599819 168430 89075 -647939
-532878 -180194 -497454 239195
-785079 -413335 428754 -575702
353250 440288 -199738 -747537
-315372 876771 346727 -928259
218732 564921 -572336 676011
935737 -241420 -66941 -979809
-708055 -4359 553413 -221815
-674359 679153 460019 -303482
-66941 -979809 330924 -304237
331983 826184 901853 703004
-793895 -615803 -139279 -477902
-958315 -99081 173690 139006
404147 724398 704732 -559552
-834078 486116 229011 -215217
25052 -470341 428293 264405
-229361 -488042 -624583 -817623
-679617 110302 -424194 361038
-382063 -128035 -888836 -969011
705288 -959485 648255 -867783
810863 -948484 407143 -527919
653258 -741413 -788498 197885
395485 948929 531906 622783
704294 611298 356878 -407134
242275 907746 -71354 881020
-547334 -484057 525870 -920444
653258 -741413 971979 209427
-862320 -774095 360224 -830312
784527 -809576 -584222 350177
-634104 -725590 -890937 623273
-374248 543221 -424194 361038
-497454 239195 44262 368122
-662220 -820173 927688 -981528
693101 692005 449425 -171939
-807967 -706086 -315372 876771
-834078 486116 753583 858245
-674359 679153 538029 185340
157094 -140287 -348267 946581
-210514 -243441 -914820 -357447
457751 -662147 299612 732748
739116 486402 871457 -741007
-663674 -402385 -733220 -67320
523686 958273 -771833 -241380
331983 826184 928619 -773496
-167987 819641 -42180 929044
-645592 990390 -313051 -333296
797942 -851646 -453489 885833
-682620 460725 -891640 -374887
900558 -749582 -15794 201266
947055 -35799 96080 35925
214900 -125973 550941 229488
804728 -447209 -807967 -706086
-279718 -240600 343412 684967
840724 76693 -331516 -685570
353250 440288 854035 -902359
-572336 676011 -477026 152899
112242 761141 -365314 422556
-87430 523396 -645592 990390
443465 742251 64551 -393353
409829 293258 25052 -470341
626783 -596267 460019 -303482
226310 -293126 50437 654285
-154390 238618 -344553 832361
806533 921728 79653 923786
493130 -266767 443465 742251
527494 600480 259938 -4807
-940445 648552 493596 64759
-544914 390199 -788498 197885
234798 -64198 500459 -147855
521645 169105 -898072 -507448
807256 -178721 -245828 983676
-755999 -893946 64551 -393353
127998 -131896 824483 454584
-106781 -911756 -941538 570666
810863 -948484 -47222 849982
130038 -168932 -636395 523323
-686066 827507 259938 -4807
354416 -885552 -112638 -803751
-14464 -131279 753583 858245
757633 678446 -14464 -131279
-52071 852100 -637788 243756
-5564 -232078 648255 -867783
673176 796412 160128 -145053
-807967 -706086 -914820 -357447
226310 -293126 -10831 88965
626783 -596267 -888836 -969011
306060 440784 -453489 885833
930169 -617832 878089 -625284
-331751 -607398 -482626 -419325
-532878 -180194 944037 719826
-502032 -986949 44262 368122
-621562 937839 -614592 -976895
571505 645846 804728 -447209
553601 564119 364399 795361
-77412 615863 -893295 14155
-317559 841493 545852 443153
-647617 871578 -204025 304885
443322 -503857 774013 850225
-367988 591102 643390 720850
471144 -96528 -943188 -745160
-547334 -484057 -193026 -612001
961097 -152734 935737 -241420
-637788 243756 -403413 -272650
521645 169105 837505 218607
-755999 -893946 449425 -171939
848975 -63358 6300 -469944
216293 868688 156534 905735
