1000
585255 -430341 -159218 375100
462081 755848 -148765 886604
585768 285123 -788536 -120950
224156 -957554 -438027 723231
-331904 -767081 -142021 105365
68970 346953 -255387 -334518
-423730 -297896 -906411 554233
-250752 899720 -142021 105365
-941281 -58943 -715179 -580543
585768 285123 -108473 548528
-408605 403466 -142021 105365
-148765 886604 477655 -384678
-108473 548528 90846 47866
-941281 -58943 305635 -829285
585768 285123 -692049 -56975
585768 285123 434889 -222244
-442826 375657 -142021 105365
-788536 -120950 -692049 -56975
16722 -440998 -438027 723231
-941281 -58943 642697 270204
-423730 -297896 156958 947525
-575848 -737572 991321 -801845
156958 947525 400173 856366
420431 -845716 609628 675268
585768 285123 -331904 -767081
-331464 -445822 -442826 375657
434889 -222244 -291061 -248306
28284 -125244 270182 229623
434889 -222244 -331464 -445822
224156 -957554 69131 -822960
462081 755848 69131 -822960
258397 724082 -692049 -56975
-408605 403466 -692049 -56975
305635 -829285 549061 158064
-562580 -482783 585255 -430341
434889 -222244 833104 -447193
-408644 260636 -255387 -334518
68970 346953 -331464 -445822
68970 346953 672813 -972450
-250752 899720 -408644 260636
871351 -392698 -68207 243589
68970 346953 964922 -429836
434889 -222244 -526951 452416
871351 -392698 305635 -829285
434889 -222244 357137 66011
585255 -430341 -250752 899720
871351 -392698 549061 158064
-62070 786957 899974 208154
497978 -512524 -379196 106397
-423730 -297896 -679428 -910141
-331904 -767081 18470 -528383
-331904 -767081 -562580 -482783
250111 884797 -692049 -56975
462081 755848 -379196 106397
871351 -392698 -692049 -56975
434889 -222244 -574931 812378
462081 755848 18470 -528383
871351 -392698 504175 710841
-331904 -767081 -867955 -213764
462081 755848 557340 -894965
-13643 595318 -408605 403466
871351 -392698 -788536 -120950
-331904 -767081 305635 -829285
833104 -447193 -526951 452416
28284 -125244 876323 -370979
68970 346953 -142021 105365
-408605 403466 30359 917853
307180 -930647 -438027 723231
871351 -392698 664504 -225774
434889 -222244 -562580 -482783
-941281 -58943 609628 675268
871351 -392698 67813 353483
434889 -222244 -379196 106397
-821516 -945585 -906411 554233
549061 158064 964922 -429836
833104 -447193 -575848 -737572
-291061 -248306 258397 724082
-423730 -297896 557340 -894965
338987 460491 -941281 -58943
-331464 -445822 258397 724082
156958 947525 -212209 -677079
781212 -277350 69131 -822960
833104 -447193 69131 -822960
-423730 -297896 -331464 -445822
871351 -392698 557340 -894965
-526951 452416 69131 -822960
-442826 375657 -379196 106397
90846 47866 -679428 -910141
68970 346953 201304 335561
-423730 -297896 357137 66011
871351 -392698 462081 755848
-423730 -297896 -68207 243589
250111 884797 258397 724082
420431 -845716 -679428 -910141
585768 285123 -442978 -816812
833104 -447193 557340 -894965
-423730 -297896 90846 47866
-331904 -767081 -408605 403466
462081 755848 30359 917853
-423730 -297896 -562580 -482783
-250752 899720 258397 724082
258397 724082 689926 -858052
338987 460491 -379196 106397
275149 -137125 72254 -50799
-250752 899720 689926 -858052
270182 229623 -906411 554233
68970 346953 -575848 -737572
-691055 -171154 609628 675268
-621736 299891 -57244 699770
250111 884797 664504 -225774
-331904 -767081 -574931 812378
250111 884797 -54029 548123
68970 346953 -692049 -56975
434889 -222244 67813 353483
434889 -222244 275149 -137125
504175 710841 -924999 459451
585768 285123 -594959 911295
270182 229623 609628 675268
-250752 899720 876323 -370979
68970 346953 -68207 243589
-13643 595318 -148765 886604
28284 -125244 30359 917853
-423730 -297896 69131 -822960
-575848 -737572 557340 -894965
-526951 452416 549061 158064
90846 47866 28284 -125244
270182 229623 -159218 375100
-562580 -482783 275149 -137125
-408605 403466 585255 -430341
462081 755848 -788536 -120950
-62070 786957 -715179 -580543
585768 285123 -159218 375100
871351 -392698 28284 -125244
871351 -392698 -148765 886604
-941281 -58943 -379196 106397
-562580 -482783 -270136 -274838
68970 346953 -408605 403466
434889 -222244 -867955 -213764
871351 -392698 -867955 -213764
-142021 105365 -408644 260636
-179697 984421 -867955 -213764
-941281 -58943 28284 -125244
-408605 403466 250111 884797
-562580 -482783 72254 -50799
-867955 -213764 899974 208154
16722 -440998 -179697 984421
72254 -50799 -526951 452416
30359 917853 -867955 -213764
270182 229623 -379196 106397
16722 -440998 28284 -125244
964922 -429836 -692049 -56975
-715179 -580543 876323 -370979
845084 486948 -179697 984421
-691055 -171154 -924999 459451
695023 -271193 -62070 786957
462081 755848 -250752 899720
-331464 -445822 270182 229623
434889 -222244 664504 -225774
156958 947525 -68207 243589
585768 285123 -212209 -677079
156958 947525 609628 675268
833104 -447193 -621736 299891
224156 -957554 557340 -894965
434889 -222244 258397 724082
270182 229623 250111 884797
-594959 911295 386827 471771
-331904 -767081 -57244 699770
434889 -222244 270182 229623
270182 229623 69131 -822960
-408605 403466 -576780 791711
-408644 260636 30359 917853
156958 947525 16722 -440998
156958 947525 -679428 -910141
871351 -392698 16722 -440998
833104 -447193 497978 -512524
270182 229623 -788536 -120950
-941281 -58943 -867955 -213764
456053 -428185 -906411 554233
-408605 403466 201304 335561
871351 -392698 -526951 452416
270182 229623 585255 -430341
-250752 899720 -148765 886604
-331904 -767081 -250752 899720
-250752 899720 270182 229623
156958 947525 18470 -528383
-408605 403466 -159218 375100
68970 346953 -679428 -910141
250111 884797 549061 158064
16722 -440998 72254 -50799
270182 229623 -867955 -213764
-408605 403466 805896 -833877
-179697 984421 -924999 459451
585768 285123 504175 710841
156958 947525 -142021 105365
-442826 375657 270182 229623
585768 285123 386827 471771
456053 -428185 250111 884797
-423730 -297896 -941281 -58943
16722 -440998 -692049 -56975
871351 -392698 -574931 812378
833104 -447193 307180 -930647
833104 -447193 -423730 -297896
434889 -222244 69131 -822960
462081 755848 -576780 791711
-250752 899720 275149 -137125
833104 -447193 609628 675268
-379196 106397 964922 -429836
549061 158064 69131 -822960
585768 285123 497978 -512524
871351 -392698 -331464 -445822
462081 755848 16722 -440998
585768 285123 90846 47866
434889 -222244 -594959 911295
585768 285123 68970 346953
-68207 243589 -924999 459451
672813 -972450 991321 -801845
585768 285123 609628 675268
462081 755848 386827 471771
-941281 -58943 -906411 554233
224156 -957554 357137 66011
434889 -222244 -142021 105365
400173 856366 28284 -125244
434889 -222244 72254 -50799
156958 947525 -442826 375657
585768 285123 201304 335561
585768 285123 557340 -894965
68970 346953 -179697 984421
-331904 -767081 -423730 -297896
-13643 595318 -291061 -248306
585768 285123 -68207 243589
-331904 -767081 585255 -430341
585768 285123 549061 158064
504175 710841 -692049 -56975
68970 346953 156958 947525
68970 346953 876323 -370979
30359 917853 664504 -225774
-331904 -767081 69131 -822960
18470 -528383 549061 158064
871351 -392698 -331904 -767081
833104 -447193 -679428 -910141
672813 -972450 -148765 886604
-526951 452416 250111 884797
899974 208154 876323 -370979
462081 755848 -526951 452416
72254 -50799 991321 -801845
-423730 -297896 -442826 375657
871351 -392698 -924999 459451
-423730 -297896 -867955 -213764
-331464 -445822 16722 -440998
434889 -222244 -575848 -737572
871351 -392698 -679428 -910141
871351 -392698 250111 884797
-179697 984421 -442826 375657
833104 -447193 -408644 260636
338987 460491 -68207 243589
-408605 403466 -438027 723231
-941281 -58943 69131 -822960
964922 -429836 -542399 983843
68970 346953 -615836 -455822
-331464 -445822 549061 158064
16722 -440998 30359 917853
585768 285123 -295417 659004
-941281 -58943 18470 -528383
-379196 106397 664504 -225774
585768 285123 -13643 595318
-941281 -58943 -408605 403466
68970 346953 -159218 375100
-179697 984421 -291061 -248306
-423730 -297896 -408644 260636
585768 285123 -57244 699770
-941281 -58943 -142021 105365
68970 346953 833104 -447193
-423730 -297896 -148765 886604
876323 -370979 -62070 786957
871351 -392698 -379196 106397
68970 346953 400173 856366
-331904 -767081 -148765 886604
156958 947525 69131 -822960
434889 -222244 201304 335561
434889 -222244 672813 -972450
434889 -222244 338987 460491
-423730 -297896 -924999 459451
18470 -528383 201304 335561
-250752 899720 -575848 -737572
-331904 -767081 781212 -277350
420431 -845716 990041 484361
-924999 459451 -54029 548123
270182 229623 386827 471771
434889 -222244 250111 884797
-941281 -58943 664504 -225774
68970 346953 69131 -822960
833104 -447193 549061 158064
462081 755848 585255 -430341
307180 -930647 -906411 554233
585768 285123 -906411 554233
871351 -392698 72254 -50799
585768 285123 -924999 459451
-250752 899720 16722 -440998
-609720 -635465 -574931 812378
72254 -50799 609628 675268
-941281 -58943 72254 -50799
585768 285123 258397 724082
585768 285123 -148765 886604
585768 285123 899974 208154
-331464 -445822 -526951 452416
-331464 -445822 -715179 -580543
-679428 -910141 18470 -528383
833104 -447193 28284 -125244
434889 -222244 557340 -894965
156958 947525 -408605 403466
-423730 -297896 991321 -801845
-526951 452416 305635 -829285
833104 -447193 -821516 -945585
400173 856366 -179697 984421
400173 856366 18470 -528383
-108473 548528 -442826 375657
434889 -222244 400173 856366
-331464 -445822 -941281 -58943
434889 -222244 -715179 -580543
991321 -801845 477655 -384678
-941281 -58943 270182 229623
871351 -392698 -542399 983843
-941281 -58943 -692049 -56975
156958 947525 -574931 812378
769688 975468 305635 -829285
16722 -440998 -159218 375100
-423730 -297896 250111 884797
-331464 -445822 -408605 403466
400173 856366 -180999 324931
68970 346953 -423730 -297896
871351 -392698 964922 -429836
871351 -392698 -142021 105365
307180 -930647 -108473 548528
-423730 -297896 -594959 911295
-142021 105365 -906411 554233
585255 -430341 18470 -528383
156958 947525 30359 917853
-941281 -58943 -788536 -120950
833104 -447193 16722 -440998
-442978 -816812 18470 -528383
585768 285123 -715179 -580543
-408605 403466 964922 -429836
-179164 -320922 250111 884797
400173 856366 689926 -858052
-575848 -737572 -574931 812378
434889 -222244 -159218 375100
-442978 -816812 -867955 -213764
-408605 403466 72254 -50799
-941281 -58943 -54029 548123
462081 755848 201304 335561
156958 947525 504175 710841
-331904 -767081 201304 335561
585768 285123 28284 -125244
-924999 459451 -692049 -56975
462081 755848 357137 66011
-250752 899720 -692049 -56975
-621736 299891 -576780 791711
68970 346953 -442826 375657
28284 -125244 69131 -822960
585255 -430341 -574931 812378
-408605 403466 -574931 812378
-331904 -767081 -679428 -910141
30359 917853 305635 -829285
-691055 -171154 307180 -930647
-331464 -445822 -142021 105365
434889 -222244 991321 -801845
462081 755848 -715179 -580543
833104 -447193 -331464 -445822
497978 -512524 -270136 -274838
462081 755848 -438027 723231
-788536 -120950 -159218 375100
434889 -222244 386827 471771
434889 -222244 -691055 -171154
-423730 -297896 549061 158064
991321 -801845 -715179 -580543
-250752 899720 305635 -829285
-423730 -297896 258397 724082
-331904 -767081 -159218 375100
-250752 899720 28284 -125244
-68207 243589 250111 884797
871351 -392698 -906411 554233
833104 -447193 305635 -829285
307180 -930647 557340 -894965
549061 158064 -57244 699770
781212 -277350 201304 335561
-574931 812378 224156 -957554
434889 -222244 -941281 -58943
-295417 659004 270182 229623
156958 947525 338987 460491
18470 -528383 557340 -894965
68970 346953 557340 -894965
557340 -894965 -57244 699770
462081 755848 275149 -137125
462081 755848 964922 -429836
400173 856366 30359 917853
30359 917853 -574931 812378
871351 -392698 18470 -528383
-423730 -297896 307180 -930647
456053 -428185 275149 -137125
462081 755848 28284 -125244
434889 -222244 156958 947525
400173 856366 72254 -50799
585768 285123 -562580 -482783
462081 755848 876323 -370979
585768 285123 -250752 899720
585768 285123 338987 460491
-408644 260636 305635 -829285
585768 285123 -442826 375657
-148765 886604 -715179 -580543
-331904 -767081 609628 675268
28284 -125244 -906411 554233
504175 710841 -661520 273110
68970 346953 16722 -440998
-408605 403466 -906411 554233
-331464 -445822 -575848 -737572
-423730 -297896 876323 -370979
-408605 403466 307180 -930647
434889 -222244 871351 -392698
871351 -392698 -941281 -58943
16722 -440998 -715179 -580543
-423730 -297896 -575848 -737572
28284 -125244 18470 -528383
-331904 -767081 -179697 984421
-906411 554233 876323 -370979
585768 285123 -423730 -297896
434889 -222244 497978 -512524
-594959 911295 -576780 791711
-408605 403466 69131 -822960
-255387 -334518 -692049 -56975
-331904 -767081 477655 -384678
-562580 -482783 -574931 812378
585768 285123 -379196 106397
386827 471771 -906411 554233
30359 917853 497978 -512524
-661520 273110 -574931 812378
871351 -392698 -62070 786957
462081 755848 -331464 -445822
400173 856366 -408605 403466
-331904 -767081 -576780 791711
434889 -222244 -408644 260636
-526951 452416 -906411 554233
462081 755848 305635 -829285
-331464 -445822 -438027 723231
585768 285123 -331464 -445822
-331464 -445822 307180 -930647
68970 346953 609628 675268
-438027 723231 -692049 -56975
-941281 -58943 -442826 375657
434889 -222244 -108473 548528
-941281 -58943 549061 158064
585768 285123 307180 -930647
434889 -222244 -331904 -767081
156958 947525 72254 -50799
-68207 243589 -255387 -334518
156958 947525 305635 -829285
-941281 -58943 -574931 812378
-142021 105365 -379196 106397
275149 -137125 258397 724082
-180999 324931 -442826 375657
68970 346953 -438027 723231
871351 -392698 -715179 -580543
-679428 -910141 258397 724082
400173 856366 -715179 -580543
-331464 -445822 30359 917853
156958 947525 -788536 -120950
68970 346953 28284 -125244
-331904 -767081 -331464 -445822
871351 -392698 -54029 548123
-331904 -767081 250111 884797
-250752 899720 307180 -930647
30359 917853 -142021 105365
-331904 -767081 -661520 273110
28284 -125244 -442826 375657
434889 -222244 -57244 699770
833104 -447193 -379196 106397
68970 346953 -408644 260636
16722 -440998 549061 158064
400173 856366 -574931 812378
-526951 452416 -142021 105365
871351 -392698 -408605 403466
434889 -222244 504175 710841
549061 158064 201304 335561
28284 -125244 307180 -930647
400173 856366 -788536 -120950
585768 285123 250111 884797
-609720 -635465 -442826 375657
434889 -222244 -423730 -297896
833104 -447193 -867955 -213764
-331904 -767081 30359 917853
-108473 548528 -679428 -910141
-250752 899720 30359 917853
871351 -392698 -594959 911295
-423730 -297896 769688 975468
-331904 -767081 400173 856366
833104 -447193 -142021 105365
16722 -440998 -442826 375657
642697 270204 -54029 548123
585768 285123 420431 -845716
833104 -447193 -906411 554233
-331904 -767081 -291061 -248306
642697 270204 -526951 452416
-379196 106397 642697 270204
-331904 -767081 -526951 452416
28284 -125244 -379196 106397
156958 947525 -159218 375100
156958 947525 307180 -930647
871351 -392698 -57244 699770
30359 917853 609628 675268
585768 285123 964922 -429836
-250752 899720 -906411 554233
462081 755848 -179697 984421
-867955 -213764 -62070 786957
672813 -972450 400173 856366
-250752 899720 69131 -822960
201304 335561 30359 917853
68970 346953 -57244 699770
16722 -440998 -679428 -910141
-442826 375657 -442978 -816812
462081 755848 -159218 375100
462081 755848 258397 724082
275149 -137125 -442826 375657
30359 917853 307180 -930647
420431 -845716 -575848 -737572
-331904 -767081 -924999 459451
-250752 899720 -68207 243589
18470 -528383 -148765 886604
434889 -222244 585255 -430341
28284 -125244 609628 675268
833104 -447193 -212209 -677079
28284 -125244 -924999 459451
-142021 105365 201304 335561
585768 285123 16722 -440998
-438027 723231 90846 47866
-691055 -171154 -13643 595318
-331464 -445822 69131 -822960
585768 285123 -142021 105365
672813 -972450 -179697 984421
434889 -222244 549061 158064
585768 285123 -867955 -213764
-867955 -213764 664504 -225774
28284 -125244 -142021 105365
16722 -440998 -575848 -737572
400173 856366 -924999 459451
-331464 -445822 609628 675268
-408605 403466 -867955 -213764
871351 -392698 156958 947525
585768 285123 -679428 -910141
871351 -392698 497978 -512524
270182 229623 -924999 459451
833104 -447193 -68207 243589
-408605 403466 275149 -137125
434889 -222244 609628 675268
-13643 595318 -142021 105365
585768 285123 305635 -829285
-250752 899720 -379196 106397
434889 -222244 28284 -125244
-331904 -767081 -54029 548123
68970 346953 504175 710841
-442978 -816812 -788536 -120950
-423730 -297896 964922 -429836
462081 755848 -212209 -677079
307180 -930647 69131 -822960
400173 856366 -526951 452416
-423730 -297896 28284 -125244
-291061 -248306 18470 -528383
-250752 899720 -255387 -334518
-941281 -58943 400173 856366
871351 -392698 -438027 723231
30359 917853 504175 710841
30359 917853 964922 -429836
16722 -440998 224156 -957554
871351 -392698 275149 -137125
462081 755848 250111 884797
871351 -392698 -423730 -297896
609628 675268 -679428 -910141
68970 346953 -212209 -677079
434889 -222244 -679428 -910141
-526951 452416 -379196 106397
28284 -125244 -788536 -120950
307180 -930647 -924999 459451
833104 -447193 964922 -429836
-609720 -635465 -867955 -213764
156958 947525 -331464 -445822
-408605 403466 -442826 375657
-679428 -910141 305635 -829285
805896 -833877 201304 335561
871351 -392698 307180 -930647
-821516 -945585 -715179 -580543
434889 -222244 -179164 -320922
30359 917853 -715179 -580543
462081 755848 -54029 548123
224156 -957554 -442826 375657
-331464 -445822 305635 -829285
-331464 -445822 250111 884797
386827 471771 -212209 -677079
585768 285123 -54029 548123
28284 -125244 72254 -50799
585768 285123 871351 -392698
871351 -392698 386827 471771
400173 856366 -692049 -56975
156958 947525 876323 -370979
-159218 375100 275149 -137125
16722 -440998 -574931 812378
833104 -447193 -250752 899720
-331904 -767081 -212209 -677079
585768 285123 224156 -957554
400173 856366 -906411 554233
833104 -447193 201304 335561
-408605 403466 -148765 886604
30359 917853 270182 229623
-788536 -120950 -679428 -910141
68970 346953 -250752 899720
-291061 -248306 504175 710841
-331904 -767081 -788536 -120950
30359 917853 69131 -822960
585768 285123 -526951 452416
68970 346953 -867955 -213764
871351 -392698 991321 -801845
462081 755848 833104 -447193
-291061 -248306 30359 917853
462081 755848 549061 158064
-331904 -767081 72254 -50799
585768 285123 -941281 -58943
504175 710841 -788536 -120950
307180 -930647 201304 335561
156958 947525 -867955 -213764
68970 346953 -542399 983843
68970 346953 991321 -801845
338987 460491 -924999 459451
156958 947525 -575848 -737572
400173 856366 -142021 105365
609628 675268 -562580 -482783
462081 755848 -408644 260636
964922 -429836 -180999 324931
305635 -829285 -906411 554233
156958 947525 -148765 886604
400173 856366 305635 -829285
585768 285123 462081 755848
-108473 548528 549061 158064
-331904 -767081 -575848 -737572
-250752 899720 -331464 -445822
-108473 548528 -379196 106397
-438027 723231 30359 917853
434889 -222244 -212209 -677079
68970 346953 30359 917853
672813 -972450 18470 -528383
-423730 -297896 -408605 403466
28284 -125244 -867955 -213764
876323 -370979 -867955 -213764
270182 229623 -54029 548123
400173 856366 -68207 243589
-594959 911295 69131 -822960
258397 724082 -924999 459451
-331904 -767081 549061 158064
400173 856366 609628 675268
-562580 -482783 -788536 -120950
-331464 -445822 -574931 812378
156958 947525 270182 229623
585768 285123 -575848 -737572
-438027 723231 -379196 106397
156958 947525 -379196 106397
585768 285123 664504 -225774
250111 884797 -788536 -120950
871351 -392698 69131 -822960
68970 346953 477655 -384678
871351 -392698 833104 -447193
-423730 -297896 -142021 105365
434889 -222244 964922 -429836
434889 -222244 -179697 984421
16722 -440998 -906411 554233
-423730 -297896 201304 335561
68970 346953 -788536 -120950
-331464 -445822 -661520 273110
-57244 699770 -788536 -120950
462081 755848 -692049 -56975
305635 -829285 497978 -512524
-408605 403466 -615836 -455822
-423730 -297896 305635 -829285
871351 -392698 -212209 -677079
-250752 899720 400173 856366
434889 -222244 805896 -833877
805896 -833877 497978 -512524
-575848 -737572 876323 -370979
-331464 -445822 28284 -125244
672813 -972450 557340 -894965
16722 -440998 609628 675268
672813 -972450 -575848 -737572
557340 -894965 -270136 -274838
434889 -222244 -68207 243589
-331904 -767081 307180 -930647
-526951 452416 307180 -930647
-526951 452416 609628 675268
462081 755848 -442826 375657
871351 -392698 68970 346953
30359 917853 -924999 459451
585768 285123 275149 -137125
899974 208154 462081 755848
307180 -930647 689926 -858052
338987 460491 -715179 -580543
462081 755848 -256943 158643
68970 346953 -941281 -58943
871351 -392698 -179164 -320922
833104 -447193 18470 -528383
-142021 105365 -562580 -482783
-788536 -120950 781212 -277350
305635 -829285 69131 -822960
462081 755848 -68207 243589
871351 -392698 -270136 -274838
400173 856366 -408644 260636
-331904 -767081 462081 755848
-423730 -297896 -715179 -580543
16722 -440998 250111 884797
-526951 452416 -788536 -120950
833104 -447193 270182 229623
-423730 -297896 270182 229623
462081 755848 609628 675268
-423730 -297896 -379196 106397
156958 947525 357137 66011
-906411 554233 -679428 -910141
-867955 -213764 -924999 459451
497978 -512524 -941281 -58943
833104 -447193 -408605 403466
16722 -440998 991321 -801845
90846 47866 16722 -440998
400173 856366 270182 229623
-62070 786957 201304 335561
400173 856366 307180 -930647
-142021 105365 609628 675268
16722 -440998 270182 229623
68970 346953 -924999 459451
-331464 -445822 400173 856366
833104 -447193 400173 856366
434889 -222244 -692049 -56975
-423730 -297896 420431 -845716
557340 -894965 -408644 260636
-408605 403466 557340 -894965
585768 285123 69131 -822960
871351 -392698 876323 -370979
462081 755848 -408605 403466
-331904 -767081 672813 -972450
224156 -957554 964922 -429836
156958 947525 -526951 452416
16722 -440998 -526951 452416
-108473 548528 305635 -829285
-575848 -737572 -148765 886604
-941281 -58943 -562580 -482783
-62070 786957 386827 471771
462081 755848 504175 710841
609628 675268 -574931 812378
462081 755848 -291061 -248306
68970 346953 462081 755848
30359 917853 250111 884797
504175 710841 -906411 554233
-331904 -767081 -906411 554233
-250752 899720 72254 -50799
-13643 595318 -715179 -580543
68970 346953 258397 724082
871351 -392698 -151456 -784769
833104 -447193 -562580 -482783
400173 856366 386827 471771
585768 285123 -691055 -171154
585768 285123 585255 -430341
338987 460491 -179697 984421
156958 947525 -941281 -58943
434889 -222244 -788536 -120950
16722 -440998 307180 -930647
871351 -392698 224156 -957554
-250752 899720 -442826 375657
16722 -440998 -562580 -482783
68970 346953 -108473 548528
72254 -50799 -379196 106397
585768 285123 991321 -801845
871351 -392698 -562580 -482783
609628 675268 201304 335561
833104 -447193 156958 947525
-331464 -445822 -692049 -56975
585768 285123 -408644 260636
16722 -440998 504175 710841
504175 710841 -159218 375100
400173 856366 -442826 375657
400173 856366 585255 -430341
-331464 -445822 -924999 459451
68970 346953 357137 66011
156958 947525 -250752 899720
-331464 -445822 -788536 -120950
-408644 260636 497978 -512524
462081 755848 -575848 -737572
270182 229623 -526951 452416
-408644 260636 991321 -801845
585768 285123 18470 -528383
400173 856366 16722 -440998
434889 -222244 -148765 886604
833104 -447193 -941281 -58943
307180 -930647 -442826 375657
585768 285123 30359 917853
585768 285123 -408605 403466
270182 229623 549061 158064
307180 -930647 -142021 105365
871351 -392698 609628 675268
833104 -447193 -924999 459451
434889 -222244 305635 -829285
434889 -222244 -906411 554233
585768 285123 400173 856366
769688 975468 549061 158064
-250752 899720 -526951 452416
585768 285123 -574931 812378
-108473 548528 -867955 -213764
-408605 403466 -542399 983843
833104 -447193 -148765 886604
156958 947525 -692049 -56975
-609720 -635465 357137 66011
68970 346953 845084 486948
386827 471771 -821516 -945585
400173 856366 -679428 -910141
-438027 723231 -68207 243589
-679428 -910141 -442978 -816812
270182 229623 -715179 -580543
-609720 -635465 16722 -440998
462081 755848 -423730 -297896
-661520 273110 -54029 548123
-941281 -58943 -924999 459451
68970 346953 -906411 554233
-13643 595318 275149 -137125
434889 -222244 -661520 273110
833104 -447193 250111 884797
338987 460491 250111 884797
-331464 -445822 201304 335561
462081 755848 72254 -50799
-250752 899720 -159218 375100
-526951 452416 964922 -429836
-250752 899720 -715179 -580543
18470 -528383 -57244 699770
156958 947525 28284 -125244
156958 947525 549061 158064
833104 -447193 -692049 -56975
68970 346953 -54029 548123
991321 -801845 -148765 886604
876323 -370979 -151456 -784769
30359 917853 -379196 106397
-250752 899720 -788536 -120950
-212209 -677079 -867955 -213764
672813 -972450 250111 884797
549061 158064 -68207 243589
156958 947525 250111 884797
-331904 -767081 258397 724082
871351 -392698 201304 335561
-331904 -767081 28284 -125244
-941281 -58943 250111 884797
585768 285123 72254 -50799
871351 -392698 -179697 984421
462081 755848 -562580 -482783
68970 346953 18470 -528383
30359 917853 -13643 595318
585255 -430341 69131 -822960
-179697 984421 -379196 106397
585255 -430341 -692049 -56975
-609720 -635465 307180 -930647
-423730 -297896 -526951 452416
609628 675268 990041 484361
871351 -392698 -108473 548528
-250752 899720 549061 158064
434889 -222244 -924999 459451
68970 346953 275149 -137125
-250752 899720 201304 335561
-142021 105365 18470 -528383
504175 710841 -574931 812378
585768 285123 270182 229623
-179697 984421 -255387 -334518
462081 755848 -906411 554233
871351 -392698 -408644 260636
28284 -125244 275149 -137125
90846 47866 -924999 459451
-331904 -767081 833104 -447193
-941281 -58943 -68207 243589
585768 285123 -291061 -248306
833104 -447193 72254 -50799
224156 -957554 585255 -430341
-526951 452416 18470 -528383
-867955 -213764 -68207 243589
16722 -440998 672813 -972450
-331464 -445822 -212209 -677079
420431 -845716 -179164 -320922
72254 -50799 964922 -429836
357137 66011 -574931 812378
833104 -447193 -594959 911295
400173 856366 549061 158064
-941281 -58943 876323 -370979
876323 -370979 -142021 105365
68970 346953 -62070 786957
-331464 -445822 -867955 -213764
585768 285123 672813 -972450
585768 285123 -609720 -635465
-331904 -767081 16722 -440998
68970 346953 -562580 -482783
-180999 324931 -906411 554233
871351 -392698 -159218 375100
557340 -894965 386827 471771
434889 -222244 -408605 403466
28284 -125244 250111 884797
-408644 260636 -159218 375100
-13643 595318 769688 975468
68970 346953 72254 -50799
400173 856366 -379196 106397
462081 755848 156958 947525
-575848 -737572 -212209 -677079
16722 -440998 69131 -822960
16722 -440998 -867955 -213764
-621736 299891 -924999 459451
871351 -392698 672813 -972450
30359 917853 -148765 886604
-331904 -767081 -438027 723231
156958 947525 -924999 459451
68970 346953 270182 229623
28284 -125244 -526951 452416
-331904 -767081 876323 -370979
434889 -222244 224156 -957554
-331904 -767081 156958 947525
462081 755848 -924999 459451
-575848 -737572 72254 -50799
-423730 -297896 16722 -440998
871351 -392698 30359 917853
30359 917853 -575848 -737572
585768 285123 156958 947525
833104 -447193 -715179 -580543
-331464 -445822 72254 -50799
876323 -370979 664504 -225774
434889 -222244 -250752 899720
-408605 403466 270182 229623
-594959 911295 -148765 886604
68970 346953 -331904 -767081
-408644 260636 -526951 452416
-142021 105365 497978 -512524
-250752 899720 -574931 812378
504175 710841 -250752 899720
833104 -447193 504175 710841
28284 -125244 -574931 812378
-408605 403466 -379196 106397
-423730 -297896 609628 675268
434889 -222244 695023 -271193
-941281 -58943 -408644 260636
30359 917853 -179697 984421
585768 285123 -256943 158643
28284 -125244 -692049 -56975
434889 -222244 -270136 -274838
-576780 791711 664504 -225774
-679428 -910141 -715179 -580543
871351 -392698 400173 856366
400173 856366 258397 724082
270182 229623 307180 -930647
434889 -222244 -609720 -635465
-250752 899720 -924999 459451
434889 -222244 307180 -930647
456053 -428185 -148765 886604
-331904 -767081 -408644 260636
585768 285123 -179697 984421
-941281 -58943 357137 66011
585768 285123 -576780 791711
-250752 899720 -679428 -910141
462081 755848 270182 229623
-941281 -58943 -594959 911295
357137 66011 -270136 -274838
585768 285123 -438027 723231
-408605 403466 258397 724082
585768 285123 833104 -447193
-331464 -445822 18470 -528383
-788536 -120950 275149 -137125
-331904 -767081 964922 -429836
-331464 -445822 -906411 554233
833104 -447193 -54029 548123
-331464 -445822 -379196 106397
-331904 -767081 -715179 -580543
434889 -222244 -442826 375657
871351 -392698 338987 460491
434889 -222244 -13643 595318
871351 -392698 -13643 595318
-423730 -297896 -576780 791711
876323 -370979 -692049 -56975
585768 285123 876323 -370979
-250752 899720 -941281 -58943
871351 -392698 585255 -430341
462081 755848 307180 -930647
67813 353483 68970 346953
-941281 -58943 557340 -894965
871351 -392698 258397 724082
-423730 -297896 400173 856366
68970 346953 -526951 452416
-331904 -767081 -379196 106397
250111 884797 -62070 786957
-423730 -297896 72254 -50799
307180 -930647 609628 675268
420431 -845716 -906411 554233
434889 -222244 68970 346953
338987 460491 -438027 723231
434889 -222244 899974 208154
28284 -125244 991321 -801845
270182 229623 -575848 -737572
-408605 403466 16722 -440998
68970 346953 549061 158064
-250752 899720 609628 675268
18470 -528383 69131 -822960
