1000
-930782 6949 -138773 545244
-750914 -994571 -199136 -770540
-69741 -997486 -923005 474710
245714 378959 -545715 360753
37206 -83758 793403 -97699
956105 632604 -894014 -737801
37206 -83758 799682 452575
84123 -615991 685585 683513
-750914 -994571 -379330 450955
256035 625627 681835 890522
-231628 800875 -433926 -633802
-750914 -994571 506070 -748743
-13245 973053 -332515 -257395
640874 261595 683016 662969
948805 -19448 -966026 898479
-750914 -994571 -332515 -257395
-645502 339342 -803057 -313000
-138773 545244 -988229 720366
245714 378959 -893484 -642944
-539620 260463 -133387 -167843
-123124 -111647 433608 -672572
492949 909546 590656 744437
-750914 -994571 53999 -60952
540319 175049 609082 -769528
872782 -335577 -505291 721857
695749 -873091 -406881 -749771
948805 -19448 -580729 873527
787827 -41702 685585 683513
245714 378959 523446 67412
-674680 -981690 -69741 -997486
683016 662969 -930782 6949
-734424 106316 183060 -656797
-406881 -749771 -85415 680422
653638 383194 941910 -678130
683016 662969 317947 -514490
-677498 830432 567695 -31959
948805 -19448 -573943 503298
-85415 680422 -259573 -298042
178835 594495 -537390 -758962
685585 683513 -505291 721857
-252960 533431 -505291 721857
-545715 360753 -562551 700213
-440613 -340943 -893484 -642944
615165 171314 365540 -325241
-674680 -981690 550609 -561823
-803057 -313000 946078 517268
-750914 -994571 550609 -561823
627943 -282392 -322443 -382165
-739925 -814276 732459 -786
761349 -28270 -757212 -469087
245714 378959 -402 871141
-379330 450955 -138773 545244
615165 171314 567695 -31959
-145121 153638 -894014 -737801
946078 517268 486673 816636
53999 -60952 -988229 720366
-13245 973053 -230064 784000
-674680 -981690 -995542 140435
872782 -335577 -573943 503298
-309332 245032 366559 697407
-231628 800875 985113 627855
-545715 360753 -966026 898479
948805 -19448 -346834 16273
826657 226085 550790 956360
-145121 153638 -225254 825414
562967 917292 656250 421938
-674680 -981690 -402 871141
429239 590729 685585 683513
117284 391768 317947 -514490
-35910 -76295 -988229 720366
-750914 -994571 365380 -837027
-322443 -382165 550609 -561823
732459 -786 -13245 973053
615165 171314 -230064 784000
-674680 -981690 -433926 -633802
-346834 16273 -798954 791109
-13245 973053 211169 -96946
453921 -194819 941910 -678130
567695 -31959 -133387 -167843
-750914 -994571 946078 517268
-692102 312830 640874 261595
-988439 116128 -858764 -599518
-309332 245032 -515526 752676
-13245 973053 567695 -31959
-13245 973053 117284 391768
695749 -873091 -757212 -469087
848501 -128135 147162 959990
483197 854009 -805505 205843
567695 -31959 -230064 784000
956105 632604 948805 -19448
935061 -627207 941910 -678130
-73923 398089 -894014 -737801
-406881 -749771 -322443 -382165
-85415 680422 -858764 -599518
245714 378959 -956620 -655180
627943 -282392 590656 744437
493750 -517882 492949 909546
-545715 360753 -893484 -642944
972947 -523168 -346834 16273
826657 226085 -433926 -633802
985113 627855 -515526 752676
-35415 -188432 849218 -285985
37206 -83758 483197 854009
132267 565007 493750 -517882
-309332 245032 953475 422311
-468093 886180 -69741 -997486
-812497 -844606 -230064 784000
-982086 996393 53999 -60952
245714 378959 793403 -97699
550790 956360 427725 449946
-85415 680422 -601968 624341
-576674 -247665 -505291 721857
941910 -678130 799682 452575
-750914 -994571 -886615 455894
-769848 463284 -433926 -633802
-982086 996393 681835 890522
615165 171314 -545715 360753
493750 -517882 117284 391768
317947 -514490 948805 -19448
-138773 545244 -734424 106316
956105 632604 -886615 455894
-930782 6949 -982086 996393
-133387 -167843 -279425 -498966
732459 -786 190747 -567130
-402 871141 -406881 -749771
-85415 680422 -769848 463284
-145121 153638 -988229 720366
-773011 453498 642838 -775960
-812497 -844606 486673 816636
-470144 280906 -769848 463284
695749 -873091 365540 -325241
683016 662969 -674680 -981690
-773011 453498 683016 662969
-22090 -190289 -573943 503298
471669 133919 -995542 140435
-750914 -994571 -930782 6949
471669 133919 953475 422311
-734424 106316 -505291 721857
-230064 784000 -576674 -247665
-545715 360753 -930782 6949
-750914 -994571 -573943 503298
-35910 -76295 -379330 450955
-923005 474710 981198 324133
373170 -658191 37206 -83758
550790 956360 550609 -561823
683016 662969 685585 683513
-35415 -188432 946078 517268
456937 748681 -930782 6949
429239 590729 -322443 -382165
935061 -627207 -515526 752676
-812497 -844606 799682 452575
-231628 800875 -923005 474710
615165 171314 981198 324133
132267 565007 -930782 6949
373170 -658191 -145121 153638
-545715 360753 -279425 -498966
-674680 -981690 685585 683513
-614460 781345 683016 662969
245714 378959 -500164 268989
-545715 360753 -13245 973053
948805 -19448 685585 683513
-379330 450955 -573943 503298
-614460 781345 946078 517268
627943 -282392 -805505 205843
553451 546917 -411836 -451988
550609 -561823 -614460 781345
956105 632604 640874 261595
-773011 453498 -635332 587894
-138773 545244 -227365 362142
-13245 973053 -635332 587894
-13245 973053 683016 662969
-750914 -994571 -138773 545244
-734424 106316 -309332 245032
-545715 360753 609082 -769528
-764550 657325 523446 67412
-930782 6949 579264 -590421
433608 -672572 -893484 -642944
-379330 450955 -332515 -257395
-545715 360753 -35415 -188432
615165 171314 -505291 721857
985113 627855 -573943 503298
683016 662969 -403744 300911
-750914 -994571 640874 261595
366559 697407 365540 -325241
681835 890522 -145121 153638
683016 662969 -769848 463284
-812497 -844606 953475 422311
615165 171314 -796503 -432329
245714 378959 -138773 545244
-13245 973053 -505291 721857
695749 -873091 935061 -627207
-805140 -797537 904156 -434371
245714 378959 -406881 -749771
-231628 800875 -85415 680422
-379330 450955 993482 812496
147162 959990 -930782 6949
-674680 -981690 317947 -514490
-769848 463284 -230064 784000
-750914 -994571 -734424 106316
-803057 -313000 -995542 140435
372330 71189 -309332 245032
-750914 -994571 681835 890522
-138773 545244 946078 517268
-750264 897142 -580729 873527
-923005 474710 53999 -60952
615165 171314 953475 422311
-734424 106316 -214404 373778
-411836 -451988 211169 -96946
681835 890522 656250 421938
627943 -282392 -601968 624341
-406881 -749771 681835 890522
365380 -837027 -505291 721857
-750914 -994571 -995542 140435
695749 -873091 -923005 474710
-580729 873527 935398 -156881
-322443 -382165 681835 890522
-309332 245032 -871261 473813
317947 -514490 -956620 -655180
-886615 455894 545007 231268
-750914 -994571 117284 391768
-886615 455894 -13245 973053
-764550 657325 -988229 720366
-545715 360753 -956620 -655180
-545715 360753 -259573 -298042
216079 501886 523446 67412
-379330 450955 799682 452575
-757212 -469087 -379330 450955
-930782 6949 317947 -514490
761349 -28270 -279425 -498966
471669 133919 -433926 -633802
-211870 560695 -778152 440432
-674680 -981690 -225254 825414
615165 171314 -893484 -642944
-674680 -981690 -750730 -635564
-750914 -994571 -211870 560695
-145121 153638 -812497 -844606
-545715 360753 -812497 -844606
-674680 -981690 981198 324133
-175518 708143 -322443 -382165
-674680 -981690 615165 171314
-123124 -111647 -505291 721857
615165 171314 799682 452575
683016 662969 904156 -434371
550790 956360 849132 -688724
956105 632604 -35415 -188432
-85415 680422 -225254 825414
365540 -325241 -505291 721857
981198 324133 685585 683513
-440613 -340943 653638 383194
-966026 898479 -379330 450955
956105 632604 -133387 -167843
-545715 360753 365540 -325241
-379330 450955 -69741 -997486
317947 -514490 -573943 503298
317947 -514490 640874 261595
37206 -83758 -118850 116275
-69741 -997486 453921 -194819
-402 871141 -332515 -257395
-769848 463284 550609 -561823
245714 378959 471669 133919
-803057 -313000 -138773 545244
-406881 -749771 -603671 -818731
216555 -230423 -379330 450955
-231628 800875 -893484 -642944
294107 -517929 981198 324133
948805 -19448 -406881 -749771
887061 -41055 -545715 360753
-85415 680422 -22090 -190289
372330 71189 216555 -230423
132267 565007 -573943 503298
840376 87119 183060 -656797
941910 -678130 -322443 -382165
-322443 -382165 365540 -325241
-13245 973053 37206 -83758
433608 -672572 37206 -83758
-886615 455894 211169 -96946
-231628 800875 799682 452575
256035 625627 -805505 205843
628231 663083 -871261 473813
567695 -31959 -515526 752676
-871261 473813 53999 -60952
615165 171314 -355406 -48431
-803057 -313000 471669 133919
245714 378959 -805505 205843
-118850 116275 -231628 800875
-231628 800875 -702599 939963
-858764 -599518 685585 683513
-133387 -167843 590656 744437
-545715 360753 -573943 503298
365380 -837027 -734424 106316
-674680 -981690 826657 226085
472946 299763 -230064 784000
-231628 800875 -309332 245032
793403 -97699 -332515 -257395
-750914 -994571 -225254 825414
-750914 -994571 365540 -325241
-750914 -994571 -515526 752676
53999 -60952 -332515 -257395
-13245 973053 216555 -230423
132267 565007 366559 697407
-803057 -313000 953475 422311
433608 -672572 -69741 -997486
-805505 205843 53999 -60952
948805 -19448 211169 -96946
787827 -41702 934997 -775119
-923005 474710 683016 662969
216555 -230423 366559 697407
-886615 455894 483197 854009
-803057 -313000 685585 683513
656250 421938 685585 683513
-35415 -188432 -966026 898479
-85415 680422 -545715 360753
-211870 560695 -886615 455894
366559 697407 -138773 545244
-406881 -749771 946078 517268
-750914 -994571 -603671 -818731
-798954 791109 656250 421938
372330 71189 732459 -786
-13245 973053 -750264 897142
-379330 450955 472946 299763
-35910 -76295 -778152 440432
-145121 153638 985113 627855
628231 663083 -757212 -469087
615165 171314 849218 -285985
-138773 545244 935061 -627207
37206 -83758 985113 627855
117284 391768 615165 171314
-231628 800875 493750 -517882
-674680 -981690 493750 -517882
-995542 140435 -505291 721857
615165 171314 -13245 973053
245714 378959 -734424 106316
-379330 450955 -798954 791109
-812497 -844606 601247 127397
-379330 450955 787827 -41702
-812497 -844606 948805 -19448
-923880 482490 -923005 474710
-85415 680422 -995542 140435
-803057 -313000 367405 980831
761349 -28270 685585 683513
245714 378959 913526 434693
373170 -658191 -322443 -382165
-406881 -749771 366559 697407
-803057 -313000 -796503 -432329
553451 546917 946078 517268
561960 216214 53999 -60952
-468093 886180 216555 -230423
-35415 -188432 523446 67412
562967 917292 -133387 -167843
-214404 373778 365540 -325241
981198 324133 -138773 545244
695749 -873091 -118850 116275
117284 391768 -433926 -633802
-175518 708143 685585 683513
-812497 -844606 913526 434693
627943 -282392 -982086 996393
615165 171314 472946 299763
-886615 455894 -379330 450955
-674680 -981690 506070 -748743
317947 -514490 472946 299763
84123 -615991 953475 422311
-346834 16273 211169 -96946
37206 -83758 840376 87119
-346834 16273 -894014 -737801
317947 -514490 493750 -517882
-69741 -997486 -259573 -298042
-580729 873527 -230064 784000
492949 909546 -702599 939963
615165 171314 -35415 -188432
-930782 6949 -309332 245032
-750914 -994571 433608 -672572
-674680 -981690 -406881 -749771
-573943 503298 -230064 784000
-322443 -382165 953475 422311
-995542 140435 365540 -325241
117284 391768 -988229 720366
627943 -282392 849132 -688724
245714 378959 37206 -83758
-13245 973053 -406881 -749771
-231628 800875 -966026 898479
-803057 -313000 -322443 -382165
561960 216214 -930782 6949
948805 -19448 640874 261595
-539620 260463 -995542 140435
55735 847713 216555 -230423
-576674 -247665 -145121 153638
-674680 -981690 -769848 463284
-145121 153638 -893484 -642944
350246 -984561 493750 -517882
245714 378959 429239 590729
-988439 116128 -894014 -737801
-773011 453498 550609 -561823
-379330 450955 -230064 784000
934997 -775119 623293 -343819
-145121 153638 -805505 205843
-805140 -797537 -403744 300911
595309 359413 656250 421938
366559 697407 -988229 720366
-674680 -981690 681835 890522
37206 -83758 -145121 153638
-230064 784000 216555 -230423
-118850 116275 -230064 784000
117284 391768 640874 261595
615165 171314 590656 744437
-750914 -994571 653638 383194
-515526 752676 922094 -897058
595309 359413 -670322 676022
318053 449351 -805505 205843
-750914 -994571 317947 -514490
-539620 260463 -279425 -498966
872782 -335577 840376 87119
-123124 -111647 -346834 16273
-118850 116275 -734424 106316
-893484 -642944 -505291 721857
-803057 -313000 -858764 -599518
761349 -28270 -769848 463284
-803057 -313000 -211870 560695
848501 -128135 653638 383194
-13245 973053 -956620 -655180
-750914 -994571 -118850 116275
628231 663083 -816388 394471
-769848 463284 -13245 973053
-13245 973053 849218 -285985
456937 748681 486673 816636
-750914 -994571 -545715 360753
-468093 886180 317947 -514490
317947 -514490 -893484 -642944
-346834 16273 429239 590729
-346834 16273 -138773 545244
-545715 360753 366559 697407
-346834 16273 -406881 -749771
-894014 -737801 761349 -28270
-988439 116128 -573943 503298
-118850 116275 -894014 -737801
-674680 -981690 653638 383194
-886615 455894 -858764 -599518
550609 -561823 -995542 140435
-85415 680422 -133387 -167843
-145121 153638 640874 261595
37206 -83758 429239 590729
683016 662969 840376 87119
-13245 973053 365540 -325241
245714 378959 601247 127397
245714 378959 -73923 398089
-750914 -994571 -279425 -498966
761349 -28270 681835 890522
695749 -873091 -145121 153638
683016 662969 540319 175049
-682005 837958 -85415 680422
550609 -561823 366559 697407
-35910 -76295 793403 -97699
-470144 280906 317947 -514490
53999 -60952 -515526 752676
-211870 560695 -133387 -167843
-85415 680422 506070 -748743
935061 -627207 216555 -230423
-750914 -994571 656250 421938
245714 378959 -871261 473813
245714 378959 -13245 973053
317947 -514490 -982086 996393
-670322 676022 685585 683513
-930782 6949 -257338 582878
-35415 -188432 872782 -335577
890534 -322218 -433926 -633802
-692102 312830 -674680 -981690
948805 -19448 -635332 587894
37206 -83758 -988229 720366
550609 -561823 -138773 545244
-322443 -382165 -739925 -814276
317947 -514490 -322443 -382165
-923005 474710 190747 -567130
-614460 781345 -803057 -313000
-805140 -797537 840376 87119
-85415 680422 -988229 720366
317947 -514490 -433926 -633802
373170 -658191 -227365 362142
793403 -97699 216079 501886
550609 -561823 935061 -627207
615165 171314 -956620 -655180
-734424 106316 590656 744437
-545715 360753 -257338 582878
-803057 -313000 37206 -83758
-379330 450955 -930782 6949
317947 -514490 -778152 440432
-894014 -737801 849132 -688724
-805140 -797537 935061 -627207
-923005 474710 -322443 -382165
-379330 450955 640874 261595
-322443 -382165 -894014 -737801
-769848 463284 -69741 -997486
-545715 360753 550609 -561823
-500164 268989 -309332 245032
-13245 973053 653638 383194
-779253 947940 -211870 560695
-231628 800875 -580729 873527
37206 -83758 913526 434693
-231628 800875 -923880 482490
-35910 -76295 -858764 -599518
826657 226085 -603671 -818731
-231628 800875 -757212 -469087
-69741 -997486 -982086 996393
-231628 800875 183060 -656797
695749 -873091 946078 517268
-982086 996393 -858764 -599518
-428192 70319 472946 299763
890534 -322218 -603671 -818731
-803057 -313000 -923880 482490
-645502 339342 -757212 -469087
37206 -83758 849132 -688724
-576674 -247665 -85415 680422
-750914 -994571 799682 452575
-69741 -997486 117284 391768
-231628 800875 -545715 360753
567695 -31959 640874 261595
-674680 -981690 -573943 503298
-716597 -508825 685585 683513
117284 391768 -403744 300911
615165 171314 601247 127397
317947 -514490 550609 -561823
-893484 -642944 -603671 -818731
-123124 -111647 640874 261595
653638 383194 -734424 106316
-803057 -313000 -145121 153638
245714 378959 117284 391768
-322443 -382165 -893484 -642944
-545715 360753 826657 226085
-803057 -313000 -956620 -655180
956105 632604 -769848 463284
-803057 -313000 -515526 752676
981198 324133 -988229 720366
-85415 680422 685585 683513
-886615 455894 -259573 -298042
-123124 -111647 849218 -285985
-470144 280906 653638 383194
37206 -83758 953475 422311
472946 299763 -322443 -382165
-379330 450955 -702599 939963
-995542 140435 -956620 -655180
-309332 245032 985113 627855
-346834 16273 623293 -343819
695749 -873091 681835 890522
433608 -672572 -923005 474710
761349 -28270 550790 956360
826657 226085 -995542 140435
373170 -658191 -966026 898479
683016 662969 -138773 545244
-930782 6949 685585 683513
245714 378959 -812497 -844606
615165 171314 -923005 474710
-346834 16273 683016 662969
981198 324133 849132 -688724
-750914 -994571 211169 -96946
-231628 800875 -145121 153638
653638 383194 -769848 463284
-231628 800875 211169 -96946
-322443 -382165 -402 871141
-796503 -432329 -858764 -599518
245714 378959 53999 -60952
-85415 680422 681835 890522
372330 71189 -858764 -599518
37206 -83758 -734424 106316
-674680 -981690 -539620 260463
-576674 -247665 849132 -688724
981198 324133 -515526 752676
-886615 455894 -309332 245032
981198 324133 -379330 450955
429239 590729 -988229 720366
922094 -897058 472946 299763
-779253 947940 493750 -517882
-13245 973053 -279425 -498966
-545715 360753 793403 -97699
972947 -523168 653638 383194
550790 956360 429239 590729
-354393 410112 948805 -19448
615165 171314 -757212 -469087
-816388 394471 -35415 -188432
-750914 -994571 -750730 -635564
-231628 800875 683016 662969
-13245 973053 178835 594495
-576674 -247665 579264 -590421
567695 -31959 317947 -514490
-133387 -167843 -692102 312830
483197 854009 216555 -230423
-995542 140435 -684625 951404
366559 697407 483197 854009
-988439 116128 840376 87119
366559 697407 685585 683513
-214585 -614217 628231 663083
-231628 800875 653638 383194
-85415 680422 37206 -83758
-750914 -994571 -988229 720366
-670322 676022 534900 -333339
37206 -83758 640874 261595
-133387 -167843 -35910 -76295
-138773 545244 668329 -996942
429239 590729 -230064 784000
-769848 463284 483197 854009
683016 662969 -966026 898479
-252960 533431 -573943 503298
483197 854009 -982086 996393
849132 -688724 -858764 -599518
55735 847713 683016 662969
948805 -19448 -505291 721857
216079 501886 653638 383194
37206 -83758 53999 -60952
245714 378959 -894014 -737801
-871261 473813 640874 261595
-35910 -76295 -13245 973053
761349 -28270 -322443 -382165
-545715 360753 429239 590729
683016 662969 53999 -60952
567695 -31959 656250 421938
211169 -96946 429239 590729
318053 449351 -674680 -981690
-199136 -770540 946078 517268
-614460 781345 117284 391768
-85415 680422 -805140 -797537
880381 956053 -603671 -818731
365540 -325241 -433926 -633802
640874 261595 453921 -194819
-35415 -188432 567695 -31959
117284 391768 -893484 -642944
-750914 -994571 -893484 -642944
-674680 -981690 -966026 898479
-706885 801053 -796503 -432329
981198 324133 53999 -60952
-923005 474710 946078 517268
-35910 -76295 -573943 503298
-674680 -981690 628231 663083
-85415 680422 567695 -31959
-199884 -30184 -515526 752676
849132 -688724 -956620 -655180
987473 -383644 628231 663083
-13245 973053 -211870 560695
483197 854009 117284 391768
761349 -28270 787827 -41702
642838 -775960 427725 449946
-13245 973053 -803057 -313000
848501 -128135 -893484 -642944
-750914 -994571 -22090 -190289
615165 171314 550609 -561823
615165 171314 913526 434693
-470144 280906 -805505 205843
492949 909546 913526 434693
-468093 886180 615165 171314
-858764 -599518 493750 -517882
245714 378959 653638 383194
472946 299763 -505291 721857
975217 260609 -13245 973053
506070 -748743 685585 683513
132267 565007 -322443 -382165
-85415 680422 683016 662969
-580729 873527 -332515 -257395
-769848 463284 456937 748681
-750914 -994571 550790 956360
-445200 159131 -230064 784000
472946 299763 486673 816636
-379330 450955 -22090 -190289
147162 959990 913526 434693
456937 748681 -966026 898479
272266 646978 -702599 939963
615165 171314 211169 -96946
245714 378959 211169 -96946
-230064 784000 -69741 -997486
472946 299763 -894014 -737801
-322443 -382165 -966026 898479
-734424 106316 -230064 784000
-674680 -981690 -805505 205843
37206 -83758 472946 299763
653638 383194 -894014 -737801
601247 127397 -406881 -749771
-858764 -599518 -279425 -498966
567695 -31959 -403744 300911
-355406 -48431 245714 378959
-805140 -797537 -211870 560695
-812497 -844606 -35910 -76295
256035 625627 37206 -83758
-231628 800875 567695 -31959
890534 -322218 840376 87119
-750914 -994571 534900 -333339
-13245 973053 -580729 873527
-923880 482490 -796503 -432329
-692102 312830 -230064 784000
-803057 -313000 656250 421938
640874 261595 -406881 -749771
-231628 800875 640874 261595
-803057 -313000 -230064 784000
-893484 -642944 -573943 503298
-923880 482490 -635332 587894
-988439 116128 453921 -194819
245714 378959 -118850 116275
-803057 -313000 -403744 300911
-966026 898479 -739925 -814276
-545715 360753 -635332 587894
-545715 360753 -995542 140435
-468093 886180 -603671 -818731
37206 -83758 935061 -627207
761349 -28270 -796503 -432329
-750914 -994571 685585 683513
-923005 474710 948805 -19448
373170 -658191 -505291 721857
-750730 -635564 317947 -514490
-545715 360753 653638 383194
84123 -615991 948805 -19448
-677498 830432 -734424 106316
-757212 -469087 848501 -128135
37206 -83758 -750264 897142
-85415 680422 640874 261595
972947 -523168 -309332 245032
-379330 450955 -406881 -749771
433608 -672572 -966026 898479
761349 -28270 946078 517268
-805140 -797537 -35910 -76295
245714 378959 216079 501886
-812497 -844606 -433926 -633802
615165 171314 681835 890522
-231628 800875 -259573 -298042
550609 -561823 -227365 362142
-118850 116275 601247 127397
683016 662969 550609 -561823
887061 -41055 -133387 -167843
640874 261595 53999 -60952
-674680 -981690 -930782 6949
-354393 410112 -573943 503298
-894014 -737801 -279425 -498966
-757212 -469087 -614460 781345
-917235 -467086 948805 -19448
245714 378959 483197 854009
-231628 800875 -995542 140435
-145121 153638 429239 590729
-545715 360753 -346834 16273
-123124 -111647 946078 517268
493750 -517882 -85415 680422
-803057 -313000 -406881 -749771
-796503 -432329 848501 -128135
-545715 360753 -702599 939963
216555 -230423 183060 -656797
-231628 800875 365540 -325241
245714 378959 849132 -688724
483197 854009 972947 -523168
956105 632604 -230064 784000
-13245 973053 948805 -19448
-13245 973053 913142 -228311
-322443 -382165 946078 517268
550790 956360 -803057 -313000
-545715 360753 948805 -19448
-995542 140435 -894014 -737801
-803057 -313000 53999 -60952
-428192 70319 -145121 153638
-917235 -467086 849218 -285985
683016 662969 567695 -31959
-231628 800875 685585 683513
-886615 455894 793403 -97699
-231628 800875 -406881 -749771
-764550 657325 -966026 898479
-85415 680422 550609 -561823
132267 565007 656250 421938
483197 854009 840376 87119
-670322 676022 -734424 106316
683016 662969 948805 -19448
-750914 -994571 294107 -517929
-930782 6949 653638 383194
245714 378959 -923005 474710
-85415 680422 -982086 996393
-674680 -981690 53999 -60952
117284 391768 -966026 898479
-995542 140435 53999 -60952
132267 565007 -858764 -599518
562967 917292 -138773 545244
-803057 -313000 -379330 450955
-769848 463284 216555 -230423
-231628 800875 -133387 -167843
-893484 -642944 975217 260609
-470144 280906 -858764 -599518
981198 324133 601247 127397
880381 956053 550609 -561823
-346834 16273 -35415 -188432
492949 909546 -750264 897142
-988439 116128 -505291 721857
-803057 -313000 -894014 -737801
245714 378959 941910 -678130
245714 378959 -562551 700213
317947 -514490 685585 683513
492949 909546 211169 -96946
117284 391768 681835 890522
37206 -83758 -433926 -633802
-706885 801053 656250 421938
615165 171314 849132 -688724
-309332 245032 993482 812496
-805505 205843 -138773 545244
-645502 339342 550609 -561823
-545715 360753 -858764 -599518
627943 -282392 -812497 -844606
-670322 676022 -894014 -737801
-995542 140435 601247 127397
523446 67412 -956620 -655180
245714 378959 350246 -984561
245714 378959 890534 -322218
-231628 800875 849218 -285985
-379330 450955 -923005 474710
366559 697407 -379330 450955
-682005 837958 486673 816636
-231628 800875 550609 -561823
-85415 680422 486673 816636
848501 -128135 -603671 -818731
-764550 657325 -757212 -469087
-757212 -469087 640874 261595
55735 847713 317947 -514490
-35910 -76295 -505291 721857
-674680 -981690 -684625 951404
-13245 973053 601247 127397
695749 -873091 -35415 -188432
-893484 -642944 -988229 720366
132267 565007 -635332 587894
-674680 -981690 483197 854009
-750914 -994571 -966026 898479
653638 383194 366559 697407
53999 -60952 -433926 -633802
683016 662969 7692 -167144
-133387 -167843 37206 -83758
-406881 -749771 472946 299763
-379330 450955 656250 421938
615165 171314 -988229 720366
245714 378959 -995542 140435
-576674 -247665 216555 -230423
-118850 116275 -716597 -508825
-69741 -997486 -635332 587894
-231628 800875 -573943 503298
245714 378959 456937 748681
132267 565007 -966026 898479
-118850 116275 -805140 -797537
-805505 205843 681835 890522
245714 378959 953475 422311
-322443 -382165 -35415 -188432
-545715 360753 -406881 -749771
975217 260609 601247 127397
-231628 800875 -805505 205843
-995542 140435 904156 -434371
-85415 680422 -573943 503298
-133387 -167843 683016 662969
562967 917292 -573943 503298
-677498 830432 -803057 -313000
-225254 825414 681835 890522
367405 980831 -894014 -737801
640874 261595 656250 421938
-515526 752676 653638 383194
615165 171314 -211870 560695
365380 -837027 -798954 791109
-702599 939963 948805 -19448
601247 127397 190747 -567130
-85415 680422 799682 452575
37206 -83758 117284 391768
956105 632604 -778152 440432
-614460 781345 913142 -228311
-133387 -167843 -562551 700213
318053 449351 -199884 -30184
683016 662969 -406881 -749771
37206 -83758 948805 -19448
-995542 140435 -406881 -749771
366559 697407 946078 517268
-85415 680422 -35415 -188432
-322443 -382165 -85415 680422
-966026 898479 -614460 781345
-379330 450955 183060 -656797
471669 133919 -505291 721857
471669 133919 913526 434693
615165 171314 -858764 -599518
668329 -996942 -805505 205843
-85415 680422 948805 -19448
493750 -517882 -406881 -749771
53999 -60952 627943 -282392
483197 854009 946078 517268
550609 -561823 681835 890522
956105 632604 -757212 -469087
948805 -19448 471669 133919
-35910 -76295 -966026 898479
-923005 474710 913526 434693
-576674 -247665 433608 -672572
-468093 886180 683016 662969
-858764 -599518 -573943 503298
-140185 -261195 7692 -167144
-923005 474710 953475 422311
653638 383194 550609 -561823
-670322 676022 913526 434693
-537390 -758962 946078 517268
-69741 -997486 365540 -325241
956105 632604 615165 171314
975217 260609 -545715 360753
-674680 -981690 935398 -156881
-118850 116275 904156 -434371
132267 565007 -433926 -633802
-231628 800875 -505291 721857
-674680 -981690 793403 -97699
-231628 800875 366559 697407
550790 956360 -505291 721857
-750264 897142 656250 421938
-803057 -313000 -225254 825414
55735 847713 -645502 339342
-674680 -981690 -35415 -188432
-346834 16273 -332515 -257395
245714 378959 -231628 800875
366559 697407 -468093 886180
483197 854009 761349 -28270
-379330 450955 -750730 -635564
-812497 -844606 -956620 -655180
245714 378959 681835 890522
615165 171314 183060 -656797
318053 449351 -886615 455894
84123 -615991 -433926 -633802
256035 625627 -505291 721857
-133387 -167843 -433926 -633802
653638 383194 317947 -514490
37206 -83758 -515526 752676
-923005 474710 317947 -514490
-580729 873527 523446 67412
-133387 -167843 -322443 -382165
-803057 -313000 -346834 16273
-379330 450955 -433926 -633802
117284 391768 -145121 153638
245714 378959 685585 683513
-309332 245032 -140185 -261195
-750914 -994571 -69741 -997486
-803057 -313000 84123 -615991
-805505 205843 -433926 -633802
935061 -627207 -259573 -298042
683016 662969 946078 517268
-769848 463284 -805505 205843
-231628 800875 -346834 16273
117284 391768 53999 -60952
642838 -775960 653638 383194
-750914 -994571 -505291 721857
567695 -31959 946078 517268
317947 -514490 590656 744437
350246 -984561 -858764 -599518
245714 378959 -702599 939963
-750914 -994571 -635332 587894
545007 231268 656250 421938
-923005 474710 -403744 300911
350246 -984561 -930782 6949
567695 -31959 -966026 898479
695749 -873091 147162 959990
-674680 -981690 -118850 116275
-199136 -770540 -982086 996393
887061 -41055 -230064 784000
-803057 -313000 -562551 700213
-211870 560695 -35415 -188432
-309332 245032 656250 421938
245714 378959 550609 -561823
-893484 -642944 53999 -60952
935061 -627207 946078 517268
-199136 -770540 -433926 -633802
695749 -873091 -133387 -167843
887061 -41055 472946 299763
-677498 830432 -133387 -167843
-886615 455894 216555 -230423
642838 -775960 -702599 939963
-133387 -167843 -734424 106316
372330 71189 117284 391768
245714 378959 -309332 245032
-750914 -994571 -175518 708143
-803057 -313000 -505291 721857
37206 -83758 -805505 205843
615165 171314 -635332 587894
493750 -517882 -379330 450955
653638 383194 -739925 -814276
-214585 -614217 -871261 473813
987473 -383644 840376 87119
372330 71189 -505291 721857
-379330 450955 946078 517268
-757212 -469087 -894014 -737801
-85415 680422 216555 -230423
-379330 450955 913526 434693
456937 748681 -230064 784000
-750914 -994571 190747 -567130
-118850 116275 -22090 -190289
-402 871141 -858764 -599518
272266 646978 -930782 6949
-13245 973053 681835 890522
-470144 280906 37206 -83758
-322443 -382165 656250 421938
-22090 -190289 -227365 362142
-85415 680422 429239 590729
-468093 886180 -757212 -469087
-803057 -313000 -750264 897142
-750914 -994571 -858764 -599518
-346834 16273 946078 517268
-133387 -167843 -930782 6949
-796503 -432329 211169 -96946
-445200 159131 840376 87119
550790 956360 -118850 116275
84123 -615991 550609 -561823
53999 -60952 -133387 -167843
-230064 784000 365540 -325241
-13245 973053 -573943 503298
-85415 680422 -175518 708143
956105 632604 -635332 587894
-346834 16273 472946 299763
-118850 116275 -966026 898479
-406881 -749771 685585 683513
683016 662969 -573943 503298
