1000
-556123 -626342 181624 -216010
-245039 721804 -716862 -755127
360006 -190456 -564078 -293768
-623543 840179 -681058 742686
-743495 -421127 -362367 -686041
353479 -683043 -30930 -554528
745119 943858 23009 899988
-45649 -921729 460264 636349
268771 176016 -391958 -478169
526890 919091 -276726 -832525
173738 -739287 443099 899903
151027 948739 371351 62669
-155568 615507 -477202 -304792
-42102 139045 3389 157709
23009 899988 810449 -642641
-84079 -245116 -743495 -421127
-692914 183442 -20429 690626
15052 -660601 731543 -454339
734864 452052 151678 -721551
-739044 -175863 339036 -896326
939797 24183 347199 -134047
-67855 991324 -992196 724127
750543 -81054 181624 -216010
-336203 782993 -362367 -686041
586919 150013 -477202 -304792
734864 452052 204101 466191
160703 867137 -185095 974875
443099 899903 572391 624483
939797 24183 -931632 -739072
-662516 762792 734864 452052
121269 -661005 -276726 -832525
43203 107066 23009 899988
-470625 -389726 -996578 -321040
-432184 676147 -633835 622102
771835 428259 986569 -573991
-456441 744757 -245039 721804
-17541 -307757 -903551 591773
347199 -134047 136611 -377142
-30930 -554528 309671 -94197
-20216 -611098 439658 118881
-84079 -245116 -973549 673
371001 -933254 394369 -994363
-155568 615507 -706924 495592
-282045 951227 897442 886529
353479 -683043 73813 953370
586919 150013 986569 -573991
-282045 951227 8583 -532005
823357 -265359 -560633 955956
-727606 847784 -245039 721804
939797 24183 -662516 762792
750543 -81054 660202 199612
204101 466191 426021 -972776
-336203 782993 401454 -466595
-41391 -229277 708262 -726706
-633835 622102 -22349 643288
-276726 -832525 376477 135044
639044 -658441 673975 -728980
-727606 847784 -787249 186649
16982 -65882 -706924 495592
586919 150013 443099 899903
818857 390228 426587 510165
523887 835704 275963 -664952
-317645 293832 673975 -728980
526890 919091 907406 238629
-642085 942961 -248697 -236814
309671 -94197 41474 287988
-642085 942961 -787249 186649
-794747 -389247 121269 -661005
-110185 -15911 398020 -840279
-94444 926899 -640191 896337
-17541 -307757 907406 238629
-556123 -626342 41474 287988
-185095 974875 673975 -728980
194889 860373 347199 -134047
771835 428259 443099 899903
-563852 123330 136611 -377142
734864 452052 -642085 942961
829416 844792 -110185 -15911
586919 150013 -743495 -421127
193596 -850686 -61868 -468346
-408411 187688 526703 518423
-977751 -515504 673975 -728980
-932771 519032 371351 62669
27809 590668 -477202 -304792
187324 900400 834641 711111
734864 452052 774987 -710798
-877266 657011 -287470 -264731
-462036 836600 243415 270854
586341 -612649 750543 -81054
-808102 581828 -732635 -671464
951127 282706 750543 -81054
73813 953370 136611 -377142
371001 -933254 -67855 991324
-560633 955956 988654 60991
-185095 974875 136611 -377142
639044 -658441 523887 835704
-282045 951227 -84079 -245116
734864 452052 587708 -296256
-470625 -389726 46483 -832211
639044 -658441 691819 -937539
109069 330589 993666 912720
-62924 -411770 483164 489266
978356 -890736 445956 -660576
-22349 643288 708262 -726706
-61868 -468346 -477202 -304792
-738045 -314718 -681058 742686
-881850 -651133 193596 -850686
993666 912720 -539926 739490
834641 711111 750660 -558842
978356 -890736 -509546 -999487
810449 -642641 652219 -26237
580851 -781786 -30930 -554528
639044 -658441 961709 -471030
-67855 991324 -57945 878517
-996578 -321040 943400 921909
23009 899988 -259169 -582076
-727606 847784 92414 341964
29041 -21928 -391958 -478169
639044 -658441 401454 -466595
-575236 33875 771835 428259
-291035 716081 46483 -832211
-456441 744757 -259077 -693464
-716862 -755127 673975 -728980
-957214 -676339 -138343 -221405
639044 -658441 -138343 -221405
-932771 519032 745119 943858
-892316 549120 -528799 -562961
572391 624483 -274378 99143
-678349 217183 -743495 -421127
-973549 673 673975 -728980
988654 60991 151678 -721551
360006 -190456 445956 -660576
426587 510165 275963 -664952
309671 -94197 572391 624483
988654 60991 -787249 186649
705442 932243 -523876 -31426
951127 282706 -973549 673
750543 -81054 897442 886529
-57945 878517 465317 -606018
-67855 991324 587708 -296256
-716862 -755127 -957214 -676339
745119 943858 8583 -532005
468079 93771 687001 -212097
15052 -660601 687001 -212097
-84079 -245116 204101 466191
-382017 253514 460264 636349
866943 469413 -298080 -686788
16982 -65882 607895 573953
587708 -296256 -716862 -755127
-20216 -611098 -681058 742686
-336203 782993 -20429 690626
691367 -917428 7713 539352
961709 -471030 750543 -81054
309671 -94197 -36052 -224649
148250 723943 -528799 -562961
544737 600188 168390 -49552
586919 150013 -245039 721804
-155568 615507 46483 -832211
-505397 -140932 181624 -216010
663825 494759 997833 660699
-633835 622102 -311114 220834
-728229 604954 -716862 -755127
155040 -705138 445956 -660576
43203 107066 -657425 699447
-382017 253514 673975 -728980
-472979 250002 -110185 -15911
-505397 -140932 769888 215903
-739044 -175863 -456441 744757
-138337 162182 -245039 721804
663825 494759 -432184 676147
-797718 252283 275963 -664952
-881850 -651133 46695 918903
-475568 -897072 3389 157709
-427295 60566 -137417 728526
-901291 579531 445956 -660576
586919 150013 19457 -975884
734864 452052 19457 -975884
121269 -661005 -450920 -503126
371001 -933254 -923801 -406844
-17541 -307757 -931632 -739072
829129 -323673 -630593 339496
639044 -658441 360807 -54836
639044 -658441 -67855 991324
544737 600188 943400 921909
-845725 118213 -22349 643288
15307 -419711 491467 -740896
750709 -929740 426827 -205105
3389 157709 -973549 673
903816 -697376 -739597 -849007
139604 -479800 -684165 380325
-706924 495592 92414 341964
-45649 -921729 -36052 -224649
-20216 -611098 151678 -721551
829416 844792 -654077 697338
-382017 253514 -362367 -686041
986569 -573991 -259169 -582076
691367 -917428 -24885 643319
939797 24183 897442 886529
109069 330589 -749043 -852841
-640191 896337 -743495 -421127
-73009 192589 -727606 847784
687001 -212097 136611 -377142
663610 939624 -633835 622102
15307 -419711 939797 24183
691367 -917428 -138343 -221405
46695 918903 70056 284279
-110185 -15911 465317 -606018
-276726 -832525 829416 844792
-382017 253514 687001 -212097
897442 886529 731543 -454339
-291035 716081 496039 865048
-937576 289409 -556123 -626342
-62924 -411770 -903551 591773
371351 62669 -502387 80993
23009 899988 673975 -728980
-563852 123330 -84079 -245116
687001 -212097 769888 215903
639044 -658441 663610 939624
-505397 -140932 -739044 -175863
-282045 951227 687001 -212097
-41391 -229277 460264 636349
866943 469413 -738045 -314718
316466 -304953 -553557 71278
-808102 581828 -881850 -651133
771835 428259 526703 518423
-727606 847784 -716862 -755127
939797 24183 818857 390228
-276726 -832525 -282045 951227
-427295 60566 -662516 762792
360807 -54836 -688474 569311
-575236 33875 -185095 974875
829129 -323673 -362367 -686041
-30930 -554528 523887 835704
-287470 -264731 -662516 762792
-276726 -832525 -787249 186649
-688474 569311 -738045 -314718
165076 770156 -456441 744757
750660 -558842 -727606 847784
-681058 742686 -564078 -293768
23009 899988 -738045 -314718
-623543 840179 -903551 591773
-110185 -15911 -456441 744757
-678349 217183 -706924 495592
-739044 -175863 691819 -937539
-768349 368505 -732635 -671464
151027 948739 -36052 -224649
-67855 991324 -937576 289409
-408411 187688 109681 -130997
652219 -26237 275963 -664952
-800199 -722070 -996578 -321040
7349 479533 -516 -636892
-937576 289409 -485051 131250
360006 -190456 -528799 -562961
-22349 643288 335665 122635
-155568 615507 73813 953370
43203 107066 -633835 622102
445956 -660576 -881850 -651133
-739044 -175863 394369 -994363
-738045 -314718 347199 -134047
619583 -702533 -787249 186649
-737382 258504 -716862 -755127
-274378 99143 -877266 657011
309671 -94197 734864 452052
-138337 162182 394369 -994363
-738045 -314718 685098 -398000
184347 355880 -957214 -676339
-282045 951227 -427295 60566
-633835 622102 136611 -377142
-20216 -611098 -185095 974875
-688474 569311 965382 335895
-185095 974875 426021 -972776
353479 -683043 181624 -216010
750660 -558842 -110185 -15911
-291035 716081 -298080 -686788
109069 330589 439658 118881
421819 -346857 -973549 673
699270 -704275 -749043 -852841
-977751 -515504 -923801 -406844
-470625 -389726 43203 107066
-336203 782993 -727606 847784
-717917 912409 -20429 690626
-45649 -921729 443099 899903
691381 -832584 939797 24183
734864 452052 834641 711111
834641 711111 673975 -728980
-749043 -852841 3389 157709
-291035 716081 184347 355880
-282045 951227 -42102 139045
-20783 -583076 -743495 -421127
-408411 187688 -787249 186649
939797 24183 96383 -373322
29041 -21928 109681 -130997
-937576 289409 -362367 -686041
-717917 912409 426587 510165
897442 886529 46695 918903
-931632 -739072 41474 287988
309671 -94197 750660 -558842
443390 842410 -923801 -406844
-560633 955956 952230 576392
23009 899988 -539926 739490
-470625 -389726 -137417 728526
309671 -94197 687001 -212097
-516 -636892 -881850 -651133
829416 844792 -739044 -175863
-826334 427466 -743495 -421127
-657425 699447 -456441 744757
586919 150013 -892316 549120
-185095 974875 27809 590668
639044 -658441 -83707 -9118
663825 494759 139604 -479800
-456441 744757 -20429 690626
988654 60991 -198041 989533
587396 -8007 394369 -994363
309671 -94197 73813 953370
-739044 -175863 961709 -471030
-155568 615507 834641 711111
-61868 -468346 296748 906173
-877266 657011 -996578 -321040
-794747 -389247 587708 -296256
109069 330589 -451165 -502982
-967775 117177 745119 943858
699270 -704275 -595454 -568769
663825 494759 483164 489266
-110185 -15911 -523876 -31426
-826334 427466 342510 79724
73813 953370 -115066 58957
-94444 926899 92414 341964
810449 -642641 -336203 782993
-706924 495592 -115066 58957
986797 948239 -110185 -15911
526703 518423 353479 -683043
267547 290942 -282045 951227
691381 -832584 829416 844792
555916 224467 -996578 -321040
342510 79724 -630593 339496
936131 -480722 136611 -377142
771835 428259 -931632 -739072
675689 -62376 829416 844792
-797718 252283 353479 -683043
691381 -832584 717969 -132131
-73009 192589 -743495 -421127
734864 452052 -641834 -585762
691381 -832584 -787246 -624244
-408411 187688 -245039 721804
398020 -840279 -36052 -224649
-937576 289409 151678 -721551
335665 122635 685098 -398000
468079 93771 -24885 643319
586919 150013 -362367 -686041
586919 150013 -470625 -389726
398020 -840279 -495638 812742
-336203 782993 -743495 -421127
-185095 974875 -903551 591773
639044 -658441 -642085 942961
-276726 -832525 483164 489266
-138337 162182 27809 590668
15052 -660601 -271970 -48858
347199 -134047 -727606 847784
309671 -94197 335665 122635
-475568 -897072 829129 -323673
16982 -65882 394369 -994363
-245039 721804 401454 -466595
918071 -743809 -903551 591773
-336203 782993 -137417 728526
-676417 -236217 -903551 591773
439658 118881 -787249 186649
339036 -896326 687001 -212097
750660 -558842 29041 -21928
993666 912720 523887 835704
-845725 118213 939797 24183
586919 150013 -185095 974875
-36052 -224649 426827 -205105
810449 -642641 -630593 339496
586341 -612649 -362367 -686041
-36052 -224649 -787249 186649
993666 912720 -84079 -245116
-276726 -832525 -640191 896337
439689 483390 758588 -420738
-923801 -406844 -391958 -478169
750709 -929740 986569 -573991
23009 899988 7397 -354898
43203 107066 897442 886529
-298080 -686788 465317 -606018
360006 -190456 986569 -573991
687001 -212097 667593 -918920
-808102 581828 -427295 60566
-514977 954630 -992196 724127
445956 -660576 810449 -642641
23009 899988 -427295 60566
823357 -265359 687001 -212097
-472979 250002 -564078 -293768
897442 886529 -157398 -21107
-706924 495592 445956 -660576
-73009 192589 -716862 -755127
16982 -65882 445956 -660576
-30930 -554528 918071 -743809
823357 -265359 -470625 -389726
27809 590668 -24885 643319
496039 865048 -137417 728526
-692914 183442 939797 24183
897442 886529 -743495 -421127
468079 93771 136611 -377142
993666 912720 834641 711111
-957214 -676339 -276726 -832525
-276726 -832525 394369 -994363
173738 -739287 46483 -832211
523887 835704 526703 518423
335665 122635 750660 -558842
15052 -660601 353479 -683043
23009 899988 92414 341964
-654077 697338 572391 624483
-45649 -921729 -456441 744757
371001 -933254 -155568 615507
309671 -94197 -739044 -175863
939797 24183 -456441 744757
734864 452052 275963 -664952
-282045 951227 426587 510165
468079 93771 19457 -975884
-236355 383181 986797 948239
818857 390228 -336203 782993
-937576 289409 92414 341964
-30930 -554528 -743495 -421127
586919 150013 -155568 615507
649778 -210313 939797 24183
-633835 622102 -688474 569311
23009 899988 -662516 762792
168390 -49552 818857 390228
-73009 192589 -137417 728526
750543 -81054 27809 590668
897442 886529 353479 -683043
-907206 -658151 -70240 414902
41474 287988 -94444 926899
586341 -612649 988654 60991
-282045 951227 -727606 847784
-709014 257390 181624 -216010
43203 107066 121269 -661005
-470625 -389726 92414 341964
-282045 951227 -451165 -502982
-24885 643319 181624 -216010
27809 590668 109069 330589
586919 150013 8583 -532005
371001 -933254 -185095 974875
834641 711111 -470625 -389726
-57945 878517 -923801 -406844
-336203 782993 -236355 383181
699270 -704275 46695 918903
309671 -94197 523887 835704
607895 573953 993666 912720
691367 -917428 -477202 -304792
523887 835704 -738045 -314718
586919 150013 572391 624483
-30930 -554528 38249 -497976
309671 -94197 3389 157709
-110097 -461452 181624 -216010
810449 -642641 -523876 -31426
-726142 90327 268771 176016
-931632 -739072 -560633 955956
-797718 252283 181624 -216010
978356 -890736 745119 943858
834641 711111 731543 -454339
823357 -265359 -110185 -15911
-287470 -264731 443099 899903
699270 -704275 -739597 -849007
439689 483390 986569 -573991
-94444 926899 687001 -212097
586919 150013 771835 428259
968445 232512 -485051 131250
586919 150013 -996578 -321040
-276726 -832525 -110185 -15911
731543 -454339 -137417 728526
193596 -850686 774987 -710798
734864 452052 -931632 -739072
526703 518423 342510 79724
829129 -323673 7713 539352
939797 24183 8583 -532005
-155568 615507 136611 -377142
-688474 569311 339036 -896326
371001 -933254 7713 539352
-692914 183442 -298080 -686788
566809 203261 -22349 643288
15052 -660601 750660 -558842
-57945 878517 750543 -81054
-101388 -550245 968445 232512
673975 -728980 136611 -377142
-185095 974875 -967775 117177
15052 -660601 -456441 744757
-633835 622102 -630593 339496
-623543 840179 -185095 974875
951127 282706 -470625 -389726
750543 -81054 -903551 591773
-881850 -651133 750660 -558842
-553557 71278 148250 723943
22468 62713 70056 284279
-138337 162182 586919 150013
316466 -304953 339036 -896326
38249 -497976 -716862 -755127
-662516 762792 -654077 697338
-563852 123330 394369 -994363
-41391 -229277 -30930 -554528
347199 -134047 687001 -212097
-336203 782993 -84079 -245116
691381 -832584 165397 472268
29041 -21928 673975 -728980
15052 -660601 -236355 383181
968445 232512 -815812 -535163
-808102 581828 41474 287988
639044 -658441 -185518 815022
810449 -642641 27809 590668
639044 -658441 38249 -497976
750709 -929740 -903551 591773
-67855 991324 978356 -890736
-41391 -229277 15307 -419711
829416 844792 -787249 186649
468079 93771 566809 203261
771835 428259 903816 -697376
734864 452052 376477 135044
-797718 252283 -138343 -221405
353479 -683043 -477202 -304792
468079 93771 -30930 -554528
903816 -697376 526703 518423
-282045 951227 41474 287988
16982 -65882 96383 -373322
968445 232512 750543 -81054
-642085 942961 758588 -420738
-67855 991324 23009 899988
151027 948739 445956 -660576
952230 576392 398020 -840279
734864 452052 776065 -51291
-274378 99143 19457 -975884
16982 -65882 -630593 339496
-42102 139045 -743495 -421127
-768349 368505 -110097 -461452
187324 900400 -787249 186649
421819 -346857 -815812 -535163
687001 -212097 243415 270854
586341 -612649 -42102 139045
-676417 -236217 -362367 -686041
-276726 -832525 193596 -850686
-716862 -755127 -83707 -9118
771835 428259 -391958 -478169
-556123 -626342 204101 466191
-336203 782993 -738045 -314718
296748 906173 -137417 728526
-706924 495592 -456441 744757
-62924 -411770 342510 79724
193596 -850686 445956 -660576
750543 -81054 687001 -212097
151027 948739 -101388 -550245
309671 -94197 43203 107066
939797 24183 -716862 -755127
460264 636349 426587 510165
353479 -683043 734864 452052
342510 79724 544737 600188
978356 -890736 43203 107066
-41391 -229277 -298080 -686788
-22349 643288 663610 939624
652219 -26237 187324 900400
439658 118881 997833 660699
-185095 974875 -485051 131250
-692914 183442 -787249 186649
465317 -606018 443099 899903
734864 452052 109069 330589
-382017 253514 -575236 33875
232923 230860 445956 -660576
939797 24183 483164 489266
986569 -573991 -391958 -478169
-282045 951227 -20216 -611098
968445 232512 46483 -832211
-684165 380325 -42102 139045
-391958 -478169 445956 -660576
468079 93771 46483 -832211
639044 -658441 443099 899903
-563852 123330 -996578 -321040
903816 -697376 92414 341964
978356 -890736 -678349 217183
-84079 -245116 -30930 -554528
810449 -642641 151678 -721551
-248697 -236814 -137417 728526
586919 150013 652219 -26237
-245039 721804 275963 -664952
903816 -697376 -103291 -92454
-717917 912409 316466 -304953
823357 -265359 398020 -840279
586919 150013 -276726 -832525
-456441 744757 -298080 -686788
866943 469413 151678 -721551
675689 -62376 -30930 -554528
23009 899988 -22349 643288
619583 -702533 347199 -134047
-62924 -411770 -641834 -585762
148250 723943 -641834 -585762
468079 93771 -937576 289409
-138337 162182 -137417 728526
639044 -658441 687001 -212097
734864 452052 426827 -205105
639044 -658441 268771 176016
-282045 951227 -598474 494001
639044 -658441 23009 899988
155040 -705138 394369 -994363
572391 624483 73813 953370
-62924 -411770 -797718 252283
993666 912720 -598474 494001
687001 -212097 46483 -832211
-727606 847784 -362367 -686041
619583 -702533 -271970 -48858
-684165 380325 -881850 -651133
139604 -479800 -957214 -676339
745119 943858 -20429 690626
335420 -637434 136611 -377142
-276726 -832525 -996578 -321040
443099 899903 953621 576690
704964 556093 204101 466191
-62924 -411770 -20429 690626
951127 282706 -881850 -651133
897442 886529 -155568 615507
309671 -94197 -957214 -676339
-136086 -512308 572391 624483
750543 -81054 544737 600188
155040 -705138 353479 -683043
-676417 -236217 19457 -975884
155040 -705138 -881850 -651133
-676417 -236217 -505397 -140932
-514977 954630 136611 -377142
734864 452052 939797 24183
296748 906173 376477 135044
993666 912720 -485051 131250
309671 -94197 -110185 -15911
968445 232512 -450920 -503126
-336203 782993 -992196 724127
351378 156132 673975 -728980
-595454 -568769 -70240 414902
190583 88789 96383 -373322
-477202 -304792 96383 -373322
268771 176016 955593 -818253
556777 742240 371351 62669
-687271 -57106 673975 -728980
16982 -65882 136611 -377142
-245039 721804 -717917 912409
639044 -658441 -36052 -224649
347199 -134047 394369 -994363
639044 -658441 607895 573953
-877266 657011 -901291 579531
-657425 699447 376477 135044
-706924 495592 151027 948739
73813 953370 -749043 -852841
774987 -710798 -787249 186649
734864 452052 23009 899988
771835 428259 -84079 -245116
483164 489266 -157398 -21107
-41391 -229277 38249 -497976
-73009 192589 -737382 258504
903816 -697376 -992196 724127
27809 590668 7713 539352
776065 -51291 -996578 -321040
587708 -296256 -137417 728526
-657425 699447 193596 -850686
-450920 -503126 -451165 -502982
-382017 253514 121269 -661005
267547 290942 -654077 697338
275963 -664952 -749043 -852841
160703 867137 -662516 762792
750660 -558842 687001 -212097
699270 -704275 -282045 951227
-575236 33875 961709 -471030
704964 556093 -456441 744757
-245039 721804 3389 157709
168390 -49552 -706924 495592
829416 844792 -137417 728526
-138343 -221405 394369 -994363
-84079 -245116 29041 -21928
523887 835704 -382017 253514
-312868 -28864 187324 900400
750660 -558842 371351 62669
-727606 847784 -523876 -31426
903816 -697376 -502387 80993
897442 886529 92414 341964
-514977 954630 -556123 -626342
-110185 -15911 -298080 -686788
586919 150013 -485051 131250
639044 -658441 184347 355880
750660 -558842 -298080 -686788
-276726 -832525 -716862 -755127
639044 -658441 -996578 -321040
810449 -642641 717969 -132131
-282045 951227 663825 494759
275963 -664952 943400 921909
-73009 192589 426587 510165
121269 -661005 353479 -683043
639044 -658441 -931632 -739072
29041 -21928 181624 -216010
-311114 220834 -24885 643319
965382 335895 -808102 581828
395068 -602778 -662516 762792
43203 107066 -509546 -999487
639044 -658441 27809 590668
426587 510165 -470625 -389726
-957214 -676339 -931632 -739072
267547 290942 -485051 131250
-470625 -389726 -84079 -245116
-382017 253514 988654 60991
-298080 -686788 -973549 673
360807 -54836 -137417 728526
829416 844792 15307 -419711
750660 -558842 92414 341964
41474 287988 151027 948739
121269 -661005 165076 770156
-282045 951227 -36052 -224649
-937576 289409 -245039 721804
23009 899988 897442 886529
151027 948739 443099 899903
-282045 951227 -787249 186649
23009 899988 309671 -94197
776065 -51291 -245039 721804
-470625 -389726 -70240 414902
468079 93771 -22349 643288
691819 -937539 148250 723943
-282045 951227 -259169 -582076
-427295 60566 -84079 -245116
-17541 -307757 38249 -497976
586919 150013 659392 158081
15052 -660601 818857 390228
-716862 -755127 526703 518423
580851 -781786 376477 135044
483164 489266 771835 428259
523887 835704 834641 711111
-881850 -651133 -22349 643288
639044 -658441 943400 921909
-528799 -562961 -451165 -502982
978356 -890736 818857 390228
639044 -658441 526890 919091
-235643 269802 986569 -573991
586919 150013 -787249 186649
73813 953370 810449 -642641
675689 -62376 165397 472268
335420 -637434 184347 355880
-185095 974875 769888 215903
993666 912720 818857 390228
866943 469413 41474 287988
-706924 495592 -362367 -686041
268771 176016 443099 899903
-61868 -468346 -738045 -314718
691367 -917428 572391 624483
750660 -558842 -937576 289409
193596 -850686 961709 -471030
-408411 187688 907406 238629
-276726 -832525 43203 107066
-276726 -832525 -248697 -236814
691381 -832584 -743495 -421127
-456441 744757 394369 -994363
556777 742240 -138337 162182
810449 -642641 483164 489266
951127 282706 92414 341964
-957214 -676339 687001 -212097
121269 -661005 -17541 -307757
360006 -190456 -485051 131250
309671 -94197 -282045 951227
897442 886529 -907206 -658151
705442 932243 587708 -296256
7713 539352 943400 921909
639044 -658441 -684165 380325
734864 452052 -716862 -755127
771835 428259 750660 -558842
639044 -658441 -84079 -245116
-248697 -236814 29041 -21928
586919 150013 -137417 728526
-185095 974875 -727606 847784
639044 -658441 168390 -49552
-42102 139045 92414 341964
155040 -705138 181624 -216010
586919 150013 -349195 -732389
771835 428259 439658 118881
897442 886529 443099 899903
639044 -658441 371351 62669
-155568 615507 -640191 896337
897442 886529 -598474 494001
993666 912720 394369 -994363
-881850 -651133 443099 899903
-623543 840179 -996578 -321040
639044 -658441 -137417 728526
-276726 -832525 92414 341964
-20783 -583076 187324 900400
951127 282706 -749043 -852841
309671 -94197 46483 -832211
639044 -658441 -477202 -304792
309671 -94197 667593 -918920
45356 -747492 -451165 -502982
619583 -702533 555916 224467
750543 -81054 -495638 812742
371001 -933254 -743495 -421127
-826334 427466 986569 -573991
-678349 217183 371351 62669
-312868 -28864 23009 899988
439658 118881 151678 -721551
652219 -26237 394369 -994363
-276726 -832525 335665 122635
-84079 -245116 426587 510165
-155568 615507 -881850 -651133
691381 -832584 136611 -377142
267547 290942 -992196 724127
-450920 -503126 394369 -994363
-62924 -411770 -407114 -969176
-259077 -693464 121269 -661005
936131 -480722 -787249 186649
-67855 991324 -362367 -686041
810449 -642641 818857 390228
675689 -62376 15307 -419711
-560633 955956 -155568 615507
-716862 -755127 -726142 90327
-138343 -221405 -903551 591773
395068 -602778 -84079 -245116
-727606 847784 -155568 615507
-36052 -224649 750543 -81054
639044 -658441 73813 953370
-678349 217183 148250 723943
275963 -664952 -556123 -626342
-236355 383181 -957214 -676339
-633835 622102 -185095 974875
309671 -94197 -259169 -582076
-749043 -852841 -992196 724127
-738045 -314718 16982 -65882
-514977 954630 -709014 257390
769888 215903 -485051 131250
-155568 615507 939797 24183
978356 -890736 401454 -466595
-110097 -461452 -282045 951227
829416 844792 181624 -216010
468079 93771 -931632 -739072
15052 -660601 -495638 812742
823357 -265359 -24885 643319
-17541 -307757 -794747 -389247
-475568 -897072 443099 899903
165076 770156 46483 -832211
734864 452052 398020 -840279
556777 742240 268771 176016
-20216 -611098 445956 -660576
-937576 289409 750543 -81054
121269 -661005 -787249 186649
-20783 -583076 92414 341964
155040 -705138 496039 865048
993666 912720 -185095 974875
-688474 569311 -787249 186649
-291035 716081 -137417 728526
-20216 -611098 699270 -704275
-408411 187688 -185518 815022
15307 -419711 -67855 991324
19457 -975884 572391 624483
750709 -929740 740923 109531
774987 -710798 769888 215903
-462036 836600 -727606 847784
691367 -917428 -903551 591773
834641 711111 445956 -660576
897442 886529 -84079 -245116
-826334 427466 -716862 -755127
-923801 -406844 -456441 744757
939797 24183 46483 -832211
-245039 721804 988654 60991
978356 -890736 691819 -937539
-291035 716081 316466 -304953
296748 906173 -22349 643288
823357 -265359 897442 886529
-633835 622102 -155568 615507
-706924 495592 -20429 690626
-276726 -832525 443099 899903
-20429 690626 903816 -697376
-110097 -461452 687001 -212097
-20429 690626 136611 -377142
663825 494759 184347 355880
-185095 974875 7713 539352
587396 -8007 -115066 58957
468079 93771 445956 -660576
7397 -354898 187324 900400
586919 150013 184347 355880
-245039 721804 986569 -573991
309671 -94197 181624 -216010
-728229 604954 -646869 974822
353479 -683043 -662516 762792
829416 844792 426587 510165
523887 835704 663610 939624
993666 912720 -470625 -389726
-642085 942961 22468 62713
139604 -479800 415391 -159266
-274378 99143 -115066 58957
834641 711111 275963 -664952
776065 -51291 394369 -994363
309671 -94197 -248697 -236814
652219 -26237 818857 390228
-317645 293832 -485051 131250
43203 107066 652219 -26237
-427295 60566 -103291 -92454
-20783 -583076 673975 -728980
652219 -26237 687001 -212097
586919 150013 360807 -54836
-155568 615507 -923801 -406844
139604 -479800 -456441 744757
-155568 615507 -20429 690626
23009 899988 774987 -710798
-716862 -755127 -903551 591773
-932771 519032 907406 238629
659392 158081 415391 -159266
194889 860373 275963 -664952
-198041 989533 907406 238629
-382017 253514 155040 -705138
309671 -94197 -245039 721804
27809 590668 394369 -994363
335665 122635 -787249 186649
151027 948739 16982 -65882
978356 -890736 993666 912720
691381 -832584 268771 176016
-462036 836600 -716862 -755127
-717917 912409 496039 865048
-937576 289409 445956 -660576
988654 60991 -155568 615507
-932771 519032 -456441 744757
45356 -747492 572391 624483
810449 -642641 -903551 591773
-937576 289409 38249 -497976
897442 886529 151678 -721551
-382017 253514 -996578 -321040
-797718 252283 -787249 186649
335665 122635 -110185 -15911
-727606 847784 -794747 -389247
426587 510165 -30930 -554528
993666 912720 73813 953370
29041 -21928 -110185 -15911
15052 -660601 -646869 974822
750660 -558842 818857 390228
148250 723943 -957214 -676339
-717917 912409 -881850 -651133
586919 150013 943400 921909
342510 79724 190583 88789
-881850 -651133 953621 576690
-110185 -15911 526703 518423
-276726 -832525 -362367 -686041
818857 390228 465317 -606018
-245039 721804 -349195 -732389
-662516 762792 -598474 494001
-495638 812742 -235643 269802
23009 899988 443099 899903
-20216 -611098 691367 -917428
586919 150013 193596 -850686
-276726 -832525 -564078 -293768
586919 150013 148250 723943
155040 -705138 465317 -606018
734864 452052 586341 -612649
619583 -702533 -662516 762792
371001 -933254 818857 390228
-923801 -406844 -248697 -236814
351378 156132 165076 770156
151027 948739 -749043 -852841
443390 842410 586341 -612649
-881850 -651133 -787249 186649
619583 -702533 136611 -377142
43203 107066 740923 109531
-475568 -897072 955593 -818253
-800199 -722070 491467 -740896
-136086 -512308 232923 230860
649778 -210313 275963 -664952
-727606 847784 897442 886529
-881850 -651133 376477 135044
750660 -558842 148250 723943
734864 452052 -808102 581828
-678349 217183 -630593 339496
268771 176016 750543 -81054
769888 215903 -450920 -503126
-462036 836600 151027 948739
309671 -94197 691819 -937539
652219 -26237 339036 -896326
-706924 495592 -641834 -585762
-931632 -739072 823357 -265359
-282045 951227 -749043 -852841
939797 24183 443099 899903
468079 93771 -70240 414902
-62924 -411770 526890 919091
691819 -937539 376477 135044
-881850 -651133 -749043 -852841
139604 -479800 -470625 -389726
309671 -94197 660202 199612
961709 -471030 -137417 728526
691367 -917428 339036 -896326
204101 466191 443099 899903
556777 742240 483164 489266
309671 -94197 38249 -497976
16982 -65882 376477 135044
7349 479533 -287470 -264731
810449 -642641 834641 711111
639044 -658441 -110185 -15911
-787246 -624244 38249 -497976
-687271 -57106 897442 886529
335665 122635 -298080 -686788
939797 24183 774987 -710798
-20216 -611098 -36052 -224649
360006 -190456 426827 -205105
-456441 744757 -560633 955956
639044 -658441 829416 844792
734864 452052 -485051 131250
652219 -26237 -662516 762792
-407114 -969176 371351 62669
-881850 -651133 907406 238629
-427295 60566 607895 573953
-20216 -611098 92414 341964
