1000
580816 234921 497159 -102632
121031 318078 -781372 594990
-353999 396011 -289891 129258
-750807 -340418 -911577 573020
-336189 438271 268737 -870810
-613190 -348303 722416 -710293
386032 815890 238238 839010
-812858 -34576 -251398 81785
386032 815890 -631276 98137
-438669 -29464 49807 594455
-432086 -781834 -975020 701272
121031 318078 692932 -244512
138101 552570 254439 215337
-886522 -103949 776853 790645
549020 883664 -255908 930369
982589 -320047 420028 -503188
-293580 604066 304668 -351046
-152590 -263753 494998 43959
-766928 -74873 -784063 718889
93493 -934481 -534114 -804732
-741450 384425 -438669 -29464
392060 -633067 -979977 94044
-741450 384425 775904 -973999
846375 -7136 -862414 -923
963970 -510580 -739379 -647988
775830 419718 823839 17382
-108595 420764 692845 -644175
63200 -836750 138101 552570
547987 -455744 173069 37073
-534422 624637 -992544 257019
692932 -244512 79416 97732
-98864 -428973 -876659 -271693
398720 -581500 -878338 -231474
-733304 189508 547987 -455744
734380 309187 -336189 438271
823839 17382 776853 790645
386032 815890 847916 -503699
913527 544823 -918128 411930
-918128 411930 494998 43959
632604 831386 913690 611347
-950308 706321 216592 -276336
-564509 -100632 -439982 -873321
9385 713207 -790224 -992483
85319 -923984 946765 -165781
553077 712284 192504 472278
262505 586829 775904 -973999
560794 467242 240911 750447
-850173 4672 -570350 968084
-865311 -975459 374853 825241
427756 228238 598670 28999
266024 -721712 664898 817889
-131408 -149505 592614 -419967
605012 -194042 258718 -215146
720108 235320 861084 -9655
536111 -109677 193238 766386
435014 -691198 218690 -879590
113421 176862 410881 -226533
-131408 -149505 -911577 573020
-891673 -15059 776853 790645
847916 -503699 -850173 4672
-222838 -604176 785668 -698722
-868075 728095 -534422 624637
-845226 738611 -255908 930369
-486953 360259 306064 -107717
374853 825241 -823816 337980
30992 -342081 129205 -180781
193238 766386 -15133 199581
647269 864868 776853 790645
-289891 129258 200821 31326
-295761 781344 431442 -383312
396103 -968670 -625382 -335812
266024 -721712 -850173 4672
668029 -183304 776853 790645
873429 900215 -850173 4672
-13233 325519 -634849 -241001
365032 -526581 547987 -455744
684634 396986 -851365 -608889
-263862 -103790 238238 839010
553077 712284 -299818 595056
-937386 746729 940265 -514667
-171829 -631870 -178710 -921763
-602014 519005 846375 -7136
6363 415784 -438669 -29464
704463 -322639 -596794 -356510
684634 396986 45842 797396
121031 318078 -925225 345826
-917389 577872 913690 611347
-451157 -939908 9385 713207
-275650 -506524 -230054 392802
-935707 -985758 -631276 98137
-886522 -103949 -892797 297751
45842 797396 -315881 127609
398720 -581500 -406245 -544495
162100 -275848 -975020 701272
-499136 -72957 240911 750447
-534114 -804732 -946811 -559868
748033 853679 28297 96669
-222838 -604176 130655 470809
355375 202336 -902797 -283664
-937386 746729 -748680 -430670
-260156 -608007 -413798 -401876
592614 -419967 -697753 -526658
-963178 -988961 -739379 -647988
-576663 -737030 343876 184531
989486 723114 -975020 701272
632604 831386 896465 293388
133317 -138681 785668 -698722
720108 235320 -948493 719950
-413798 -401876 -596794 -356510
43321 600860 433144 785978
70607 437449 -659360 -695469
-263862 -103790 -937386 746729
602711 -963394 692845 -644175
79106 805682 -538147 -265647
-92706 -231739 514687 337938
-44818 141340 -738675 -19983
-293580 604066 -954598 -185633
49807 594455 -720976 -540080
-275650 -506524 79416 97732
-495692 792018 268737 -870810
-602014 519005 -183970 -929621
699479 -237349 -739379 -647988
-130962 644360 -935707 -985758
423703 -545417 -146141 -482405
-519738 -868475 433144 785978
87283 444551 -467624 -168233
873429 900215 -296606 906070
912720 -943841 133317 -138681
592614 -419967 -528583 -321270
138101 552570 130655 470809
768957 706551 -958281 -512759
-197280 46920 -750807 -340418
-891673 -15059 238238 839010
113421 176862 -150764 -596320
-602014 519005 -438669 -29464
-44818 141340 -28626 -571556
343130 -319070 -283296 936250
494998 43959 -716699 986105
-564509 -100632 191465 -340390
-850173 4672 -289891 129258
873429 900215 -283296 936250
87283 444551 -45687 939074
-604722 633164 192504 472278
-87478 69137 -291701 -546724
684634 396986 -188310 491262
-127345 -11464 138889 -524818
-108595 420764 420028 -503188
819239 608297 -31112 -299345
-982054 -856966 433144 785978
984737 919367 727047 -227830
204139 940683 -975020 701272
913527 544823 74169 299637
365032 -526581 913690 611347
843312 -268044 -739379 -647988
632604 831386 588610 -452160
306064 -107717 494998 43959
-612840 737365 218690 -879590
-469905 594808 -146141 -482405
-922283 390443 282488 699994
-51824 -185468 560794 467242
-852431 -66643 -12427 881313
-522983 -282899 859375 706168
-749483 442714 114490 534278
664898 817889 218690 -879590
93493 -934481 450123 -910184
-385740 198224 -983140 -817273
845287 -509397 -499163 456527
-918128 411930 -954598 -185633
-222838 -604176 946765 -165781
-850173 4672 -692500 789799
-468677 -863354 -790224 -992483
396463 -97695 592614 -419967
-730207 700361 602711 -963394
450123 -910184 -781372 594990
-845226 738611 -717357 -266355
-596794 -356510 43321 600860
692380 420798 -31112 -299345
789364 -577067 -150764 -596320
984737 919367 -908338 395112
374853 825241 630258 953148
717068 682991 433144 785978
-92706 -231739 -51824 -185468
-836088 705006 -666050 -406765
647269 864868 352717 290166
374853 825241 -438669 -29464
-602014 519005 -667956 -846346
-776933 -231478 125100 -609861
-666933 46980 238238 839010
374853 825241 -146141 -482405
-296069 -969243 -922395 71086
-602014 519005 861084 -9655
-14148 -892356 913690 611347
-766928 -74873 -296069 -969243
348028 875652 245191 -7525
839490 -835861 547987 -455744
646121 -822233 258718 -215146
-908338 395112 -730207 700361
415359 625961 129205 -180781
392060 -633067 -296069 -969243
-197280 46920 -348048 11212
826263 -989019 547987 -455744
984737 919367 70607 437449
392060 -633067 431442 -383312
632940 -683643 431442 -383312
708821 538051 -1665 -551121
720108 235320 -171829 -631870
79416 97732 -614743 -943322
547459 -55738 -812858 -34576
348028 875652 547987 -455744
692932 -244512 93493 -934481
-514491 -789288 -625382 -335812
415359 625961 -613190 -348303
374853 825241 -134885 -740871
-108595 420764 583515 -397325
588610 -452160 173069 37073
608184 190678 655172 556910
-917389 577872 -651574 -92296
-655551 -517899 -738675 -19983
-222838 -604176 420081 749169
539286 154655 -958281 -512759
962092 -524117 -881239 -704910
316102 -745822 -762029 -199345
223985 924850 -492562 -560734
-632398 420619 -958281 -512759
162100 -275848 -851856 -71981
374853 825241 -570350 968084
-741450 384425 43321 600860
-770463 483173 692932 -244512
-583774 564361 692845 -644175
-112644 -708782 -739379 -647988
216592 -276336 56704 558795
423703 -545417 49807 594455
-918128 411930 254439 215337
359027 117704 -348048 11212
758469 376095 -881239 -704910
386032 815890 342583 -966069
-293580 604066 -948493 719950
-521002 -124178 -692500 789799
-852431 -66643 6363 415784
79416 97732 415359 625961
374853 825241 343130 -319070
-369955 12860 193238 766386
396103 -968670 -674130 248642
884695 127498 -430774 595149
-730207 700361 598670 28999
-222838 -604176 -12427 881313
-886522 -103949 461119 -667726
386032 815890 692845 -644175
818572 647439 366771 -921303
708821 538051 -149105 67736
715774 385604 -730207 700361
-392540 749398 138889 -524818
192504 472278 -156972 922442
-887829 873892 431442 -383312
45842 797396 -922395 71086
-887829 873892 -538147 -265647
689170 -828155 -948493 719950
-693342 -591859 -720976 -540080
-430774 595149 9217 76535
417711 814151 -495692 792018
45842 797396 768957 706551
547459 -55738 -406245 -544495
415359 625961 -406916 -333577
602711 -963394 681466 752943
-632398 420619 -803615 424844
45842 797396 -975020 701272
-296069 -969243 775830 419718
420028 -503188 -693342 -591859
254439 215337 819239 608297
-299818 595056 592614 -419967
-215221 955032 913690 611347
-628208 -992881 941579 511731
-544005 14773 -183970 -929621
823449 -333969 9385 713207
-514491 -789288 775830 419718
-499136 -72957 -918128 411930
912077 -196738 913690 611347
982589 -320047 -1665 -551121
-404458 -77784 873429 900215
-887829 873892 748033 853679
-197280 46920 -958281 -512759
818572 647439 464981 -237591
727047 -227830 722416 -710293
989486 723114 192504 472278
-370188 -845386 173069 37073
-205871 572419 -449220 846254
681466 752943 238238 839010
-490699 -156212 -674130 248642
-401710 892001 87283 444551
-887829 873892 6363 415784
270404 652825 846375 -7136
-286797 -32143 -823816 337980
-496439 389665 -667988 -406480
-469905 594808 -130962 644360
-438669 -29464 913690 611347
433144 785978 727047 -227830
282488 699994 -98864 -428973
427756 228238 216592 -276336
-887829 873892 823449 -333969
-432086 -781834 812078 -575108
684634 396986 -14148 -892356
192504 472278 -944813 345761
-739379 -647988 -188310 491262
-451157 -939908 219331 -110743
392060 -633067 258718 -215146
-534422 624637 -596794 -356510
127305 473036 861084 -9655
883867 -589216 -273159 737972
789364 -577067 -902797 -283664
-451157 -939908 138101 552570
-754347 112417 -975020 701272
883478 929634 173069 37073
640736 -747115 -902797 -283664
962092 -524117 -784063 718889
-178710 -921763 -867838 -331975
708821 538051 45842 797396
-948493 719950 823839 17382
847131 -486768 941579 511731
-63511 -95507 455926 -425066
-844520 68631 -677343 991604
-632398 420619 873429 900215
450123 -910184 -770463 483173
-937386 746729 191465 -340390
392060 -633067 434945 -260346
524679 497917 -524674 -483887
-891673 -15059 605012 -194042
138889 -524818 415359 625961
773289 -357030 632940 -683643
45842 797396 -631276 98137
-534114 -804732 258718 -215146
678481 -735993 425491 -866760
374853 825241 -937386 746729
421486 99630 -439982 -873321
133317 -138681 -918128 411930
984737 919367 781688 -960498
-289891 129258 -891576 -284567
45842 797396 -162395 745031
93493 -934481 -249410 681092
-490699 -156212 28297 96669
847916 -503699 63200 -836750
-534422 624637 -948493 719950
-854371 -918492 861084 -9655
913690 611347 -470352 54648
613298 -433687 146803 508225
-98864 -428973 262505 586829
-45687 939074 826263 -989019
-127345 -11464 776853 790645
-222838 -604176 138863 831846
-596794 -356510 -739379 -647988
-469905 594808 -958281 -512759
-748680 -430670 -363922 892029
-469905 594808 223985 924850
-604722 633164 -887829 873892
684634 396986 934504 -429583
-852431 -66643 223985 924850
398720 -581500 -470352 54648
536111 -109677 -925225 345826
-162395 745031 -536335 883837
-222838 -604176 -490699 -156212
-850728 -494948 258718 -215146
-296069 -969243 703217 -680488
-954598 -185633 -536335 883837
514687 337938 240911 750447
-677343 991604 -739379 -647988
359027 117704 748033 853679
-937386 746729 509374 79299
-315881 127609 884695 127498
720761 257020 129205 -180781
415359 625961 386032 815890
-260156 -608007 632604 831386
-850173 4672 254439 215337
883478 929634 194424 -137891
-887829 873892 -632398 420619
218955 -140689 613298 -433687
45842 797396 -12427 881313
982589 -320047 45842 797396
-917389 577872 -51824 -185468
56704 558795 484479 983010
-474270 -825089 -825086 -706996
354909 -488268 893363 -12806
982589 -320047 -958281 -512759
-183970 -929621 386032 815890
692932 -244512 -156972 922442
79416 97732 -988056 865776
-667956 -846346 434945 -260346
146803 508225 -881239 -704910
258718 -215146 977747 -336361
-390882 -815008 427756 228238
-845226 738611 -181855 297728
-937386 746729 837043 -394962
-697753 -526658 93493 -934481
-596794 -356510 -784063 718889
608184 190678 -570350 968084
-449220 846254 -720976 -540080
-181855 297728 194424 -137891
415359 625961 -45687 939074
-655551 -517899 775904 -973999
602711 -963394 -499163 456527
-950308 706321 -576663 -737030
-951973 744946 -945979 -128057
-808942 36886 984737 919367
-263862 -103790 -982054 -856966
560360 95980 237600 -413345
-908338 395112 -28626 -571556
-728864 -313321 93493 -934481
561908 -264585 -362323 735404
-299818 595056 -956891 -448531
93493 -934481 -390882 -815008
-504308 661395 9217 76535
125100 -609861 490706 -745330
984737 919367 45842 797396
-891673 -15059 -108595 420764
-541673 -342038 -303846 511061
973897 355816 776853 790645
-494516 867366 -353999 396011
684634 396986 768957 706551
216592 -276336 -528583 -321270
963970 -510580 173069 37073
-604722 633164 -289891 129258
888403 943262 254439 215337
580816 234921 -667988 -406480
-621070 316813 130655 470809
-1665 -551121 -255908 930369
415359 625961 -524674 -483887
-602065 544362 251549 370840
692932 -244512 -844520 68631
-490699 -156212 -443397 -667856
423703 -545417 304101 672679
634489 308902 398720 -581500
-790224 -992483 -937386 746729
386032 815890 316102 -745822
43321 600860 254439 215337
-922283 390443 -328629 983148
536111 -109677 -496439 389665
-954598 -185633 692845 -644175
-738930 -949355 79416 97732
888403 943262 9385 713207
-45687 939074 386032 815890
-432086 -781834 9385 713207
692932 -244512 494998 43959
-401710 892001 -791037 -120744
93493 -934481 240911 750447
547987 -455744 605012 -194042
-44818 141340 -975020 701272
-886522 -103949 30992 -342081
266024 -721712 146803 508225
-392540 749398 812078 -575108
386032 815890 220268 -147159
692932 -244512 464981 -237591
837043 -394962 -146141 -482405
-11968 -908798 717068 682991
727047 -227830 -854371 -918492
549020 883664 784836 -423135
-51824 -185468 560996 942795
692932 -244512 -749483 442714
982589 -320047 -369955 12860
514687 337938 258718 -215146
396103 -968670 722416 -710293
79416 97732 -12427 881313
-886522 -103949 592614 -419967
121031 318078 125100 -609861
427701 232172 -869511 405477
-720976 -540080 -522983 -282899
417711 814151 -886522 -103949
-87478 69137 -716699 986105
-886522 -103949 -948493 719950
6363 415784 173069 37073
133756 912268 -790224 -992483
-31112 -299345 -273159 737972
984737 919367 -791037 -120744
984737 919367 913690 611347
-222838 -604176 -651574 -92296
-6495 -758786 -730207 700361
-808942 36886 349320 4338
-887829 873892 -108169 629989
-741450 384425 408095 -159731
-196658 -315224 497159 -102632
79416 97732 560996 942795
254439 215337 592614 -419967
-289891 129258 861084 -9655
6363 415784 632940 -683643
955221 773059 681466 752943
739579 -500432 841137 190083
-289891 129258 278482 -853219
-632398 420619 366771 -921303
913527 544823 -283296 936250
42355 602270 -328629 983148
923001 -655080 45842 797396
-852431 -66643 -303846 511061
-490699 -156212 9385 713207
847916 -503699 434945 -260346
-432086 -781834 -739379 -647988
-141703 -740596 -149105 67736
-130962 644360 -255908 930369
-393614 -473469 494998 43959
58987 741607 -12427 881313
146803 508225 394974 35906
79416 97732 -902797 -283664
141893 885272 922272 -323899
-693678 -657243 138863 831846
913690 611347 -299818 595056
664898 817889 -108169 629989
377564 -312315 138863 831846
823449 -333969 146803 508225
-976595 203692 -655954 222777
704463 -322639 539286 154655
355375 202336 -522983 -282899
138101 552570 -469905 594808
415359 625961 -13233 325519
-179177 754047 420028 -503188
455926 -425066 -249410 681092
-851365 -608889 -150764 -596320
-369955 12860 61832 -656353
-496439 389665 934504 -429583
-880663 -743631 -862414 -923
79416 97732 352717 290166
-469905 594808 -876659 -271693
-162395 745031 532019 945725
518601 67937 -851365 -608889
-432086 -781834 547987 -455744
-222838 -604176 681466 752943
481435 -311160 -946811 -559868
472521 598870 720108 235320
-845226 738611 -467624 -168233
79416 97732 -444581 -370573
-514491 -789288 -596794 -356510
-127345 -11464 -112644 -708782
433144 785978 -171829 -631870
-908338 395112 342583 -966069
775904 -973999 692845 -644175
-868075 728095 -469905 594808
-918128 411930 192504 472278
6363 415784 -336189 438271
692380 420798 -836088 705006
913690 611347 784836 -423135
377564 -312315 218690 -879590
162100 -275848 532019 945725
-640863 -659104 150220 -292813
-299818 595056 173069 37073
-680530 36079 343876 184531
877917 -324280 -908338 395112
467529 56501 -283296 936250
113421 176862 592614 -419967
-14148 -892356 218955 -140689
940265 -514667 560996 942795
-777116 -294232 859426 563857
359027 117704 922272 -323899
-918128 411930 973897 355816
392060 -633067 -146141 -482405
768957 706551 398720 -581500
258718 -215146 -781372 594990
481435 -311160 -776147 -659544
43321 600860 -283296 936250
-204229 688640 859375 706168
780798 -402636 245191 -7525
-983140 -817273 -382623 822388
-371219 -468254 138889 -524818
-741450 384425 913527 544823
49807 594455 776853 790645
-299818 595056 727047 -227830
-534114 -804732 664898 817889
374853 825241 385821 974957
45842 797396 846375 -7136
6363 415784 28297 96669
-222838 -604176 352717 290166
378139 -251083 -869511 405477
-667988 -406480 -1665 -551121
-741450 384425 -770463 483173
-231177 450349 861084 -9655
-51824 -185468 734380 309187
-720976 -540080 -659360 -695469
-222838 -604176 349320 4338
781688 -960498 415359 625961
-733304 189508 410881 -226533
692932 -244512 218690 -879590
-730207 700361 343130 -319070
-612840 737365 28297 96669
374853 825241 258718 -215146
396463 -97695 -739379 -647988
765178 26379 -468677 -863354
776853 790645 237600 -413345
9385 713207 767880 111069
-851365 -608889 -87478 69137
-886522 -103949 -441421 -810070
-273159 737972 349320 4338
28297 96669 348028 875652
-319165 547571 -283296 936250
-602065 544362 912720 -943841
-222838 -604176 -439982 -873321
-36559 892195 547987 -455744
-413798 -401876 -249410 681092
632604 831386 304668 -351046
692932 -244512 392060 -633067
845287 -509397 -655954 222777
-634849 -241001 -693342 -591859
720108 235320 -720976 -540080
-127345 -11464 -637611 -291336
-319165 547571 192504 472278
826263 -989019 727047 -227830
-295761 781344 -716699 986105
481435 -311160 -881239 -704910
-891673 -15059 720761 257020
-222838 -604176 223985 924850
484479 983010 -260156 -608007
-908338 395112 435014 -691198
385821 974957 -273159 737972
-667956 -846346 632604 831386
839490 -835861 776853 790645
-406916 -333577 -127345 -11464
884695 127498 -667988 -406480
374853 825241 775904 -973999
-44818 141340 553077 712284
-486953 360259 968188 -27572
962092 -524117 -13233 325519
912077 -196738 -283296 936250
-693342 -591859 901798 506645
-854371 -918492 216592 -276336
9385 713207 220268 -147159
251549 370840 138863 831846
912720 -943841 -945979 -128057
93493 -934481 -716699 986105
-212442 -106070 -294638 -263894
722416 -710293 238238 839010
316102 -745822 138101 552570
-404458 -77784 240911 750447
873429 900215 -651574 -92296
664898 817889 -251398 81785
-666933 46980 138863 831846
-165475 -866368 -528583 -321270
922272 -323899 -717357 -266355
955221 773059 684634 396986
374853 825241 420028 -503188
632604 831386 -865311 -975459
6363 415784 -439982 -873321
708821 538051 -918128 411930
79416 97732 262505 586829
-541673 -342038 133756 912268
553077 712284 -891576 -284567
-887829 873892 518601 67937
450123 -910184 -922395 71086
-31112 -299345 -803615 424844
-289891 129258 -739379 -647988
-45687 939074 240911 750447
734380 309187 664898 817889
481435 -311160 -902797 -283664
768957 706551 -544005 14773
-623278 726827 912720 -943841
-108169 629989 -674130 248642
304101 672679 494998 43959
984737 919367 79416 97732
-293580 604066 693670 -715407
141893 885272 -296606 906070
-563232 696431 -146624 372227
819239 608297 494998 43959
-892797 297751 -283296 936250
884695 127498 912720 -943841
877917 -324280 -362323 735404
138101 552570 -14148 -892356
-283296 936250 -655954 222777
374853 825241 -283296 936250
-222838 -604176 18053 158000
-852431 -66643 532019 945725
-632398 420619 -11968 -908798
-92706 -231739 464981 -237591
423703 -545417 -770463 483173
-299818 595056 94586 990931
-370188 -845386 129205 -180781
790088 98661 -983140 -817273
-231177 450349 -724130 -151759
-413798 -401876 28297 96669
285335 375581 -492562 -560734
-31112 -299345 133317 -138681
859375 706168 386032 815890
-741450 384425 -296069 -969243
18053 158000 118759 66273
732665 -109118 410881 -226533
790088 98661 177724 793012
133756 912268 9217 76535
-98864 -428973 -181855 297728
425491 -866760 -918128 411930
-865311 -975459 861084 -9655
-369955 12860 -954598 -185633
121031 318078 -146141 -482405
-886522 -103949 692932 -244512
-534114 -804732 823449 -333969
-204229 688640 -862414 -923
-451157 -939908 -596794 -356510
-922283 390443 -862414 -923
715774 385604 -441421 -810070
-851856 -71981 -655954 222777
141893 885272 304668 -351046
-604722 633164 -666050 -406765
780798 -402636 -862414 -923
-887829 873892 114490 534278
386032 815890 802642 -20362
334541 801513 -945979 -128057
-621070 316813 -443397 -667856
258718 -215146 -12427 881313
-474270 -825089 647269 864868
922272 -323899 -770463 483173
129205 -180781 865895 565021
-850173 4672 -291701 -546724
-108595 420764 374853 825241
-299818 595056 -441421 -810070
561908 -264585 -51824 -185468
-623278 726827 -366507 77843
-887829 873892 -886522 -103949
560360 95980 254439 215337
-852431 -66643 -559806 -37910
18053 158000 632940 -683643
-215221 955032 -255908 930369
837043 -394962 823449 -333969
-413798 -401876 6363 415784
-286797 -32143 -693342 -591859
455803 -538698 494998 43959
-922395 71086 -781372 594990
-887829 873892 812078 -575108
270404 652825 352717 290166
79416 97732 494998 43959
962092 -524117 -134885 -740871
377564 -312315 -576663 -737030
-31112 -299345 941579 511731
693670 -715407 -655551 -517899
-336189 438271 -156972 922442
-933826 729418 859375 706168
-31112 -299345 -181855 297728
-918128 411930 -876659 -271693
-667956 -846346 748033 853679
-704886 -857431 204139 940683
768957 706551 775830 419718
732665 -109118 -273159 737972
-954598 -185633 -869511 405477
-865311 -975459 -637611 -291336
847131 -486768 125100 -609861
450744 521547 -12427 881313
43321 600860 42355 602270
-222838 -604176 254439 215337
-127345 -11464 138863 831846
-623278 726827 421486 99630
-36559 892195 223985 924850
-283296 936250 342583 -966069
873429 900215 734380 309187
467529 56501 655172 556910
692932 -244512 -876659 -271693
678481 -735993 -438669 -29464
-656683 -192073 -945979 -128057
-467624 -168233 748033 853679
922272 -323899 245191 -7525
484479 983010 -63511 -95507
529226 186834 415359 625961
-230054 392802 461119 -667726
38395 109382 703217 -680488
-496439 389665 -891576 -284567
85319 -923984 -667956 -846346
121031 318078 -790395 360604
-677343 991604 240911 750447
38395 109382 -865311 -975459
192504 472278 -291701 -546724
-366507 77843 684634 396986
847131 -486768 193238 766386
699479 -237349 254439 215337
-504308 661395 218690 -879590
359027 117704 -851856 -71981
536111 -109677 -296069 -969243
-521002 -124178 349320 4338
378139 -251083 873429 900215
374853 825241 -618374 -368163
684634 396986 -255908 930369
-402891 -902012 278482 -853219
-205871 572419 -880663 -743631
720761 257020 841137 190083
434945 -260346 -625382 -335812
-469905 594808 -911577 573020
-197280 46920 -181855 297728
790088 98661 138101 552570
-917389 577872 74169 299637
-31112 -299345 -519738 -868475
192504 472278 -181855 297728
138889 -524818 182923 546578
129205 -180781 896465 293388
43321 600860 -720976 -540080
125100 -609861 -963178 -988961
692932 -244512 -720976 -540080
-602014 519005 240911 750447
18053 158000 859426 563857
-141703 -740596 9385 713207
912720 -943841 -674130 248642
93493 -934481 592614 -419967
396103 -968670 9385 713207
87283 444551 727047 -227830
962092 -524117 415359 625961
647269 864868 823839 17382
-196658 -315224 592614 -419967
-911577 573020 -353999 396011
-371219 -468254 -770463 483173
-490699 -156212 -283296 936250
-263862 -103790 -528583 -321270
-197280 46920 -946811 -559868
847131 -486768 387832 681041
532019 945725 -918128 411930
334541 801513 494998 43959
30992 -342081 -559806 -37910
-382623 822388 883478 929634
592614 -419967 -922283 390443
-130962 644360 -296069 -969243
415359 625961 -595444 390372
455803 -538698 118759 66273
6363 415784 823839 17382
-887829 873892 922272 -323899
-179177 754047 -294638 -263894
873429 900215 -150764 -596320
-162395 745031 223985 924850
847131 -486768 365032 -526581
-179012 -392109 -353999 396011
-45687 939074 -249410 681092
720761 257020 219331 -110743
-738930 -949355 -448522 546449
387832 681041 529226 186834
94586 990931 913690 611347
420028 -503188 -291701 -546724
-618374 -368163 -933826 729418
-640863 -659104 583515 -397325
739579 -500432 394974 35906
216592 -276336 43321 600860
602711 -963394 26574 -280991
-212442 -106070 -862414 -923
720108 235320 839490 -835861
45842 797396 285335 375581
-704886 -857431 138863 831846
-249410 681092 -741450 384425
-392540 749398 450744 521547
837043 -394962 847916 -503699
-432086 -781834 -825086 -706996
630258 953148 826263 -989019
684634 396986 87283 444551
-918128 411930 646121 -822233
42355 602270 -674130 248642
-891576 -284567 9217 76535
-257612 390548 -595444 390372
692932 -244512 -614743 -943322
-738930 -949355 415359 625961
420081 749169 861084 -9655
-850728 -494948 173069 37073
883867 -589216 304668 -351046
270404 652825 -902797 -283664
-656683 -192073 962092 -524117
-724130 -151759 689170 -828155
984737 919367 -975020 701272
162100 -275848 -631276 98137
-680530 36079 -776147 -659544
-467624 -168233 -933826 729418
377564 -312315 -156972 922442
-851856 -71981 913690 611347
182923 546578 -486953 360259
823449 -333969 22522 -500724
-36559 892195 -260156 -608007
-222838 -604176 -784063 718889
-413798 -401876 -87478 69137
30992 -342081 -108169 629989
-790395 360604 138863 831846
982589 -320047 -583774 564361
668029 -183304 720761 257020
-197280 46920 -876659 -271693
425491 -866760 -925225 345826
865895 565021 -739379 -647988
-852431 -66643 727047 -227830
-918128 411930 -289891 129258
386032 815890 946765 -165781
146803 508225 245191 -7525
-87478 69137 410881 -226533
747574 -522529 819239 608297
-486953 360259 -781372 594990
-13233 325519 -958281 -512759
-850173 4672 524679 497917
-289891 129258 -413798 -401876
-933826 729418 262505 586829
-956891 -448531 150220 -292813
691224 -57480 -958281 -512759
-287822 799157 -728864 -313321
-363922 892029 -522983 -282899
58987 741607 922272 -323899
-287822 799157 427756 228238
-289417 919610 -925225 345826
922272 -323899 -87478 69137
-296069 -969243 129205 -180781
-402891 -902012 -238499 868986
-287822 799157 484479 983010
42355 602270 812078 -575108
316102 -745822 -534114 -804732
-183970 -929621 941579 511731
884695 127498 -289417 919610
490706 -745330 26574 -280991
-887829 873892 -289891 129258
-222838 -604176 -946811 -559868
-922283 390443 819239 608297
-249410 681092 464981 -237591
-628208 -992881 -134885 -740871
-514491 -789288 784836 -423135
-108595 420764 823839 17382
-563232 696431 -444581 -370573
592614 -419967 -716699 986105
883478 929634 125100 -609861
704463 -322639 776853 790645
386032 815890 258718 -215146
-413798 -401876 258718 -215146
-983140 -817273 -12427 881313
270404 652825 326388 -821647
61832 -656353 -134885 -740871
138889 -524818 -499136 -72957
121031 318078 494998 43959
-92706 -231739 -674130 248642
-693678 -657243 -171829 -631870
133756 912268 -803615 424844
767880 111069 775904 -973999
427701 232172 200821 31326
-887829 873892 514687 337938
-369955 12860 -98864 -428973
790088 98661 240911 750447
-296069 -969243 -15133 199581
-777116 -294232 -655551 -517899
-369955 12860 720761 257020
884695 127498 634489 308902
-876659 -271693 968188 -27572
326388 -821647 365032 -526581
839490 -835861 977747 -336361
127305 473036 408095 -159731
-887829 873892 129205 -180781
343130 -319070 -762029 -199345
-869511 405477 -850173 4672
605012 -194042 -519738 -868475
632604 831386 720761 257020
720108 235320 -353999 396011
748033 853679 240911 750447
138889 -524818 -878338 -231474
-392540 749398 365032 -526581
-623278 726827 -15133 199581
-263862 -103790 802642 -20362
386032 815890 823449 -333969
847131 -486768 410881 -226533
704463 -322639 720108 235320
348028 875652 -15133 199581
843312 -268044 893363 -12806
-494516 867366 130655 470809
-868075 728095 472521 598870
691224 -57480 -6495 -758786
121031 318078 -238499 868986
-146624 372227 349320 4338
-693342 -591859 -865311 -975459
-667956 -846346 -499136 -72957
692932 -244512 -441421 -810070
-257612 390548 79106 805682
22522 -500724 765178 26379
-868075 728095 -803615 424844
720761 257020 784836 -423135
-867838 -331975 -570350 968084
-263862 -103790 -917389 577872
691224 -57480 392060 -633067
-891673 -15059 -171829 -631870
819239 608297 -171829 -631870
43321 600860 -353999 396011
398720 -581500 -519738 -868475
-922283 390443 -716699 986105
-854371 -918492 560996 942795
823449 -333969 847916 -503699
-976595 203692 -944813 345761
42355 602270 9385 713207
-738930 -949355 -98864 -428973
747574 -522529 547987 -455744
922272 -323899 946765 -165781
-852431 -66643 -576663 -737030
883478 929634 349320 4338
192504 472278 776853 790645
922272 -323899 602711 -963394
-951973 744946 410881 -226533
386032 815890 901798 506645
773289 -357030 433144 785978
758469 376095 -992544 257019
-36559 892195 494998 43959
-179012 -392109 433144 785978
-401710 892001 354909 -488268
-917389 577872 177724 793012
883478 929634 509374 79299
425491 -866760 -287822 799157
-289891 129258 -401710 892001
342583 -966069 -273159 737972
923001 -655080 87283 444551
-754347 112417 692845 -644175
691224 -57480 138889 -524818
-165475 -866368 -651574 -92296
266024 -721712 -988056 865776
113421 176862 -393614 -473469
141893 885272 -781372 594990
-385740 198224 -448522 546449
-677343 991604 -625382 -335812
-222838 -604176 494998 43959
640736 -747115 365032 -526581
-438669 -29464 9385 713207
873429 900215 692845 -644175
-979977 94044 -152590 -263753
-776933 -231478 913690 611347
