502
1000000 -573031 -1000000 561620
1000000 -464874 -1000000 460728
-1000000 824981 1000000 -788616
-660925 -1000000 811794 1000000
-965906 -1000000 976548 1000000
1000000 683046 -1000000 -630980
-1000000 116691 1000000 -134791
845514 -1000000 -809219 1000000
-1000000 202486 1000000 -249156
-1000000 -877112 1000000 861270
764690 -1000000 -714422 1000000
-1000000 -928421 1000000 901469
767692 -1000000 -715828 1000000
958023 -1000000 -961816 1000000
1000000 -370234 -1000000 361731
-1000000 -942136 1000000 937359
-1000000 475570 1000000 -488383
-1000000 467122 1000000 -479269
1000000 -407207 -1000000 389599
1000000 -716557 -1000000 668774
1000000 701962 -1000000 -648729
-497441 1000000 569631 -1000000
-931192 1000000 907083 -1000000
-1000000 16371 1000000 13996
1000000 856026 -1000000 -824336
140730 -1000000 -10667 1000000
-578532 1000000 644290 -1000000
1000000 316344 -1000000 -216023
309273 -1000000 -263833 1000000
-822325 -1000000 907679 1000000
147307 -1000000 -11712 1000000
-124503 -1000000 241590 1000000
552497 -1000000 -473288 1000000
-91171 1000000 204749 -1000000
768631 -1000000 -716640 1000000
-784072 -1000000 858625 1000000
-416594 1000000 511163 -1000000
1000000 277209 -1000000 -181990
-38310 -1000000 161364 1000000
552323 1000000 -370978 -1000000
772481 -1000000 -732157 1000000
1000000 -717307 -1000000 691276
-1000000 -114338 1000000 199652
-68020 1000000 185526 -1000000
683823 -1000000 -646932 1000000
-609733 -1000000 760291 1000000
1000000 477828 -1000000 -439666
-90931 1000000 197379 -1000000
-1000000 -272576 1000000 364140
-544988 1000000 617404 -1000000
-880074 1000000 858309 -1000000
-938040 -1000000 968351 1000000
-1000000 122285 1000000 -159257
856891 1000000 -778076 -1000000
-355477 -1000000 494662 1000000
603629 1000000 -397225 -1000000
1000000 -323518 -1000000 327494
1000000 654680 -1000000 -626704
1000000 -217947 -1000000 183677
1000000 -354695 -1000000 339516
615315 1000000 -437913 -1000000
-368848 1000000 495190 -1000000
1000000 267582 -1000000 -172134
-317817 -1000000 471594 1000000
-1000000 -82551 1000000 127548
1000000 -910522 -1000000 921163
1000000 748976 -1000000 -705362
-204758 -1000000 318862 1000000
1000000 683097 -1000000 -647832
-1000000 -23883 1000000 62232
-755718 1000000 813256 -1000000
1000000 -257980 -1000000 241510
1000000 570061 -1000000 -539743
1000000 -197652 -1000000 159090
224290 1000000 -80134 -1000000
666033 -1000000 -627108 1000000
-1000000 891551 1000000 -854445
-1000000 -613151 1000000 623017
481439 1000000 -342326 -1000000
240620 -1000000 -177354 1000000
634272 -1000000 -567694 1000000
-173309 -1000000 280599 1000000
1000000 885944 -1000000 -927572
1000000 825998 -1000000 -716527
1000000 -266096 -1000000 282373
971533 -1000000 -974923 1000000
480532 -1000000 -365472 1000000
-466406 1000000 538884 -1000000
-1000000 830370 1000000 -799644
-1000000 744949 1000000 -754461
604727 -1000000 -520107 1000000
847762 -1000000 -853686 1000000
-762248 -1000000 840300 1000000
-390836 1000000 497787 -1000000
-914138 -1000000 951484 1000000
-1000000 400183 1000000 -431196
91524 1000000 11182 -1000000
-535623 1000000 608132 -1000000
-441757 1000000 533612 -1000000
111498 -1000000 23240 1000000
-62253 1000000 180399 -1000000
-1000000 -87647 1000000 151988
650988 1000000 -452905 -1000000
390348 1000000 -251822 -1000000
38837 -1000000 62758 1000000
545397 1000000 -365734 -1000000
1000000 -741629 -1000000 742686
1000000 543289 -1000000 -494866
1000000 1000000 -1000000 1000000
-319886 1000000 414568 -1000000
-658035 -1000000 808247 1000000
1000000 186704 -1000000 -101093
134785 -1000000 -10232 1000000
-1000000 -961368 1000000 956153
341663 -1000000 -274665 1000000
1000000 925064 -1000000 -934038
-1000000 448026 1000000 -449841
1000000 562072 -1000000 -532745
-1000000 -566048 1000000 594100
877482 1000000 -798634 -1000000
-918316 1000000 894960 -1000000
1000000 928346 -1000000 -941116
245874 1000000 -137010 -1000000
1000000 -216891 -1000000 181692
-48006 -1000000 172614 1000000
650825 -1000000 -609989 1000000
1000000 -34689 -1000000 62726
-1000000 592334 1000000 -653073
1000000 734291 -1000000 -670503
1000000 -360343 -1000000 351518
1000000 -757366 -1000000 750147
3049 -1000000 122116 1000000
-1000000 450195 1000000 -451747
-44775 -1000000 169592 1000000
1000000 744341 -1000000 -679231
569809 -1000000 -500495 1000000
-358986 -1000000 540766 1000000
341968 1000000 -232154 -1000000
1314 -1000000 129973 1000000
-1000000 -578116 1000000 597813
-1000000 943356 1000000 -920972
-1000000 525817 1000000 -542670
-673483 1000000 750982 -1000000
1000000 116910 -1000000 -77833
1000000 478222 -1000000 -443996
-1000000 583400 1000000 -646634
-885607 1000000 873926 -1000000
-72072 -1000000 183473 1000000
825154 1000000 -691709 -1000000
1000000 -734556 -1000000 741819
3665 1000000 116080 -1000000
-239204 -1000000 360282 1000000
775 -1000000 136954 1000000
-1000000 446181 1000000 -439188
830128 -1000000 -794047 1000000
1000000 -442806 -1000000 447147
1000000 457469 -1000000 -415877
-294158 -1000000 429127 1000000
30307 1000000 72417 -1000000
54997 -1000000 55750 1000000
920766 1000000 -864424 -1000000
-1000000 556438 1000000 -572241
364423 -1000000 -275567 1000000
1000000 400201 -1000000 -322487
-1000000 514037 1000000 -522636
1000000 -690627 -1000000 658815
713511 1000000 -545778 -1000000
-1000000 -981982 1000000 966195
-1000000 -377171 1000000 438039
653951 1000000 -454053 -1000000
-382077 -1000000 576527 1000000
-1000000 948120 1000000 -928536
1000000 -655948 -1000000 597621
-605185 -1000000 749735 1000000
-58612 1000000 178915 -1000000
629004 -1000000 -559568 1000000
451042 -1000000 -346668 1000000
-266983 -1000000 409627 1000000
507582 -1000000 -413438 1000000
-1000000 -296779 1000000 378824
367420 -1000000 -278163 1000000
-298747 1000000 412488 -1000000
793484 -1000000 -753712 1000000
-1000000 -992628 1000000 993995
1000000 -936591 -1000000 954564
-394018 -1000000 581838 1000000
-963083 -1000000 976194 1000000
1000000 -122754 -1000000 114304
1000000 -464818 -1000000 456409
-1000000 -481516 1000000 532729
-1000000 26016 1000000 -10246
1000000 -498317 -1000000 485460
-1000000 95515 1000000 -109970
-941112 1000000 910170 -1000000
-158042 -1000000 260963 1000000
-1000000 7963 1000000 32961
731441 1000000 -576316 -1000000
-1000000 -170813 1000000 259067
1000000 353574 -1000000 -256118
-1000000 -973644 1000000 961117
1000000 -37935 -1000000 64072
1000000 588665 -1000000 -554862
300069 -1000000 -248898 1000000
-899234 1000000 887612 -1000000
47164 -1000000 61766 1000000
478244 -1000000 -363787 1000000
-257038 1000000 300583 -1000000
173532 1000000 -56790 -1000000
1000000 -469743 -1000000 461898
1000000 -42209 -1000000 66412
-1000000 492774 1000000 -504243
1000000 -185041 -1000000 156766
53136 -1000000 58893 1000000
-1000000 992088 1000000 -973896
-1000000 -409138 1000000 451152
-1000000 -243104 1000000 336945
1000000 -608028 -1000000 564192
-750582 -1000000 826437 1000000
-1000000 -421041 1000000 467540
1000000 476732 -1000000 -435804
-1000000 203330 1000000 -257755
526091 -1000000 -421115 1000000
-1000000 -625650 1000000 650675
-837148 1000000 846676 -1000000
-1000000 869270 1000000 -845586
-1000000 -178708 1000000 274544
825957 1000000 -750421 -1000000
1000000 -310440 -1000000 310852
861881 -1000000 -883250 1000000
-1000000 -892175 1000000 867763
1000000 920053 -1000000 -932691
-32758 1000000 168475 -1000000
-1000000 154927 1000000 -170667
986395 1000000 -984873 -1000000
1000000 601080 -1000000 -598518
-1000000 -475807 1000000 514797
1000000 220339 -1000000 -151930
-864665 -1000000 927542 1000000
1000000 -863993 -1000000 895621
-1000000 -673669 1000000 739301
216213 -1000000 -140961 1000000
-1000000 -816019 1000000 843564
-1000000 905112 1000000 -893279
-1000000 -159970 1000000 242290
373961 1000000 -244633 -1000000
-1000000 -86318 1000000 128522
1000000 565392 -1000000 -538581
-156345 1000000 227111 -1000000
660516 -1000000 -616975 1000000
-791181 1000000 826352 -1000000
-1000000 -866646 1000000 859802
1000000 847807 -1000000 -818926
-1000000 637241 1000000 -681243
-247816 -1000000 384156 1000000
1000000 333030 -1000000 -236761
1000000 298709 -1000000 -198464
-1000000 242277 1000000 -262365
-816638 -1000000 906953 1000000
1000000 437225 -1000000 -361278
-903830 1000000 888280 -1000000
-1000000 695128 1000000 -720555
713383 1000000 -544321 -1000000
-870660 1000000 856469 -1000000
-1000000 898540 1000000 -872682
729407 -1000000 -667504 1000000
676327 1000000 -476519 -1000000
994712 -1000000 -987662 1000000
1000000 425291 -1000000 -345686
1000000 -118110 -1000000 100724
1000000 605908 -1000000 -609051
-1000000 -915210 1000000 873630
-541625 1000000 610346 -1000000
-1000000 -1000000 -1000000 1000000
95320 -1000000 24160 1000000
1000000 -541527 -1000000 519780
1000000 -1000000 1000000 1000000
-195789 -1000000 310784 1000000
970311 1000000 -954137 -1000000
1000000 104311 -1000000 -56034
-1000000 462484 1000000 -478159
-923396 -1000000 956286 1000000
1000000 427172 -1000000 -354608
-1000000 -447262 1000000 478367
-1000000 -14568 1000000 61091
-176314 1000000 233284 -1000000
493489 -1000000 -367160 1000000
330961 1000000 -231792 -1000000
-1000000 20079 1000000 3161
1000000 6547 -1000000 19920
-1000000 -501293 1000000 555872
674078 1000000 -469351 -1000000
-1000000 -599666 1000000 605026
1000000 240673 -1000000 -154996
1000000 -550313 -1000000 527300
606125 1000000 -412165 -1000000
-1000000 -707452 1000000 788828
-38296 1000000 168614 -1000000
1000000 658815 -1000000 -630134
324258 1000000 -212526 -1000000
537009 -1000000 -453949 1000000
-1000000 846452 1000000 -811090
-1000000 525991 1000000 -548683
-1000000 49234 1000000 -20014
1000000 -907573 -1000000 912260
1000000 -86949 -1000000 68837
-663539 1000000 722290 -1000000
1000000 -759175 -1000000 801174
-1000000 -649915 1000000 732829
467583 1000000 -304587 -1000000
856604 1000000 -771143 -1000000
55182 -1000000 42968 1000000
-1000000 198084 1000000 -248302
-890678 1000000 885717 -1000000
-409484 1000000 498940 -1000000
156376 1000000 -34976 -1000000
1000000 643512 -1000000 -618235
-1000000 975800 1000000 -953113
-1000000 189011 1000000 -218745
-220580 -1000000 324366 1000000
-518370 1000000 586330 -1000000
1000000 571897 -1000000 -551995
-298462 1000000 385306 -1000000
196558 -1000000 -78256 1000000
-1000000 -87742 1000000 156308
-656275 -1000000 803688 1000000
779057 1000000 -635270 -1000000
985467 -1000000 -987433 1000000
-967442 1000000 963318 -1000000
-339371 1000000 424595 -1000000
1000000 587472 -1000000 -553304
-978527 -1000000 984869 1000000
-1000000 397593 1000000 -429997
-1000000 986132 1000000 -965970
1000000 -658315 -1000000 611864
-1000000 774954 1000000 -757969
-1000000 -247354 1000000 347331
1000000 81624 -1000000 -42075
-1000000 624837 1000000 -678357
-1000000 872811 1000000 -848213
-1000000 155024 1000000 -172984
232519 1000000 -93934 -1000000
-29188 1000000 165786 -1000000
-956961 1000000 953655 -1000000
1000000 646055 -1000000 -618647
1000000 -395599 -1000000 388777
944558 -1000000 -946694 1000000
1000000 18287 -1000000 8088
883329 1000000 -804242 -1000000
1000000 -521848 -1000000 500651
817803 1000000 -666339 -1000000
1000000 373377 -1000000 -288919
-1000000 -246134 1000000 337280
-919823 1000000 900405 -1000000
-1000000 -977017 1000000 961933
-1000000 338094 1000000 -324017
1000000 -268925 -1000000 291639
-637950 1000000 681029 -1000000
-663226 1000000 712403 -1000000
-269211 1000000 330751 -1000000
177147 1000000 -58318 -1000000
-342645 1000000 437028 -1000000
-1000000 374690 1000000 -391191
1000000 -90898 -1000000 81012
1000000 -784264 -1000000 823566
710027 1000000 -539406 -1000000
2078 1000000 119816 -1000000
1000000 75644 -1000000 -36797
-650495 -1000000 785853 1000000
-1000000 -892157 1000000 863459
1000000 151 -1000000 25101
-313398 -1000000 470804 1000000
636681 1000000 -444852 -1000000
1000000 76113 -1000000 -37915
-1000000 814644 1000000 -760895
-1000000 -716417 1000000 824838
187892 -1000000 -78026 1000000
1000000 292727 -1000000 -193566
-530511 -1000000 701419 1000000
1000000 278509 -1000000 -187211
1000000 218167 -1000000 -129760
570101 -1000000 -507795 1000000
870859 1000000 -784312 -1000000
1000000 453842 -1000000 -409542
-1000000 22607 1000000 1627
229764 -1000000 -165793 1000000
1000000 -1000000 -1000000 -1000000
-1000000 -920453 1000000 879287
-589780 -1000000 743312 1000000
-1000000 -355229 1000000 432988
-963598 -1000000 976426 1000000
916958 1000000 -858907 -1000000
-798406 1000000 838927 -1000000
-1000000 -426646 1000000 467575
461327 1000000 -294604 -1000000
1000000 257287 -1000000 -168836
-134593 -1000000 245693 1000000
-185684 -1000000 301860 1000000
938211 1000000 -877849 -1000000
-226712 1000000 283222 -1000000
-1000000 308356 1000000 -279400
-867598 1000000 852301 -1000000
-941989 1000000 914406 -1000000
1000000 361086 -1000000 -259099
-1000000 -609184 1000000 609618
1000000 -690680 -1000000 665654
180222 1000000 -68177 -1000000
935174 1000000 -869408 -1000000
759436 -1000000 -694636 1000000
1000000 315212 -1000000 -212130
-572312 -1000000 722509 1000000
616090 1000000 -440032 -1000000
561856 -1000000 -494926 1000000
-380477 -1000000 558792 1000000
-891710 -1000000 940898 1000000
1000000 -29339 -1000000 52638
-1000000 194080 1000000 -224237
-258830 -1000000 398296 1000000
-1000000 309532 1000000 -292567
-342406 1000000 432324 -1000000
-491499 -1000000 680455 1000000
1000000 433519 -1000000 -358721
-1000000 -731535 1000000 837393
679479 1000000 -484014 -1000000
1000000 158299 -1000000 -100225
89884 -1000000 28821 1000000
262954 1000000 -172772 -1000000
-1000000 -389275 1000000 446706
83396 -1000000 29514 1000000
-1000000 754 1000000 34413
-105433 1000000 208763 -1000000
-283368 1000000 372897 -1000000
-1000000 68749 1000000 -74488
-579425 -1000000 736786 1000000
-892656 -1000000 941254 1000000
-929853 1000000 905893 -1000000
-1000000 473042 1000000 -485548
785509 1000000 -638946 -1000000
863114 -1000000 -884753 1000000
-1000000 536950 1000000 -558615
1000000 447340 -1000000 -402664
-1000000 -480767 1000000 523818
610967 -1000000 -543218 1000000
-77450 -1000000 194683 1000000
1000000 -432505 -1000000 403325
-1000000 534178 1000000 -550391
-1000000 -154063 1000000 233406
742525 1000000 -581543 -1000000
1000000 449544 -1000000 -403974
-304934 1000000 413412 -1000000
560519 -1000000 -486943 1000000
1000000 -827271 -1000000 848233
227492 1000000 -93688 -1000000
-1000000 -320442 1000000 379439
1000000 -566420 -1000000 540026
-492673 -1000000 687132 1000000
-1000000 -387717 1000000 446613
604474 1000000 -406876 -1000000
252454 1000000 -149460 -1000000
555187 -1000000 -473513 1000000
1000000 -843132 -1000000 863320
8734 -1000000 104191 1000000
-1000000 54594 1000000 -33846
-1000000 -754399 1000000 839871
1000000 -688033 -1000000 653086
825561 1000000 -727595 -1000000
38345 -1000000 74371 1000000
-1000000 -208673 1000000 303559
-1000000 383534 1000000 -394782
1000000 -455646 -1000000 455680
-976540 -1000000 978783 1000000
288845 -1000000 -232199 1000000
-1000000 -255806 1000000 347406
-790016 1000000 819903 -1000000
-84604 -1000000 226669 1000000
-1000000 122197 1000000 -143383
838420 1000000 -754347 -1000000
1000000 485322 -1000000 -463537
-1000000 621085 1000000 -669129
1000000 768874 -1000000 -706190
-1000000 854804 1000000 -831520
-206398 1000000 263774 -1000000
-179560 1000000 249410 -1000000
-750699 1000000 775231 -1000000
1000000 871035 -1000000 -909135
-843607 -1000000 908321 1000000
-808426 -1000000 892672 1000000
213474 -1000000 -119852 1000000
-1000000 -153271 1000000 226214
1000000 623269 -1000000 -613614
690734 -1000000 -654536 1000000
-945259 1000000 931038 -1000000
1000000 743672 -1000000 -676681
-1000000 -776901 1000000 841345
846522 1000000 -767030 -1000000
-1000000 346681 1000000 -357691
-1000000 -416465 1000000 465775
-1000000 564625 1000000 -640415
1000000 323092 -1000000 -225529
580408 -1000000 -508143 1000000
-973876 -1000000 978280 1000000
-188818 1000000 260626 -1000000
-797033 1000000 836359 -1000000
