502
1000000 130630 -1000000 -130025
-334041 1000000 375844 -1000000
760372 1000000 -691310 -1000000
553458 1000000 -511044 -1000000
605307 1000000 -560925 -1000000
-600487 -1000000 638597 1000000
1000000 674197 -1000000 -752393
305182 1000000 -225814 -1000000
788156 1000000 -713089 -1000000
313305 -1000000 -287521 1000000
205943 -1000000 -144614 1000000
1000000 -431466 -1000000 412627
-1000000 277580 1000000 -284311
219518 -1000000 -155076 1000000
-152923 -1000000 125706 1000000
925457 -1000000 -938648 1000000
-963076 1000000 983135 -1000000
-522940 1000000 552659 -1000000
796994 -1000000 -818459 1000000
-395698 1000000 422447 -1000000
717438 -1000000 -646244 1000000
1000000 892647 -1000000 -939252
-837299 -1000000 880403 1000000
-1000000 883951 1000000 -862912
-837983 -1000000 887374 1000000
1000000 -600574 -1000000 557088
-652820 -1000000 721724 1000000
630350 -1000000 -584972 1000000
-1000000 404042 1000000 -407536
-161024 1000000 232319 -1000000
-1000000 -20904 1000000 40369
-369680 1000000 396539 -1000000
1000000 -708299 -1000000 733215
-1000000 528748 1000000 -577345
-331711 1000000 352027 -1000000
-1000000 918945 1000000 -896824
-569269 1000000 598875 -1000000
81660 1000000 -122241 -1000000
-1000000 143446 1000000 -104513
-1000000 512080 1000000 -555953
806880 1000000 -720862 -1000000
843991 -1000000 -873103 1000000
-1000000 545870 1000000 -598617
1000000 -261618 -1000000 274392
-26 1000000 -7726 -1000000
-377381 -1000000 474423 1000000
277728 -1000000 -201420 1000000
146678 1000000 -156139 -1000000
1000000 116978 -1000000 -123642
1000000 -737295 -1000000 738797
1000000 -239580 -1000000 256998
1000000 881657 -1000000 -908385
-1000000 497142 1000000 -545121
1000000 87687 -1000000 -59008
1000000 886761 -1000000 -912917
181810 -1000000 -127915 1000000
1000000 123962 -1000000 -126954
-1000000 13258 1000000 4062
-1000000 -817027 1000000 750511
406019 -1000000 -370762 1000000
644491 -1000000 -607383 1000000
-1000000 -396523 1000000 273746
1000000 158600 -1000000 -176537
949075 1000000 -940335 -1000000
532647 -1000000 -512694 1000000
-1000000 921063 1000000 -905209
1000000 -622585 -1000000 634062
801757 -1000000 -845809 1000000
1000000 -608823 -1000000 604930
-1000000 -707045 1000000 632543
774894 1000000 -692149 -1000000
-110386 -1000000 78350 1000000
552061 -1000000 -513892 1000000
1000000 149910 -1000000 -154262
15056 -1000000 -17972 1000000
-324904 -1000000 418024 1000000
1000000 -71631 -1000000 125704
32263 1000000 -34830 -1000000
-116176 -1000000 81193 1000000
-845134 1000000 798459 -1000000
-131575 -1000000 98979 1000000
-1000000 -132282 1000000 137518
-1000000 978804 1000000 -996549
1000000 -505954 -1000000 494054
1000000 93170 -1000000 -74984
1000000 893305 -1000000 -948698
317639 -1000000 -287889 1000000
426302 1000000 -342279 -1000000
1000000 876353 -1000000 -902023
-1000000 -647353 1000000 545424
596445 1000000 -548877 -1000000
-413465 -1000000 498277 1000000
-1000000 -975407 1000000 922787
-993577 1000000 995464 -1000000
1000000 877257 -1000000 -906996
813614 1000000 -725804 -1000000
-1000000 -225824 1000000 172120
-1000000 145178 1000000 -109766
-1000000 319164 1000000 -330331
1000000 667124 -1000000 -737484
1000000 771548 -1000000 -826359
1000000 -3601 -1000000 24721
1000000 654119 -1000000 -731571
118216 -1000000 -110749 1000000
1000000 -138593 -1000000 193040
-765928 1000000 771454 -1000000
1000000 -158284 -1000000 198967
1000000 733335 -1000000 -785562
594058 -1000000 -532802 1000000
29430 1000000 -28839 -1000000
81448 1000000 -118951 -1000000
-663075 -1000000 757930 1000000
-1000000 848859 1000000 -817159
732542 -1000000 -685396 1000000
1000000 -720922 -1000000 733237
1000000 -396355 -1000000 390259
685158 1000000 -650529 -1000000
-1000000 -660020 1000000 550980
559746 -1000000 -525139 1000000
-1000000 -492196 1000000 289505
210816 -1000000 -150328 1000000
108250 -1000000 -101210 1000000
-229258 -1000000 315996 1000000
1000000 -427369 -1000000 405531
-1000000 -831591 1000000 797782
1000000 -707769 -1000000 728024
1000000 -751350 -1000000 768449
-818099 -1000000 867016 1000000
1000000 -209117 -1000000 243906
1000000 500767 -1000000 -596588
1000000 -630464 -1000000 644387
1000000 896572 -1000000 -949876
-488660 -1000000 547011 1000000
1000000 -803752 -1000000 834342
-1000000 -991584 1000000 983604
847729 1000000 -795736 -1000000
276639 1000000 -193479 -1000000
-1000000 -821132 1000000 765467
1000000 105834 -1000000 -109377
1000000 231408 -1000000 -352750
-837213 1000000 797630 -1000000
-714352 1000000 758200 -1000000
1000000 983813 -1000000 -992239
950092 -1000000 -942625 1000000
1000000 -746834 -1000000 754977
-1000000 -523796 1000000 376556
283740 1000000 -205954 -1000000
1000000 -692413 -1000000 714160
-1000000 -543427 1000000 435451
-451472 -1000000 498828 1000000
206106 1000000 -177653 -1000000
1000000 653681 -1000000 -722123
1000000 -357306 -1000000 348901
-646088 -1000000 660735 1000000
733256 -1000000 -689479 1000000
-1000000 -629521 1000000 525131
-836410 -1000000 877956 1000000
-1000000 -177144 1000000 161195
-1000000 -113460 1000000 107591
-1000000 591927 1000000 -603311
1000000 -914236 -1000000 937255
-767192 -1000000 828351 1000000
401656 1000000 -321425 -1000000
821700 1000000 -757492 -1000000
1000000 181126 -1000000 -269640
1000000 596413 -1000000 -684628
1000000 295171 -1000000 -511675
1000000 215229 -1000000 -287632
295946 -1000000 -244666 1000000
1000000 -365104 -1000000 375546
1000000 -858217 -1000000 870827
-817233 -1000000 859307 1000000
1000000 -60272 -1000000 106552
-480651 1000000 488281 -1000000
-363065 1000000 390163 -1000000
1000000 216111 -1000000 -306984
-931483 1000000 914627 -1000000
-1000000 -642057 1000000 538059
-1000000 909081 1000000 -891342
1000000 261151 -1000000 -368871
1000000 -301584 -1000000 301240
-238536 -1000000 346361 1000000
-631910 1000000 678720 -1000000
1000000 142324 -1000000 -140246
-649783 -1000000 683541 1000000
1000000 848238 -1000000 -877287
-434036 1000000 434878 -1000000
-479213 -1000000 540187 1000000
238164 -1000000 -165235 1000000
-748010 -1000000 819168 1000000
-1000000 309573 1000000 -322142
988874 -1000000 -963437 1000000
955238 -1000000 -962879 1000000
679253 -1000000 -632454 1000000
45878 1000000 -42149 -1000000
60051 1000000 -79768 -1000000
1000000 988015 -1000000 -998758
1000000 264637 -1000000 -375863
485016 -1000000 -470053 1000000
-1000000 377304 1000000 -375984
-1000000 821366 1000000 -801448
102433 -1000000 -93220 1000000
-133484 1000000 188257 -1000000
-923960 -1000000 931117 1000000
-530712 1000000 577663 -1000000
-127780 1000000 143487 -1000000
-190800 -1000000 269739 1000000
-301274 1000000 320302 -1000000
-1000000 -685196 1000000 597057
279571 -1000000 -212757 1000000
-1000000 133857 1000000 -84106
-1000000 70261 1000000 -36933
789050 -1000000 -801170 1000000
1000000 -168724 -1000000 214581
-930460 -1000000 933082 1000000
1000000 530198 -1000000 -640514
865396 -1000000 -893369 1000000
498412 1000000 -443668 -1000000
193196 1000000 -164415 -1000000
738452 -1000000 -691863 1000000
-1000000 -788232 1000000 742226
859951 -1000000 -883524 1000000
-1000000 -519070 1000000 310985
444199 -1000000 -442571 1000000
-669862 1000000 718244 -1000000
-652078 -1000000 712549 1000000
-1000000 -540723 1000000 401046
1000000 -919035 -1000000 951644
-806508 -1000000 856102 1000000
-1000000 430221 1000000 -457073
-1000000 1000000 -1000000 -1000000
-900890 1000000 867297 -1000000
597739 -1000000 -553463 1000000
1000000 -908536 -1000000 927529
1000000 908382 -1000000 -955091
50460 -1000000 -49900 1000000
-571945 1000000 627258 -1000000
-1000000 -422655 1000000 273815
782420 -1000000 -781183 1000000
1000000 849709 -1000000 -900241
1000000 -79575 -1000000 131099
-1000000 -294459 1000000 215646
382087 -1000000 -341529 1000000
-1000000 394346 1000000 -404861
1000000 448028 -1000000 -568205
-256072 1000000 303056 -1000000
-675901 1000000 721429 -1000000
-1000000 -275005 1000000 187433
-748375 1000000 761673 -1000000
1000000 -21408 -1000000 68311
564336 1000000 -514563 -1000000
52395 -1000000 -53242 1000000
-1000000 70018 1000000 -28524
267548 1000000 -184352 -1000000
1000000 -635686 -1000000 675017
-1000000 -143761 1000000 149102
-826414 -1000000 873207 1000000
1000000 -908649 -1000000 930972
1000000 526992 -1000000 -630655
-925823 1000000 911220 -1000000
1000000 105599 -1000000 -107208
-1000000 -286962 1000000 200742
250204 1000000 -179693 -1000000
503970 -1000000 -498243 1000000
-1000000 -598695 1000000 502431
564365 1000000 -541580 -1000000
389346 -1000000 -346266 1000000
1000000 -112490 -1000000 166127
1000000 -972264 -1000000 969047
1000000 933716 -1000000 -978688
-1000000 479516 1000000 -503813
1000000 79985 -1000000 -34937
-1000000 209215 1000000 -165176
-280657 1000000 305228 -1000000
27635 -1000000 -27542 1000000
-591016 1000000 633314 -1000000
-1000000 871138 1000000 -862586
-1000000 898705 1000000 -871684
891275 1000000 -838080 -1000000
-1000000 371680 1000000 -365007
-1000000 494729 1000000 -540107
-17169 -1000000 18346 1000000
1000000 -392513 -1000000 388757
-26597 1000000 20925 -1000000
-1000000 1000000 1000000 1000000
1000000 -645938 -1000000 709746
-1000000 -186235 1000000 163955
977785 1000000 -955920 -1000000
-924262 1000000 885594 -1000000
689322 -1000000 -633646 1000000
1000000 786993 -1000000 -830371
-1000000 444644 1000000 -482387
191621 -1000000 -136618 1000000
853221 -1000000 -875102 1000000
1000000 -231893 -1000000 255522
-507611 1000000 520272 -1000000
-1000000 -832485 1000000 800560
-1000000 -587396 1000000 477410
1000000 -601708 -1000000 584733
135460 -1000000 -118366 1000000
1000000 -478857 -1000000 443016
-1000000 238140 1000000 -181395
-90512 -1000000 61886 1000000
68772 -1000000 -59649 1000000
-1000000 -167804 1000000 151048
-65580 1000000 98359 -1000000
401073 1000000 -282925 -1000000
1000000 235496 -1000000 -353610
621279 1000000 -583504 -1000000
595435 -1000000 -551564 1000000
-229308 1000000 286532 -1000000
-1000000 -805972 1000000 747823
760049 -1000000 -744224 1000000
613160 1000000 -569939 -1000000
1000000 955753 -1000000 -989874
1000000 -812745 -1000000 847103
-1000000 -610908 1000000 511081
-1000000 345870 1000000 -347215
-619909 1000000 651373 -1000000
23322 1000000 -24597 -1000000
-409812 -1000000 478493 1000000
754268 -1000000 -714344 1000000
762299 -1000000 -755459 1000000
1000000 -15067 -1000000 47896
14926 1000000 -13027 -1000000
778907 -1000000 -775636 1000000
-271836 -1000000 374015 1000000
1000000 -761666 -1000000 819502
-251367 -1000000 368818 1000000
-1000000 -569560 1000000 468367
374574 1000000 -281164 -1000000
1000000 51071 -1000000 -21726
1000000 272584 -1000000 -382716
-864692 -1000000 901023 1000000
-742581 -1000000 814144 1000000
-1000000 -753632 1000000 710729
-588827 -1000000 633254 1000000
854645 1000000 -798261 -1000000
1000000 -996526 -1000000 978034
-1000000 -681621 1000000 573958
-787137 -1000000 839938 1000000
1000000 513052 -1000000 -619881
-941287 -1000000 957020 1000000
-1000000 -81217 1000000 105286
1000000 618465 -1000000 -706943
-1000000 258257 1000000 -254686
-132676 1000000 182391 -1000000
-1000000 387417 1000000 -381413
-1000000 726832 1000000 -698421
-1000000 -739155 1000000 672377
-1000000 16381 1000000 1378
-1000000 -502615 1000000 295099
77892 1000000 -97622 -1000000
1000000 -364984 -1000000 366282
-239172 1000000 292704 -1000000
-1000000 19960 1000000 -1118
1000000 297354 -1000000 -513995
1000000 -128230 -1000000 181482
-462438 1000000 475380 -1000000
1000000 440030 -1000000 -567665
-451595 1000000 448753 -1000000
-1000000 -700772 1000000 606594
1000000 -484838 -1000000 463416
56847 1000000 -71933 -1000000
1000000 -195388 -1000000 243093
-1000000 -819263 1000000 762569
-691534 -1000000 766627 1000000
-821732 -1000000 867297 1000000
-1000000 393223 1000000 -399101
1000000 -840587 -1000000 866904
-224096 1000000 283996 -1000000
-610880 -1000000 638915 1000000
1000000 400004 -1000000 -534759
-359483 -1000000 464959 1000000
-512369 1000000 527228 -1000000
-1000000 -456233 1000000 280278
-1000000 429300 1000000 -432390
-1000000 792681 1000000 -755307
-212516 -1000000 298912 1000000
1000000 650987 -1000000 -719422
-1000000 712693 1000000 -684398
-1000000 88921 1000000 -51291
1000000 -143538 -1000000 198538
1000000 -86911 -1000000 141659
-229036 -1000000 309512 1000000
-1000000 -153000 1000000 149844
664030 -1000000 -623822 1000000
49129 -1000000 -45468 1000000
-1000000 404526 1000000 -410028
-1000000 -817842 1000000 761027
-1000000 955149 1000000 -922493
-1000000 -591533 1000000 478296
108367 -1000000 -106540 1000000
1000000 856720 -1000000 -900666
565371 -1000000 -528884 1000000
785604 1000000 -694527 -1000000
-645821 -1000000 648163 1000000
65542 1000000 -92669 -1000000
-1000000 337025 1000000 -343076
242794 1000000 -178847 -1000000
7143 -1000000 -15553 1000000
326876 1000000 -233969 -1000000
-600140 1000000 634380 -1000000
-741982 -1000000 814076 1000000
-1000000 720303 1000000 -696787
-1000000 -36811 1000000 86197
1000000 -252485 -1000000 257118
292827 1000000 -207341 -1000000
1000000 280387 -1000000 -485207
-125726 -1000000 86864 1000000
431653 -1000000 -419118 1000000
359160 1000000 -241617 -1000000
931386 1000000 -924149 -1000000
-1000000 -524994 1000000 389319
786607 1000000 -707483 -1000000
-192712 1000000 273696 -1000000
-775046 -1000000 835230 1000000
1000000 275148 -1000000 -430845
1000000 -1000000 -1000000 -1000000
1000000 12272 -1000000 -4794
-151922 1000000 211788 -1000000
1000000 -69449 -1000000 115513
-160985 -1000000 160603 1000000
-1000000 959509 1000000 -940315
597707 1000000 -552835 -1000000
993815 1000000 -998162 -1000000
-1000000 222346 1000000 -169718
644336 -1000000 -603021 1000000
1000000 -186423 -1000000 241477
1000000 -947621 -1000000 966305
1000000 -868597 -1000000 891348
-758712 1000000 764931 -1000000
370134 1000000 -263513 -1000000
802636 1000000 -714276 -1000000
232265 -1000000 -155946 1000000
-1000000 -781638 1000000 726979
-1000000 -594027 1000000 493814
-468747 -1000000 520817 1000000
423569 -1000000 -402258 1000000
934311 1000000 -933976 -1000000
-962871 1000000 953320 -1000000
1000000 835154 -1000000 -852603
1000000 -889286 -1000000 901061
-1000000 93796 1000000 -60012
162027 1000000 -161501 -1000000
950131 -1000000 -955635 1000000
-582316 -1000000 618654 1000000
-317670 1000000 326936 -1000000
-1000000 746270 1000000 -744804
-1000000 858236 1000000 -839026
1000000 -213197 -1000000 253743
1000000 165453 -1000000 -218463
332706 -1000000 -318471 1000000
-1000000 -683729 1000000 591395
507465 1000000 -460659 -1000000
-201808 -1000000 278704 1000000
1000000 844219 -1000000 -868882
-323616 1000000 345751 -1000000
-1000000 -662061 1000000 571612
889892 -1000000 -925799 1000000
1000000 -756707 -1000000 794396
-1000000 283994 1000000 -296248
-1000000 89752 1000000 -52341
-1000000 -963687 1000000 914467
-978000 -1000000 991950 1000000
470095 1000000 -365622 -1000000
-1000000 -541557 1000000 410686
-1000000 -824198 1000000 769719
-1000000 661828 1000000 -630501
-789937 -1000000 840976 1000000
-1000000 610813 1000000 -614679
52458 1000000 -42528 -1000000
1000000 -59417 -1000000 90777
-1000000 850203 1000000 -818173
-407302 1000000 430603 -1000000
-557263 -1000000 598731 1000000
1000000 -533123 -1000000 494109
438217 1000000 -358233 -1000000
-1000000 821345 1000000 -785279
-1000000 -972515 1000000 915650
1000000 -339304 -1000000 329511
1000000 1000000 1000000 -1000000
-634042 1000000 694734 -1000000
-507121 -1000000 550202 1000000
1000000 820915 -1000000 -849159
-1000000 -861780 1000000 838355
-795225 1000000 786974 -1000000
-858546 1000000 838936 -1000000
-1000000 482857 1000000 -504244
532626 1000000 -478663 -1000000
102272 -1000000 -72950 1000000
751744 -1000000 -713365 1000000
-1000000 -719506 1000000 653599
-136149 -1000000 113355 1000000
963129 1000000 -952221 -1000000
1000000 605818 -1000000 -690750
-1000000 -622072 1000000 517316
-1000000 682571 1000000 -635772
-1000000 -569486 1000000 449069
-454839 -1000000 500321 1000000
123888 1000000 -141782 -1000000
-477976 -1000000 521175 1000000
