502
992632 990000 997477 1000000
996108 1000000 994538 990000
990000 991734 1000000 998357
990000 995895 1000000 994187
991601 990000 998736 1000000
993757 1000000 996667 990000
990000 990150 1000000 999739
1000000 999430 990000 990731
997286 990000 992820 1000000
998832 1000000 991173 990000
990000 995560 1000000 994384
998771 1000000 991539 990000
996624 1000000 994001 990000
998526 990000 991485 1000000
996112 1000000 994482 990000
991460 1000000 998640 990000
1000000 998800 990000 991313
996063 1000000 994765 990000
1000000 991258 990000 998910
990000 996426 1000000 993633
1000000 990067 990000 999975
991989 1000000 997641 990000
996200 990000 994242 1000000
990000 996312 1000000 993731
1000000 999458 990000 990640
1000000 993864 990000 996094
1000000 991591 990000 998655
990000 994978 1000000 994972
990064 1000000 999850 990000
999650 1000000 990507 990000
991992 990000 998097 1000000
990000 999528 1000000 990634
997885 990000 991676 1000000
1000000 990000 990000 990000
999684 990000 990177 1000000
994210 1000000 996256 990000
1000000 993402 990000 996843
998225 1000000 991864 990000
996521 1000000 994112 990000
996629 1000000 993983 990000
992673 1000000 997385 990000
1000000 994449 990000 995478
1000000 995078 990000 994913
999470 1000000 990648 990000
999475 1000000 990640 990000
992529 1000000 997482 990000
1000000 999803 990000 990065
1000000 992085 990000 998275
997514 990000 992385 1000000
990000 997218 1000000 993116
1000000 998344 990000 991782
1000000 990156 990000 999888
990000 990491 1000000 999598
995167 990000 995270 1000000
990000 998467 1000000 991921
990300 1000000 999425 990000
996246 990000 994237 1000000
996408 990000 994032 1000000
996349 1000000 994175 990000
998343 1000000 991806 990000
1000000 998410 990000 991578
995119 1000000 995544 990000
996570 990000 993901 1000000
1000000 994356 990000 995609
1000000 996675 990000 993243
997636 1000000 992241 990000
999471 990000 990260 1000000
990986 1000000 999050 990000
990000 998305 1000000 992066
990000 993414 1000000 996452
1000000 992208 990000 998047
1000000 992990 990000 997501
999503 1000000 990561 990000
998702 990000 991435 1000000
995706 990000 994921 1000000
993289 990000 997068 1000000
995111 1000000 995560 990000
999415 1000000 990668 990000
996771 990000 993569 1000000
990000 997235 1000000 993038
997259 990000 992972 1000000
1000000 993504 990000 996746
1000000 997205 990000 992753
990000 997605 1000000 992826
1000000 993510 990000 996655
990000 993552 1000000 996306
1000000 994442 990000 995505
998098 990000 991568 1000000
1000000 999467 990000 990581
990000 992689 1000000 997340
999811 1000000 990261 990000
1000000 996669 990000 993255
996471 990000 993947 1000000
990000 993016 1000000 996969
990000 997499 1000000 992997
994447 1000000 996073 990000
1000000 990799 990000 999251
998748 1000000 991581 990000
993440 990000 996976 1000000
998469 1000000 991737 990000
998152 1000000 991964 990000
990000 998537 1000000 991776
998674 1000000 991641 990000
991235 990000 998779 1000000
990000 993432 1000000 996427
1000000 990944 990000 999211
1000000 994704 990000 995240
990000 996255 1000000 993800
1000000 999103 990000 991046
999493 990000 990247 1000000
1000000 992363 990000 997915
990000 993645 1000000 996240
1000000 999065 990000 991135
991133 990000 998846 1000000
993897 990000 996726 1000000
990328 990000 999737 1000000
990000 994570 1000000 995418
994908 990000 995816 1000000
996152 1000000 994450 990000
990000 993169 1000000 996849
1000000 997216 990000 992742
995085 990000 995601 1000000
998697 1000000 991625 990000
990000 991153 1000000 999001
1000000 996650 990000 993263
1000000 995365 990000 994676
1000000 992532 990000 997874
999072 1000000 990870 990000
990810 990000 999182 1000000
990000 997226 1000000 993041
995058 1000000 995598 990000
994825 1000000 995821 990000
992911 990000 997341 1000000
990000 996816 1000000 993416
997110 1000000 993276 990000
990000 999367 1000000 990779
999901 1000000 990124 990000
990503 990000 999662 1000000
998762 1000000 991560 990000
990000 992698 1000000 997262
1000000 996859 990000 993121
996440 990000 994013 1000000
998895 1000000 991006 990000
990370 1000000 999342 990000
1000000 997191 990000 992775
994999 1000000 995632 990000
995102 1000000 995577 990000
991977 1000000 997683 990000
990000 990000 990000 1000000
991822 990000 998304 1000000
1000000 997572 990000 992440
990000 995833 1000000 994203
995168 990000 995245 1000000
1000000 990443 990000 999725
990000 992830 1000000 997157
1000000 996549 990000 993316
1000000 998918 990000 991272
996869 990000 993339 1000000
990000 993347 1000000 996478
990000 991036 1000000 999108
990000 994821 1000000 995150
990000 994248 1000000 995802
1000000 990442 990000 999748
992137 990000 997866 1000000
998810 1000000 991187 990000
990000 991768 1000000 998355
990508 1000000 999213 990000
1000000 991179 990000 998956
990000 995847 1000000 994202
998989 1000000 990892 990000
992512 990000 997503 1000000
996479 990000 993908 1000000
990000 993303 1000000 996624
1000000 995845 990000 994218
990000 993250 1000000 996670
990911 1000000 999083 990000
990000 990963 1000000 999180
1000000 995383 990000 994626
990000 999606 1000000 990499
990000 991276 1000000 998850
997320 1000000 992974 990000
1000000 993393 990000 997061
990000 999469 1000000 990709
990000 992181 1000000 997760
994581 990000 996098 1000000
992721 1000000 997319 990000
990000 997894 1000000 992405
995157 990000 995322 1000000
992053 990000 997991 1000000
990000 993204 1000000 996698
999214 990000 990477 1000000
991037 990000 998874 1000000
1000000 996981 990000 993010
990000 990064 1000000 999817
990000 998698 1000000 991409
990000 990729 1000000 999449
993400 1000000 996807 990000
990000 994325 1000000 995617
995089 990000 995594 1000000
991623 1000000 997993 990000
1000000 998048 990000 991975
995870 990000 994557 1000000
1000000 998303 990000 991823
990000 998993 1000000 991133
1000000 995695 990000 994251
1000000 999163 990000 991000
990000 996008 1000000 993891
1000000 991299 990000 998754
990000 992062 1000000 998010
990000 991454 1000000 998503
995947 990000 994490 1000000
990000 999105 1000000 991004
990000 990844 1000000 999395
1000000 992576 990000 997854
990000 990972 1000000 999177
1000000 998134 990000 991961
990000 998145 1000000 992170
996583 1000000 994002 990000
990000 991944 1000000 998139
993296 990000 997023 1000000
990000 990780 1000000 999404
990000 995640 1000000 994327
998536 1000000 991735 990000
990131 1000000 999702 990000
993318 990000 997002 1000000
1000000 997662 990000 992411
995096 990000 995496 1000000
996768 990000 993585 1000000
998745 990000 991365 1000000
990000 995691 1000000 994260
991620 990000 998702 1000000
997495 990000 992389 1000000
990000 997663 1000000 992741
990000 993849 1000000 996232
990000 992432 1000000 997616
990000 992120 1000000 997811
994208 990000 996253 1000000
1000000 996342 990000 993521
1000000 994766 990000 995149
994082 1000000 996300 990000
990000 994016 1000000 996181
997700 990000 991957 1000000
990000 994107 1000000 996082
990000 993017 1000000 996963
995913 990000 994496 1000000
1000000 997343 990000 992646
1000000 996875 990000 993044
999668 1000000 990404 990000
990000 999550 1000000 990563
1000000 997553 990000 992457
995201 1000000 995361 990000
996865 1000000 993708 990000
990000 997137 1000000 993298
1000000 994657 990000 995336
1000000 999372 990000 990859
997697 1000000 992201 990000
997815 990000 991804 1000000
996789 990000 993552 1000000
997189 1000000 993259 990000
1000000 998646 990000 991411
994967 1000000 995700 990000
1000000 997357 990000 992593
998683 1000000 991636 990000
990000 993963 1000000 996191
990000 996005 1000000 993902
998773 1000000 991513 990000
1000000 990212 990000 999849
994679 1000000 995866 990000
995741 1000000 995016 990000
997215 1000000 993233 990000
996925 1000000 993652 990000
990000 993321 1000000 996546
997441 1000000 992747 990000
996909 1000000 993677 990000
1000000 997151 990000 992862
990000 992338 1000000 997694
990000 994077 1000000 996165
990000 992527 1000000 997504
993170 990000 997290 1000000
990382 990000 999695 1000000
999934 990000 990061 1000000
1000000 1000000 990000 1000000
990000 991101 1000000 999096
990898 990000 998978 1000000
995391 1000000 995148 990000
991507 1000000 998261 990000
996469 990000 993996 1000000
994123 990000 996511 1000000
1000000 994636 990000 995369
990235 990000 999876 1000000
1000000 991834 990000 998504
990000 996213 1000000 993848
990365 1000000 999384 990000
990000 994135 1000000 996030
991534 1000000 998152 990000
995071 1000000 995589 990000
997847 1000000 992200 990000
993637 1000000 996740 990000
990000 991650 1000000 998373
1000000 997116 990000 992949
990000 995790 1000000 994226
990000 999980 1000000 990060
994787 990000 995999 1000000
990000 991892 1000000 998204
990000 995601 1000000 994378
990000 997527 1000000 992833
990600 1000000 999167 990000
999043 990000 991167 1000000
995559 990000 995115 1000000
1000000 999680 990000 990210
993312 1000000 996888 990000
991970 1000000 997699 990000
1000000 994283 990000 995684
999967 1000000 990082 990000
995075 990000 995665 1000000
998351 1000000 991752 990000
1000000 998664 990000 991371
990000 991874 1000000 998236
990000 998304 1000000 992075
1000000 994588 990000 995459
998172 1000000 991867 990000
990000 994812 1000000 995198
990263 1000000 999466 990000
990000 992066 1000000 997912
990000 993882 1000000 996195
990000 996362 1000000 993702
995208 990000 995227 1000000
999521 1000000 990527 990000
990000 992863 1000000 997123
1000000 994822 990000 995128
1000000 996005 990000 994212
995772 990000 994910 1000000
998057 1000000 992037 990000
992084 1000000 997637 990000
991729 1000000 997853 990000
990066 1000000 999773 990000
990000 990232 1000000 999645
994859 1000000 995804 990000
995367 990000 995150 1000000
992240 990000 997683 1000000
997312 990000 992731 1000000
1000000 999633 990000 990472
997616 990000 992279 1000000
990000 990893 1000000 999311
996862 1000000 993826 990000
1000000 992287 990000 997971
997052 990000 993175 1000000
990000 998646 1000000 991601
996207 1000000 994319 990000
1000000 998488 990000 991478
1000000 995374 990000 994656
990000 995460 1000000 994539
991238 1000000 999015 990000
991532 1000000 998203 990000
1000000 992706 990000 997704
998871 1000000 991067 990000
992069 990000 997978 1000000
990000 999993 1000000 990036
990000 990031 1000000 999869
1000000 992096 990000 998245
995134 1000000 995369 990000
1000000 994714 990000 995189
999245 990000 990457 1000000
990000 997662 1000000 992775
990430 1000000 999322 990000
995748 1000000 994962 990000
999014 1000000 990883 990000
993894 1000000 996634 990000
1000000 993021 990000 997249
997455 1000000 992728 990000
990000 991837 1000000 998279
993830 990000 996847 1000000
990229 1000000 999542 990000
993829 1000000 996654 990000
996280 990000 994110 1000000
990000 994081 1000000 996163
996049 1000000 994777 990000
990000 998515 1000000 991817
996962 990000 993287 1000000
990000 999773 1000000 990436
1000000 999819 990000 990036
999353 1000000 990761 990000
999580 1000000 990510 990000
1000000 994929 990000 995094
992619 1000000 997444 990000
990000 994459 1000000 995505
990000 997384 1000000 993015
990434 1000000 999274 990000
995763 1000000 994923 990000
997889 990000 991667 1000000
1000000 992286 990000 997999
990000 999218 1000000 990896
999411 1000000 990730 990000
993024 1000000 997249 990000
990000 997737 1000000 992592
1000000 994842 990000 995113
994296 990000 996230 1000000
999477 1000000 990623 990000
994312 1000000 996106 990000
1000000 992268 990000 998013
1000000 990748 990000 999410
1000000 993798 990000 996272
1000000 992133 990000 998209
993658 990000 996915 1000000
993145 1000000 997065 990000
990000 997717 1000000 992648
1000000 996139 990000 994105
1000000 999733 990000 990151
997627 990000 992178 1000000
990905 1000000 999154 990000
990000 992469 1000000 997549
1000000 994396 990000 995530
1000000 994448 990000 995489
990000 996461 1000000 993543
990000 998461 1000000 991948
997201 1000000 993239 990000
990000 996813 1000000 993482
1000000 992037 990000 998416
1000000 995465 990000 994513
996554 1000000 994060 990000
994261 1000000 996150 990000
1000000 993522 990000 996568
1000000 996379 990000 993502
998279 990000 991504 1000000
996695 1000000 993941 990000
1000000 994967 990000 995071
998246 990000 991510 1000000
995687 1000000 995066 990000
990000 996331 1000000 993704
1000000 991085 990000 999031
995207 1000000 995330 990000
1000000 999946 990000 990030
993642 1000000 996732 990000
999896 1000000 990139 990000
993440 1000000 996799 990000
1000000 997383 990000 992566
994610 990000 996082 1000000
1000000 999258 990000 990899
996972 1000000 993470 990000
990000 991333 1000000 998777
993892 990000 996755 1000000
995238 990000 995208 1000000
1000000 997042 990000 992954
990000 997635 1000000 992821
990000 991255 1000000 998927
992710 990000 997457 1000000
990000 994974 1000000 995018
996658 1000000 993972 990000
998398 1000000 991746 990000
996336 990000 994042 1000000
990545 1000000 999182 990000
990000 994373 1000000 995608
990000 999099 1000000 991037
1000000 996234 990000 993829
990342 990000 999708 1000000
990000 994507 1000000 995478
990219 1000000 999589 990000
999161 990000 990776 1000000
990000 994757 1000000 995341
999200 990000 990522 1000000
990000 990927 1000000 999182
1000000 991393 990000 998709
991637 1000000 997987 990000
999930 1000000 990097 990000
996100 990000 994334 1000000
990000 999193 1000000 990945
990000 998626 1000000 991656
993270 990000 997153 1000000
997602 1000000 992503 990000
990000 992611 1000000 997356
996985 1000000 993319 990000
999516 990000 990236 1000000
994695 1000000 995845 990000
993326 990000 996981 1000000
1000000 993399 990000 996986
994799 990000 995827 1000000
1000000 997697 990000 992253
990000 990197 1000000 999719
1000000 999117 990000 991001
990000 993879 1000000 996200
990000 991996 1000000 998022
1000000 997454 990000 992553
1000000 998729 990000 991346
990000 992810 1000000 997179
1000000 995366 990000 994675
995440 1000000 995143 990000
990050 1000000 999953 990000
990000 998914 1000000 991251
1000000 996780 990000 993182
994857 1000000 995812 990000
995747 1000000 995005 990000
990327 990000 999801 1000000
995834 990000 994792 1000000
998054 990000 991588 1000000
1000000 996235 990000 993816
1000000 990474 990000 999678
999720 990000 990072 1000000
990916 990000 998963 1000000
1000000 998428 990000 991488
991116 1000000 999047 990000
1000000 1000000 1000000 990000
997824 990000 991767 1000000
