1000
-413615 707350 -413615 329332
-569109 599548 -972890 599548
46899 -574578 -892272 -574578
962944 112287 962944 -811911
10779 -764669 39296 -764669
137994 -81826 137994 -868061
-638060 -773006 -638060 254256
-803133 -520274 207611 -520274
723360 -161841 992187 -161841
232284 -865840 866781 -865840
571367 313815 -600784 313815
-878711 294964 -878711 -22754
173368 -474803 -22875 -474803
-472727 781762 -647870 781762
-434928 -683056 -345575 -683056
-289636 179477 -289636 -305072
-951111 -756094 -951111 -478347
348858 -591109 348858 177473
-377147 997023 422810 997023
185733 -808295 185733 235242
913658 -988690 -774905 -988690
704831 -750822 904685 -750822
-123385 800271 -889204 800271
177681 -379230 177681 956639
-174176 121536 -711353 121536
-571201 -420102 117404 -420102
853525 568934 -128602 568934
-790396 668864 557354 668864
-278003 -534278 -499658 -534278
935691 -713472 935691 136225
820333 -55766 820333 300814
667586 835288 667586 -718465
185733 -808295 443261 -808295
-763504 138720 -763504 -581472
918637 -160337 918637 641609
907414 -856437 907414 -663002
-639588 198656 -639588 -868061
-595344 582284 -595344 -54237
-634001 -746261 877152 -746261
233329 706156 -747177 706156
-238567 -780206 433222 -780206
-493527 133437 378536 133437
451647 410492 451647 163943
415578 -542935 -51497 -542935
-896001 -61051 -896001 -158366
981257 689405 981257 -856437
323588 -158938 323588 -552859
10779 876548 10779 -764669
263641 -713472 935691 -713472
910064 707350 910064 150975
-803133 730573 -803133 -520274
-972890 599548 -972890 -110381
-177437 137417 -840525 137417
998806 -266505 998806 -69633
174755 -784699 -498681 -784699
185733 235242 516491 235242
-922437 418599 -922437 -240450
10054 33125 -199683 33125
657161 165713 657161 855144
219325 452276 -952763 452276
-242670 -413221 895108 -413221
-878711 -785600 -878711 -22754
-702415 125885 105640 125885
-739551 97361 -739551 -457364
-785982 608101 -795210 608101
-896001 728155 -896001 398403
965726 -241091 965726 644391
-679669 780100 904407 780100
-331136 30962 -331136 -663002
837802 554659 837802 -91803
-331136 30962 63063 30962
564955 933303 564955 555687
-832348 54359 -832348 -603460
34953 -247528 973722 -247528
-142133 -725550 -276778 -725550
861666 23506 861666 -546679
-493527 136225 935691 136225
939820 573054 939820 302112
-613141 520047 799020 520047
-413615 329332 -413615 -69633
-772587 -731392 -772587 -683793
185414 -236584 -264099 -236584
433222 926598 -749319 926598
-731060 -495811 -731060 947613
232284 -611591 955732 -611591
-569109 971144 -282652 971144
-816 822990 -816 898947
661031 47530 661031 128258
219325 452276 219325 579526
981823 533517 981823 138720
-296872 -474803 -22875 -474803
435966 214287 -216723 214287
-123385 800271 -123385 -127142
-507898 -449641 -310347 -449641
603267 -49054 -479220 -49054
-728433 216988 -728433 679619
-970171 -911576 742499 -911576
-741586 -218013 -741586 -495811
-390382 -615097 -390382 -839619
502306 845265 -668439 845265
467552 -457364 467552 186000
607543 927799 607543 876548
-470296 608101 -785982 608101
-129518 902661 -749319 902661
-10525 611702 -10525 382074
-649557 -366791 -649557 -600226
-434928 350301 -420511 350301
-36203 -831781 464301 -831781
-974575 896685 -974575 239025
-958278 313660 -958278 382424
-906044 -308634 -906044 -614655
-904454 -685388 -904454 302112
895108 999535 895108 -413221
-932255 933303 564955 933303
122467 516256 850602 516256
-67523 670411 -67523 -835328
-51166 726014 -712925 726014
536334 -976139 -921635 -976139
254585 244302 254585 702375
-954167 936561 -954167 -277524
-666807 -733901 -50645 -733901
901262 -975204 976460 -975204
-810824 410492 -810824 -898457
-325586 568934 -325586 573054
690260 374051 690260 702398
-892272 -574578 -892272 345409
-515092 -977295 -486144 -977295
128997 -113681 -178247 -113681
-658740 181420 395513 181420
-352656 -568456 -352656 -549715
-892272 345409 81066 345409
-751775 -283664 -972890 -283664
557354 -826801 155265 -826801
604146 -855916 -384935 -855916
-932255 933303 -932255 648819
789987 76848 894330 76848
231604 -574578 46899 -574578
-625170 -768271 -625170 -757078
348858 -591109 -932255 -591109
887231 -101769 271002 -101769
-983682 -51366 -983682 -700850
-555885 812102 484246 812102
-432575 702516 -555590 702516
312181 702516 -277756 702516
-99580 -40057 737467 -40057
5183 -173059 5183 -283664
890138 313660 10906 313660
587466 900431 587466 -405707
-586578 -797062 -419703 -797062
232284 -865840 232284 -611591
604146 -855916 604146 -734823
173368 -474803 173368 -541680
596058 -686532 737770 -686532
39296 -764669 39296 -285244
-135172 692762 -436012 692762
737467 842775 737467 -40057
233130 67561 233130 -393449
-578094 645952 -578094 -702235
5183 989786 5183 -173059
555134 -543459 783118 -543459
818008 -257798 385932 -257798
-586578 -797062 -586578 -80784
-17694 -333770 992187 -333770
-904454 -685388 281918 -685388
-38531 221866 -38531 -693532
573068 -369426 -106894 -369426
789566 -572338 789566 916465
166976 186000 467552 186000
901262 488224 901262 -975204
-276778 -725550 -769543 -725550
-157202 567951 -157202 -363036
263753 198656 263753 -862933
105640 125885 312181 125885
-666807 787341 -822834 787341
-651187 186000 -157186 186000
-605215 220548 -605215 568077
868588 527405 -71600 527405
448452 855144 448452 -786315
742499 -599272 742499 -333496
175942 -333496 -216723 -333496
747458 -813687 747458 898947
255354 707813 -573895 707813
-100569 429809 -100569 -687990
253384 -574578 253384 49173
913658 270741 913658 -988690
-211769 801874 -211769 -576279
-779101 605594 -668074 605594
-445740 -946493 -445740 670207
918637 -160337 131690 -160337
359085 -232604 610488 -232604
128997 -178581 128997 -477324
-310347 554659 -173645 554659
-738342 -899840 447376 -899840
564955 555687 564955 427532
-953632 -484232 -953632 838755
-783406 -686532 596058 -686532
942338 -589987 942338 294964
-665830 -850737 -324516 -850737
-436012 -218359 -436012 692762
-9387 -685257 -595344 -685257
799020 613554 -954558 613554
571367 -477324 460232 -477324
-782636 -588134 435966 -588134
602650 -661993 -354995 -661993
955732 -611591 955732 -778210
90593 302112 244843 302112
629131 -240450 629131 -930645
484246 812102 484246 -454403
71621 -245165 -19839 -245165
-386707 -499231 -813398 -499231
555134 645685 555134 -543459
156364 -936685 156364 728155
-809356 -202640 -419703 -202640
-188738 835288 667586 835288
-974575 239025 -63913 239025
515371 -676073 478770 -676073
-840525 176332 -840525 137417
-588590 -159456 -588590 -215360
323588 -552859 -654733 -552859
385932 875195 385932 761506
-712925 597086 -712925 -823571
629131 -240450 -922437 -240450
928927 137560 379168 137560
-951111 -478347 -52914 -478347
689864 -996478 -36203 -996478
-695009 875195 385932 875195
119722 -843880 890857 -843880
816129 -611843 464810 -611843
602650 -381214 602650 374051
281918 -826430 281918 -685388
-515092 567951 -388546 567951
913468 270741 662379 270741
-615860 -559514 -615860 705656
-188738 -950680 928487 -950680
818008 418599 818008 -257798
-57014 -930645 629131 -930645
-398115 -464550 -398115 676039
-57014 -325939 -57014 -930645
-556038 750323 -556038 -936685
695753 -484490 204436 -484490
447376 549239 447376 -899840
-310347 325694 -310347 -449641
-592361 -30956 -592361 -236584
-430014 -811911 962944 -811911
-569109 599548 -569109 649863
128997 -113681 128997 -178581
-741586 -495811 -731060 -495811
-555727 -101769 -173083 -101769
-658740 181420 -822834 181420
-184938 -952060 -795210 -952060
-795210 563188 -795210 608101
-615860 -559514 -668464 -559514
168608 525552 -499658 525552
-573895 707813 -573895 636026
468232 585784 -324516 585784
-952763 568077 -952763 452276
87691 331802 87691 295864
803656 -212741 803656 846275
115673 -713990 87691 -713990
875474 54359 -151835 54359
-706613 -968289 -206710 -968289
-560044 -786315 -560044 609251
458595 813845 981257 813845
-162969 512882 -915753 512882
-747177 -637723 -785081 -637723
254585 702375 -199683 702375
-514942 874743 -514942 150975
-518940 -95183 375219 -95183
404467 776844 404467 -911700
-514942 150975 910064 150975
482519 -55386 482519 216988
-941040 -549715 -352656 -549715
10779 876548 607543 876548
939820 302112 244843 302112
789987 76848 -600784 76848
-571201 -420102 -571201 267936
-816 822990 -816 -200094
629230 346151 168608 346151
436786 -733901 -50645 -733901
177681 -379230 177681 -906958
122467 858568 122467 516256
385932 -257798 385932 761506
-555590 -730917 -555590 702516
33001 660415 -649557 660415
710165 -218013 -741586 -218013
-863902 -813687 -863902 -402599
972534 -361094 271338 -361094
-972890 -110381 -972890 -145936
-390382 -245165 -390382 -615097
-953632 838755 71621 838755
699112 378028 699112 -156425
-178247 -113681 -178247 300814
782950 -478157 782950 -782301
521314 177473 816129 177473
820998 -881394 820998 -39654
-810824 -898457 -227196 -898457
879978 642972 879978 936561
594910 -913277 594910 -241091
451647 -713990 115673 -713990
185414 -236584 311280 -236584
348858 177473 521314 177473
-638060 -773006 -278003 -773006
451647 163943 451647 -713990
947532 930055 947532 262955
-397327 -372466 -29038 -372466
610352 -866986 208039 -866986
381679 149897 381679 -268964
677485 636026 -573895 636026
981823 138720 -763504 138720
-605215 568077 -696172 568077
81066 -731392 -772587 -731392
-467692 899774 -467692 918338
-515092 -445774 -515092 567951
972534 -469406 972534 -823571
-499658 -534278 -499658 525552
451647 410492 95037 410492
762622 573054 939820 573054
236299 624008 -142133 624008
677485 -985887 677485 636026
-52914 -478347 -52914 -687990
177681 -906958 60098 -906958
889274 283057 889274 -55386
-51166 -597917 -51166 269733
-739551 848362 -702415 848362
-647870 545557 -647870 781762
690260 702398 638770 702398
515371 -676073 657106 -676073
-595344 582284 629230 582284
28228 -799067 28228 -466386
300143 149897 381679 149897
435966 214287 435966 -588134
436786 184976 -921635 184976
516491 -862933 263753 -862933
-887411 -495540 -887411 -463523
-333399 -416089 -772587 -416089
764948 331802 87691 331802
662379 -985577 -906044 -985577
-876548 -725550 -769543 -725550
-57592 410492 -810824 410492
-154648 128258 -154648 853574
-440882 -826430 -440882 -605732
-352618 -686246 -352618 488224
-127417 225003 -127417 -898457
300143 149897 300143 -143407
474106 -579768 474106 -735853
-485994 -40057 -485994 -212741
-410011 -786315 -560044 -786315
-434928 350301 -434928 -683056
-919003 -235550 523820 -235550
-282652 971144 -282652 -196490
887715 805274 986309 805274
-352618 -686246 -45961 -686246
516491 -862933 516491 235242
-398115 -464550 -206568 -464550
-435649 -105072 -435649 -713472
-216723 214287 -216723 -333496
-983682 -906917 113321 -906917
-280869 -857603 -387613 -857603
-990665 -499231 -813398 -499231
-937784 577096 -937784 813845
-649557 34120 -649557 660415
-445740 -946493 868588 -946493
395513 1364 395513 -201794
468232 378028 699112 378028
-499517 -523645 -499517 676039
-535320 382424 -238567 382424
398525 545557 -647870 545557
973722 -822512 973722 -247528
60098 549239 60098 -906958
854746 121536 854746 -200094
-880326 -559276 -880326 72545
571367 313815 571367 -477324
523820 -554666 -472727 -554666
166976 186000 -157186 186000
-668439 956639 -668439 845265
179391 -495724 908305 -495724
-862403 -753325 -903859 -753325
696889 801874 -211769 801874
245304 -19306 -667857 -19306
853525 -116619 853525 568934
-774905 25176 -948862 25176
506073 -143407 300143 -143407
921532 936250 921532 161048
764948 -795753 -296872 -795753
-25814 161048 921532 161048
-763504 -581472 -763504 -651909
39296 -285244 5050 -285244
-659930 -900353 -659930 106757
-889204 732839 -889204 -328434
603267 -49054 603267 -305337
-782636 -588134 -948832 -588134
-324516 585784 -324516 116825
155265 -826801 155265 805274
962944 790881 962944 112287
33001 660415 33001 -391124
-615860 705656 394012 705656
-948832 -588134 -948832 -299513
-915753 262955 -915753 512882
818008 418599 -906239 418599
-282652 -537649 -821329 -537649
-344663 970899 464301 970899
624248 -414092 624248 935342
904685 -778210 904685 -750822
-665830 421720 -665830 -850737
323588 754066 861666 754066
-785613 983885 -785613 176835
311280 -600226 -649557 -600226
981257 -856437 907414 -856437
-821329 619769 -821329 -537649
-678963 -911499 -931055 -911499
-130355 -277875 582028 -277875
-135172 -903466 -135172 692762
135680 -212741 -485994 -212741
493901 -388872 493901 874743
-571201 267936 -736939 267936
-783406 -47212 -783406 -686532
-652616 -164485 -889970 -164485
602650 -381214 602650 -661993
-881077 -4022 -881077 444869
208039 -866986 208039 -605732
859206 984475 976460 984475
-499517 676039 -398115 676039
399796 591292 399796 935342
-673339 -463523 433458 -463523
443261 -808295 443261 -974148
-324516 -7417 -324516 116825
-896001 398403 -896001 -61051
838036 862456 838036 193844
399796 -906299 474106 -906299
-73772 -725985 -73772 -175948
850602 516256 850602 900431
255712 382074 255712 506495
-599201 -718465 -548014 -718465
837802 -91803 -948852 -91803
329083 874743 493901 874743
311280 -600226 311280 -304442
657106 421720 657106 -284924
-673339 -463523 -887411 -463523
-10525 382074 255712 382074
616331 112459 -983682 112459
789566 916465 704269 916465
73293 725028 73293 -10575
-289636 721382 -289636 179477
-499517 -523645 -980617 -523645
-906239 418599 -922437 418599
662379 270741 662379 -985577
710165 -363036 710165 -218013
451475 -843515 740016 -843515
608466 -559276 -366704 -559276
-354995 816564 -354995 -476367
616331 -817006 380291 -817006
932405 463630 932405 -568456
-352618 488224 901262 488224
-454143 936561 879978 936561
-387613 -857603 -387613 429809
404467 -911700 -626705 -911700
-652616 -164485 -177437 -164485
245304 -600816 245304 -19306
-188738 798076 -188738 382512
60385 984475 60385 837551
467552 -457364 -739551 -457364
661031 -756094 -951111 -756094
985690 -746261 985690 -495540
-513028 -359449 620986 -359449
-67523 -835328 -956689 -835328
783118 -149375 783118 -543459
-508538 -4022 -881077 -4022
-728433 679619 188023 679619
-974575 896685 610488 896685
-548014 -718465 667586 -718465
610352 -866986 610352 107457
464810 -611843 -344663 -611843
878185 531817 878185 702996
-863902 -813687 747458 -813687
502306 -393449 233130 -393449
108750 -508956 108750 -768620
-174176 121536 854746 121536
-51497 -600816 245304 -600816
174755 -784699 174755 -799067
-809356 -454403 484246 -454403
135680 -212741 706937 -212741
-57014 944835 -71600 944835
572486 842775 572486 619769
-711353 -552859 -654733 -552859
699180 -683648 -716821 -683648
889274 -55386 482519 -55386
-467692 807488 -467692 731654
962944 918338 962944 790881
468857 -734380 -249292 -734380
-720348 837551 -782725 837551
887715 805274 155265 805274
433458 225003 433458 -463523
-154648 958849 -154648 853574
350534 -127142 -123385 -127142
616331 -221167 616331 -817006
-747177 706156 -747177 -637723
326940 964323 -377147 964323
-244082 958849 -154648 958849
323965 536962 415578 536962
-892412 -158366 -63913 -158366
-154648 128258 661031 128258
-595344 -685257 -595344 -54237
873298 -305072 873298 182352
-560044 609251 582028 609251
-467692 807488 -467692 899774
887231 -101769 887231 919510
-485994 -40057 -99580 -40057
-53590 684236 803409 684236
-592361 846275 -592361 -30956
253384 989786 5183 989786
-680370 463630 -680370 -116619
947532 262955 -915753 262955
-206710 -615593 -206710 -516337
34953 -247528 -677244 -247528
88433 96859 88433 -266505
657161 165713 657161 -900353
-782725 -185256 -782725 -782301
807843 -768271 807843 761167
-649557 -366791 -649557 34120
-889970 661827 -889970 -164485
873298 182352 519756 182352
-659930 186000 -651187 186000
-706613 -968289 -706613 916465
254585 244302 -242670 244302
-931055 -734380 -249292 -734380
-242670 -413221 -242670 244302
253384 -574578 231604 -574578
-679669 862456 838036 862456
-177437 137417 -177437 -164485
919315 283057 919315 97072
-720348 837551 60385 837551
624248 935342 399796 935342
493901 -388872 986309 -388872
233130 67561 10054 67561
353297 -955587 689864 -955587
-862403 611702 -862403 -753325
913468 270741 913658 270741
-535866 725028 73293 725028
10054 67561 10054 33125
233329 706156 904407 706156
782950 -358436 782950 -478157
-921635 -976139 -921635 184976
-280869 254256 -638060 254256
-441729 626084 -206710 626084
-774709 -159456 -588590 -159456
-892412 -158366 -896001 -158366
696889 997023 422810 997023
-495306 -839619 -390382 -839619
-17694 971708 -17694 -333770
-783196 -857507 -783196 902273
-135172 -903466 173368 -903466
433222 -780206 433222 926598
981257 689405 981257 813845
448225 221866 -38531 221866
803409 -80784 803409 684236
-57014 -325939 -57014 944835
-739551 97361 -739551 848362
-507898 896803 928487 896803
-695009 -358436 -695009 875195
-467692 731654 -505639 731654
519756 624008 236299 624008
108750 -55766 108750 -508956
620986 -603460 620986 -359449
-498681 -105072 -435649 -105072
131690 -974148 443261 -974148
108750 -768620 942338 -768620
928487 896803 928487 -132825
564955 427532 928927 427532
-100569 -687990 -52914 -687990
-440882 -605732 208039 -605732
972534 -361094 972534 -469406
131690 -160337 131690 -974148
998806 -69633 -413615 -69633
807843 761167 224877 761167
981823 533517 668372 533517
-71600 944835 -71600 527405
-613141 520047 -740025 520047
557354 668864 557354 -826801
415578 536962 415578 -542935
-312095 -4022 -508538 -4022
459732 -900353 657161 -900353
-665830 421720 657106 421720
468232 585784 468232 378028
861666 -546679 806820 -546679
-930334 -881394 -930334 702996
323588 754066 323588 -158938
160536 -361094 160536 -391124
-51166 269733 -51166 726014
478770 -676073 478770 661827
782950 -782301 -782725 -782301
-948852 -753325 -903859 -753325
-543335 398863 -543335 -47212
668372 -725985 -73772 -725985
846331 705656 394012 705656
-312095 -4022 -312095 -857507
-932255 -591109 -932255 -101526
803656 -212741 706937 -212741
-106894 -155323 -599201 -155323
-931055 -734380 -931055 -911499
460232 -477324 128997 -477324
-763504 -899840 -738342 -899840
-495306 -839619 -495306 -890493
-878711 294964 942338 294964
620986 -603460 -832348 -603460
-354995 999535 -354995 816564
204436 229545 -535866 229545
608466 -520274 207611 -520274
404467 776844 -774709 776844
699112 -156425 607524 -156425
603267 -305337 603267 -372466
-605215 -161561 -605215 220548
-467692 918338 962944 918338
-948852 -753325 -948852 -91803
-840525 176332 551018 176332
-749319 926598 -749319 902661
629230 346151 629230 582284
-377147 997023 -377147 964323
884107 858568 122467 858568
-51497 -542935 -51497 -600816
713096 983885 -785613 983885
-106894 -369426 -106894 -155323
737770 -95183 737770 -686532
-333399 675068 602235 675068
928487 -132825 928487 -950680
687470 573054 762622 573054
551018 176332 551018 -734380
-740025 -259125 -740025 -328434
608466 -559276 608466 -520274
-736939 702398 -537888 702398
-157202 -363036 710165 -363036
-599201 -477817 -599201 -718465
-779101 -617005 -779101 605594
271338 -361094 160536 -361094
603900 -799506 -941040 -799506
224877 -635656 -184938 -635656
395513 -906917 113321 -906917
-505639 946885 -505639 731654
-906044 -614655 -906044 -755122
-9387 -140474 -998467 -140474
782950 -358436 -695009 -358436
928927 427532 928927 137560
-45961 -686246 -45961 132175
-956689 -835328 -956689 -175948
-440882 -826430 -122251 -826430
359085 -921098 359085 -232604
-206568 -464550 -206568 730573
-640324 -667523 -640324 -161561
816129 177473 816129 -611843
117404 121560 -25814 121560
467626 608101 866781 608101
742499 -599272 742499 -911576
602235 675068 602235 72545
877152 -746261 985690 -746261
350534 -127142 350534 927799
347914 -579768 347914 -572338
-677244 -247528 -677244 -940020
911632 -110513 -555727 -110513
699180 -683648 699180 -750822
-980617 670411 -67523 670411
-173645 554659 837802 554659
-785081 -637723 -785081 -81826
-384935 -855916 -436012 -855916
417673 -39654 820998 -39654
88433 902273 -783196 902273
347914 -572338 789566 -572338
-196620 -67709 884107 -67709
-990665 -67709 -990665 -499231
536334 -976139 596739 -976139
689864 -955587 689864 -996478
326940 964323 492880 964323
-592361 -236584 -264099 -236584
263641 -713472 -435649 -713472
219584 916465 704269 916465
-702415 585907 -702415 125885
-36203 -996478 -36203 -831781
584595 -444555 584595 -693532
737467 842775 572486 842775
965726 -241091 594910 -241091
-948862 25176 -948862 645952
-495306 -890493 973722 -890493
-716821 -683648 -716821 -402599
-932255 648819 -932255 -101526
5263 750323 5263 -576279
-100569 429809 -387613 429809
101363 350301 -420511 350301
866781 608101 866781 -865840
-659930 106757 -659930 186000
-639588 198656 263753 198656
-505639 946885 740016 946885
71621 -114418 71621 -245165
-586578 -80784 803409 -80784
-625170 -268964 -625170 -757078
740016 946885 740016 737680
350758 463630 -680370 463630
-940392 -495724 179391 -495724
-206710 626084 -206710 -516337
-130355 -277875 -130355 -168546
468857 -734380 551018 -734380
395513 -201794 395513 -906917
-983682 -51366 -983682 112459
281918 -826430 -122251 -826430
932405 463630 350758 463630
-430014 936795 -518940 936795
-518940 -95183 -518940 936795
-880326 72545 602235 72545
323965 536962 323965 -224456
-881077 684236 -53590 684236
312181 125885 312181 702516
-206710 -968289 -206710 -615593
-578094 645952 -948862 645952
-736939 702398 -736939 267936
137994 -81826 -785081 -81826
-57592 410492 95037 410492
-599201 -477817 -599201 -155323
-740025 -328434 -889204 -328434
3994 930055 -790396 930055
973722 -822512 973722 -890493
-940392 -984097 -954167 -984097
-333399 675068 -333399 -416089
71621 838755 71621 -114418
-199683 299834 -199683 702375
-472727 781762 -472727 -554666
-919003 -168546 -919003 -235550
890857 -786913 890857 -843880
-803133 730573 -206568 730573
584595 -215360 584595 -444555
-876548 -156425 -876548 -725550
838036 193844 838036 132175
-223510 956639 177681 956639
353297 97072 353297 -955587
-289636 721382 379168 721382
160536 -391124 33001 -391124
-753062 54359 -832348 54359
73293 -10575 73293 -730917
380291 -817006 380291 577096
-952763 568077 -696172 568077
555134 645685 911632 645685
-543335 398863 878185 398863
-19839 -245165 -390382 -245165
890857 -143407 506073 -143407
311280 -236584 311280 -304442
-634001 -746261 -970171 -746261
996857 983885 713096 983885
-740025 -259125 -740025 520047
168608 346151 168608 525552
-821329 619769 572486 619769
-354995 -476367 -354995 -661993
451475 679619 188023 679619
63063 30962 63063 -414092
436786 184976 436786 -733901
-668074 -702235 -668074 605594
-515092 -445774 -515092 -977295
-702415 848362 -702415 585907
-626705 -545475 -626705 -911700
-479220 -161841 723360 -161841
395513 1364 395513 181420
173368 -541680 173368 -903466
-712925 726014 -712925 597086
-555885 812102 -555885 -308634
879978 234931 879978 -667523
-930334 -881394 765247 -881394
-277756 702516 -432575 702516
998806 -266505 88433 -266505
861666 23506 861666 754066
-344663 -611843 -344663 970899
-954167 936561 -454143 936561
604146 -734823 398525 -734823
-667857 48150 -103778 48150
-498681 -105072 -498681 -784699
3994 930055 947532 930055
-668439 956639 -223510 956639
-889204 732839 -889204 800271
464301 970899 464301 -831781
-556038 750323 5263 750323
-930334 702996 878185 702996
884107 -67709 884107 858568
921532 936250 -397327 936250
-325586 568934 -128602 568934
602650 374051 690260 374051
74812 549239 447376 549239
-990665 -67709 -196620 -67709
955732 -778210 904685 -778210
-678963 -911499 -51166 -911499
-783196 -857507 -312095 -857507
-795210 563188 -795210 -952060
573068 -369426 695753 -369426
-751775 -283664 5183 -283664
-954167 -277524 -954167 -984097
-569109 649863 -569109 971144
398525 -734823 398525 545557
-679669 780100 -679669 862456
117404 121560 117404 -420102
-772587 -416089 -772587 -683793
894330 76848 894330 -563246
-441729 -405707 -441729 626084
492880 -940020 -677244 -940020
-238567 382424 -238567 -780206
399796 -906299 399796 591292
-25814 161048 -25814 121560
-38531 -693532 584595 -693532
-9387 -685257 -9387 -140474
417673 -39654 -129518 -39654
-127417 225003 433458 225003
838036 132175 -45961 132175
-280869 -857603 -280869 254256
868588 -946493 868588 527405
-103778 48150 -103778 -722370
-142133 624008 -142133 -725550
-352656 -568456 932405 -568456
942338 -589987 942338 -768620
-129518 902661 -129518 -39654
-878711 -785600 -266568 -785600
-667857 -19306 -667857 48150
-266568 -785600 -266568 -299513
-397327 -372466 -397327 936250
996857 983885 996857 670207
879978 642972 879978 234931
380291 577096 -937784 577096
519756 624008 519756 182352
-486144 -977295 54089 -977295
90593 302112 -904454 302112
-535320 382424 -958278 382424
-282652 -196490 -282652 -537649
-331136 -663002 907414 -663002
253384 49173 253384 989786
459732 -900353 -659930 -900353
379168 721382 379168 137560
474106 -579768 347914 -579768
-555590 -730917 73293 -730917
992187 -333770 992187 -161841
783118 971708 -17694 971708
-310347 554659 -310347 325694
28228 -466386 -244082 -466386
-711353 121536 -711353 -552859
119722 -718280 603900 -718280
-954558 613554 -954558 -563246
-289636 -305072 873298 -305072
875474 947613 -731060 947613
458595 813845 -937784 813845
-822834 181420 -822834 787341
-162969 -683056 -162969 512882
-419703 -797062 -419703 -202640
-753062 54359 -151835 54359
661031 47530 661031 -756094
-941040 -549715 -941040 -799506
657161 855144 448452 855144
-889970 661827 478770 661827
-244082 -466386 -244082 958849
-386707 -499231 255354 -499231
895108 999535 -354995 999535
-211769 -576279 5263 -576279
850602 900431 587466 900431
695753 -369426 695753 -484490
-555885 -308634 -906044 -308634
-555727 -101769 -555727 -110513
-919003 -168546 -130355 -168546
-940392 -495724 -940392 -984097
-29038 -372466 603267 -372466
-507898 -449641 -507898 896803
986309 -388872 986309 805274
448452 -786315 -410011 -786315
-640324 -667523 879978 -667523
610352 107457 -513028 107457
904407 706156 904407 780100
908305 -224456 323965 -224456
-863902 -402599 -716821 -402599
764948 331802 764948 -795753
224877 761167 224877 -635656
-162969 -683056 -345575 -683056
-509614 846275 803656 846275
-783406 -47212 -543335 -47212
-63913 -158366 -63913 239025
137994 -868061 -639588 -868061
375219 -95183 737770 -95183
523820 -235550 523820 -554666
-51166 -911499 -51166 -597917
-948832 -299513 -266568 -299513
-785613 176835 596739 176835
-578094 -702235 -668074 -702235
854746 -200094 -816 -200094
677485 -985887 -668464 -985887
-513028 107457 -513028 -359449
94361 -414092 63063 -414092
853525 -116619 -680370 -116619
-896001 728155 156364 728155
74812 549239 60098 549239
88433 96859 88433 902273
502306 -393449 502306 845265
448225 -617005 448225 221866
-592361 846275 -509614 846275
696889 801874 696889 997023
747458 898947 -816 898947
-479220 -49054 -479220 -161841
985690 -495540 -887411 -495540
638770 702398 -537888 702398
878185 398863 878185 531817
54089 -977295 54089 644391
119722 -718280 119722 -843880
668372 533517 668372 -725985
908305 -495724 908305 -224456
204436 229545 204436 -484490
-954558 -563246 894330 -563246
-199683 33125 -199683 299834
846331 579526 219325 579526
-774709 -159456 -774709 776844
-73772 -175948 -956689 -175948
875474 947613 875474 54359
156364 -936685 -556038 -936685
-600784 313815 -600784 76848
-324516 -7417 -324516 -850737
-413615 707350 910064 707350
-790396 668864 -790396 930055
-779101 -617005 448225 -617005
378536 350301 378536 133437
594910 -913277 594910 -921098
783118 971708 783118 -149375
-441729 -405707 587466 -405707
799020 520047 799020 613554
582028 609251 582028 -277875
610488 -232604 610488 896685
219584 916465 -706613 916465
890138 -722370 -103778 -722370
-588590 -215360 584595 -215360
255354 707813 255354 -499231
87691 -259940 87691 -713990
-430014 511394 -430014 -811911
890857 -143407 890857 -786913
474106 -735853 474106 -906299
5050 919510 887231 919510
467626 608101 -470296 608101
-970171 -911576 -970171 -746261
451475 679619 451475 -843515
-188738 382512 -188738 -950680
740016 737680 740016 -843515
-876548 -156425 607524 -156425
699180 -750822 704831 -750822
174755 -799067 28228 -799067
596739 176835 596739 -976139
-782725 837551 -782725 -185256
-958278 313660 10906 313660
378536 350301 101363 350301
-626705 506495 -626705 -545475
918637 641609 806820 641609
87691 295864 87691 -259940
-983682 -700850 -983682 -906917
353297 97072 919315 97072
-972890 -283664 -972890 -145936
492880 -940020 492880 964323
54089 644391 965726 644391
603900 -799506 603900 -718280
742499 -333496 175942 -333496
-445740 670207 996857 670207
-862403 611702 -10525 611702
-325586 573054 687470 573054
-881077 684236 -881077 444869
-127417 -898457 -227196 -898457
-728433 216988 482519 216988
-436012 -855916 -436012 -218359
657106 -676073 657106 -284924
-493527 136225 -493527 133437
-666807 787341 -666807 -733901
-366704 -559276 -880326 -559276
-605215 -161561 -640324 -161561
820333 300814 -178247 300814
-535866 725028 -535866 229545
60385 984475 859206 984475
-184938 -635656 -184938 -952060
-998467 -484232 -953632 -484232
919315 283057 889274 283057
911632 -110513 911632 645685
-173083 -101769 271002 -101769
-906044 -755122 -906044 -985577
846331 705656 846331 579526
807843 -768271 -625170 -768271
81066 345409 81066 -731392
972534 -823571 -712925 -823571
806820 641609 806820 -546679
607543 927799 350534 927799
-625170 -268964 381679 -268964
-430014 936795 -430014 511394
624248 -414092 94361 -414092
5050 -285244 5050 919510
-809356 -454403 -809356 -202640
820998 -881394 765247 -881394
890138 -722370 890138 313660
-998467 -140474 -998467 -484232
976460 -975204 976460 984475
616331 112459 616331 -221167
-296872 -474803 -296872 -795753
-388546 567951 -157202 567951
-980617 670411 -980617 -523645
359085 -921098 594910 -921098
-188738 798076 -188738 835288
255712 506495 -626705 506495
-668464 -985887 -668464 -559514
-278003 -534278 -278003 -773006
-774905 -988690 -774905 25176
-514942 874743 329083 874743
-763504 -651909 -763504 -899840
108750 -55766 820333 -55766
