1000
639485 820767 786054 820767
720934 -588979 -441744 -588979
-941851 -522966 -941851 -927945
317007 -830674 317007 179304
-267858 -673700 820824 -673700
-740100 394856 -740100 491339
-470385 -17265 473992 -17265
-671006 281604 -787101 281604
766389 690336 766389 -594130
184043 8850 184043 -879855
-192107 912290 -192107 217085
-516108 898685 -41987 898685
-544880 67643 770326 67643
-737488 -233901 -635135 -233901
-787101 281604 -787101 962916
136122 812676 136122 617338
975430 -982375 975430 -150205
-614043 -927945 67343 -927945
951402 626006 651071 626006
-920273 -811607 -788118 -811607
395627 -53689 489887 -53689
-240794 266760 -240794 558840
-616141 40973 -616141 -36640
-732502 35126 -732502 4549
-809959 -907824 -809959 -616467
-729529 2062 -729529 87307
502510 -513058 502510 762482
400871 -685571 -605938 -685571
804917 155129 804917 556218
-778231 809164 498030 809164
-881859 -282605 201116 -282605
432576 862313 432576 590062
667689 -992231 667689 152457
-335882 -104540 -335882 -336806
-441744 761913 -441744 844951
434484 -466758 632474 -466758
364513 -653572 364513 -305531
208357 735025 208357 394146
278495 -367412 278495 850538
-639772 171980 -639772 -242690
91939 918015 886012 918015
-911262 -637794 -578634 -637794
-809959 -907824 -774353 -907824
820241 105322 820241 473653
330364 347724 330364 -55527
-427479 779191 -139704 779191
-656592 -871051 211517 -871051
-788908 -982375 975430 -982375
397511 232496 523463 232496
160 200845 301716 200845
431170 -859150 -355307 -859150
754567 -42453 754567 -661412
981823 -494715 -663491 -494715
366218 -51746 366218 578817
569342 519110 619913 519110
927506 558840 -240794 558840
348227 701744 -302466 701744
-653654 -457289 450040 -457289
-95831 296961 461579 296961
951402 -215666 951402 626006
-943654 794650 -976303 794650
541951 -500744 541951 -790274
-464190 347724 330364 347724
-614043 -927945 -941851 -927945
29456 791432 29456 162407
-729529 87307 920459 87307
330364 -55527 -488048 -55527
886012 918015 886012 16063
-227473 16126 351240 16126
-569697 -269578 -569697 -441512
-865363 744281 -865363 259986
465550 920065 -950164 920065
-918399 -198102 556741 -198102
-355307 -71277 -355307 -859150
909182 396660 909182 -926487
-818464 392503 211709 392503
465550 920065 726155 920065
-888801 405087 -888801 -335346
46022 435789 46022 -667461
638469 127531 638469 -905387
737422 629834 737422 906992
-8993 385409 972171 385409
669678 -844816 669678 534081
42739 844951 -441744 844951
-865482 593090 -865482 -485755
639485 454209 639485 -694740
639485 454209 639485 820767
668486 947771 668486 528944
928969 355365 452551 355365
273569 -968488 179311 -968488
-532251 637628 -225708 637628
-788118 -811607 955926 -811607
-935014 433265 -935014 -940093
-740100 812676 136122 812676
921520 -287251 921520 -219199
-534145 -768123 685029 -768123
351240 242988 351240 793047
715240 862636 715240 672498
774385 -810932 737453 -810932
-878604 -110569 -878604 389991
804422 269042 515750 269042
161987 -215666 951402 -215666
90586 837787 90586 -653089
-469797 973132 -469797 -219192
897355 -156967 897355 357913
445009 -395150 445009 -688070
-907536 -12359 -907536 607614
959095 50437 959095 359345
-852363 604671 -852363 744281
-961019 -316585 -961019 -729979
-672142 -168771 -672142 -177176
943531 23725 943531 557572
-906401 -947637 -906401 -666287
686233 -822316 686233 -725326
-687595 -35603 -687595 178508
349739 -421944 -289966 -421944
488564 521645 -338715 521645
-769989 -998681 -769989 -651530
317007 -830674 308994 -830674
608742 624637 608742 81940
-586098 16063 -586098 501938
950143 -177216 950143 185519
653918 -370809 653918 701744
-411722 -542799 317068 -542799
955926 818704 955926 -811607
-616141 555105 -616141 40973
-528990 -266849 -528990 -777108
-811794 -35093 -811794 174930
-539292 676992 -408699 676992
-788908 -55810 -820961 -55810
499828 912290 499828 8850
737453 171980 -639772 171980
135400 76333 135400 -162888
960529 200845 947378 200845
-404280 890446 -404280 876187
-739785 981846 -739785 -163178
432576 590062 432576 432941
897355 -923940 269912 -923940
64863 947771 -441249 947771
807763 900486 -494467 900486
726130 862313 432576 862313
934005 -336806 270436 -336806
-729529 -757482 -729529 2062
-546253 501938 -546253 4549
-484808 750274 -484808 616596
397511 857941 -625468 857941
-941851 -522966 -941851 -405335
-919673 -736869 -790006 -736869
467156 650346 119094 650346
-980285 -869293 -980285 94908
-476907 -107634 -539292 -107634
774644 636626 774644 819288
-516108 -177176 -672142 -177176
-415881 954272 -415881 -916188
-22148 868411 -401898 868411
930662 -441512 -99963 -441512
605378 935211 195708 935211
-392166 735025 208357 735025
-231554 520817 -231554 -888103
-201385 940603 -884223 940603
909182 -926487 -271036 -926487
371885 -784672 371885 -245015
330746 -138086 330746 702881
-516108 150204 -516108 -177176
-791394 -461090 -533498 -461090
-616141 -36640 875525 -36640
549419 -297779 549419 820114
-740100 812676 -740100 491339
349739 -185093 349739 -111198
124384 885965 124384 -289772
-920743 163356 -203139 163356
-139704 779191 870874 779191
-528990 965251 704256 965251
259906 825737 259906 -515256
-65918 -694740 639485 -694740
349739 -421944 349739 -185093
638469 -905387 -457668 -905387
-125298 856240 -644384 856240
-227473 298345 -227473 262199
-149249 -454896 -928918 -454896
952041 -547309 980337 -547309
64863 947771 109052 947771
-663491 -494715 -663491 -941625
464674 -228331 -217880 -228331
-636576 -874540 -320541 -874540
-289966 -421944 -289966 519463
-353631 -568130 -353631 -824595
-857877 -577990 -857877 -186962
-302466 595291 218979 595291
-320541 -842934 -320541 -874540
921677 945667 921677 14058
-462829 -265947 -462829 837787
-464190 -804168 -464190 347724
-767200 -879308 -767200 713789
-930551 973132 -930551 -180737
-125298 473653 -125298 856240
-865482 -539467 396295 -539467
-143357 556218 -276494 556218
322415 761838 322415 -874864
194968 981846 -739785 981846
523463 163356 523463 232496
-217880 702881 -217880 -228331
-778231 809164 -778231 -681216
-27800 -968488 172898 -968488
-528125 -383829 -528125 438123
-881859 905103 -917168 905103
-533498 926959 -533498 -461090
454158 -873780 -520766 -873780
-260224 789083 -260224 -920969
959095 359345 959095 389991
-918399 -296795 -918399 -748326
934005 710600 823542 710600
-887858 400569 -848968 400569
-881515 -350108 -881515 -477606
502486 297122 502486 658747
-821015 426690 -821015 66263
-22148 868411 -22148 -576885
135400 -916188 -415881 -916188
-700249 -466758 434484 -466758
83723 -855101 395627 -855101
-475754 -597100 -475754 713789
737422 906992 400871 906992
-925689 954272 -415881 954272
943531 23725 -401898 23725
326856 -670503 557093 -670503
124384 -479760 124384 -289772
-327589 -410371 -327589 -586705
-671006 945667 921677 945667
-887858 -757482 -729529 -757482
557093 -670503 557093 242792
-584432 -71084 -391092 -71084
-500279 271562 -353631 271562
766389 690336 -857877 690336
737422 411646 737422 -53689
972171 844951 42739 844951
813845 -576885 463348 -576885
-884223 940603 -884223 -104476
-809959 231906 -809959 -616467
538952 55119 538952 955294
-822273 -920969 -822273 557572
-828626 -335346 -888801 -335346
-260224 789083 -952048 789083
-909534 597482 823542 597482
715240 672498 -112283 672498
685029 440970 685029 -768123
-65918 -694740 -505624 -694740
691965 -297779 549419 -297779
-274889 920828 -274889 787266
-667795 -305531 364513 -305531
-443140 214185 -443140 752189
-219252 813437 -820961 813437
-252461 -534412 -252461 -874605
530621 496188 530621 -294479
804422 820767 786054 820767
-977580 608649 769855 608649
-475360 -545286 -475360 909370
769855 608649 769855 50437
549419 820114 813845 820114
-265678 573308 -41987 573308
-950164 -699875 -707728 -699875
-95831 791432 -95831 296961
184043 -879855 184043 -888103
801132 37834 647027 37834
-920743 -223596 -920743 133219
820288 -720590 820288 -681216
343252 14058 -629417 14058
848363 -579524 -219401 -579524
-293112 -330127 -293112 -977959
337916 -945482 337916 701540
962723 -862169 962723 -925857
-265678 573308 -265678 405087
569342 676992 569342 519110
-68310 394856 -68310 224641
754567 -42453 754567 519835
647027 37834 -416541 37834
801132 586022 801132 931092
379156 120825 379156 864750
289157 -294479 334505 -294479
854559 -547309 952041 -547309
119094 -405335 119094 650346
454158 -806901 454158 794650
-680936 941791 -691423 941791
-635135 496188 530621 496188
-227473 262199 -227473 16126
357552 105322 357552 -379533
322940 685699 322940 275090
-581211 -214331 -302354 -214331
77811 -941625 541951 -941625
-210992 974637 857611 974637
-544880 67643 -544880 -132224
-1157 -51746 366218 -51746
972171 385409 972171 844951
351240 793047 -199472 793047
-629417 55119 538952 55119
774385 101465 774385 -810932
294297 -681900 -161454 -681900
-222584 -672354 -476907 -672354
499938 855289 -534813 855289
330746 702881 52286 702881
573324 -274756 573324 -720590
-220165 360646 -220165 701826
-820961 -55810 -820961 813437
729009 692734 729009 109211
-11305 972272 -11305 -524555
-401898 23725 -401898 525202
42828 82937 737729 82937
-125298 473653 820241 473653
-335882 672052 -335882 -104540
-586098 501938 -546253 501938
-488048 735035 -488048 940700
-348572 920828 -348572 705976
431170 -859150 431170 -540237
711762 515453 711762 342411
-872288 -841169 966918 -841169
13273 926959 498030 926959
704256 -424658 -596788 -424658
-849067 137225 -386707 137225
-996924 672498 -996924 148535
927506 558840 927506 35126
-8024 283255 -8024 162726
-667795 -305531 -667795 -661412
-271036 -729979 -271036 -926487
397511 857941 397511 232496
-766386 -71277 -355307 -71277
897355 -270813 897355 -923940
-984245 171156 -984245 385409
959095 50437 776751 50437
667689 477047 667689 152457
-321734 -477606 -321734 860083
-520502 -370809 -520502 32352
-909534 597482 -909534 -996115
685029 440970 69252 440970
920459 -555507 847654 -555507
608742 624637 -617383 624637
-888998 -367412 -888998 28082
726155 -219199 726155 920065
-442873 -716946 -917168 -716946
-401898 868411 -401898 525202
-135710 82937 -135710 67725
728574 -945394 218979 -945394
-79560 548127 667689 548127
195708 141712 700001 141712
143702 360646 -220165 360646
-587103 -941625 -307091 -941625
966918 -841169 966918 280346
-996924 672498 -112283 672498
-111513 -709120 -698819 -709120
395627 -855101 395627 -53689
-348572 -504695 950143 -504695
766389 -594130 766389 -799337
642431 -577990 642431 860083
-601946 -17097 -601946 919305
-406244 -623278 -406244 -163178
337916 701540 409190 701540
804917 -880787 -811794 -880787
-353631 271562 -353631 -568130
536718 -132224 536718 718112
-375067 -265947 -375067 224641
-520502 792243 -1157 792243
-852363 -638975 -852363 557218
599701 80567 -997301 80567
-865482 -485755 -865482 -539467
820824 -35603 -687595 -35603
176365 -997654 -905570 -997654
313691 -681900 313691 117204
-774353 836332 -774353 -907824
463348 -576885 -22148 -576885
-231554 520817 204861 520817
-783894 864750 -783894 792312
-920273 83329 -920273 -811607
-920743 163356 -920743 133219
-857877 -186962 -857877 470881
-984245 -703921 440910 -703921
-534813 162726 -8024 162726
-858965 389991 41193 389991
-406244 -163178 -739785 -163178
-676328 -699875 857611 -699875
-821015 66263 -821015 -320454
715240 862636 -644384 862636
686233 -822316 499938 -822316
-932623 133721 -830797 133721
-791394 -461090 -791394 -70397
326856 -670503 326856 174930
897355 -270813 897355 -156967
802798 438123 802798 195565
-801250 -557403 488564 -557403
804422 269042 804422 820767
967963 514188 515750 514188
-830797 133721 -830797 548127
-444737 438123 -528125 438123
980879 972272 -11305 972272
-192107 -841023 -192107 -175482
-375067 224641 -222421 224641
-528990 -777108 819840 -777108
955926 818704 586662 818704
-457668 519835 -457668 -905387
-778231 -681216 820288 -681216
-684328 -174162 -684328 373260
-391092 -203011 -391092 -71084
140741 -495388 140741 -825767
608742 81940 356197 81940
807763 797670 -161454 797670
-505624 259986 -865363 259986
-484808 750274 -334151 750274
-780253 -590685 275728 -590685
552524 762482 502510 762482
-97098 -513058 -97098 -842934
-917168 -716946 -917168 189537
897355 357913 -411722 357913
443496 331416 714990 331416
-666947 -495972 960529 -495972
278495 -367412 -888998 -367412
-307804 518966 -307804 228518
29456 791432 -95831 791432
-244473 162407 29456 162407
-348572 920828 -274889 920828
960433 711675 892271 711675
-707728 -699875 -676328 -699875
-635135 496188 -635135 111276
107706 473428 107706 825737
-392166 -726634 -338715 -726634
-928918 -495388 140741 -495388
275728 840952 758602 840952
369957 -653089 369957 681030
85644 -515256 -584432 -515256
801132 931092 -470385 931092
-671006 945667 -671006 281604
-950164 149193 -950164 -217784
91939 341241 91939 918015
770326 67643 770326 -709120
-906401 -287251 11108 -287251
642431 860083 -321734 860083
502510 -513058 -1273 -513058
892271 711675 892271 473340
124384 885965 307687 885965
396295 -716946 396295 -539467
557093 242792 557093 959570
211847 890446 691965 890446
335022 528944 -818464 528944
-441744 -588979 -441744 761913
273569 -968488 273569 -547309
-930551 -180737 317068 -180737
211709 392503 211709 918403
-862411 -294479 289157 -294479
-416541 -862 -416541 37834
-453877 -773998 152352 -773998
-911262 -986773 -911262 -811256
-844418 41532 -844418 974637
-338715 -726634 -338715 521645
886806 -599500 933159 -599500
-500279 -110569 -500279 271562
758574 344016 -537629 344016
-997301 80567 -997301 -472269
813845 820114 813845 -576885
262450 934876 -296443 934876
943531 557572 -822273 557572
-739038 -688070 445009 -688070
-441249 182709 -441249 947771
-391092 -545286 -391092 -203011
464674 -228331 464674 518966
-1267 -226621 -1267 -545463
-613559 -586705 -327589 -586705
317007 179304 -862411 179304
-1267 -874864 -1267 -545463
-488048 940700 599701 940700
-143357 556218 804917 556218
530621 -294479 334505 -294479
930662 -597100 880665 -597100
176365 -500061 176365 -88775
-780253 -653572 -780253 -590685
-788908 -55810 -788908 -982375
-201385 940603 886806 940603
-925689 -873780 -925689 954272
967963 129857 -131263 129857
820288 -720590 573324 -720590
-935464 -35250 551348 -35250
869116 -407560 -790006 -407560
267680 432941 432576 432941
-189811 791206 314298 791206
-698819 626006 651071 626006
46022 -667461 820465 -667461
-296443 691551 -296443 934876
-709922 846606 -709922 120035
774385 101465 -666947 101465
980337 280346 966918 280346
-97098 -842934 -320541 -842934
-158915 -830674 308994 -830674
450040 874618 450040 500914
-192107 217085 -192107 -175482
-728903 214185 -728903 260635
686233 -350108 686233 -725326
720934 964759 845752 964759
-222584 -672354 -222584 -538333
-49746 -817483 -601946 -817483
-391092 -545286 -475360 -545286
176365 -997654 176365 -500061
294464 -940093 -935014 -940093
597935 435789 937435 435789
-980285 94908 -980285 587016
-887858 -757482 -887858 400569
-827870 129857 -827870 -505438
866926 761838 866926 433265
-265678 405087 -888801 405087
-809959 231906 -809959 616596
-539292 -107634 -539292 676992
573324 -274756 409190 -274756
-987103 -855101 -987103 -191624
-578247 -603897 -578247 297122
515750 514188 515750 269042
-976303 412421 775467 412421
-909534 -996115 960433 -996115
152620 -395150 445009 -395150
758602 -817483 -49746 -817483
454158 794650 259242 794650
766389 -799337 -997738 -799337
-862411 -294479 -862411 179304
-168992 440970 -656592 440970
-546253 4549 -732502 4549
-605938 -685571 -605938 -859360
-327589 -410371 605378 -410371
788993 -640618 802798 -640618
-475754 713789 -767200 713789
-427479 924243 -427479 779191
218979 -945394 218979 595291
-581211 -998681 -581211 -214331
653918 701744 348227 701744
351240 16126 351240 242988
981823 120825 981823 -494715
-534813 162726 -534813 855289
262450 934876 262450 357305
754567 -661412 -667795 -661412
-629417 14058 -629417 55119
37009 163356 523463 163356
440910 -862 440910 -703921
-849067 -472269 -849067 137225
632474 -773998 632474 -466758
804917 -880787 804917 -687767
-827870 129857 -131263 129857
-340679 433265 -935014 433265
-732502 35126 927506 35126
-353631 -941472 -385779 -941472
-21260 -951454 107706 -951454
-276494 556218 -276494 918403
826746 -638975 826746 917989
-984245 -703921 -984245 171156
-819607 962916 -787101 962916
928969 355365 928969 672052
-994624 593090 -865482 593090
737729 844273 -755383 844273
711762 969982 711762 515453
-911262 -637794 -911262 -811256
804917 155129 804917 -687767
-296443 587016 -296443 691551
262450 81940 262450 357305
619913 260635 -728903 260635
-154291 -992231 667689 -992231
-168992 440970 69252 440970
-375067 -265947 -462829 -265947
176365 -88775 870874 -88775
-666947 -495972 -666947 101465
690173 438123 -444737 438123
-154291 -63966 -154291 -992231
937435 -356161 937435 435789
191626 -804168 -464190 -804168
322940 275090 -636576 275090
-38184 -223596 -920743 -223596
848363 833129 -207138 833129
-222421 224641 -68310 224641
-818464 392503 -818464 528944
-242354 978509 -242354 -748326
-533498 926959 4316 926959
-983024 -104476 -884223 -104476
-302354 -214331 -302354 76333
151580 -516614 -528125 -516614
499938 -822316 499938 855289
-997301 -472269 -849067 -472269
-569697 148535 -569697 -269578
714990 109211 714990 331416
-892054 -386825 492444 -386825
619913 260635 619913 519110
-930551 973132 -469797 973132
-783894 792312 -783894 -270042
-11305 -524555 -887735 -524555
-115063 701826 -220165 701826
-776991 174930 326856 174930
-222584 -538333 899640 -538333
107706 -951454 107706 473428
754567 519835 -457668 519835
461579 911637 461579 296961
960433 494625 960433 711675
-348572 -504695 -348572 705976
-977580 718112 536718 718112
-928918 -495388 -928918 -454896
267680 -223596 267680 432941
-528125 -516614 -528125 -383829
-494467 832642 -158915 832642
330746 -673891 330746 -138086
-192107 -986773 -192107 -841023
-670285 -379533 -670285 930965
980879 -874605 -252461 -874605
270436 -336806 -335882 -336806
-532251 -947637 -906401 -947637
-159390 -155419 -159390 -879308
819840 127531 819840 -777108
259242 794650 -943654 794650
-159390 426690 -821015 426690
-755383 -579524 -755383 844273
275728 -590685 275728 -67088
-961019 -729979 -271036 -729979
-154291 -63966 -154291 850538
-687595 917989 -687595 178508
-709922 120035 -709922 -446619
801132 586022 801132 37834
452551 355365 -819607 355365
152620 -395150 152620 974355
-302466 701744 -302466 595291
748877 120825 981823 120825
179311 -968488 172898 -968488
847654 -555507 194968 -555507
443496 331416 443496 -534412
704256 -424658 704256 965251
-907536 919305 -601946 919305
-392166 735025 -392166 -199342
950143 892903 774644 892903
-932623 -977959 -932623 133721
950143 892903 950143 185519
211709 918403 -276494 918403
-887735 974355 152620 974355
980879 972272 980879 -874605
-920273 113798 -920273 83329
-977580 608649 -977580 718112
-475754 -597100 -429670 -597100
-97098 -513058 -1273 -513058
-828626 -335346 791443 -335346
-50077 930965 -670285 930965
357552 -379533 -670285 -379533
-906401 -414717 -906401 -287251
-987103 -855101 83723 -855101
124384 -962270 124384 -479760
-447264 -473259 587277 -473259
-811794 -35093 -811794 -880787
-578247 297122 502486 297122
-494467 900486 -494467 832642
-149249 555105 -149249 -454896
690173 438123 802798 438123
349739 846606 -709922 846606
-932623 -977959 -293112 -977959
-406244 -623278 143702 -623278
184043 -888103 -231554 -888103
-983024 -104476 -983024 -951454
556741 342411 711762 342411
788993 -504985 -447264 -504985
160 -12359 -907536 -12359
67343 -927945 67343 41532
492444 228518 492444 -386825
-950164 149193 -950164 920065
720934 -588979 720934 964759
700001 -320454 -10316 -320454
-386707 137225 -240794 137225
-872288 -179986 -872288 -841169
679884 -871051 679884 -637794
322415 761838 866926 761838
-672142 -168771 -672142 -135037
930662 -441512 930662 -597100
937435 -356161 937435 -945482
275728 -67088 275728 840952
-1267 -226621 208357 -226621
-307804 518966 464674 518966
-267858 -421059 -267858 -673700
-911262 -986773 -192107 -986773
498030 926959 498030 809164
737422 411646 737422 629834
-905570 -997654 -905570 752189
-791394 -70397 -791394 745206
314298 -825767 314298 791206
-29218 -673891 -29218 400569
-961019 -316585 -244473 -316585
-892054 -344134 231326 -344134
-596788 373260 -596788 -424658
-578634 -637794 679884 -637794
297984 917989 826746 917989
737422 -53689 489887 -53689
-625468 -962270 -625468 857941
-617383 818704 -617383 624637
-50077 930965 444652 930965
980337 -547309 980337 280346
928969 672052 -335882 672052
-605938 -859360 -639772 -859360
-639772 -242690 -639772 -859360
820465 412421 820465 -667461
13273 926959 4316 926959
899640 750274 -334151 750274
-470385 931092 -470385 -17265
-596788 373260 -684328 373260
866926 433265 528921 433265
-994624 685699 -994624 593090
-980285 587016 -296443 587016
-608025 117204 -739038 117204
599701 80567 599701 940700
317068 -542799 317068 -180737
-41987 898685 -41987 573308
-687595 917989 297984 917989
819840 127531 638469 127531
-656592 440970 -656592 -871051
-27800 -3607 -27800 -415345
-8993 385409 -984245 385409
-516108 898685 -516108 885173
552524 283255 552524 762482
77811 -941625 -307091 -941625
-408699 676992 569342 676992
450040 -457289 450040 500914
-476907 -672354 -476907 -107634
-907536 607614 -907536 919305
-116815 -370809 653918 -370809
870874 779191 870874 -88775
231326 792997 -791394 792997
-628959 341241 -628959 -844816
-830797 548127 -79560 548127
788993 -504985 788993 -640618
-919673 833129 -919673 -736869
-520502 -370809 -264256 -370809
461579 911637 -966668 911637
184043 8850 499828 8850
-534145 791206 -189811 791206
-1157 -51746 -1157 792243
758602 -817483 758602 840952
-801250 874618 -801250 -557403
-881515 -350108 686233 -350108
-613826 -3607 -613826 692734
443496 -534412 -252461 -534412
820824 -35603 820824 -673700
869116 -407560 869116 -540237
-537629 344016 -537629 658747
-737488 959570 -737488 -233901
-488048 735035 -488048 -55527
-520502 792243 -520502 32352
557093 959570 -737488 959570
278495 850538 -154291 850538
356197 81940 262450 81940
541951 -500744 -952048 -500744
-601946 -511626 -601946 -17097
845752 964759 845752 930965
-644384 856240 -644384 862636
-565801 -862169 -565801 -773998
-584432 -71084 -584432 -253483
-786643 298345 -227473 298345
-997738 -603897 -578247 -603897
269912 -150205 269912 -274827
-976303 794650 -976303 412421
46022 435789 597935 435789
854559 -547309 273569 -547309
737453 -810932 737453 171980
-21260 -951454 -983024 -951454
770326 -709120 -111513 -709120
-698819 -709120 -698819 626006
-416541 -862 -239600 -862
-801250 874618 450040 874618
807763 797670 807763 900486
161987 182709 161987 -215666
-447264 -473259 -447264 -504985
213286 813437 -219252 813437
307687 -191624 -987103 -191624
499828 912290 -192107 912290
769855 50437 776751 50437
492444 228518 -307804 228518
-810896 -479615 -810896 67725
-775444 -466758 -700249 -466758
502486 658747 -537629 658747
728574 -211175 -614737 -211175
467156 180383 467156 -282605
-528990 -266849 -528990 965251
473992 -179986 -366174 -179986
774644 819288 774644 892903
503288 -479615 503288 -651530
-628959 341241 91939 341241
-827870 -790416 -827870 -505438
-966668 787266 -274889 787266
143702 -623278 143702 360646
-766386 113798 -920273 113798
728574 -211175 728574 -945394
135400 76333 -302354 76333
161987 182709 -441249 182709
-225708 -869293 -980285 -869293
-848968 400569 -29218 400569
191626 -242646 191626 473340
775467 412421 820465 412421
920459 -555507 920459 87307
-966668 787266 -966668 911637
921520 -287251 11108 -287251
-775444 836332 -774353 836332
-411722 -29665 -411722 357913
823542 597482 823542 710600
541951 -790274 541951 -941625
-811794 174930 -776991 174930
208357 394146 208357 -226621
-443140 214185 -728903 214185
-791394 745206 -791394 792997
204861 -784672 204861 520817
667689 548127 667689 477047
-857877 690336 -857877 470881
-321734 -477606 -881515 -477606
-680936 941791 875525 941791
349739 -111198 349739 846606
-952048 789083 -952048 -500744
921520 -219199 726155 -219199
960529 200845 960529 -495972
381431 978509 791443 978509
-267858 -421059 -614737 -421059
960433 -996115 960433 494625
322940 685699 -994624 685699
41193 389991 959095 389991
-8024 283255 552524 283255
791443 -335346 791443 978509
-411722 -542799 -411722 -496123
194968 981846 194968 401631
-739038 117204 -739038 -688070
-27800 -3607 -613826 -3607
-469797 -219192 -199472 -219192
191626 -242646 191626 -270411
-569697 148535 -996924 148535
-242354 -748326 -918399 -748326
307687 -191624 307687 885965
-159757 -862 440910 -862
-532251 637628 -532251 -947637
967963 514188 967963 129857
668486 947771 109052 947771
301716 200845 947378 200845
-240794 266760 -240794 137225
587277 578817 366218 578817
-158915 -830674 -158915 832642
691965 -297779 691965 890446
-99963 -441512 -204245 -441512
668486 528944 335022 528944
-766386 -71277 -766386 113798
-790006 -736869 -790006 -407560
231326 -344134 231326 28057
-404280 -790416 -827870 -790416
802798 -640618 802798 195565
921677 14058 343252 14058
-353631 -941472 -353631 -824595
135400 -916188 135400 -162888
-691423 534081 669678 534081
-462829 837787 90586 837787
-857877 -577990 642431 -577990
909182 396660 909182 414134
-819607 962916 -819607 355365
737729 82937 737729 844273
556741 -198102 556741 342411
-881859 905103 -881859 -282605
-906401 -666287 -906401 -414717
962723 -862169 -565801 -862169
-858965 389991 -878604 389991
-601946 -511626 -601946 -817483
-520766 -873780 -925689 -873780
381431 978509 -242354 978509
259906 -515256 85644 -515256
-783894 -457289 -653654 -457289
587277 578817 587277 -469561
-822273 -920969 -260224 -920969
467156 650346 467156 180383
-244473 -124974 -244473 -316585
857611 -699875 857611 974637
473992 -17265 473992 -179986
52286 702881 -217880 702881
-544880 -132224 536718 -132224
933159 -599500 933159 -516614
-392166 -199342 -392166 -726634
-149249 555105 -616141 555105
-810896 -479615 503288 -479615
369957 -653089 90586 -653089
337916 -945482 937435 -945482
587277 -469561 587277 -473259
-617383 818704 586662 818704
551348 44566 551348 757404
-29218 -673891 330746 -673891
886806 940603 886806 -599500
975430 -150205 269912 -150205
528921 433265 -340679 433265
-366174 -179986 -872288 -179986
-225708 -869293 -225708 637628
632474 -773998 152352 -773998
848363 833129 848363 -579524
950143 -504695 950143 -177216
-755383 -579524 -219401 -579524
371885 636626 774644 636626
151580 -516614 933159 -516614
-239600 -862 -159757 -862
845752 930965 444652 930965
-888998 28082 -888998 909370
371885 -245015 371885 636626
119094 -405335 -941851 -405335
42828 82937 -135710 82937
-411722 -496123 -411722 -29665
-404280 890446 211847 890446
-581211 -998681 -769989 -998681
-810896 67725 -135710 67725
107706 825737 259906 825737
-442873 -716946 396295 -716946
-844418 41532 67343 41532
204861 -784672 371885 -784672
-767200 -879308 -159390 -879308
-786643 -941472 -385779 -941472
-586098 16063 886012 16063
880665 -597100 -429670 -597100
-115063 955294 -115063 701826
-769989 -651530 503288 -651530
454158 -873780 454158 -806901
-852363 604671 -852363 557218
-427479 924243 213286 924243
-691423 941791 -691423 534081
-613559 -586705 -613559 -446619
875525 941791 875525 -36640
-809959 616596 -484808 616596
294464 -174162 -684328 -174162
758574 969982 711762 969982
-608025 117204 313691 117204
-244473 -124974 -244473 162407
-628959 -844816 669678 -844816
294297 -681900 313691 -681900
-293112 -330127 153016 -330127
714990 109211 729009 109211
-404280 876187 -404280 -790416
-887735 -524555 -887735 974355
-852363 744281 -865363 744281
-289966 519463 153016 519463
-210992 974637 -844418 974637
113480 -925857 962723 -925857
-500279 -110569 -878604 -110569
-783894 864750 -442435 864750
605378 935211 605378 -410371
113480 -135037 113480 -925857
-888998 909370 -475360 909370
269912 -274827 269912 -923940
-534145 -768123 -534145 791206
191626 -270411 191626 -804168
-161454 797670 -161454 -681900
124384 -962270 -625468 -962270
729009 692734 -613826 692734
-740100 394856 -68310 394856
467156 -282605 201116 -282605
488564 -557403 488564 521645
267680 -223596 -38184 -223596
679884 -871051 211517 -871051
-935464 617338 136122 617338
-614737 -211175 -614737 -421059
-505624 259986 -505624 -694740
726130 681030 369957 681030
-584432 -515256 -584432 -253483
-1267 -874864 322415 -874864
726130 862313 726130 681030
314298 -825767 140741 -825767
-672142 -135037 113480 -135037
357552 105322 820241 105322
-663491 -941625 -587103 -941625
-935464 -35250 -935464 617338
758574 969982 758574 344016
899640 750274 899640 -538333
-905570 752189 -443140 752189
213286 924243 213286 813437
-204245 -441512 -569697 -441512
160 200845 160 -12359
-821015 -320454 -10316 -320454
-636576 -874540 -636576 275090
-917168 189537 -917168 905103
-635135 -233901 -635135 111276
409190 701540 409190 -274756
-892054 -386825 -892054 -344134
551348 44566 551348 -35250
-207138 833129 -919673 833129
37009 163356 -203139 163356
195708 935211 195708 141712
-565801 -773998 -453877 -773998
-852363 -638975 826746 -638975
748877 120825 379156 120825
-159390 426690 -159390 -155419
-997738 -799337 -997738 -603897
-786643 298345 -786643 -941472
-442435 864750 379156 864750
909182 757404 551348 757404
909182 757404 909182 414134
-780253 -653572 364513 -653572
431170 -540237 869116 -540237
-516108 885173 -516108 150204
153016 -330127 153016 519463
-116815 -370809 -264256 -370809
700001 -320454 700001 141712
-918399 -296795 -918399 -198102
194968 401631 194968 -555507
-709922 -446619 -613559 -446619
934005 -336806 934005 710600
-199472 -219192 -199472 793047
231326 792997 231326 28057
-775444 836332 -775444 -466758
400871 906992 400871 -685571
892271 473340 191626 473340
-950164 -699875 -950164 -217784
-115063 955294 538952 955294
294464 -940093 294464 -174162
-783894 -457289 -783894 -270042
-27800 -415345 -27800 -968488
