1000
-961158 -724863 -961158 918437
705221 -771993 705221 -666307
-912257 959648 -912257 -552435
422699 -87081 422699 -912104
649168 -323040 649168 -985161
-100552 -504188 -797708 -504188
961484 -212177 737990 -212177
-259946 810606 558220 810606
664630 -498040 664630 -267123
-914852 -865007 -321954 -865007
-911277 -85371 -911277 -470103
-935415 -374287 585678 -374287
-12771 345196 -410262 345196
-510271 -813786 -197285 -813786
-547843 -97392 -544709 -97392
-854064 879170 964526 879170
-558820 -265940 -558820 -771993
898430 680701 898430 -844835
737990 -963672 -89207 -963672
776637 -457579 327591 -457579
960977 119001 960977 918344
175639 689177 -786491 689177
-644553 -167907 -644553 884267
-136449 -988121 -136449 796655
409481 -188355 409481 -637260
-835981 814575 -835981 755549
591900 -924503 591900 -267123
-562233 -985161 -562233 -932154
253722 149415 253722 -362180
951023 643493 311479 643493
-457162 979500 217412 979500
-172423 986023 313881 986023
-560109 401204 -935858 401204
728481 -552435 849952 -552435
589169 986888 589169 903671
878 -785218 -697729 -785218
101731 210131 101731 -49522
897920 -978300 964526 -978300
-504562 -182067 979083 -182067
-753559 -96681 -910168 -96681
437121 645455 437121 -164136
840295 551044 873500 551044
-682186 363267 582627 363267
-15569 764876 206765 764876
-530966 -814261 -566941 -814261
409481 -637260 -304141 -637260
311793 -60184 860844 -60184
727686 -261477 727686 76077
966280 623532 213887 623532
164418 -233238 164418 -222045
-897294 -677651 733708 -677651
828945 30939 828945 -640752
770409 -234258 770409 353761
846539 351674 846539 -768795
-706670 973235 -706670 -154354
-16543 221384 367007 221384
-244876 974127 -630042 974127
-502956 -646084 400750 -646084
535163 41664 -897294 41664
400750 417652 772929 417652
-978328 26758 -445336 26758
771348 883883 378046 883883
154979 931495 861433 931495
-555709 -640901 -555709 725726
873587 872992 873587 266671
-915915 -180197 -915915 -865007
-985574 810777 471011 810777
-314012 -773444 -314012 801459
734948 869567 -454327 869567
805617 502733 805617 614524
-209511 551044 -209511 364781
833144 -746204 833144 -407513
-29891 825452 -597629 825452
944075 -557138 944075 -220206
-512150 608603 -325789 608603
860844 922183 408745 922183
-461256 950399 -461256 -284392
487895 -145161 487895 991133
-422548 -771993 -558820 -771993
-3553 101567 -3553 -49612
-406327 444352 71533 444352
-821139 166315 -821139 689207
995452 -504188 995452 -384704
860844 922183 860844 -60184
331251 -458425 -95564 -458425
849890 15077 849890 -646528
803560 335964 938270 335964
-925937 820805 -153834 820805
859845 -563673 260489 -563673
616596 614524 616596 902864
-695938 -885295 42204 -885295
727686 -261477 602839 -261477
-681166 -143938 -681166 683929
-906287 -563673 -906287 590145
-950713 356546 -950713 -135581
467053 106232 467053 284826
-335231 -561148 -696644 -561148
696102 -282757 696102 -811766
-919997 752203 -919997 11191
-899299 461632 -970602 461632
255516 -704649 255516 793267
75220 -505700 -903957 -505700
495571 -998321 495571 -445894
-189037 918344 960977 918344
737990 -963672 737990 -212177
-776016 -659046 -776016 -268720
711541 -390968 711541 -324738
405978 -604083 405978 -38015
71533 796655 -136449 796655
593970 -396979 593970 488468
495571 231081 -12021 231081
873587 872992 -333319 872992
306899 811774 603449 811774
-461070 360353 -803011 360353
-880278 332567 378425 332567
-746795 90956 -746795 482925
951023 544268 290177 544268
424924 856393 424924 -733452
599226 -166467 587053 -166467
-677065 676396 -677065 -724378
-485785 643493 -485785 -167907
421881 -49612 630280 -49612
-390805 925163 -390805 571172
-512150 608603 -512150 -843068
505545 132916 -464391 132916
256773 -400296 966280 -400296
-703006 496187 -278903 496187
898430 -844835 356217 -844835
532761 -985161 649168 -985161
-908151 237921 -908151 727141
-430681 -811766 -944272 -811766
-904694 876135 -904694 138905
-897294 41664 -897294 -188261
-905386 -961715 581559 -961715
-89975 -42124 -396102 -42124
593200 -926308 479236 -926308
-121547 727141 -908151 727141
-727735 311911 -757371 311911
-54168 -435965 -151622 -435965
540215 440247 540215 -724378
-873287 374906 -873287 -131810
-915915 -865007 -914852 -865007
319384 551044 -209511 551044
-64491 328163 -955990 328163
803453 4895 656535 4895
-81541 -906267 807278 -906267
-197285 841829 139649 841829
-141209 -29038 -141209 514597
-803011 39064 -803011 360353
250717 -356172 393555 -356172
118372 520713 422699 520713
765923 -945065 765923 882754
943790 -370958 943790 -906267
731974 -557138 944075 -557138
367108 843151 367108 488468
339150 -96681 199814 -96681
49740 -954204 49740 -369127
-151622 750278 946094 750278
-48558 -587420 -48558 -54670
-239738 669402 206893 669402
-15569 223420 -15569 764876
209219 167440 209219 -638368
-488961 -574631 -488961 -12300
-512064 -806201 -512064 726229
-310177 129813 -310177 457652
-950713 684469 -950713 872992
363580 697517 363580 825452
-689562 4895 -980263 4895
-89975 -42124 -89975 -430888
-344771 -883599 -461256 -883599
-947180 -252441 -947180 789239
-348035 -746204 833144 -746204
591580 430671 591580 876135
-707486 -131810 -276429 -131810
422699 -87081 422699 520713
660784 -374287 660784 -360485
-574852 527259 101981 527259
356217 -844835 312227 -844835
160142 861573 160142 -379680
-910168 -96681 -980698 -96681
564111 351674 564111 -985161
315911 650213 315911 137358
997490 901774 997490 577477
897920 -219626 897920 -978300
-649730 97777 -209667 97777
654097 100165 654097 -27204
312227 17420 312227 902864
-925937 -504188 -925937 553835
966280 -400296 966280 623532
861433 313453 228361 313453
580782 122550 745983 122550
943790 918437 943790 -370958
-30296 650213 -48558 650213
393555 690534 393555 -356172
-728478 -895817 -215996 -895817
662594 -182121 35229 -182121
8600 -806749 -792867 -806749
-299764 -280098 882929 -280098
-351319 856393 -348652 856393
-624183 -658639 -975197 -658639
120578 -740625 120578 -234761
471011 810777 471011 -827420
-258154 566312 -258154 547673
728273 -404692 306899 -404692
-335231 726466 -335231 -561148
603449 811774 603449 -560063
101731 210131 -831696 210131
878 931367 -663057 931367
515594 235077 -970617 235077
-488961 -12300 -283947 -12300
-911277 973235 -706670 973235
311793 -60184 311793 199728
-464391 -331460 -464391 132916
-697339 -234761 120578 -234761
-396102 -42124 -396102 -546067
11459 -873726 730997 -873726
86699 -154354 -697796 -154354
795504 514464 -504562 514464
652097 -505700 75220 -505700
-980698 -96681 -980698 -222045
964526 -333441 964526 -978300
-975197 122550 -975197 -658639
295201 332378 295201 619287
903474 613080 903474 784303
842309 -362180 842309 273609
-134737 -308613 346761 -308613
906057 796334 906057 -992836
-762842 725726 -880278 725726
714989 4314 714989 -535913
-348035 -746204 -348035 237921
540215 440247 -304141 440247
511803 89363 511803 -202110
515594 -964766 -457162 -964766
378425 -708324 -298554 -708324
714989 4314 379822 4314
254160 -798563 239296 -798563
-197285 -813786 -197285 841829
208428 -282757 208428 -589272
815909 -712189 979083 -712189
209219 -638368 -998168 -638368
527 -579402 527 -970278
-290731 -284034 58488 -284034
-985574 -202110 511803 -202110
-699144 221384 -699144 -360485
345153 905912 345153 487971
-803011 -842711 -803011 39064
-202279 496187 -248574 496187
-390805 -959097 -903957 -959097
-792867 94013 -792867 -806749
182386 -276716 182386 15207
728481 -552435 -10171 -552435
383682 410117 383682 496187
-97916 157495 875120 157495
-520731 148618 279330 148618
-814557 633314 -814557 932983
664630 -267123 591900 -267123
599226 -85031 599226 -166467
409481 396332 409481 -188355
-457346 341769 -831696 341769
-935415 457652 -766164 457652
379822 311911 -503457 311911
123309 280508 123309 -404953
-224579 578550 -224579 266671
-138526 -572758 394477 -572758
527 -579402 527 99827
318912 265434 318912 -906796
-688302 -707473 -957479 -707473
677167 -62304 677167 -998700
728273 -252441 -947180 -252441
-665446 -557138 731974 -557138
515594 -964766 515594 235077
-456182 -594667 -456182 223420
290177 544268 290177 -787478
771348 396133 771348 883883
8600 789239 8600 605124
-688302 -204812 -688302 -707473
-822416 -991959 -830979 -991959
-880278 424792 -880278 332567
-873287 374906 997490 374906
-304141 -637260 -304141 440247
-814557 -240999 -814557 -269073
-121547 727141 -121547 -278347
944130 -309137 944130 -339256
-801679 310875 -801679 -149391
256773 372327 256773 405691
323714 929981 323714 697517
401695 409346 978872 409346
658789 -834448 658789 273561
964431 -307552 198195 -307552
-323770 814575 -835981 814575
-944272 310875 -944272 -811766
-125744 -90898 -122947 -90898
-948501 711491 -948501 876208
-430681 -811766 696102 -811766
251996 676396 -677065 676396
-812303 884267 -644553 884267
881538 -61098 881538 -540000
-81541 -906267 -81541 -399560
-340873 906594 -970602 906594
-566941 -85031 479097 -85031
772887 993065 405978 993065
828945 529313 828945 30939
-439104 132240 -569499 132240
652097 -505700 652097 784303
252810 -171603 252810 -604083
-919997 -498040 -919997 11191
529191 449444 529191 86320
951023 544268 951023 643493
392543 818841 392543 -180197
487895 -145161 487895 -808933
558220 810606 558220 987502
-162374 -27204 -162374 -988873
331251 20814 331251 -458425
76540 414285 -299764 414285
-141970 793267 -10635 793267
-950713 684469 -950713 356546
-314012 801459 182386 801459
-630042 974127 -630042 580302
-258154 950911 -351319 950911
-980263 -307401 -221180 -307401
563029 376329 563029 711491
-525241 101567 -926304 101567
-520731 148618 -520731 -67090
319384 551044 615983 551044
-777216 -890186 356874 -890186
-569499 132240 -569499 152428
863250 129813 863250 -773444
979083 -712189 979083 -266407
-541006 645455 437121 645455
467053 950399 467053 284826
-679785 280508 -167456 280508
677167 36067 677167 -62304
58488 332378 295201 332378
-325789 -752325 809228 -752325
946094 -582189 946094 750278
986575 726466 -335231 726466
770409 353761 770409 466544
-837171 328972 -93290 328972
-975197 122550 580782 122550
-649730 97777 -649730 514597
630280 -932154 630280 -49612
-697729 935324 -697729 17496
-498399 -511421 -134737 -511421
42204 -885295 42204 -546067
-574852 -560063 603449 -560063
-136449 -988121 175933 -988121
8600 789239 -947180 789239
790446 986023 446337 986023
-134737 -511421 -134737 -308613
-344771 56977 944130 56977
-574852 -560063 -574852 -100958
356874 -584939 356874 -890186
-957479 273561 -957479 -707473
-941257 -447395 -941257 590417
978872 -906088 978872 409346
379822 4314 379822 311911
346761 -308613 346761 999870
-130641 335188 -130641 619287
-925937 -504188 -797708 -504188
898102 146840 898102 -461551
-970617 235077 -970617 328163
297149 99827 897920 99827
-54168 -503339 -276429 -503339
405978 -604083 252810 -604083
736820 613080 -812303 613080
-512324 689207 -821139 689207
60621 -515843 60621 -857386
-903957 -505700 -903957 -959097
790446 -790012 790446 986023
487895 -808933 -635601 -808933
-369263 -461551 898102 -461551
-162374 -988873 345153 -988873
367007 925163 -390805 925163
589169 69268 589169 903671
-897294 -639653 -897294 -188261
-906287 836581 -337163 836581
-406327 430671 591580 430671
-344771 56977 -344771 -883599
-900341 -745609 -900341 664678
840295 551044 615983 551044
-325789 608603 -325789 -738386
394065 680701 394065 -49522
649195 101386 649195 496700
-118812 537710 805761 537710
392543 -180197 39726 -180197
829900 404998 383471 404998
-91245 -61098 881538 -61098
654097 100165 654097 743503
-663057 590862 -663057 931367
297149 99827 527 99827
906057 -992836 -259946 -992836
123309 280508 -167456 280508
754011 -292981 754011 -712189
828945 -687169 828945 -640752
-957479 273561 658789 273561
-541545 -339256 -541545 578550
-290731 -77969 -703006 -77969
-597629 953600 -597629 825452
730997 986888 589169 986888
511803 89363 511803 137907
378425 -708324 378425 332567
-950713 872992 -333319 872992
21480 -924462 21480 -264453
87619 -954204 582627 -954204
662594 -182121 662594 980928
-574852 -100958 -574852 527259
254160 -798563 254160 -587350
251996 -444246 251996 -458441
-821659 376329 563029 376329
209219 167440 209219 409346
-304377 -906088 978872 -906088
-48558 -873726 -48558 -587420
776637 149415 253722 149415
654097 743503 -764575 743503
-476527 953600 -597629 953600
-679785 280508 -679785 -276716
-64491 328163 -64491 -167569
438205 -634844 438205 541985
-475138 683929 -475138 879906
-544709 951381 -223541 951381
-95564 -991959 -95564 -458425
-580755 449444 -483995 449444
-926304 -857386 -88372 -857386
437121 -164136 109855 -164136
239296 -750990 239296 -798563
727686 76077 727686 396332
-925937 820805 -925937 553835
-118812 232082 -935216 232082
254160 -587350 254160 -390968
57562 410117 383682 410117
-907593 980928 190363 980928
849952 545750 793069 545750
71533 796655 71533 444352
-905386 -961715 -905386 520713
-202279 496187 383682 496187
-688302 547673 -688302 -204812
540215 -724378 -498414 -724378
363580 697517 323714 697517
-697729 -348878 -697729 -785218
-537204 -970177 -537204 146840
-445336 -540000 -445336 26758
599592 -46499 400547 -46499
-118812 537710 -118812 232082
585678 -374287 660784 -374287
-125744 -90898 -552022 -90898
-489678 922183 -489678 720492
-439104 496700 -439104 475538
-390805 -959097 -390805 571172
-209667 502733 401180 502733
772887 -843068 -512150 -843068
772887 993065 772887 -843068
-244876 -544357 -244876 974127
-485785 643493 311479 643493
-830979 886669 261899 886669
574181 328972 574181 -499168
-948501 711491 563029 711491
-804943 -745609 -804943 -906796
-48558 -873726 11459 -873726
992478 592429 992478 173475
-998168 -576804 -698330 -576804
-911277 -470103 -911277 -768795
-112721 -90898 -112721 137907
255516 793267 -10635 793267
873500 -584939 708943 -584939
198830 -96681 125802 -96681
-457162 -501881 -457162 34065
875120 157495 911203 157495
703608 246077 703608 -220206
-138526 -814261 -530966 -814261
-503457 311911 -727735 311911
986575 -247791 986575 271902
670035 206484 670035 -278347
-569499 173475 -569499 152428
809228 86320 529191 86320
274312 -940091 -773262 -940091
829900 288478 829900 404998
986575 271902 986575 726466
182386 15207 182386 801459
182506 -27204 654097 -27204
-878997 261578 -878997 78345
60621 -515843 60621 492042
-981080 -95509 -981080 929981
793069 -96681 793069 545750
593970 488468 367108 488468
-369263 -461551 -369263 822307
274312 78345 -878997 78345
-498399 -444596 -498399 -430294
-670244 -329739 -670244 541985
-766164 457652 -310177 457652
-525241 101567 -3553 101567
331251 336419 331251 20814
313713 4895 -689562 4895
-141209 -29038 730928 -29038
139649 841829 139649 152146
-494578 -233238 -494578 935324
602839 -261477 602839 102669
599226 -85031 479097 -85031
911203 -940088 911203 -786291
961484 -212177 961484 -269073
-494578 935324 -697729 935324
306899 -404692 306899 811774
-475138 987502 -475138 879906
-48558 -54670 -48558 650213
805761 -974429 774044 -974429
803560 -262706 803560 335964
-692013 231081 -692013 14106
17159 579340 17159 689207
-248190 -998321 495571 -998321
-552022 -90898 -552022 93766
630280 -932154 -562233 -932154
228361 396133 228361 313453
57562 -164136 109855 -164136
-321954 -865007 -321954 861573
795504 -331460 795504 514464
-510271 -813786 -886511 -813786
-82747 -307552 198195 -307552
-348652 856393 424924 856393
-695938 -885295 -695938 -730455
-821139 -544357 -821139 166315
-670244 541985 438205 541985
-719065 -634844 -719065 991133
759760 604619 759760 740894
42204 -546067 -396102 -546067
997490 901774 -580755 901774
-681166 -143938 745983 -143938
-209511 364781 -209511 -95509
256773 372327 256773 -400296
49740 -954204 87619 -954204
725343 764876 206765 764876
-835981 -687169 -791225 -687169
327591 -45647 327591 719458
873500 551044 873500 -44198
-978328 351674 846539 351674
-502956 -646084 -502956 498772
-854064 -540807 899623 -540807
734948 869567 734948 -247791
279330 148618 279330 -265940
-454908 -339256 944130 -339256
861433 313453 861433 931495
-697796 -154354 -706670 -154354
660784 -360485 -699144 -360485
-461070 360353 -461070 930031
-580755 449444 -580755 901774
-792867 94013 -792867 411377
-10377 816126 -934691 816126
703608 -220206 944075 -220206
770409 466544 -663057 466544
-50354 -771993 460899 -771993
-934691 -996992 -283947 -996992
-970617 328163 -955990 328163
206893 930031 -461070 930031
-298554 14106 -298554 -71187
378366 822307 378366 15077
409481 396332 727686 396332
-568169 -407513 -157682 -407513
139649 152146 139649 -970177
190363 980928 662594 980928
390895 876208 -948501 876208
312227 17420 312227 -844835
367007 925163 367007 221384
-54168 -435965 -54168 -503339
392543 818841 -698330 818841
649168 -323040 137093 -323040
-476527 335188 -130641 335188
856746 108506 856746 401204
938132 80349 352457 80349
899623 -540807 899623 426280
-504562 514464 -504562 55218
-786491 689177 -967291 689177
-728478 -895817 -728478 579340
790446 -790012 790446 -926308
587053 -166467 587053 -344375
-814557 932983 -502956 932983
-801679 -149391 -801679 -890186
-830979 -991959 -830979 886669
60621 -857386 -88372 -857386
-970602 461632 -970602 906594
-414216 223420 -456182 223420
182506 -27204 85745 -27204
-304377 -262706 -304377 -906088
250717 -356172 250717 689177
-764575 -399560 -764575 743503
-544709 951381 -544709 -97392
-151622 750278 -151622 -435965
581559 -755640 -12771 -755640
-348035 237921 -908151 237921
-821659 256942 -821659 -827420
300411 -654477 390895 -654477
815909 -712189 754011 -712189
-340873 906594 -340873 69268
-998168 -638368 -998168 -576804
313713 4895 656535 4895
-215996 590417 -215996 -895817
-189037 108506 856746 108506
-157682 -407513 833144 -407513
-323770 157495 -97916 157495
754011 -292981 829900 -292981
49740 -369127 921839 -369127
-919997 752203 -531233 752203
997490 577477 997490 374906
175933 -998700 175933 -988121
-835981 -687169 -835981 755549
-757371 -499168 -757371 311911
-878997 261578 -878997 430184
-985574 -202110 -985574 810777
772929 417652 772929 411377
938132 80349 938132 843151
-907593 980928 -907593 -984598
-102815 -323040 -102815 592429
-16543 221384 -699144 221384
616596 614524 805617 614524
979083 -182067 979083 -266407
-793606 590417 -215996 590417
616596 902864 312227 902864
-414216 223420 -15569 223420
137093 -323040 -102815 -323040
964526 -333441 964526 879170
881538 -540000 -445336 -540000
-838751 -182121 -838751 669402
327591 -45647 327591 -457579
401180 502733 805617 502733
-692013 231081 -12021 231081
528551 -877589 528551 -984598
60621 492042 480617 492042
-555709 -640901 -682186 -640901
-874138 -61098 -91245 -61098
705221 -771993 460899 -771993
356874 -584939 708943 -584939
-950713 -135581 -10377 -135581
164418 -222045 -980698 -222045
-669192 -724863 -669192 720492
809228 -752325 809228 86320
-278903 496187 -248574 496187
-731045 529313 -731045 -721106
898102 146840 -537204 146840
842056 158493 842056 -733452
-141970 -597810 725343 -597810
-907593 -984598 528551 -984598
-808630 959648 -808630 -459198
-967291 907456 480617 907456
-630042 -234258 770409 -234258
733708 -659046 733708 -677651
228361 396133 771348 396133
-529009 -834448 658789 -834448
-56607 -842711 -803011 -842711
393555 690534 393555 752203
-697339 -582189 946094 -582189
943790 918437 -33914 918437
-814557 -269073 961484 -269073
144392 592429 -102815 592429
582627 -954204 582627 363267
-162374 -27204 85745 -27204
593200 -926308 790446 -926308
-697339 -582189 -697339 -234761
842056 -733452 424924 -733452
-660946 246077 703608 246077
399106 -96681 793069 -96681
-300151 482925 -746795 482925
849952 545750 849952 -552435
-719065 991133 487895 991133
-189037 918344 -189037 108506
-299764 414285 -299764 -280098
530470 -970278 527 -970278
206893 930031 206893 669402
390895 -654477 390895 454046
-899299 -813786 -886511 -813786
-512064 -806201 -909714 -806201
-314012 -773444 863250 -773444
274312 -940091 274312 -67029
255516 -704649 86699 -704649
805761 537710 805761 396296
339150 -96681 399106 -96681
261899 49194 261899 886669
-934691 816126 -934691 800301
-258154 547673 -688302 547673
-367815 726229 -512064 726229
599592 -984888 314788 -984888
-298554 -71187 -298554 -708324
383471 206484 383471 404998
-89207 370985 268719 370985
-731045 529313 828945 529313
664630 -498040 -919997 -498040
609800 341769 609800 452365
311793 999870 346761 999870
182386 -276716 -679785 -276716
-665446 106232 -665446 -557138
938270 197505 938270 335964
-138526 -814261 -138526 -572758
315911 137358 315911 -945065
343143 822307 -369263 822307
-673956 -906796 318912 -906796
577937 -67090 577937 -572758
-457162 34065 -457162 127769
-677065 -724378 -498414 -724378
-483995 449444 529191 449444
-776016 -268720 -776016 336419
-457346 341769 609800 341769
-337163 836581 609800 836581
480617 907456 480617 492042
-911277 -768795 846539 -768795
730997 -873726 730997 986888
-773262 102669 602839 102669
123309 -404953 123309 -842711
-821659 -827420 471011 -827420
-195722 -307552 -195722 172132
-900341 664678 -153834 664678
139649 -970177 -135093 -970177
-172423 -666307 70317 -666307
859845 4895 859845 -563673
907178 41664 907178 -344375
736820 613080 903474 613080
290177 -787478 378046 -787478
528551 -533812 528551 273609
268719 794613 217412 794613
944130 -309137 944130 56977
-911277 -85371 -911277 973235
-934691 -996992 -934691 800301
-224579 266671 250006 266671
-244876 -544357 -821139 -544357
-439104 496700 649195 496700
-310177 129813 863250 129813
-56607 -842711 123309 -842711
532761 -985161 -562233 -985161
-773262 102669 -773262 -940091
-112721 137907 511803 137907
-367815 -46499 400547 -46499
894853 -658639 -624183 -658639
-981383 -974429 774044 -974429
21480 -264453 21480 36067
776637 149415 776637 -457579
-854064 -540807 -854064 879170
-909714 177639 -909714 -806201
-880278 424792 -880278 725726
911203 -940088 101981 -940088
-259946 -992836 -259946 810606
765923 882754 -935858 882754
670035 206484 383471 206484
252810 833128 252810 -171603
-457162 979500 -457162 127769
378046 883883 378046 -787478
-673956 -906796 -804943 -906796
-814557 -240999 -814557 633314
-457162 -501881 -457162 -840932
-981383 119001 -981383 -974429
652097 784303 903474 784303
-461256 950399 467053 950399
295201 619287 -130641 619287
-935858 401204 -935858 882754
101981 432067 101981 -150336
-961158 918437 -33914 918437
101981 -940088 101981 -150336
-290731 -284034 -290731 -77969
422699 -912104 894853 -912104
-838751 669402 -239738 669402
-776016 -659046 733708 -659046
-904694 876135 591580 876135
154979 931495 154979 -984888
-935415 457652 -935415 -374287
986575 -247791 734948 -247791
-30296 650213 315911 650213
911203 157495 911203 -786291
-325789 -752325 -325789 -738386
-568169 796334 -568169 -407513
-547843 -97392 -552500 -97392
728273 -404692 728273 -252441
730928 158493 842056 158493
-512324 689207 17159 689207
-698330 725152 -698330 818841
-915915 -180197 39726 -180197
907178 41664 535163 41664
-660946 246077 -660946 -535913
160142 861573 -321954 861573
915806 160795 915806 -740625
-323770 814575 -323770 157495
217412 979500 217412 794613
-801679 310875 -944272 310875
-367815 -46499 -367815 70232
393555 752203 -531233 752203
577937 -572758 394477 -572758
911776 -447395 -941257 -447395
327591 719458 921839 719458
101731 -49522 394065 -49522
921839 -369127 921839 719458
-410262 -654477 -410262 345196
-707486 -131810 -873287 -131810
438205 -634844 -719065 -634844
-89207 370985 -89207 -963672
124096 -924503 591900 -924503
-692013 14106 -298554 14106
-283947 -12300 -283947 -996992
-89975 -458441 251996 -458441
-566941 -85031 -566941 -814261
-838751 -182121 35229 -182121
906057 796334 732355 796334
76540 414285 711541 414285
-141970 793267 -141970 -597810
495571 231081 495571 -445894
-300151 482925 -300151 983494
649195 90956 649195 101386
-351319 856393 -351319 950911
-874138 405691 -874138 291005
-209667 97777 -209667 502733
-223541 857253 759760 857253
208428 -282757 696102 -282757
-753559 -96681 125802 -96681
-555709 725726 -762842 725726
274312 -67029 274312 78345
-899299 -813786 -899299 461632
-89975 -458441 -89975 -430888
-221180 -307401 -221180 983494
251996 -444246 251996 676396
-804943 -745609 -900341 -745609
175639 689177 250717 689177
-663057 590862 -663057 466544
331251 336419 -776016 336419
-649730 514597 -141209 514597
-757371 -499168 574181 -499168
-941257 590417 -793606 590417
-172423 965681 -172423 -666307
-821659 256942 -821659 376329
268719 794613 268719 370985
390895 454046 390895 876208
297817 177639 297817 -379680
-12771 -755640 -12771 345196
252810 833128 124096 833128
144392 592429 992478 592429
-906287 836581 -906287 590145
-791225 -687169 633105 -687169
759760 -589272 208428 -589272
882929 138905 -904694 138905
528551 -877589 528551 -533812
-635601 -808933 -635601 -646528
943790 -906267 807278 -906267
408745 922183 -489678 922183
730928 158493 730928 -29038
-808630 -926308 479236 -926308
313881 986023 446337 986023
-258154 950911 -258154 566312
-29891 825452 363580 825452
505545 132916 505545 663192
378366 15077 849890 15077
345153 -662827 345153 -988873
-489678 720492 -669192 720492
-961158 -724863 -669192 -724863
803560 -262706 -304377 -262706
260489 -563673 -906287 -563673
-64491 -167569 -326904 -167569
-10171 -552435 -912257 -552435
-461256 -883599 -461256 -284392
-552500 93766 -552022 93766
154979 -984888 314788 -984888
175933 -998700 677167 -998700
-135093 -970177 -537204 -970177
805761 -974429 805761 396296
-837171 328972 -837171 -924462
711541 -390968 254160 -390968
124096 -924503 124096 833128
323714 929981 -981080 929981
938270 197505 938270 -384704
911776 -329739 911776 -447395
199814 -96681 198830 -96681
-681166 683929 -475138 683929
577937 -67090 -520731 -67090
609800 836581 609800 452365
-897294 -677651 -897294 -639653
911776 -329739 -670244 -329739
803453 4895 859845 4895
-822416 -991959 -95564 -991959
873500 -584939 873500 -44198
-529009 -594667 -456182 -594667
57562 410117 57562 -164136
705221 -666307 70317 -666307
-801679 -890186 -777216 -890186
-746795 90956 649195 90956
-172423 965681 -172423 986023
-10377 816126 -10377 -135581
101981 432067 101981 527259
279330 -265940 -558820 -265940
-195722 172132 -195722 430184
315911 -945065 765923 -945065
574181 328972 -93290 328972
-768835 -396979 593970 -396979
-660946 -535913 714989 -535913
209219 409346 401695 409346
915806 426280 899623 426280
297817 177639 -909714 177639
-552500 93766 -552500 -97392
311793 999636 311793 199728
-248190 -574631 -488961 -574631
995452 -504188 -100552 -504188
-792867 411377 772929 411377
-541006 -730455 -541006 645455
894853 -658639 894853 -912104
239296 49194 239296 -750990
-485785 -167907 -644553 -167907
-978328 351674 -978328 26758
-367815 726229 -367815 70232
160142 -379680 297817 -379680
-498399 -444596 -498399 -511421
-300151 983494 -221180 983494
-502956 878036 -502956 932983
-454908 -339256 -541545 -339256
86699 -704649 86699 -154354
759760 857253 759760 740894
878 931367 878 -785218
-454327 869567 -454327 -167569
992478 173475 -569499 173475
352457 663192 352457 80349
-3553 -49612 421881 -49612
250006 266671 873587 266671
405978 993065 405978 -38015
599592 -984888 599592 -46499
-504562 -182067 -504562 55218
464123 -740625 915806 -740625
-912257 959648 -808630 959648
-698330 -576804 -698330 725152
915806 426280 915806 160795
-731045 -721106 -352139 -721106
-422548 -771993 -50354 -771993
256773 405691 -874138 405691
164418 -233238 -494578 -233238
-703006 496187 -703006 -77969
318912 265434 530470 265434
-248190 -998321 -248190 -574631
938270 -384704 995452 -384704
-406327 430671 -406327 444352
-498399 -430294 -352139 -430294
528551 273609 842309 273609
725343 -597810 725343 764876
897920 99827 897920 -219626
-878997 430184 -195722 430184
-457162 -964766 -457162 -840932
-153834 820805 -153834 664678
-410262 -654477 300411 -654477
-476527 335188 -476527 953600
587053 -344375 907178 -344375
-502956 878036 -502956 498772
58488 332378 58488 -284034
-122947 -90898 -112721 -90898
-340873 69268 589169 69268
21480 36067 677167 36067
-209511 -95509 -981080 -95509
-665446 106232 467053 106232
-812303 613080 -812303 884267
829900 -292981 829900 288478
8600 605124 8600 -806749
-82747 -307552 -195722 -307552
213887 623532 213887 899455
-454327 -167569 -326904 -167569
530470 -970278 530470 265434
960977 119001 -981383 119001
-728478 579340 17159 579340
400750 -646084 400750 417652
-837171 -924462 21480 -924462
-529009 -834448 -529009 -594667
239296 49194 261899 49194
633105 -687169 828945 -687169
-905386 520713 118372 520713
343143 822307 378366 822307
-697729 -348878 -697729 17496
842309 -362180 253722 -362180
-276429 -131810 -276429 -503339
964431 899455 964431 -307552
213887 899455 964431 899455
-223541 951381 -223541 857253
759760 -589272 759760 604619
-926304 -857386 -926304 101567
-831696 210131 -831696 341769
581559 -755640 581559 -961715
-768835 -396979 -768835 905912
311793 999870 311793 999636
-935216 -561148 -935216 232082
-695938 -730455 -541006 -730455
711541 414285 711541 -324738
898430 680701 394065 680701
-635601 -646528 849890 -646528
-967291 689177 -967291 907456
367108 843151 938132 843151
795504 -331460 -464391 -331460
670035 -278347 -121547 -278347
745983 122550 745983 -143938
-696644 -561148 -935216 -561148
345153 905912 -768835 905912
-81541 -399560 -764575 -399560
-980263 -307401 -980263 4895
-808630 -459198 -808630 -926308
-560109 401204 856746 401204
-475138 987502 558220 987502
345153 487971 345153 -662827
-224579 578550 -541545 578550
-682186 -640901 -682186 363267
464123 -740625 120578 -740625
-630042 -234258 -630042 580302
-352139 -430294 -352139 -721106
352457 663192 505545 663192
882929 -280098 882929 138905
151375 796334 -568169 796334
732355 796334 151375 796334
-439104 475538 -439104 132240
-874138 -61098 -874138 291005
