1000
443291 868244 119570 868244
-755467 866009 279089 866009
-539537 -456676 -539537 45768
-80090 -119926 -519737 -119926
667100 -992563 -449979 -992563
509867 116191 77898 116191
-448917 -937645 -448917 -609193
-377416 -726470 -377416 407575
850700 -797206 -121693 -797206
-668517 -484880 -83057 -484880
-848987 759123 -848987 683875
-442490 985743 -442490 -38353
331123 -957289 197005 -957289
402221 -359246 402221 -244452
-499803 -477269 -499803 445712
1140 -160899 1140 51102
-382915 87340 -382915 -968903
-621218 -77936 -621218 -976238
557046 -957451 -672752 -957451
908424 390008 908424 333129
528749 -385781 613955 -385781
846731 458343 -248046 458343
635424 890002 -447985 890002
-3033 583981 -3033 -592368
195289 657147 -837898 657147
716571 -877482 123017 -877482
-857481 -147579 -857481 728737
393596 465416 -448917 465416
813989 992240 902594 992240
960707 568680 960707 794176
-121113 143254 -147623 143254
66663 -824346 -795181 -824346
725429 -22698 587017 -22698
-401817 -163365 -401817 -996425
962378 533823 962378 -370794
-756469 538660 -756469 544139
-777021 647544 -777021 -373642
-941465 976941 -941465 -944631
640078 -912995 640078 87751
580160 -145324 748795 -145324
235944 483292 235944 -412316
-102131 832152 436262 832152
748586 860735 748586 639844
800238 862208 800238 984338
279313 984428 809350 984428
-92440 -829032 388928 -829032
-854510 518518 -854510 301120
-698830 612789 -698830 909958
-473837 270801 -473837 -830718
800238 984338 -621218 984338
-906843 -317301 -193544 -317301
-868841 598301 -868841 -877610
660189 -252097 660189 810256
765187 976941 765187 598301
537033 544139 -756469 544139
596963 774497 373673 774497
197098 739046 139171 739046
333081 -954664 757968 -954664
494758 810256 660189 810256
327919 307702 327919 396882
716571 21453 -631903 21453
334812 -54546 334812 611124
-84325 947147 -84325 -470688
799 -84576 799 669591
-464676 -54521 -628735 -54521
347958 -816348 158681 -816348
235944 794176 960707 794176
-228088 373945 -228088 726582
235944 794176 235944 483292
-124446 -476906 -124446 186182
-322021 -168527 -213647 -168527
37314 -835132 37314 -252097
252461 -429947 675656 -429947
-814538 891236 -814538 909958
-672707 -631552 33630 -631552
-964708 -715760 768070 -715760
48779 -600215 48779 -429153
-84325 947147 333081 947147
709551 878009 709551 -961573
83781 224599 -901400 224599
523150 -368131 -919431 -368131
-410124 702459 123017 702459
-520567 -772311 829101 -772311
217650 313375 -376850 313375
217650 313375 513017 313375
523150 831027 523150 -368131
-79304 -832290 -79304 434892
90565 350463 -323423 350463
402221 -244452 -836173 -244452
-614053 -354635 -614053 -110525
-376850 313375 -376850 273128
789405 237483 789405 445712
685005 -638751 711263 -638751
131719 461895 10540 461895
-261450 -454778 -640582 -454778
458886 668210 -377416 668210
101415 45246 101415 992334
-672752 -383335 -672752 -957451
850700 156723 508661 156723
963354 910776 963354 -566654
67649 -961573 709551 -961573
-190411 452552 -190411 -869365
683846 992334 683846 -301838
-48480 -747213 -12015 -747213
-853700 -831780 748164 -831780
65799 992240 65799 855648
509867 446876 -931331 446876
-747055 799394 911252 799394
-485539 156723 -485539 997116
-839221 125208 -839221 581076
716571 21453 716571 -463054
400887 -430182 -291471 -430182
-655746 -666775 -655746 724372
-310136 -616198 -997662 -616198
770964 890002 635424 890002
748586 860735 -97714 860735
-190528 409601 -220214 409601
-941465 -944631 -137661 -944631
513017 313375 513017 -825119
-453734 -741089 938652 -741089
-734980 639844 -734980 -734754
-258361 -726470 -377416 -726470
-111071 -414787 -111071 -311852
101415 992334 683846 992334
-780793 507468 -795181 507468
-102131 -825119 -102131 832152
82880 974037 12682 974037
-84325 -470688 -266836 -470688
-222557 -62414 -222557 -920146
837580 304674 837580 -849335
-857481 -147579 -857481 -462886
595421 -556857 549984 -556857
88707 -624527 698690 -624527
485842 -453983 -355651 -453983
418572 -817806 418572 -530537
757968 -954664 999061 -954664
-913570 -969450 -913570 290952
-755467 62548 237685 62548
-925976 -223110 237685 -223110
-887842 -831780 -853700 -831780
-784024 752855 -774255 752855
938652 -745153 938652 -741089
768070 833063 534480 833063
-906843 -317301 -906843 773143
-955438 143399 -955438 -359040
-974407 785561 -974407 -485616
-569877 -575967 -569877 -833713
352479 303756 368430 303756
698690 826058 148170 826058
-647045 683797 -80090 683797
-430150 -381279 -430150 -378122
235944 -412316 235944 -521585
664560 267870 378590 267870
-189425 -119569 -720341 -119569
-639300 178212 -639300 279410
971057 -795488 971057 -575256
-903012 726582 -903012 -133304
595421 160513 595421 -556857
-913570 -969450 -777021 -969450
781560 -561566 781560 469937
400887 -430182 400887 -208753
281434 237483 281434 773143
-243712 850558 -243712 876634
768070 833063 768070 -111010
725429 -22698 725429 -477269
698690 180597 698690 -624527
850668 178212 850668 -997268
-128420 -624527 -432245 -624527
-310136 -959616 252461 -959616
962378 -370794 -213647 -370794
-258225 -383052 -258225 -206450
1813 -987092 -258225 -987092
-82224 -1709 -82224 967873
810619 849199 810619 -873075
-587996 -259411 -587996 200389
-999001 709322 -374207 709322
539905 -636887 539905 -254686
899656 932897 899656 -900874
781560 -561566 -651641 -561566
671037 139567 -440642 139567
716571 -877482 716571 -463054
745415 210371 918587 210371
62314 500150 62314 -959815
972134 553168 -672895 553168
494201 849199 810619 849199
-587996 200389 580643 200389
-887842 -831780 -887842 -743496
-5810 307702 327919 307702
-235048 876948 -443910 876948
495835 -8353 -455352 -8353
837580 304674 837580 724372
261065 833063 261065 22152
-92440 326895 -92440 997116
971057 500150 62314 500150
-573164 -743496 -887842 -743496
-453734 -741089 -453734 -77222
675656 -429947 675656 385682
-961499 931656 190678 931656
-814538 909958 -698830 909958
-151050 -351140 -431943 -351140
-382303 722513 14756 722513
-586035 -989629 -586035 -276900
841522 -279142 841522 -254861
-997662 891236 -814538 891236
-848987 -595570 117674 -595570
155968 -12597 155968 767349
520049 -955630 520049 -924626
495835 772105 -937175 772105
574994 -7835 522791 -7835
-264199 385682 675656 385682
789405 237483 281434 237483
-709174 94163 454059 94163
-302557 -892673 -632460 -892673
910793 -62414 910793 43841
515589 -835132 95413 -835132
-807681 -129313 90758 -129313
-614651 327595 -258965 327595
178286 -831877 178286 336698
-647045 -892673 -632460 -892673
-226584 50566 -226584 287756
-951556 810256 494758 810256
-387469 -350616 -157016 -350616
-907126 419829 -141232 419829
197098 739046 197098 -746929
130401 -898195 994166 -898195
-640582 -454778 -640582 -530788
14756 722513 14756 584680
448828 611124 334812 611124
963354 -566654 -853114 -566654
539905 343368 -410124 343368
917371 -824346 66663 -824346
-444796 826058 -444796 -94422
-449979 -992563 -449979 191051
698690 826058 698690 180597
-375499 -801814 808687 -801814
890142 -692791 414044 -692791
-586111 37209 -586111 42695
949842 -202224 949842 -416772
-668517 -484880 -668517 -442560
-22145 -476649 -22145 -416772
443291 438282 443291 868244
841522 -279142 -427362 -279142
799 669591 -829627 669591
-432245 849199 -432245 -624527
195289 345315 195289 657147
449573 -959725 457663 -959725
443291 -831877 443291 136811
-672707 32365 -672707 -631552
811450 675694 283218 675694
-659624 507263 -659624 -937645
667100 -992563 667100 785561
360273 720588 -984663 720588
-851375 728737 -857481 728737
813857 -548858 -174509 -548858
26962 -110525 -614053 -110525
280416 -92077 280416 530520
610337 -740418 610337 627554
-908458 507605 -908458 533823
-346994 -476114 223418 -476114
-539537 45768 890142 45768
-899233 94163 -709174 94163
237685 -223110 237685 62548
-807681 580793 -837898 580793
-688747 157952 -688747 414986
-453734 979295 -453734 -77222
718195 87751 640078 87751
-571216 -678443 273991 -678443
-387469 -350616 -387469 -324065
-961499 -220232 -961499 -870636
36964 47509 223418 47509
183570 -421620 -147623 -421620
-951556 -186626 -951556 810256
-3033 -592368 -187843 -592368
-427548 143399 -955438 143399
454059 -727875 -76687 -727875
-12015 -747213 -12015 -216222
-586111 37209 849544 37209
580643 -718431 580643 -460717
-443910 876948 -443910 312265
770964 890002 770964 -396486
947002 -392387 947002 581076
-896088 -561209 -896088 -692791
763157 201344 763157 599074
-473837 -830718 -709824 -830718
824265 24696 824265 -877610
722065 876948 722065 -818613
-472320 533823 104964 533823
423762 -849335 423762 350463
-586035 -276900 -586035 950924
368430 234564 368430 303756
811450 -108124 811450 -27983
-22145 -658212 -22145 -870636
709551 878009 -53282 878009
-346994 -476114 -346994 472223
178286 336698 673324 336698
533371 932897 533371 50566
-131092 -30315 -131092 -668140
-908458 -800194 -908458 507605
-628735 -54521 -628735 -869365
-416428 264275 -586111 264275
-651641 -561566 -651641 -177248
360273 40900 706005 40900
-323423 871294 -323423 398379
-969589 -119569 -969589 792523
706005 40900 706005 -118119
-228453 541140 -228453 -873075
-137661 -944631 901228 -944631
-79304 434892 -79304 603874
718558 -734754 -734980 -734754
-141232 -847593 -425655 -847593
789039 709322 789039 7442
436859 -929114 676650 -929114
82880 -197065 82880 -987092
557046 -957451 557046 -706670
801115 -699274 801115 -433983
279313 984428 -77187 984428
123017 702459 123017 -877482
949842 -416772 -22145 -416772
811450 -800194 811450 -776979
-77187 984428 -77187 -668140
-784024 -359246 -784024 752855
-647045 683797 -647045 -892673
-344921 -157661 -344921 294153
-473649 -995207 -924927 -995207
-925976 882585 -744431 882585
168307 -570000 359394 -570000
388928 234564 368430 234564
-659624 -937645 -448917 -937645
10540 461895 10540 280391
-320750 -25285 -320750 278431
178286 -831877 443291 -831877
508661 156723 356927 156723
841522 43114 841522 -254861
-258965 279410 -639300 279410
671037 139567 671037 417327
369742 -25285 -320750 -25285
38754 -202224 -191197 -202224
1140 51102 -53413 51102
-829627 -530537 418572 -530537
-233954 -157661 -233954 -515883
-48480 -747213 -304724 -747213
580678 728737 -851375 728737
360273 40900 360273 720588
-197315 -575967 -569877 -575967
485842 -695768 485842 -453983
-672707 32365 -672707 676574
-448198 156723 -485539 156723
457663 982496 408520 982496
-228088 -832290 -79304 -832290
-215974 917709 -631903 917709
214574 -787531 877231 -787531
-899233 94163 -899233 928510
-76253 -177248 -577797 -177248
683846 -356262 -554043 -356262
-82224 967873 -648171 967873
-266836 349260 748164 349260
-448917 465416 -448917 -155561
-865607 -322795 -865607 -381279
261065 22152 -533635 22152
443291 438282 443291 136811
-455352 -877518 -146234 -877518
436262 832023 436262 832152
-924927 -995207 -924927 -13750
-602069 957372 -602069 35256
-142115 -898195 -142115 618274
613955 -385781 613955 783696
-151050 -351140 545684 -351140
-901400 224599 -901400 -12597
131312 136273 131312 237386
841522 43114 373673 43114
-12015 -216222 -783507 -216222
-493110 545737 -716840 545737
-427857 -571481 -436663 -571481
388928 -829032 388928 234564
95413 -835132 37314 -835132
80987 -699262 80987 596514
829101 752855 -774255 752855
-226584 287756 214574 287756
287683 -877610 -868841 -877610
819684 178212 850668 178212
-854510 518518 -653482 518518
676650 618238 676650 -652645
163283 -662313 163283 -517789
664560 331754 664560 267870
84975 855969 580678 855969
638753 -324065 757099 -324065
-423869 739046 139171 739046
-512083 -521585 -512083 795197
890142 45768 890142 -692791
-651641 -177248 -577797 -177248
334812 -746929 197098 -746929
-319213 -743496 -319213 -491751
719368 -1709 719368 69133
402221 -359246 -784024 -359246
903052 977757 -353482 977757
-672960 -176526 -672960 564545
930212 43841 930212 -343999
-848987 -334237 -848987 683875
-436663 -396486 -436663 -571481
232980 859373 232980 -267791
-261936 676574 -672707 676574
-550482 -145324 580160 -145324
748164 -831780 748164 349260
-233954 -515883 -233954 -592368
801115 -433983 436859 -433983
822423 711127 -346994 711127
-857481 -462886 972134 -462886
797356 -485616 797356 768277
-291471 -430182 -291471 -837418
82880 649816 82880 974037
56029 331754 -355651 331754
-997662 891236 -997662 -500948
-404392 -7835 366223 -7835
-449979 191051 -571216 191051
425170 -46354 556578 -46354
-206865 236649 -473649 236649
-124446 -476906 596963 -476906
-444796 -599470 -444796 -94422
-88112 -237110 702251 -237110
715172 -650135 901228 -650135
-672895 553168 -672895 -120490
-153204 469937 -153204 -385781
-738425 583981 -3033 583981
-323423 350463 -323423 398379
580643 -460717 580643 200389
-974407 785561 667100 785561
718195 -326689 718195 87751
-80090 -102953 -80090 683797
14756 584680 14756 -712097
595421 160513 595421 399311
-168299 414986 -688747 414986
910793 -62414 451447 -62414
574994 -7835 574994 599074
-275685 733211 454923 733211
385783 -442560 385783 -38353
273991 -807585 -206865 -807585
723399 979295 -453734 979295
-628735 -869365 -190411 -869365
-984663 720588 -984663 305895
-82224 -1709 719368 -1709
-310136 -616198 -310136 -959616
333081 -489490 333081 768393
875815 928510 875815 -905549
595421 399311 595421 568680
280416 -630976 280416 -362807
606427 732205 606427 983384
808687 -801814 808687 224599
-556126 -792609 131719 -792609
-618841 882585 -744431 882585
-447985 890002 -447985 208762
-580098 783696 613955 783696
-128953 -260726 -128953 -816795
400887 -208753 12682 -208753
-198460 -327611 -198460 -630976
-266836 349260 -266836 -470688
-304724 -747213 -304724 -209921
-228453 -873075 810619 -873075
-79304 603874 -854139 603874
-621218 -77936 -621218 984338
393596 305895 393596 465416
195715 -920146 195715 464889
-153204 -385781 528749 -385781
-131092 -30315 -131092 670522
636261 -354635 636261 -640757
-925976 882585 -925976 -223110
436262 125208 436262 832023
936734 278431 -320750 278431
-473649 -995207 -473649 236649
-783507 538660 -756469 538660
808687 224599 83781 224599
-344921 957372 -344921 294153
-220214 409601 -220214 464889
456552 795197 -512083 795197
-780793 -840844 -423869 -840844
101415 45246 -175384 45246
-709824 541140 -709824 -830718
-554043 983384 606427 983384
243360 -209921 -304724 -209921
-499803 445712 20080 445712
963354 910776 -275685 910776
-964708 -852939 -964708 -715760
545684 940500 545684 917974
-97714 -747050 -97714 860735
930212 -343999 930212 -926651
-11250 810595 -11250 940500
155968 767349 -53413 767349
56029 331754 664560 331754
-190528 409601 -190528 -997268
-435823 620272 -435823 345315
131719 461895 131719 -792609
408520 -356644 408520 -976238
281080 627554 281080 -484880
587017 931656 587017 -22698
195715 464889 -220214 464889
936734 -817806 418572 -817806
-961499 -220232 -961499 860376
-630126 -650135 -938702 -650135
-999001 398208 425170 398208
-747055 819959 397629 819959
-187843 -592368 -233954 -592368
936882 -818613 936882 618238
-795181 507468 -795181 -824346
-853114 -454098 -602069 -454098
-264199 385682 -480548 385682
-190411 452552 454865 452552
557046 -706670 557046 60508
259537 -429153 259537 676574
-121113 -955630 520049 -955630
-908458 533823 -815525 533823
908424 390008 908424 546440
-634337 -801814 -375499 -801814
-614053 -354635 636261 -354635
596963 774497 596963 -476906
38754 -202224 949842 -202224
-672895 -272867 -672895 -120490
84521 156723 356927 156723
-698830 612789 -642706 612789
-777021 -969450 -777021 -373642
685005 -638751 685005 596916
537033 544139 537033 301120
158681 853208 -493110 853208
-896088 -692791 414044 -692791
-131092 -668140 -77187 -668140
42218 258175 42218 530520
131312 136273 711263 136273
-76253 -177248 -76253 -900874
702251 -237110 702251 748245
799 -747050 799 -662181
813857 -698138 -92918 -698138
-783507 538660 -783507 -216222
454923 201344 454923 733211
997524 123859 375699 123859
545684 917974 545684 -351140
-198460 -327611 999061 -327611
-189425 -119569 -189425 -912995
-198460 -630976 280416 -630976
-913570 290952 -913570 718235
82880 -197065 82880 649816
214574 -787531 214574 287756
877231 -787531 877231 -260726
-404392 -640757 -404392 -7835
-639300 178212 254800 178212
-297895 143399 -297895 497474
-464676 115149 -464676 186182
516614 -477269 725429 -477269
-228088 -832290 -228088 -49228
-410246 -666775 -655746 -666775
88707 -624527 -128420 -624527
280416 -362807 280416 -92077
903052 -905549 875815 -905549
-738425 45246 -175384 45246
375699 123859 375699 477302
-997662 -500948 -997662 -616198
-97714 -747050 799 -747050
-197315 -575967 997524 -575967
-425655 -847593 -484916 -847593
223418 47509 223418 -476114
871732 -209921 908424 -209921
-848987 -334237 -848987 -595570
-235048 876948 722065 876948
-146234 -877518 -146234 -326689
638753 -324065 -387469 -324065
-520567 -772311 -520567 -667433
-442490 -38353 -334977 -38353
-147623 -421620 -147623 143254
-634337 759123 -848987 759123
-248046 458343 -248046 859373
-447985 208762 902594 208762
-174509 -548858 -174509 506309
-896088 -561209 -530654 -561209
539905 -254686 539905 306468
514045 -695768 485842 -695768
705045 750784 705045 -636887
197005 -957289 -90360 -957289
514045 -517789 163283 -517789
458886 -160899 458886 401265
359394 -163365 -401817 -163365
-533635 -25809 -533635 -497951
-755467 866009 -755467 62548
-241317 280391 -241317 -699274
1089 -712097 14756 -712097
705045 -636887 539905 -636887
259537 -429153 48779 -429153
121734 544297 -158106 544297
-512083 -521585 235944 -521585
-938702 -650135 -938702 850558
359394 -570000 359394 -163365
-261450 -892673 -261450 -454778
454865 452552 454865 995124
-443910 312265 -684018 312265
-580098 -996425 -580098 158481
397629 -959725 449573 -959725
539905 343368 539905 306468
-544237 336022 -544237 -959815
-913570 861143 67649 861143
316691 -38353 385783 -38353
-258965 279410 -258965 327595
745415 -734754 745415 210371
972134 -402067 972134 -462886
899656 932897 533371 932897
84975 614556 84975 855969
-377416 407575 -377416 668210
-493110 853208 -493110 545737
775733 -129313 775733 -918339
168307 -570000 -718704 -570000
306616 450887 306616 -218832
252461 -959616 252461 -429947
12682 974037 12682 -208753
901228 -650135 901228 -944631
-580098 783696 -580098 158481
-373652 -152010 846731 -152010
-653482 -830814 -653482 518518
811450 675694 811450 -27983
-410246 -666775 -410246 450887
119570 868244 119570 871294
705045 750784 1089 750784
-738425 583981 -738425 45246
-264715 -176526 879850 -176526
434811 -870721 434811 417327
-256595 -259411 -256595 124941
-854139 614556 84975 614556
-491237 -491751 -491237 24696
797356 768277 797356 831027
-780793 79498 -780793 507468
-763982 950924 -586035 950924
-258225 -987092 -258225 -383052
-374207 709322 789039 709322
-602069 957372 -344921 957372
824265 24696 -491237 24696
-550482 -699262 -550482 -145324
232980 -267791 -193703 -267791
745415 -734754 718558 -734754
789039 7442 789039 -918339
-355651 331754 -355651 -453983
37314 -252097 660189 -252097
-255466 564545 -672960 564545
-763982 286408 -763982 950924
673324 85328 673324 336698
33630 21618 33630 -19041
705677 -997268 850668 -997268
636261 -640757 -404392 -640757
-653482 -830814 -907126 -830814
423762 350463 90565 350463
-423669 826058 148170 826058
515589 -835132 515589 21618
-121693 -561209 -121693 -797206
936882 -818613 722065 -818613
158681 853208 158681 -816348
287683 -877610 824265 -877610
-382303 -42 -382303 722513
-640582 -739567 -640582 -530788
908424 -209921 908424 333129
378590 87340 -382915 87340
-431943 -740418 610337 -740418
719368 69133 -725379 69133
-147878 497474 -297895 497474
595421 568680 960707 568680
331123 -718556 331123 -957289
-346994 711127 -346994 472223
36964 47509 -766720 47509
711263 136273 711263 -638751
-440642 139567 -440642 -816795
-797115 -727875 -797115 47293
435599 244892 435599 -779576
809350 984428 809350 -380090
514045 -695768 514045 -517789
-529507 -267791 -529507 303756
-684018 312265 -684018 -704974
797356 -485616 -751114 -485616
-484916 307702 -484916 -847593
-829627 669591 -829627 -530537
-554043 -356262 -554043 983384
811450 -800194 -908458 -800194
183570 861421 183570 -421620
283218 810595 283218 675694
765187 598301 57273 598301
-586111 264275 -586111 42695
999061 -327611 999061 -954664
-264715 -176526 -672960 -176526
-836173 -497951 -533635 -497951
130401 -898195 -142115 -898195
-472320 533823 -815525 533823
-961499 -870636 -22145 -870636
-427362 -279142 -903012 -279142
10540 280391 -241317 280391
775733 -918339 789039 -918339
-797115 -727875 -231495 -727875
-275685 910776 -275685 733211
26962 -42 -382303 -42
-919431 878009 -919431 -368131
454059 94163 454059 -727875
131312 237386 131312 620272
-189425 -912995 640078 -912995
600466 -575967 600466 -548858
-969589 -119569 -720341 -119569
-747055 799394 -747055 819959
316691 -38353 -334977 -38353
-373652 116191 -373652 -152010
-258361 -726470 -258361 748245
-258225 -206450 -684568 -206450
515797 -186626 515797 -488135
48779 -600215 -539537 -600215
458886 401265 458886 668210
-941465 976941 765187 976941
549984 258175 42218 258175
-931331 446876 -931331 -662313
-206865 236649 -206865 -103298
232980 859373 -248046 859373
-937175 772105 -937175 477302
-222557 -62414 451447 -62414
879850 -870721 434811 -870721
-90360 -957289 -716840 -957289
436262 125208 -665952 125208
-215974 917709 -215974 -414787
-416428 -50103 -718826 -50103
-718826 62554 -556126 62554
-256595 124941 520049 124941
997524 -575967 997524 123859
-618841 882585 -618841 -698138
26962 -42 26962 -110525
454923 201344 763157 201344
280416 530520 42218 530520
664952 -623163 664952 596916
671541 -209921 871732 -209921
819684 178212 344551 178212
-621218 -976238 408520 -976238
683846 -301838 683846 -356262
-153204 469937 157821 469937
-410246 450887 306616 450887
-158106 546440 908424 546440
131312 620272 -435823 620272
972134 553168 972134 -402067
-648171 273128 -376850 273128
-228453 541140 -709824 541140
202842 639844 748586 639844
-718704 -570000 -718704 -779576
556578 -718431 556578 -46354
369742 -25285 369742 -670921
-919431 878009 -408686 878009
-837898 580793 -837898 657147
768070 -715760 768070 -111010
-836173 -497951 -836173 -244452
-53413 51102 -53413 660177
80987 596514 80987 985743
-961499 931656 -961499 860376
373673 774497 373673 43114
718195 -326689 140411 -326689
327919 396882 -725379 396882
971057 -795488 546179 -795488
829101 752855 829101 -772311
-121113 143254 -121113 -955630
-634337 759123 -634337 -801814
930212 -926651 930212 -968903
-480548 647544 -777021 647544
279089 -623163 279089 866009
-344921 -157661 -233954 -157661
685005 596916 664952 596916
522791 -7835 366223 -7835
-519737 -704974 -519737 -119926
-92440 -829032 -92440 326895
-519737 -704974 -684018 -704974
-382915 -968903 930212 -968903
-111071 -237110 -111071 -311852
457663 492027 457663 982496
918587 210371 918587 564545
347958 -571481 347958 -816348
-168299 414986 -168299 -322795
809350 -595570 809350 -380090
-485539 997116 -92440 997116
-907126 419829 -907126 -830814
-142115 618274 -339993 618274
757099 -324065 757099 270801
-53413 660177 -53413 767349
-865607 -322795 -168299 -322795
-903012 -279142 -903012 -133304
457663 492027 457663 -959725
62314 -959815 -544237 -959815
-718826 -50103 -718826 62554
-533635 22152 -533635 -25809
-887287 -383335 -672752 -383335
-373652 116191 77898 116191
-448917 -609193 -448917 -155561
822423 -903372 822423 -224864
899656 -900874 -76253 -900874
-141232 -591948 -141232 -847593
-969589 792523 -322021 792523
433600 -160899 458886 -160899
-92918 -698138 -618841 -698138
-131092 862208 800238 862208
938652 -745153 -343970 -745153
369742 -670921 -763982 -670921
-854139 603874 -854139 614556
279089 -623163 664952 -623163
822423 -903372 546179 -903372
448828 -218832 306616 -218832
-432245 849199 494201 849199
936882 618238 676650 618238
-174509 506309 435599 506309
549984 5133 549984 -556857
20080 445712 789405 445712
104964 533823 962378 533823
-291471 -837418 911252 -837418
495835 772105 495835 -8353
-323423 871294 119570 871294
516614 -477269 80457 -477269
-410124 343368 -410124 702459
-999001 709322 -999001 398208
846731 458343 846731 -152010
671037 417327 434811 417327
580643 -718431 556578 -718431
-539537 -456676 -539537 -600215
-485312 305895 393596 305895
273991 -807585 273991 -678443
1089 -712097 1089 750784
947002 -392387 441662 -392387
849544 -812476 748795 -812476
378590 87340 378590 267870
190678 931656 587017 931656
-319213 -743496 -573164 -743496
-668517 -442560 385783 -442560
-128953 -260726 877231 -260726
-124446 186182 -464676 186182
557046 60508 -353482 60508
723399 979295 723399 861421
903052 977757 903052 -905549
775733 -129313 90758 -129313
-648171 313394 -648171 273128
-343970 -745153 -444796 -745153
425170 -46354 425170 398208
281080 627554 610337 627554
-53282 878009 -408686 878009
994166 795197 994166 -898195
-228088 726582 -903012 726582
-984663 305895 -485312 305895
910793 43841 930212 43841
-550482 -699262 80987 -699262
-157016 -392387 441662 -392387
-427857 -571481 -417474 -571481
-480548 385682 -480548 647544
195289 345315 -435823 345315
-322021 -168527 -322021 792523
-853114 -566654 -853114 -454098
-146234 -326689 140411 -326689
723399 861421 183570 861421
344551 178212 254800 178212
706005 -118119 -684568 -118119
435599 -779576 -718704 -779576
-417474 -571481 347958 -571481
-807681 -129313 -807681 580793
-684568 -206450 -684568 -118119
456552 795197 994166 795197
-887287 480329 -887287 -383335
1813 -987092 82880 -987092
822423 711127 822423 -224864
-157016 -392387 -157016 -350616
-11250 940500 545684 940500
-924927 327595 -614651 327595
-569877 -833713 -642706 -833713
423762 -849335 837580 -849335
850700 -797206 850700 156723
-158106 544297 -158106 546440
-665952 125208 -839221 125208
702251 748245 -258361 748245
606427 -989629 188472 -989629
-913570 861143 -913570 718235
797356 831027 523150 831027
-121693 -561209 -530654 -561209
259537 676574 -261936 676574
121734 -272867 -672895 -272867
520049 -924626 520049 124941
918587 564545 -255466 564545
-854510 301120 537033 301120
-640582 -739567 673324 -739567
-865607 -381279 -430150 -381279
-648171 313394 -648171 967873
-974407 -485616 -751114 -485616
57273 598301 -868841 598301
-193703 -267791 -529507 -267791
-797115 47293 -797115 995124
-147878 157952 -147878 497474
433600 -160899 1140 -160899
936734 -817806 936734 278431
121734 -272867 121734 544297
-464676 -54521 -464676 115149
673324 85328 673324 -739567
-901400 -12597 155968 -12597
-339993 618274 -339993 336022
-491237 -491751 -319213 -491751
-191197 -718556 331123 -718556
67649 -961573 67649 861143
748795 -145324 748795 -812476
770964 -396486 -436663 -396486
-688747 157952 -147878 157952
546179 -795488 546179 -903372
-556126 62554 -556126 -792609
-83057 -484880 281080 -484880
-193544 -317301 -193544 876634
911252 799394 911252 -394038
-228088 373945 -228088 -49228
195715 -920146 -222557 -920146
-520567 -667433 360933 -667433
-931331 -662313 163283 -662313
875815 928510 -899233 928510
-529507 303756 352479 303756
902594 992240 902594 208762
849544 37209 849544 -812476
-111071 -237110 -88112 -237110
676650 -652645 676650 -929114
-630126 -650135 715172 -650135
80987 985743 -442490 985743
408520 -356644 408520 982496
811450 -108124 811450 -776979
-261450 -892673 -302557 -892673
-141232 -591948 -141232 -42459
283218 810595 -11250 810595
-206865 -807585 -206865 -103298
509867 116191 509867 446876
-440642 -816795 -128953 -816795
-602069 -454098 -602069 35256
799 -662181 799 -84576
-455352 -877518 -455352 -8353
-22145 -658212 -22145 -476649
-191197 -718556 -191197 -202224
917371 -667433 360933 -667433
-964708 -852939 -955438 -852939
-716840 545737 -716840 -957289
65799 992240 813989 992240
513017 -825119 -102131 -825119
781560 469937 157821 469937
454865 995124 -797115 995124
813857 -548858 813857 -698138
-780793 -840844 -780793 79498
705677 -997268 -190528 -997268
-763982 286408 -763982 -670921
-937175 477302 -549689 477302
-243712 850558 -938702 850558
117674 -595570 809350 -595570
-659624 507263 -766720 507263
-725379 396882 -725379 69133
-766720 47509 -766720 507263
-131092 862208 -131092 670522
971057 -575256 971057 500150
-544237 336022 -339993 336022
-887287 895168 -430150 895168
606427 732205 606427 -989629
947002 581076 -839221 581076
-887287 895168 -887287 480329
436859 -433983 436859 -929114
-76687 -727875 -231495 -727875
911252 -837418 911252 -394038
-924927 -13750 -924927 327595
-401817 -996425 -580098 -996425
879850 -176526 879850 -870721
-213647 -370794 -213647 -168527
-484916 307702 -5810 307702
574994 599074 763157 599074
-241317 -699274 801115 -699274
-80090 -102953 -80090 -119926
261065 833063 534480 833063
243360 -209921 671541 -209921
333081 -954664 333081 -489490
-955438 -852939 -955438 -359040
757099 270801 -473837 270801
-631903 21453 -631903 917709
-586035 -989629 188472 -989629
580678 728737 580678 855969
65799 -488135 515797 -488135
-427548 143399 -297895 143399
837580 724372 -655746 724372
515797 -186626 -951556 -186626
-215974 -414787 -111071 -414787
435599 506309 435599 244892
533371 50566 -226584 50566
-353482 977757 -353482 60508
-423869 739046 -423869 -840844
65799 855648 65799 -488135
-243712 876634 -193544 876634
-431943 -740418 -431943 -351140
549984 5133 549984 258175
-642706 612789 -642706 -833713
-444796 -745153 -444796 -599470
917371 -824346 917371 -667433
397629 -302213 397629 819959
202842 639844 -734980 639844
-906843 773143 281434 773143
-448198 156723 84521 156723
-499803 -477269 80457 -477269
-416428 264275 -416428 -50103
448828 -218832 448828 611124
-549689 477302 375699 477302
-571216 191051 -571216 -678443
33630 -19041 33630 -631552
334812 -746929 334812 -54546
-587996 -259411 -256595 -259411
397629 -959725 397629 -302213
-430150 895168 -430150 -378122
-141232 419829 -141232 -42459
-444796 826058 -423669 826058
515589 21618 33630 21618
333081 768393 333081 947147
