998
-587003 -674503 -939893 -805641
-732081 -298612 -903009 -356745
-923180 -744371 927783 290279
-604148 19340 947875 47474
516749 -543272 -3879 62937
671793 454671 378433 896916
-764566 262237 363870 219806
797644 165856 -494748 540665
-891905 -692091 93180 -792243
-50336 -888155 -326120 -24700
299464 -388266 996707 -943734
-478435 258964 -821034 277156
172275 -749162 105390 636599
-46721 623334 -854908 443910
865011 -372293 -774284 -906604
865011 -372293 -930360 -599624
649452 295138 -752677 355315
-385500 -753167 -973516 -626914
-581131 974730 -467800 -433592
-352254 -377179 -946980 919962
911943 -266873 363870 219806
-548147 -744965 20934 540767
123972 585521 411997 677173
556324 -663569 925942 746302
573544 -773910 528923 571452
17060 654649 128840 244343
-520858 43915 496010 -470421
-935788 110021 -942556 -817063
483587 169289 -764566 262237
463215 -57489 766112 -759359
455874 -680200 962706 236439
505468 -396723 -428805 -820385
-315179 895017 -352254 -377179
5117 163957 27967 208544
-55679 -623377 487446 -845243
646949 635222 659355 677609
244307 -789211 730566 -316807
516749 -543272 -153028 4163
-774531 -713250 -619360 -482101
-222770 -421152 -861098 -703803
-559122 347211 811201 174900
-213144 713063 -521992 -569351
370917 554377 439375 -651744
-556550 -337565 -939893 -805641
-866068 -936000 -240030 -827571
246768 -768304 909752 -416588
403475 99812 -580430 657141
887986 -430234 55295 521818
-861098 -703803 -213144 713063
246768 -768304 378433 896916
397137 -601350 664053 125980
685335 -148304 -4357 -837465
911943 -266873 28477 -659895
785477 883348 -218325 248635
996707 -943734 -757963 -550518
689424 -109864 -22709 368508
988907 158398 -774531 -713250
370917 554377 -235901 -180444
167657 85213 422635 -868388
-567551 -203538 -38726 -679966
-60861 -150876 -841914 269052
190498 -188394 950585 -149799
487446 -845243 403475 99812
-862368 909134 284590 -649771
-425540 -144055 707592 -934120
-821034 277156 754904 776654
865011 -372293 710440 -764202
525994 940085 -639509 -837586
-841914 269052 920412 -893679
-173301 427893 520351 760124
-187209 -660073 663014 596509
947875 47474 293878 -911102
863454 482807 -813249 924478
909752 -416588 -191773 -210217
-617342 666687 275861 -817377
786057 -335952 579366 641622
-716524 666134 -619360 -482101
-478435 258964 -798377 997024
860944 -388308 -750012 -233432
754904 776654 -798377 997024
962105 401883 70435 -95689
528923 571452 -128082 943056
950585 -149799 123972 585521
-401449 -931626 646949 635222
-935788 110021 -821034 277156
327472 -243107 -556550 -337565
-866068 -936000 -179237 -411221
-272149 460366 683042 -692300
-680370 -506214 -639509 -837586
250381 411978 422635 -868388
-797892 -559849 310352 -370562
608322 137664 -26727 515906
-534409 943820 992137 -159370
-973516 -626914 649452 295138
-637774 547229 52788 -486294
317237 956675 -866068 -936000
-716524 666134 394863 -112334
271679 -98154 284590 -649771
944433 -55321 -26843 475057
-699322 657645 -581131 974730
-567551 -203538 516749 -543272
608322 137664 -361331 -898979
874589 -910932 -143283 -926112
-757963 -550518 299464 -388266
-108187 -257308 456460 -718004
-455712 341734 944433 -55321
520351 760124 123972 585521
-385500 -753167 649452 295138
244307 -789211 -866068 -936000
505468 -396723 203355 311718
570177 -872635 -26727 515906
-686730 -897608 -213144 713063
-368323 -261870 659355 677609
94245 -604164 -22709 368508
-451697 -976121 -121414 101204
-467800 -433592 -595110 309489
564671 -331542 310352 -370562
-752677 355315 -387002 -469229
735774 -697078 -13085 433004
-15986 374256 -886808 978753
55295 521818 344069 -318122
570177 -872635 -361331 -898979
710440 -764202 -930360 -599624
509494 423941 189231 -104273
289068 -813293 70435 -95689
689424 -109864 94245 -604164
-209731 -975154 113355 621176
-418990 680372 969145 287913
-861098 -703803 -521992 -569351
902303 26534 -990183 763836
-757963 -550518 509029 -246971
312291 -767394 870732 109387
-167611 899645 27967 208544
-889124 567900 256194 270365
926136 813864 -750012 -233432
-185988 419798 455874 -680200
659355 677609 -401449 -931626
-694542 420237 -716524 666134
-222770 -421152 616748 -323976
-628036 -567924 905297 -946515
925942 746302 463215 -57489
-813249 924478 248802 898383
-364769 662826 397137 -601350
-478435 258964 -942556 -817063
-317368 540954 -494748 540665
811201 174900 -697898 -434289
123972 585521 -173301 427893
378433 896916 909752 -416588
-930360 -599624 -494748 540665
927783 290279 -193548 -68808
208714 -487381 487446 -845243
-768700 -988390 487446 -845243
-240030 -827571 317237 956675
113355 621176 50097 -784608
406786 -461387 179045 -815027
453962 -358959 597511 -409381
167657 85213 250381 411978
105390 636599 206117 750381
511733 969603 -240030 -827571
-603719 530283 -841914 269052
524359 -815614 303954 343318
909752 -416588 671793 454671
549167 -7550 -26843 475057
920412 -893679 464890 -534287
5117 163957 -167611 899645
-768700 -988390 -580430 657141
890588 798857 -252344 -259459
312291 -767394 634454 110371
-862368 909134 -252659 -688411
664053 125980 44997 463148
-903009 -356745 -732988 -961690
-370900 806991 -946980 919962
-84465 325714 561354 -646810
-317368 540954 710440 -764202
464890 -534287 -780964 242881
-326120 -24700 -637774 547229
-617342 666687 -70787 -670997
730015 873455 -50336 -888155
785468 197987 -455712 341734
-425540 -144055 -204528 -503199
-639509 -837586 -342363 927686
-581131 974730 -291847 -102707
394863 -112334 429095 -677095
190498 -188394 411997 677173
-772244 -225804 -768700 -988390
-227642 -543020 189231 -104273
890588 798857 -482338 -322882
-22709 368508 -612012 683414
-13085 433004 465547 -542716
439375 -651744 537779 -959745
189231 -104273 -680370 -506214
569669 229915 -534409 943820
-153028 4163 -245814 638820
-26727 515906 95905 84677
828048 -591050 769375 -554789
-753183 585755 786057 -335952
573544 -773910 -128082 943056
451633 -463411 -846779 333801
-45764 414469 155632 355698
-428805 -820385 847041 986810
-617342 666687 -684015 -267387
927783 290279 50097 -784608
487213 -108527 207378 -357104
-226069 33104 -356564 630581
-520858 43915 -395276 51563
403475 99812 -55679 -623377
-990183 763836 -973516 -626914
-387002 -469229 -990183 763836
-109384 -630940 947875 47474
911943 -266873 207378 -357104
261988 -140405 275861 -817377
570177 -872635 -655865 -331836
24017 -325004 -656779 -554523
927783 290279 649112 423575
-141247 -192493 926136 813864
495671 -9614 370917 554377
-875078 720163 954035 748005
634454 110371 870732 109387
-326120 -24700 -353975 841914
406786 -461387 24017 -325004
-233172 428270 312291 -767394
-353975 841914 52788 -486294
936615 623093 -465263 -907811
-213144 713063 616748 -323976
-38726 -679966 -245814 638820
634454 110371 -900618 570524
-595110 309489 -699322 657645
659355 677609 -633873 890574
-654930 848559 -107770 13977
890588 798857 303809 38344
122180 809142 785468 197987
710440 -764202 -494748 540665
537779 -959745 495671 -9614
95905 84677 608322 137664
890588 798857 -327328 -920563
-482741 -638803 -218325 248635
-930360 -599624 -774284 -906604
556324 -663569 463215 -57489
-445110 -883184 -604148 19340
847041 986810 505468 -396723
659355 677609 936615 623093
-821034 277156 -474864 874886
-324901 -950087 -595110 309489
511733 969603 730566 -316807
509494 423941 -680370 -506214
-752677 355315 902303 26534
95905 84677 -361331 -898979
564671 -331542 -797892 -559849
874589 -910932 -617228 820341
-885899 -93874 -975552 394781
-445110 -883184 293878 -911102
656314 -24259 -249786 -667058
949399 303344 -812521 359309
-317368 540954 -930360 -599624
-801455 -45259 811201 174900
-465263 -907811 659355 677609
261988 -140405 -70787 -670997
207378 -357104 483587 169289
-723928 144152 -451697 -976121
317237 956675 730566 -316807
620686 252061 -4357 -837465
-752677 355315 -973516 -626914
-395276 51563 496010 -470421
963083 827658 619084 333826
167657 85213 206117 750381
775070 -340845 -249786 -667058
516749 -543272 -245814 638820
520351 760124 950585 -149799
-143283 -926112 -617228 820341
570177 -872635 608322 137664
-185988 419798 774110 406899
920412 -893679 -780964 242881
620686 252061 685335 -148304
-595470 -27432 344069 -318122
456460 -718004 55837 -837997
720659 623729 -50336 -888155
-900618 570524 870732 109387
649112 423575 -923180 -744371
954035 748005 563724 -546800
-699322 657645 -631373 -774098
-889124 567900 455874 -680200
-352254 -377179 769375 -554789
429095 -677095 -774531 -713250
-557585 922908 -978272 -297407
344069 -318122 -894660 354910
-990183 763836 -385500 -753167
-628036 -567924 874589 -910932
-942556 -817063 -821034 277156
707592 -934120 -204528 -503199
-885899 -93874 854125 97528
936615 623093 646949 635222
863454 482807 248802 898383
465579 -424802 -902719 522451
693270 672177 909752 -416588
-474864 874886 -798377 997024
-862368 909134 271679 -98154
-387002 -469229 649452 295138
-628036 -567924 -143283 -926112
-474864 874886 -942556 -817063
509029 -246971 -812644 314214
-235901 -180444 439375 -651744
865011 -372293 -494748 540665
406786 -461387 -282449 470329
911943 -266873 -764566 262237
-252344 -259459 -707241 989846
28477 -659895 -764566 262237
284590 -649771 -883410 99063
-272149 460366 64807 -221279
870732 109387 -233172 428270
-453833 919750 541531 -617767
870732 109387 -46721 623334
646949 635222 -368323 -261870
-716524 666134 429095 -677095
208714 -487381 -768700 -988390
-639509 -837586 -227642 -543020
271679 -98154 -252659 -688411
976228 -741994 431066 607908
-370900 806991 -352254 -377179
-973162 360788 -894660 354910
-861098 -703803 616748 -323976
70435 -95689 496010 -470421
-772244 -225804 208714 -487381
-559122 347211 93180 -792243
949399 303344 -978272 -297407
-387002 -469229 -385500 -753167
143915 97986 -973162 360788
-317368 540954 865011 -372293
95905 84677 570177 -872635
-179237 -411221 244307 -789211
797644 165856 -930360 -599624
549167 -7550 -455712 341734
-935788 110021 -478435 258964
-753183 585755 579366 641622
-60861 -150876 -867704 950982
524359 -815614 20934 540767
761947 -563964 105390 636599
857559 -885332 -557585 922908
828048 -591050 -352254 -377179
122180 809142 944433 -55321
-697898 -434289 -305515 354515
-412739 -270241 962105 401883
-655490 -765755 774110 406899
597511 -409381 -219930 -998
-655865 -331836 95905 84677
496010 -470421 962105 401883
-617342 666687 261988 -140405
-656779 -554523 -108986 -921279
-305515 354515 811201 174900
585586 990419 -790584 -323898
303954 343318 -548147 -744965
-245814 638820 327327 19916
94245 -604164 224622 189034
-553317 740770 -568111 587320
-401924 49816 406786 -461387
563724 -546800 -875078 720163
890588 798857 -707241 989846
752755 750761 495671 -9614
192342 -156807 505468 -396723
-520858 43915 70435 -95689
-686730 -897608 548540 129468
693270 672177 -933290 303834
-395276 51563 70435 -95689
730015 873455 -637774 547229
429095 -677095 988907 158398
463215 -57489 -529906 375479
397137 -601350 -844588 453255
-604148 19340 -109384 -630940
-942556 -817063 754904 776654
464890 -534287 -867704 950982
455590 -617217 -361331 -898979
403475 99812 -772244 -225804
199719 -257122 752113 798452
310352 -370562 303774 952452
-139133 835372 564671 -331542
-385500 -753167 902303 26534
-639509 -837586 509494 423941
370917 554377 752755 750761
155632 355698 938632 2471
-187209 -660073 835231 9805
-891905 -692091 -559122 347211
-128082 943056 -737009 -586826
896004 -402999 -149319 -66712
17060 654649 184880 811716
390720 56782 128840 244343
-395276 51563 -412739 -270241
-867704 950982 -780964 242881
671793 454671 693270 672177
548540 129468 -521992 -569351
-939893 -805641 327472 -243107
608322 137664 455590 -617217
-132939 89969 563724 -546800
649112 423575 50097 -784608
-737009 -586826 528923 571452
-684015 -267387 261988 -140405
-132939 89969 -599164 444133
-520114 61528 -118807 520944
-752677 355315 -990183 763836
-556550 -337565 -520114 61528
620686 252061 713374 -404083
55295 521818 -973162 360788
-633873 890574 -465263 -907811
-723606 88101 949399 303344
-867704 950982 920412 -893679
509029 -246971 299464 -388266
-326120 -24700 730015 873455
-368323 -261870 -633873 890574
-387002 -469229 -973516 -626914
-291847 -102707 -467800 -433592
455590 -617217 -26727 515906
-153028 4163 -3879 62937
650708 -3564 431066 607908
-327328 -920563 -482338 -322882
-772528 -518494 451633 -463411
-26843 475057 -754760 564942
312291 -767394 -854908 443910
-108986 -921279 24017 -325004
-710533 -938749 950585 -149799
-495563 177189 -648570 762378
-478435 258964 754904 776654
-418990 680372 -205440 888343
-557585 922908 -723606 88101
-774284 -906604 -494748 540665
597511 -409381 528923 571452
-633873 890574 936615 623093
285428 69648 172219 -997090
-139133 835372 310352 -370562
663014 596509 835231 9805
289068 -813293 -520858 43915
927365 -476431 948092 403008
-625390 207011 -127360 464895
-656779 -554523 -401924 49816
-482338 -322882 -252344 -259459
64807 -221279 683042 -692300
786057 -335952 -23169 357438
735774 -697078 465547 -542716
-694542 420237 988907 158398
530854 -430966 992137 -159370
-521992 -569351 -686730 -897608
-587003 -674503 -74655 -637342
-445110 -883184 -109384 -630940
122180 809142 -26843 475057
289068 -813293 -412739 -270241
483587 169289 28477 -659895
455590 -617217 570177 -872635
-866068 -936000 511733 969603
-737009 -586826 -219930 -998
530854 -430966 -534409 943820
-886808 978753 788464 846235
788560 518247 948378 227698
346768 -124158 -223848 -728315
-282449 470329 179045 -815027
-108986 -921279 -282449 470329
439375 -651744 495671 -9614
-233172 428270 -46721 623334
453962 -358959 -128082 943056
525994 940085 -680370 -506214
-393363 -167567 585586 990419
-315179 895017 769375 -554789
-342363 927686 -227642 -543020
-750012 -233432 755682 859236
-844588 453255 664053 125980
293878 -911102 -109384 -630940
525994 940085 189231 -104273
-867704 950982 -841914 269052
-844588 453255 44997 463148
370917 554377 537779 -959745
-252344 -259459 -320692 380104
-469338 592562 299464 -388266
50097 -784608 -923180 -744371
766112 -759359 -529906 375479
-179237 -411221 730566 -316807
-353975 841914 -637774 547229
-790584 -323898 -393363 -167567
774110 406899 455874 -680200
122180 809142 -455712 341734
-797892 -559849 -139133 835372
-973162 360788 -595470 -27432
-933290 303834 -191773 -210217
-260586 902691 835231 9805
55837 -837997 -108187 -257308
-686947 -806663 -617936 943033
453962 -358959 -219930 -998
-894660 354910 143915 97986
303954 343318 20934 540767
155632 355698 886615 717282
-631373 -774098 -324901 -950087
-812521 359309 -978272 -297407
246768 -768304 671793 454671
-625390 207011 -420481 663464
94245 -604164 -612012 683414
316398 522065 663014 596509
-370900 806991 -315179 895017
303809 38344 -327328 -920563
50097 -784608 -209731 -975154
-153028 4163 -38726 -679966
403475 99812 -768700 -988390
252272 -631132 530854 -430966
-587003 -674503 327472 -243107
327472 -243107 -74655 -637342
-840280 -927287 -908581 679792
-595470 -27432 55295 521818
713374 -404083 -4357 -837465
378433 896916 -933290 303834
-710533 -938749 -173301 427893
246768 -768304 693270 672177
573544 -773910 -219930 -998
113355 621176 927783 290279
-754760 564942 122180 809142
-900618 570524 312291 -767394
167657 85213 761947 -563964
-326120 -24700 720659 623729
-697898 -434289 -559122 347211
-356564 630581 -334233 743504
-60861 -150876 920412 -893679
-74866 -156706 963083 827658
-935788 110021 -474864 874886
693270 672177 -191773 -210217
487213 -108527 911943 -266873
-179237 -411221 511733 969603
184880 811716 390720 56782
128840 244343 184880 811716
17060 654649 390316 674064
-619360 -482101 429095 -677095
411997 677173 -173301 427893
-617936 943033 571584 -791676
190498 -188394 -710533 -938749
123972 585521 -710533 -938749
556324 -663569 766112 -759359
455874 -680200 -655490 -765755
93180 -792243 -697898 -434289
-990183 763836 649452 295138
-754760 564942 785468 197987
-812644 314214 996707 -943734
-235901 -180444 537779 -959745
-894660 354910 -595470 -27432
-939893 -805641 -520114 61528
988907 158398 394863 -112334
-401924 49816 24017 -325004
-453833 919750 701189 -954628
271679 -98154 -883410 99063
55295 521818 -894660 354910
-108986 -921279 179045 -815027
666554 -502600 887609 -206457
158138 -389081 886615 717282
-26727 515906 -655865 -331836
-633873 890574 646949 635222
-891905 -692091 -801455 -45259
-508175 456037 -902719 522451
189231 -104273 -342363 927686
-774531 -713250 -716524 666134
649452 295138 902303 26534
-141247 -192493 -750012 -233432
-587003 -674503 -556550 -337565
-209731 -975154 -193548 -68808
565286 -825845 788464 846235
-932082 748590 -107770 13977
-520858 43915 962105 401883
-467800 -433592 -324901 -950087
93180 -792243 -801455 -45259
-684015 -267387 275861 -817377
-291847 -102707 -631373 -774098
24017 -325004 179045 -815027
857559 -885332 -723606 88101
537779 -959745 254893 -631238
774110 406899 -889124 567900
-118807 520944 -556550 -337565
-923180 -744371 -209731 -975154
564671 -331542 303774 952452
-161066 598324 20934 540767
-812521 359309 -549361 400771
755682 859236 -141247 -192493
-161190 -353694 -568111 587320
949399 303344 -557585 922908
-173301 427893 950585 -149799
-935788 110021 754904 776654
-656779 -554523 406786 -461387
15867 -363992 -218325 248635
244307 -789211 -240030 -827571
390316 674064 390720 56782
-889124 567900 -185988 419798
516749 -543272 -38726 -679966
192342 -156807 -428805 -820385
887986 -430234 -973162 360788
15867 -363992 -482741 -638803
465579 -424802 -508175 456037
-595110 309489 -631373 -774098
-317368 540954 -774284 -906604
949399 303344 857559 -885332
487213 -108527 -764566 262237
256194 270365 962706 236439
766112 -759359 925942 746302
-74866 -156706 619084 333826
671793 454671 -191773 -210217
-617228 820341 -628036 -567924
-26843 475057 785468 197987
713374 -404083 685335 -148304
-548147 -744965 -161066 598324
-639509 -837586 189231 -104273
-149319 -66712 -984022 885052
-933290 303834 671793 454671
-50336 -888155 -353975 841914
224622 189034 689424 -109864
-252344 -259459 303809 38344
303809 38344 -482338 -322882
-548147 -744965 524359 -815614
509494 423941 -342363 927686
455874 -680200 256194 270365
955804 -495862 -139549 -541811
-315179 895017 828048 -591050
15854 508627 199719 -257122
-327328 -920563 -252344 -259459
896004 -402999 -984022 885052
-631373 -774098 -467800 -433592
797644 165856 865011 -372293
761947 -563964 250381 411978
-772244 -225804 -55679 -623377
525994 940085 509494 423941
390316 674064 184880 811716
-127360 464895 -420481 663464
-603719 530283 464890 -534287
-710533 -938749 411997 677173
-581131 974730 -595110 309489
-401924 49816 -108986 -921279
-282449 470329 -656779 -554523
828048 -591050 -946980 919962
944433 -55321 549167 -7550
453962 -358959 528923 571452
-946980 919962 769375 -554789
316398 522065 -260586 902691
579366 641622 -23169 357438
-764174 -253921 -315179 895017
-482338 -322882 -707241 989846
-812644 314214 -757963 -550518
-149152 -531619 -218325 248635
-45764 414469 158138 -389081
-193548 -68808 50097 -784608
720659 623729 52788 -486294
-342363 927686 -680370 -506214
363870 219806 28477 -659895
-60861 -150876 -603719 530283
755682 859236 926136 813864
44997 463148 -364769 662826
-469338 592562 782546 665902
-534409 943820 252272 -631132
483587 169289 487213 -108527
788464 846235 428504 -821219
769375 -554789 -370900 806991
15867 -363992 785477 883348
-867704 950982 -603719 530283
-854908 443910 634454 110371
-654930 848559 -932082 748590
-655865 -331836 608322 137664
143915 97986 -595470 -27432
-3879 62937 -38726 -679966
-428805 -820385 203355 311718
962706 236439 774110 406899
-401449 -931626 -368323 -261870
246768 -768304 -191773 -210217
-118807 520944 327472 -243107
948092 403008 -223060 -885688
-764174 -253921 828048 -591050
-219930 -998 528923 571452
-603719 530283 -780964 242881
597511 -409381 573544 -773910
-320692 380104 890588 798857
874589 -910932 905297 -946515
530854 -430966 569669 229915
-352254 -377179 -764174 -253921
-908581 679792 177391 39097
616748 -323976 -521992 -569351
525994 940085 -227642 -543020
-191773 -210217 378433 896916
-612012 683414 689424 -109864
284590 -649771 -252659 -688411
-179237 -411221 -240030 -827571
730015 873455 720659 623729
-737009 -586826 597511 -409381
-227642 -543020 -680370 -506214
-754760 564942 549167 -7550
15867 -363992 -149152 -531619
128840 244343 390316 674064
-128082 943056 597511 -409381
-412739 -270241 70435 -95689
-801455 -45259 -305515 354515
-900618 570524 -46721 623334
-223848 -728315 282802 -365521
303809 38344 -320692 380104
192342 -156807 847041 986810
190498 -188394 123972 585521
317237 956675 244307 -789211
-723606 88101 -549361 400771
649112 423575 -209731 -975154
208714 -487381 -55679 -623377
-121414 101204 -723928 144152
857559 -885332 -978272 -297407
-891905 -692091 -305515 354515
-754760 564942 944433 -55321
-455712 341734 -754760 564942
620686 252061 -238772 -890228
-619360 -482101 988907 158398
-233172 428270 -854908 443910
-697181 -461546 970541 419219
250381 411978 172275 -749162
208714 -487381 -580430 657141
-599164 444133 563724 -546800
-139133 835372 303774 952452
-812521 359309 857559 -885332
-235901 -180444 495671 -9614
-556550 -337565 -74655 -637342
-324901 -950087 -581131 974730
363870 219806 487213 -108527
252272 -631132 569669 229915
344069 -318122 -973162 360788
-445110 -883184 947875 47474
-880230 -832801 788560 518247
-370900 806991 828048 -591050
-774284 -906604 797644 165856
-495563 177189 -579606 297609
754904 776654 -474864 874886
887986 -430234 143915 97986
616748 -323976 -686730 -897608
920412 -893679 -603719 530283
-581131 974730 -631373 -774098
458783 -246516 887609 -206457
-46721 623334 634454 110371
-707241 989846 -320692 380104
-891905 -692091 811201 174900
786057 -335952 602327 -307603
857559 -885332 -549361 400771
752755 750761 254893 -631238
-557585 922908 -812521 359309
701189 -954628 541531 -617767
346768 -124158 282802 -365521
-370900 806991 -764174 -253921
-655865 -331836 -361331 -898979
-26727 515906 -361331 -898979
28477 -659895 207378 -357104
55295 521818 143915 97986
122180 809142 549167 -7550
-772244 -225804 487446 -845243
573544 -773910 453962 -358959
-694542 420237 394863 -112334
-70787 -670997 275861 -817377
-595110 309489 -291847 -102707
-580430 657141 -772244 -225804
988907 158398 -716524 666134
-412739 -270241 -520858 43915
-401924 49816 -282449 470329
950585 -149799 411997 677173
-245814 638820 -3879 62937
-595470 -27432 887986 -430234
172275 -749162 206117 750381
925942 746302 -529906 375479
-222770 -421152 548540 129468
-633873 890574 -401449 -931626
-854908 443910 -900618 570524
95905 84677 455590 -617217
113355 621176 -193548 -68808
-141247 -192493 860944 -388308
730566 -316807 -866068 -936000
761947 -563964 422635 -868388
782546 665902 299464 -388266
565286 -825845 -886808 978753
524359 -815614 -161066 598324
-520114 61528 -74655 -637342
525994 940085 -342363 927686
93180 -792243 -305515 354515
-694542 420237 -774531 -713250
-364769 662826 664053 125980
-291847 -102707 -324901 -950087
-939893 -805641 -118807 520944
752755 750761 537779 -959745
-844588 453255 -364769 662826
254893 -631238 -235901 -180444
602327 -307603 -753183 585755
693270 672177 378433 896916
649112 423575 113355 621176
-655865 -331836 455590 -617217
-315038 -894858 -504603 347434
-469338 592562 -757963 -550518
-233172 428270 634454 110371
-579606 297609 -648570 762378
256194 270365 774110 406899
-15986 374256 565286 -825845
-774284 -906604 710440 -764202
870732 109387 -854908 443910
785468 197987 549167 -7550
782546 665902 509029 -246971
406786 -461387 -108986 -921279
-504603 347434 -275211 305183
-469338 592562 509029 -246971
992137 -159370 569669 229915
192342 -156807 203355 311718
649112 423575 -193548 -68808
782546 665902 -812644 314214
-655490 -765755 -185988 419798
422635 -868388 105390 636599
-732988 -961690 -732081 -298612
-797892 -559849 303774 952452
158138 -389081 155632 355698
397137 -601350 44997 463148
-222770 -421152 -686730 -897608
730015 873455 52788 -486294
-209731 -975154 927783 290279
785468 197987 944433 -55321
256194 270365 -185988 419798
15854 508627 752113 798452
299464 -388266 -812644 314214
289068 -813293 496010 -470421
-710533 -938749 520351 760124
-886808 978753 428504 -821219
422635 -868388 172275 -749162
-260586 902691 663014 596509
-900618 570524 -233172 428270
-132939 89969 954035 748005
847041 986810 203355 311718
-798377 997024 -942556 -817063
-894660 354910 887986 -430234
-844212 -374939 -139549 -541811
-697898 -434289 -891905 -692091
-821034 277156 -798377 997024
-317368 540954 797644 165856
-619360 -482101 394863 -112334
938632 2471 886615 717282
327327 19916 -3879 62937
-474864 874886 -478435 258964
-737009 -586826 453962 -358959
-684015 -267387 -70787 -670997
949399 303344 -549361 400771
-368323 -261870 936615 623093
312291 -767394 -46721 623334
-50336 -888155 -637774 547229
-245814 638820 -567551 -203538
344069 -318122 887986 -430234
206117 750381 761947 -563964
-801455 -45259 -559122 347211
-875078 720163 -599164 444133
172219 -997090 810716 -273521
-315038 -894858 -275211 305183
-975552 394781 854125 97528
962105 401883 289068 -813293
303809 38344 -707241 989846
962706 236439 -655490 -765755
-923180 -744371 113355 621176
-567551 -203538 -3879 62937
-655490 -765755 -889124 567900
317237 956675 511733 969603
-656779 -554523 179045 -815027
464890 -534287 -841914 269052
-213144 713063 548540 129468
-385500 -753167 -752677 355315
573544 -773910 -737009 -586826
158138 -389081 938632 2471
250381 411978 206117 750381
-697181 -461546 613272 -262922
483587 169289 911943 -266873
-222770 -421152 -213144 713063
996707 -943734 782546 665902
565286 -825845 428504 -821219
785477 883348 -482741 -638803
656314 -24259 775070 -340845
-15986 374256 428504 -821219
-128082 943056 -219930 -998
207378 -357104 363870 219806
761947 -563964 172275 -749162
-697898 -434289 -801455 -45259
-889124 567900 962706 236439
970541 419219 613272 -262922
962706 236439 -185988 419798
439375 -651744 254893 -631238
-883410 99063 -252659 -688411
-238772 -890228 -4357 -837465
-840280 -927287 177391 39097
730566 -316807 -240030 -827571
-74655 -637342 -939893 -805641
-774531 -713250 394863 -112334
938632 2471 -45764 414469
439375 -651744 752755 750761
-587003 -674503 -118807 520944
-353975 841914 730015 873455
835231 9805 316398 522065
-320692 380104 -482338 -322882
-315179 895017 -946980 919962
-619360 -482101 -694542 420237
-686730 -897608 -861098 -703803
105390 636599 167657 85213
327327 19916 -38726 -679966
-883410 99063 -862368 909134
-467800 -433592 -699322 657645
602327 -307603 -23169 357438
172275 -749162 167657 85213
-520114 61528 -587003 -674503
-880230 -832801 948378 227698
458783 -246516 666554 -502600
-455712 341734 -26843 475057
-22709 368508 224622 189034
-143283 -926112 905297 -946515
-617228 820341 905297 -946515
256194 270365 -655490 -765755
720659 623729 -353975 841914
-549361 400771 -978272 -297407
-23169 357438 -753183 585755
811201 174900 93180 -792243
860944 -388308 755682 859236
-173301 427893 190498 -188394
-223060 -885688 927365 -476431
-368323 -261870 -465263 -907811
-812521 359309 -723606 88101
-798377 997024 -935788 110021
-520114 61528 327472 -243107
487213 -108527 28477 -659895
685335 -148304 -238772 -890228
-946980 919962 -764174 -253921
-15986 374256 788464 846235
996707 -943734 -469338 592562
-327328 -920563 -320692 380104
289068 -813293 -395276 51563
-923180 -744371 -193548 -68808
785477 883348 -149152 -531619
509494 423941 -227642 -543020
208714 -487381 403475 99812
105390 636599 250381 411978
-529906 375479 556324 -663569
-933290 303834 909752 -416588
-334233 743504 -226069 33104
390720 56782 17060 654649
810716 -273521 285428 69648
-557585 922908 -549361 400771
-686947 -806663 571584 -791676
-699322 657645 -324901 -950087
327327 19916 -153028 4163
-604148 19340 293878 -911102
-187209 -660073 316398 522065
-469338 592562 -812644 314214
-45764 414469 886615 717282
25259 31873 561354 -646810
-599164 444133 954035 748005
520351 760124 411997 677173
992137 -159370 252272 -631132
-291847 -102707 -699322 657645
-118807 520944 -74655 -637342
-326120 -24700 52788 -486294
511733 969603 244307 -789211
902303 26534 -387002 -469229
317237 956675 -179237 -411221
860944 -388308 926136 813864
-401924 49816 179045 -815027
483587 169289 363870 219806
254893 -631238 495671 -9614
976228 -741994 650708 -3564
-149152 -531619 -482741 -638803
224622 189034 -612012 683414
-875078 720163 -132939 89969
422635 -868388 206117 750381
769375 -554789 -764174 -253921
-327328 -920563 -707241 989846
-465263 -907811 -401449 -931626
-553317 740770 -161190 -353694
-567551 -203538 327327 19916
-55679 -623377 -580430 657141
-238772 -890228 713374 -404083
516749 -543272 327327 19916
-764566 262237 207378 -357104
-401449 -931626 936615 623093
-559122 347211 -305515 354515
509029 -246971 996707 -943734
254893 -631238 370917 554377
-723606 88101 -978272 -297407
-50336 -888155 52788 -486294
-772528 -518494 -846779 333801
-282449 470329 24017 -325004
303954 343318 -161066 598324
710440 -764202 797644 165856
-395276 51563 962105 401883
-780964 242881 -841914 269052
25259 31873 -84465 325714
-260586 902691 -187209 -660073
-465263 -907811 646949 635222
-235901 -180444 752755 750761
-580430 657141 487446 -845243
190498 -188394 520351 760124
-933290 303834 246768 -768304
143915 97986 344069 -318122
-757963 -550518 782546 665902
969145 287913 -205440 888343
429095 -677095 -694542 420237
-973516 -626914 902303 26534
-521992 -569351 -222770 -421152
-637774 547229 720659 623729
-861098 -703803 548540 129468
616748 -323976 548540 129468
955804 -495862 -844212 -374939
-780964 242881 -60861 -150876
464890 -534287 -60861 -150876
496010 -470421 -412739 -270241
602327 -307603 579366 641622
-55679 -623377 -768700 -988390
-567551 -203538 -153028 4163
