1000
674425 -461226 48329 626099
-656004 -800443 -927934 535983
894885 152051 601373 -434662
-781919 432771 708141 559599
229165 -305198 536669 -434543
-787370 664139 674425 -461226
488076 -346610 731513 1528
810361 -488235 499543 -733945
-769979 -712863 -974317 -423177
-543913 -490135 74008 -334196
74008 -334196 857952 315143
426794 -887447 488076 -346610
-260399 -493817 -485800 -727854
201815 713160 -235003 -938636
-55446 202024 341460 600750
-895283 886773 -89490 898325
562531 -404669 -584025 169900
441859 -795378 -730145 463256
-22093 173171 -698671 -808181
472025 -590056 607363 -518667
-848149 107788 -436924 -763881
-102702 -125852 -895283 886773
870879 -695386 677180 499590
-839109 372749 408329 -143718
-520983 608064 53059 355597
-418962 -276844 -695506 46613
697605 -31811 326634 270930
-422514 770947 -574059 -566792
514330 697631 551227 473217
872107 276774 436851 479012
-220955 456786 -747549 180945
-924036 -698618 340579 192492
691562 -262362 276424 -896242
27268 367817 580153 347377
350898 114287 511434 -875999
-783306 -333145 827906 486704
801060 -571958 -98890 -613729
-962148 -672887 731513 1528
-787969 228783 -89490 898325
53170 -352446 779144 -28977
488076 -346610 -774637 -540492
-223732 -634546 436851 479012
876016 -126704 -125443 -55009
-160 -622180 -711814 966671
811952 705637 -485800 -727854
234113 626885 630598 52119
-24466 -86625 229165 -305198
958396 -686235 -983117 251016
373720 588156 -935931 -809627
995760 -465551 -42055 962809
-86488 816808 22142 529926
335739 684102 -740067 3513
457882 -219890 -981425 749076
261225 659490 -2933 -153825
942319 -342618 -405315 -344346
859495 581068 -797946 -23409
-346756 -477334 -415147 -56031
648383 363200 205736 594135
570353 -129959 764849 -635521
-571867 360210 420098 71948
84989 -430293 506209 -305844
-393317 547620 335739 684102
520437 121760 -108842 281820
-193598 -135345 754035 451406
705547 -757425 779974 -761724
-61394 552712 765108 -867959
886124 295127 441859 -795378
-287977 172198 -704844 313640
-501231 259541 691562 -262362
508221 61426 779974 -761724
677180 499590 -983618 -522054
494485 616931 366252 -838084
645157 -989390 801060 -571958
-584025 169900 -729812 -749513
-832837 -173792 918091 -578244
520437 121760 229165 -305198
-927934 535983 -240097 -255573
-98890 -613729 645157 -989390
731513 1528 426794 -887447
205736 594135 670764 202552
428194 533800 556220 585166
886124 295127 -927934 535983
-235003 -938636 645157 -989390
174476 201591 1697 -742460
-947605 131218 -971243 -980229
648383 363200 560016 -12200
-115706 -65840 354804 -334133
568857 -358861 579787 999354
580153 347377 718900 -917143
811952 705637 -260399 -493817
877473 39438 -55446 202024
-729812 -749513 151860 -957381
-383389 563437 774020 743682
664643 821199 988730 -906491
915116 -981308 638510 -175610
674425 -461226 571342 660756
-58805 -898150 -923405 -505232
831481 379805 322241 374909
354804 -334133 -201650 -596465
-22093 173171 429949 305593
389584 250166 379400 -878710
-356635 -851183 -982090 -182162
542297 -46232 747187 261474
440634 -952819 -4460 -709533
562531 -404669 -729812 -749513
-704844 313640 84989 -430293
-173721 565254 -714212 529469
48329 626099 -699122 104859
-597535 -172031 670764 202552
-233719 -952869 -396832 -630863
201815 713160 -98890 -613729
-113548 -803546 877473 39438
350898 114287 -447636 559498
681902 14936 508221 61426
-698671 -808181 -395549 -602709
-401246 289251 -848149 107788
429949 305593 -698671 -808181
457882 -219890 280547 -941484
-974317 -423177 277590 -707572
552741 -515281 -18703 -13862
-96797 -868049 420160 308632
-974317 -423177 635537 -219370
488076 -346610 -473077 -587226
-730145 463256 886124 295127
627217 364863 190972 -259052
499543 -733945 -504563 -933579
-33670 -483195 972641 -878461
-148432 -653776 -258153 516079
261225 659490 -516520 -386250
-769979 -712863 157476 424580
-485800 -727854 264632 -274012
-498313 849707 96383 206661
-78445 -355209 945917 -95122
-161230 396789 -129538 536450
-40629 -66873 -568614 584978
185318 658861 -292398 264082
562531 -404669 -76665 997337
966487 -146749 -747549 180945
798342 200460 900996 -908766
277590 -707572 -769979 -712863
772730 -753555 -659172 -732727
-234313 920109 -450055 787329
-396832 -630863 983842 702370
-800078 395045 -24466 -86625
96383 206661 -76665 997337
266313 536266 -84693 508881
-501231 259541 -995255 445243
570353 -129959 779144 -28977
-659146 -268415 -462475 487802
-805910 59748 379400 -878710
231457 81766 -20433 -701096
201815 713160 801060 -571958
-831762 995005 457882 -219890
-773850 -200010 436851 479012
-698671 -808181 -551875 -924070
648383 363200 -597535 -172031
-796504 65588 289757 -697905
84989 -430293 -287977 172198
531318 797334 731513 1528
-668700 393600 22142 529926
-781919 432771 553844 539244
-122074 -410737 84989 -430293
850634 -759783 -184950 -396744
261225 659490 -243094 -972765
-161230 396789 -386231 -284701
697605 -31811 481048 -268849
638510 -175610 -837216 -542989
234113 626885 -96797 -868049
-498313 849707 562531 -404669
297072 126029 953861 -103399
627217 364863 -415147 -56031
-774553 658399 1697 -742460
571342 660756 -699122 104859
-348925 -55522 -939515 -322680
44601 -976521 -727775 -843556
885809 -278390 -18703 -13862
-575392 622843 -113548 -803546
-800078 395045 229165 -305198
-143385 702258 -22837 591040
337077 -695958 -108855 187663
268280 -826014 870879 -695386
-529777 -136274 697605 -31811
-796504 65588 -59596 -265242
-440027 82883 784169 74339
-78445 -355209 -96797 -868049
-725110 463889 -848149 107788
508221 61426 827906 486704
607363 -518667 499058 660651
322241 374909 -668700 393600
264632 -274012 -260399 -493817
-233719 -952869 988730 -906491
457882 -219890 656556 -859945
-930845 -845536 679861 160377
580153 347377 -764454 856159
915116 -981308 -837216 -542989
-579391 489990 48285 148310
-800078 395045 175474 97557
-173270 -11718 -61394 552712
-620585 72495 653061 142026
-258998 -579197 779144 -28977
-989129 29821 -520983 608064
174476 201591 -568614 584978
441859 -795378 -240097 -255573
-125443 -55009 648383 363200
-88035 -913058 -805910 59748
-995255 445243 691562 -262362
731513 1528 -774637 -540492
-826970 482199 -233719 -952869
-379718 379555 -78445 -355209
576098 -112412 22142 529926
-502416 160910 -763503 -421864
504521 525095 -161230 396789
-383389 563437 511434 -875999
560016 -12200 -125443 -55009
983842 702370 988730 -906491
664643 821199 -396832 -630863
-418962 -276844 -106617 -148862
157476 424580 -502416 160910
-55446 202024 -113548 -803546
-781919 432771 940935 -244444
-757038 -678296 436851 479012
428194 533800 -924036 -698618
551227 473217 -714212 529469
-106617 -148862 600389 826134
599380 -175466 -33670 -483195
164211 -697739 811952 705637
190972 -259052 -346756 -477334
351910 -294005 -440027 82883
803585 114686 161674 -293127
-626085 954367 532878 -39859
-58805 -898150 -234313 920109
389584 250166 -88035 -913058
-563275 295422 44601 -976521
429949 305593 -395549 -602709
420160 308632 -379718 379555
-831634 -593400 -759564 967856
701804 -148582 -235003 -938636
-405315 -344346 335739 684102
283287 -84220 366252 -838084
-161230 396789 555098 -859135
-971494 -168598 127198 933895
341460 600750 877473 39438
469520 186581 -84693 508881
-575392 622843 -55446 202024
-711814 966671 -220955 456786
-832837 -173792 -214135 638009
393458 453569 276424 -896242
337077 -695958 472463 -391150
-714212 529469 720314 -905322
-58805 -898150 659013 -437943
175474 97557 229165 -305198
143130 -186108 -675730 620894
-708165 -177866 638510 -175610
570353 -129959 -258998 -579197
940935 -244444 553844 539244
705547 -757425 508221 61426
-981425 749076 -831762 995005
-436924 -763881 -265398 -903666
930186 683268 -579391 489990
-730628 -930000 -447636 559498
127198 933895 -106617 -148862
983842 702370 -826970 482199
280547 -941484 656556 -859945
426794 -887447 -962148 -672887
-813148 -600212 -579391 489990
-391069 440126 -273798 160638
857952 315143 764570 -584482
874460 -298436 -983618 -522054
-597535 -172031 205736 594135
-571867 360210 747187 261474
185318 658861 437084 846209
508221 61426 -783306 -333145
-730628 -930000 -383389 563437
764570 -584482 74008 -334196
-88035 -913058 379400 -878710
-574658 -499557 291114 -734236
163052 -657423 405077 40680
579787 999354 163052 -657423
-962148 -672887 -473077 -587226
-932214 886597 -196655 -149273
-265398 -903666 231457 81766
127198 933895 -418962 -276844
491309 783496 152335 -235027
-89490 898325 640376 -621755
872107 276774 -757038 -678296
280547 -941484 -831762 995005
481048 -268849 408329 -143718
514071 206786 -656004 -800443
-160 -622180 -747549 180945
-995255 445243 276424 -896242
-826970 482199 -521844 525252
-173721 565254 551227 473217
-86488 816808 831481 379805
540711 93367 483356 506883
-947605 131218 -574059 -566792
857952 315143 -475644 136896
-152626 888965 542297 -46232
-725110 463889 -265398 -903666
175474 97557 -24466 -86625
-727775 -843556 -4460 -709533
899799 80409 764570 -584482
277590 -707572 157476 424580
600389 826134 -695506 46613
-196655 -149273 -112906 458800
326634 270930 -529777 -136274
933896 151821 718900 -917143
240353 177263 681902 14936
670764 202552 876016 -126704
556220 585166 -924036 -698618
-260399 -493817 164211 -697739
-227934 -781256 -173270 -11718
472463 -391150 -108855 187663
420098 71948 542297 -46232
-971243 -980229 -422514 770947
872107 276774 -773850 -200010
-405315 -344346 -740067 3513
232026 -113789 -516520 -386250
469520 186581 266313 536266
-551875 -924070 429949 305593
-694403 455204 653061 142026
277590 -707572 635537 -219370
-393317 547620 942319 -342618
440634 -952819 -563275 295422
428194 533800 340579 192492
580153 347377 933896 151821
-292398 264082 437084 846209
805839 -272092 -346756 -477334
127198 933895 21717 -567549
-861845 -446882 920954 -233326
-374572 597367 -561211 29194
-148432 -653776 264632 -274012
399879 956724 174476 201591
-22093 173171 -551875 -924070
-356563 -170246 -699122 104859
-774637 -540492 -473077 -587226
506209 -305844 -287977 172198
554092 482747 514330 697631
127198 933895 -695506 46613
-571867 360210 542297 -46232
-927934 535983 514071 206786
803585 114686 -923405 -505232
280547 -941484 -626085 954367
553844 539244 -374572 597367
-910087 -891158 -797946 -23409
297072 126029 -949435 20499
-31155 340903 -269112 525420
779974 -761724 827906 486704
-597535 -172031 876016 -126704
-971243 -980229 297072 126029
-805910 59748 389584 250166
-374572 597367 940935 -244444
872107 276774 -223732 -634546
-971494 -168598 -695506 46613
-329188 -284278 -579391 489990
350898 114287 774020 743682
591369 -62933 -435121 127020
586755 -150187 958396 -686235
554092 482747 -714212 529469
886124 295127 514071 206786
708141 559599 553844 539244
-4460 -709533 44601 -976521
469520 186581 53059 355597
-173721 565254 720314 -905322
34028 622223 -796504 65588
-108842 281820 -800078 395045
-374572 597367 -960843 -746422
640376 -621755 -787969 228783
326634 270930 408329 -143718
-521844 525252 664643 821199
-982090 -182162 -243094 -972765
-273798 160638 -308491 206926
970771 -765943 564593 156234
-258153 516079 164211 -697739
-20433 -701096 -436924 -763881
-40153 529048 22142 529926
-764454 856159 718900 -917143
-708165 -177866 915116 -981308
-201650 -596465 -348925 -55522
-31155 340903 393195 -57409
-393317 547620 -405315 -344346
-960843 -746422 553844 539244
-584025 169900 96383 206661
189936 -855413 -154953 136384
400860 319294 212701 569837
-774637 -540492 426794 -887447
812510 838368 -393317 547620
988730 -906491 -521844 525252
681902 14936 779974 -761724
-475644 136896 764570 -584482
674425 -461226 -699122 104859
958396 -686235 -128290 478573
53170 -352446 570353 -129959
736836 569169 -861768 242166
-796504 65588 647489 233691
-120303 829540 542518 599401
898223 -70085 -287977 172198
-122074 -410737 -287977 172198
970771 -765943 885809 -278390
-485865 -219143 -463629 -45531
560016 -12200 205736 594135
532878 -39859 457882 -219890
24451 -804310 -84693 508881
-775707 -300145 163052 -657423
568857 -358861 405077 40680
-450055 787329 803585 114686
-346756 -477334 627217 364863
779144 -28977 764849 -635521
874460 -298436 870879 -695386
-348925 -55522 -115706 -65840
201815 713160 730037 -472976
-983117 251016 -128290 478573
-143385 702258 -48910 321669
-796504 65588 698142 -630245
-675730 620894 152335 -235027
-78445 -355209 630598 52119
13497 -790944 160504 425852
393195 -57409 -193598 -135345
859495 581068 -910087 -891158
-656004 -800443 -730145 463256
-40629 -66873 -774553 658399
483356 506883 -486024 10662
335739 684102 -880409 -522226
-40153 529048 576098 -112412
698142 -630245 289757 -697905
-374572 597367 708141 559599
354995 -665214 -839109 372749
53059 355597 24451 -804310
-938872 -569087 554092 482747
811952 705637 -258153 516079
472025 -590056 499058 660651
-265398 -903666 -401246 289251
340579 192492 -1520 578169
-173270 -11718 765108 -867959
750295 74680 602961 -492365
-839109 372749 -529777 -136274
-763503 -421864 157476 424580
-861768 242166 -939515 -322680
399879 956724 -568614 584978
754035 451406 -269112 525420
-924036 -698618 -1520 578169
659013 -437943 161674 -293127
779974 -761724 -783306 -333145
647489 233691 289757 -697905
21717 -567549 -971494 -168598
576098 -112412 -86488 816808
945917 -95122 234113 626885
-422514 770947 297072 126029
280547 -941484 -981425 749076
-861845 -446882 -22837 591040
335739 684102 942319 -342618
-742486 -120985 567568 548926
-462475 487802 601373 -434662
-774553 658399 174476 201591
966487 -146749 -160 -622180
-31155 340903 754035 451406
-106617 -148862 21717 -567549
764849 -635521 53170 -352446
988730 -906491 -826970 482199
720314 -905322 551227 473217
-597535 -172031 560016 -12200
898223 -70085 84989 -430293
-856863 380848 -475644 136896
157476 424580 -974317 -423177
-960843 -746422 940935 -244444
-949435 20499 -422514 770947
705547 -757425 681902 14936
-949435 20499 -971243 -980229
-971494 -168598 -106617 -148862
591369 -62933 163052 -657423
152335 -235027 -644221 -45647
-775707 -300145 591369 -62933
-529777 -136274 408329 -143718
-656004 -800443 886124 295127
664643 821199 -233719 -952869
-1520 578169 428194 533800
350898 114287 -383389 563437
659013 -437943 803585 114686
-504563 -933579 810361 -488235
-76665 997337 -729812 -749513
995760 -465551 105732 -397051
-235003 -938636 801060 -571958
885809 -278390 564593 156234
74008 -334196 899799 80409
512338 -610813 84989 -430293
408329 -143718 354995 -665214
859495 581068 -935931 -809627
-668700 393600 -86488 816808
966487 -146749 -220955 456786
-563275 295422 -727775 -843556
34028 622223 289757 -697905
556220 585166 340579 192492
-695506 46613 21717 -567549
161674 -293127 -58805 -898150
-2933 -153825 232026 -113789
670764 202552 -125443 -55009
831481 379805 -668700 393600
48329 626099 571342 660756
22142 529926 322241 374909
554092 482747 720314 -905322
-485865 -219143 -504563 -933579
-485800 -727854 -148432 -653776
440634 -952819 -727775 -843556
929192 389764 894885 152051
730037 -472976 701804 -148582
920954 -233326 -48910 321669
691562 -262362 393458 453569
-895283 886773 640376 -621755
157667 -237663 -787370 664139
-462475 487802 929192 389764
-184262 -414263 599380 -175466
-861768 242166 -201650 -596465
-374572 597367 -781919 432771
576098 -112412 831481 379805
701804 -148582 -98890 -613729
933896 151821 -764454 856159
297072 126029 -574059 -566792
877473 39438 -575392 622843
48285 148310 -813148 -600212
-543913 -490135 899799 80409
512338 -610813 898223 -70085
266313 536266 -989129 29821
232026 -113789 -982090 -182162
-243094 -972765 -516520 -386250
850634 -759783 607363 -518667
472025 -590056 -184950 -396744
504521 525095 -386231 -284701
-960843 -746422 -781919 432771
551227 473217 554092 482747
-498313 849707 151860 -957381
-695506 46613 -106617 -148862
74008 -334196 -475644 136896
-962148 -672887 531318 797334
-947605 131218 -422514 770947
859495 581068 373720 588156
-40629 -66873 174476 201591
-447636 559498 -383389 563437
586755 -150187 -983117 251016
-401246 289251 -725110 463889
-88164 803552 -128290 478573
645157 -989390 701804 -148582
708141 559599 -561211 29194
942319 -342618 -740067 3513
940935 -244444 708141 559599
-644221 -45647 491309 783496
730037 -472976 -235003 -938636
579787 999354 591369 -62933
-783306 -333145 681902 14936
48285 148310 930186 683268
-96797 -868049 630598 52119
-260399 -493817 -258153 516079
405077 40680 -775707 -300145
405077 40680 -435121 127020
898223 -70085 -704844 313640
-574059 -566792 -971243 -980229
-485865 -219143 810361 -488235
627217 364863 805839 -272092
-935931 -809627 -910087 -891158
630598 52119 945917 -95122
-235003 -938636 -98890 -613729
601373 -434662 -659146 -268415
48329 626099 157667 -237663
536669 -434543 175474 97557
-543913 -490135 -856863 380848
765108 -867959 -227934 -781256
322241 374909 -40153 529048
687976 410429 483356 506883
929192 389764 -659146 -268415
874460 -298436 677180 499590
-115706 -65840 -861768 242166
659013 -437943 -923405 -505232
-520983 608064 266313 536266
-395549 -602709 -551875 -924070
70868 233571 350898 114287
-938872 -569087 720314 -905322
13497 -790944 -701004 396358
-260399 -493817 -148432 -653776
972641 -878461 599380 -175466
-880409 -522226 -740067 3513
784169 74339 351910 -294005
586755 -150187 -88164 803552
-84693 508881 -520983 608064
-463629 -45531 810361 -488235
-787370 664139 48329 626099
-329188 -284278 930186 683268
730037 -472976 -98890 -613729
389584 250166 -931806 303070
-220955 456786 -160 -622180
898223 -70085 -122074 -410737
-96797 -868049 945917 -95122
599380 -175466 -54022 -263037
264632 -274012 811952 705637
151860 -957381 96383 206661
-418962 -276844 -971494 -168598
-939515 -322680 354804 -334133
21717 -567549 -418962 -276844
-521844 525252 -396832 -630863
-520983 608064 469520 186581
-258153 516079 -485800 -727854
-173270 -11718 -351593 -409688
-485865 -219143 499543 -733945
801060 -571958 730037 -472976
-935931 -809627 -797946 -23409
-775707 -300145 579787 999354
774020 743682 511434 -875999
-59596 -265242 289757 -697905
289757 -697905 -671753 957351
-923405 -505232 161674 -293127
736836 569169 -348925 -55522
-243094 -972765 232026 -113789
677180 499590 268280 -826014
268280 -826014 874460 -298436
635537 -219370 157476 424580
-498313 849707 -76665 997337
-995255 445243 393458 453569
-711814 966671 966487 -146749
586755 -150187 -128290 478573
736836 569169 -201650 -596465
151860 -957381 562531 -404669
-787370 664139 571342 660756
-561211 29194 553844 539244
-931806 303070 379400 -878710
34028 622223 -671753 957351
-848149 107788 -20433 -701096
-415147 -56031 805839 -272092
201815 713160 701804 -148582
536669 -434543 -24466 -86625
70868 233571 -447636 559498
22843 -355111 174476 201591
96383 206661 562531 -404669
988730 -906491 -396832 -630863
326634 270930 481048 -268849
542518 599401 -952501 496059
-463629 -45531 499543 -733945
-113548 -803546 341460 600750
143130 -186108 152335 -235027
-902578 -665631 540711 93367
175474 97557 520437 121760
-989129 29821 24451 -804310
812510 838368 -880409 -522226
705547 -757425 827906 486704
420160 308632 -78445 -355209
-757038 -678296 -223732 -634546
972641 -878461 -184262 -414263
718900 -917143 27268 367817
600389 826134 21717 -567549
205736 594135 -125443 -55009
-730145 463256 -240097 -255573
261225 659490 -356635 -851183
536669 -434543 -108842 281820
261225 659490 232026 -113789
-415147 -56031 190972 -259052
-173721 565254 554092 482747
-956663 -245049 900996 -908766
-54022 -263037 -184262 -414263
-88035 -913058 -931806 303070
600389 826134 127198 933895
53059 355597 266313 536266
-351593 -409688 -227934 -781256
421080 -669745 -831634 -593400
-76665 997337 151860 -957381
511434 -875999 70868 233571
-2933 -153825 -243094 -972765
408329 -143718 697605 -31811
-910087 -891158 373720 588156
151860 -957381 -584025 169900
-502416 160910 -769979 -712863
-796504 65588 -671753 957351
687976 410429 -486024 10662
-2933 -153825 -516520 -386250
659013 -437943 -234313 920109
-947605 131218 297072 126029
-59596 -265242 647489 233691
-391069 440126 -308491 206926
354995 -665214 481048 -268849
687976 410429 540711 93367
-88164 803552 -983117 251016
555098 -859135 504521 525095
-48910 321669 -861845 -446882
970771 -765943 -18703 -13862
876016 -126704 560016 -12200
393195 -57409 -269112 525420
-40629 -66873 22843 -355111
-787370 664139 -699122 104859
591369 -62933 405077 40680
-475644 136896 899799 80409
-902578 -665631 -486024 10662
-561211 29194 940935 -244444
421080 -669745 -759564 967856
870879 -695386 -983618 -522054
-84693 508881 53059 355597
532878 -39859 -981425 749076
-405315 -344346 812510 838368
-730628 -930000 70868 233571
757822 -231637 -971316 -455471
664643 821199 983842 702370
-813148 -600212 930186 683268
-450055 787329 161674 -293127
-708165 -177866 -837216 -542989
231457 81766 -725110 463889
514330 697631 -714212 529469
512338 -610813 -704844 313640
953861 -103399 -422514 770947
765108 -867959 -351593 -409688
-939515 -322680 -201650 -596465
552741 -515281 970771 -765943
-848149 107788 231457 81766
-24466 -86625 -108842 281820
264632 -274012 164211 -697739
-675730 620894 -644221 -45647
511434 -875999 -730628 -930000
747187 261474 -152626 888965
-931806 303070 -805910 59748
774020 743682 -730628 -930000
664643 821199 -826970 482199
656556 -859945 -831762 995005
953861 -103399 -971243 -980229
-234313 920109 161674 -293127
-112906 458800 -932214 886597
-704844 313640 -122074 -410737
-129538 536450 -386231 -284701
291114 -734236 -653542 -696965
953861 -103399 -949435 20499
-520983 608064 24451 -804310
-516520 -386250 -356635 -851183
354995 -665214 326634 270930
234113 626885 -78445 -355209
264632 -274012 -258153 516079
-930845 -845536 295593 24317
-233719 -952869 -521844 525252
-89490 898325 -102702 -125852
-956663 -245049 798342 200460
163052 -657423 -435121 127020
399879 956724 -774553 658399
-473077 -587226 531318 797334
-269112 525420 -193598 -135345
163052 -657423 568857 -358861
393458 453569 -501231 259541
-974317 -423177 -763503 -421864
-763503 -421864 -769979 -712863
-701004 396358 160504 425852
-989129 29821 469520 186581
-775707 -300145 568857 -358861
373720 588156 -797946 -23409
-4460 -709533 -563275 295422
670764 202552 648383 363200
-960843 -746422 -561211 29194
-575392 622843 341460 600750
698142 -630245 -671753 957351
70868 233571 -383389 563437
420160 308632 945917 -95122
508221 61426 240353 177263
635537 -219370 -502416 160910
212701 569837 907633 488501
34028 622223 698142 -630245
488076 -346610 -962148 -672887
-729812 -749513 96383 206661
532878 -39859 280547 -941484
-675730 620894 491309 783496
-971494 -168598 600389 826134
-486024 10662 540711 93367
-656004 -800443 441859 -795378
53059 355597 -989129 29821
-568614 584978 22843 -355111
635537 -219370 -763503 -421864
-787370 664139 -356563 -170246
-561211 29194 -781919 432771
-513464 -535615 757822 -231637
506209 -305844 898223 -70085
-939515 -322680 -115706 -65840
-463629 -45531 -504563 -933579
-714212 529469 -938872 -569087
576098 -112412 -668700 393600
27268 367817 -764454 856159
942319 -342618 -880409 -522226
-502416 160910 -974317 -423177
-856863 380848 899799 80409
-516520 -386250 -982090 -182162
277590 -707572 -502416 160910
-96797 -868049 -379718 379555
579787 999354 -435121 127020
552741 -515281 885809 -278390
645157 -989390 730037 -472976
-436924 -763881 231457 81766
564593 156234 552741 -515281
-962148 -672887 -774637 -540492
-223732 -634546 -773850 -200010
-447636 559498 774020 743682
511434 -875999 -447636 559498
-393317 547620 -880409 -522226
831481 379805 -40153 529048
164211 -697739 -148432 -653776
-2933 -153825 -356635 -851183
70868 233571 774020 743682
261225 659490 -982090 -182162
-774553 658399 22843 -355111
175474 97557 -108842 281820
640376 -621755 -102702 -125852
-33670 -483195 -184262 -414263
-2933 -153825 -982090 -182162
-938872 -569087 -173721 565254
-730628 -930000 350898 114287
-379718 379555 945917 -95122
907633 488501 400860 319294
958396 -686235 -88164 803552
-543913 -490135 857952 315143
-668700 393600 -40153 529048
229165 -305198 -108842 281820
-193598 -135345 -31155 340903
-61394 552712 -227934 -781256
514330 697631 -938872 -569087
803585 114686 -234313 920109
-356563 -170246 48329 626099
-839109 372749 697605 -31811
-379718 379555 234113 626885
-656004 -800443 -240097 -255573
-240097 -255573 886124 295127
-102702 -125852 -787969 228783
-86488 816808 -40153 529048
-568614 584978 -774553 658399
850634 -759783 499058 660651
-584025 169900 -76665 997337
-233719 -952869 983842 702370
532878 -39859 656556 -859945
-20433 -701096 -265398 -903666
-856863 380848 857952 315143
705547 -757425 -783306 -333145
-559922 421507 567568 548926
514071 206786 -240097 -255573
531318 797334 488076 -346610
-234313 920109 -923405 -505232
240353 177263 705547 -757425
708141 559599 -960843 -746422
512338 -610813 506209 -305844
-115706 -65840 -201650 -596465
195577 -363649 602961 -492365
-694403 455204 -620585 72495
-989129 29821 -84693 508881
499058 660651 -184950 -396744
-659172 -732727 -312501 -241420
1697 -742460 -568614 584978
-704844 313640 506209 -305844
-927934 535983 441859 -795378
736836 569169 354804 -334133
-644221 -45647 143130 -186108
-125443 -55009 -597535 -172031
876016 -126704 205736 594135
354804 -334133 -348925 -55522
494485 616931 283287 -84220
701804 -148582 801060 -571958
-401246 289251 -436924 -763881
326634 270930 -839109 372749
942319 -342618 812510 838368
-356563 -170246 157667 -237663
-386231 -284701 555098 -859135
-783306 -333145 240353 177263
420098 71948 -152626 888965
399879 956724 1697 -742460
-129538 536450 555098 -859135
190972 -259052 805839 -272092
-831762 995005 532878 -39859
899799 80409 857952 315143
322241 374909 576098 -112412
736836 569169 -939515 -322680
514071 206786 -730145 463256
-952501 496059 -120303 829540
232026 -113789 -356635 -851183
736836 569169 -115706 -65840
894885 152051 -659146 -268415
-513464 -535615 -971316 -455471
670764 202552 560016 -12200
-143385 702258 -861845 -446882
-475644 136896 -543913 -490135
-86488 816808 322241 374909
812510 838368 -740067 3513
-42055 962809 105732 -397051
-949435 20499 -574059 -566792
520437 121760 536669 -434543
-699122 104859 157667 -237663
803585 114686 -58805 -898150
556220 585166 -1520 578169
-571867 360210 -152626 888965
-243094 -972765 -356635 -851183
-653542 -696965 -574658 -499557
-880409 -522226 -405315 -344346
568857 -358861 -435121 127020
234113 626885 420160 308632
531318 797334 -774637 -540492
-725110 463889 -436924 -763881
-742486 -120985 -559922 421507
-462475 487802 894885 152051
564593 156234 -18703 -13862
-861768 242166 -348925 -55522
-450055 787329 -58805 -898150
-395549 -602709 -22093 173171
-356563 -170246 674425 -461226
-393317 547620 -740067 3513
754035 451406 393195 -57409
-949435 20499 -947605 131218
-498313 849707 -584025 169900
399879 956724 22843 -355111
-927934 535983 -730145 463256
571342 660756 157667 -237663
-473077 -587226 426794 -887447
681902 14936 827906 486704
-839109 372749 481048 -268849
876016 -126704 648383 363200
481048 -268849 -529777 -136274
698142 -630245 -59596 -265242
-485800 -727854 164211 -697739
-450055 787329 -923405 -505232
514071 206786 441859 -795378
457882 -219890 -626085 954367
514330 697631 -173721 565254
-214135 638009 918091 -578244
-981425 749076 -626085 954367
399879 956724 -40629 -66873
-48910 321669 -22837 591040
-902578 -665631 483356 506883
679861 160377 295593 24317
850634 -759783 472025 -590056
-329188 -284278 48285 148310
157667 -237663 674425 -461226
34028 622223 647489 233691
22843 -355111 1697 -742460
-856863 380848 74008 -334196
24451 -804310 266313 536266
268280 -826014 -983618 -522054
-813148 -600212 -329188 -284278
972641 -878461 -54022 -263037
635537 -219370 -769979 -712863
-312501 -241420 772730 -753555
659013 -437943 -450055 787329
420160 308632 630598 52119
-61394 552712 -351593 -409688
697605 -31811 354995 -665214
764570 -584482 -543913 -490135
-775707 -300145 -435121 127020
-787969 228783 -895283 886773
720314 -905322 514330 697631
-831762 995005 -626085 954367
929192 389764 601373 -434662
953861 -103399 -574059 -566792
504521 525095 -129538 536450
-947605 131218 953861 -103399
53170 -352446 -258998 -579197
-671753 957351 647489 233691
-54022 -263037 -33670 -483195
747187 261474 420098 71948
-154953 136384 511731 -833890
698142 -630245 647489 233691
491309 783496 143130 -186108
933896 151821 27268 367817
607363 -518667 -184950 -396744
512338 -610813 -122074 -410737
24451 -804310 469520 186581
-861768 242166 354804 -334133
764849 -635521 -258998 -579197
-379718 379555 630598 52119
-396832 -630863 -826970 482199
335739 684102 812510 838368
-529777 -136274 354995 -665214
440634 -952819 44601 -976521
-902578 -665631 687976 410429
645157 -989390 201815 713160
-711814 966671 -747549 180945
827906 486704 240353 177263
1697 -742460 -40629 -66873
779974 -761724 240353 177263
571342 660756 -356563 -170246
-729812 -749513 -498313 849707
-800078 395045 520437 121760
-626085 954367 656556 -859945
-22837 591040 920954 -233326
231457 81766 -401246 289251
34028 622223 -59596 -265242
831481 379805 22142 529926
531318 797334 426794 -887447
506209 -305844 -122074 -410737
656556 -859945 -981425 749076
764570 -584482 -856863 380848
-725110 463889 -20433 -701096
551227 473217 -938872 -569087
-265398 -903666 -848149 107788
405077 40680 579787 999354
536669 -434543 -800078 395045
983842 702370 -521844 525252
-757038 -678296 -773850 -200010
276424 -896242 -501231 259541
-473077 -587226 731513 1528
-148432 -653776 811952 705637
600389 826134 -418962 -276844
750295 74680 195577 -363649
-401246 289251 -20433 -701096
920954 -233326 -143385 702258
568857 -358861 591369 -62933
-24466 -86625 520437 121760
-59596 -265242 -671753 957351
511731 -833890 189936 -855413
277590 -707572 -763503 -421864
-287977 172198 512338 -610813
