1000
699162 857132 -466687 635266
-212575 -227508 -638077 -255190
423712 685455 617778 -695799
-331705 -593525 -955682 -990526
774514 -544692 -686839 -980120
433202 445564 -190345 756144
537407 -548381 -793278 293534
678410 -183229 -302660 -104693
-298699 471613 -23539 524820
705474 491701 -23843 -913001
-23539 524820 -947759 616949
862393 -222908 133414 -485401
-554943 -443241 350892 805908
384711 -931161 939348 -103846
-595626 992703 408246 -759469
-295760 548485 809785 119545
95214 -441474 -539700 -246414
820540 375259 -515188 425541
685426 -781983 -423641 455290
-195891 373368 688904 324021
-277160 602133 -337185 -262329
-953864 898661 776039 -214070
191131 -356734 628855 -426192
843605 -475490 269886 -666485
-909433 -260749 77866 270804
-283908 385932 -884752 477795
-917357 -209198 347185 74668
-540235 -744736 -625632 883405
-228383 40585 -486301 -200417
95214 -441474 -730475 468139
-977123 -937452 315425 -278111
296277 -145402 434841 628068
953849 -284232 691121 840523
705474 491701 -179602 -12482
964867 220615 -598746 437291
20350 979864 -189251 -585255
950497 -670153 -256559 165660
-9083 -292575 -534467 -492573
-812406 -727410 -891215 -60049
-256559 165660 934536 -881939
13572 -64235 -46135 688438
152088 800295 -185713 -698724
838043 -143135 44015 106221
952215 742831 163665 -644580
-969860 548308 -221427 -335964
-8227 683763 -190345 756144
421932 -409494 372162 704255
866513 351206 776039 -214070
143569 -661748 -212575 -227508
20350 979864 236216 -104562
443869 620697 304737 80182
-669922 -562532 64228 -191055
-466687 635266 -277160 602133
-177828 -676358 -697959 -958099
786045 -273023 163855 19126
517530 -556677 -54513 -402011
729617 696325 -159212 -132697
529612 197463 -489200 724187
236802 -235906 269886 -666485
736461 992867 48277 444952
319430 46905 -655042 -593553
420071 -440511 -638077 -255190
333241 145975 113845 -572719
-228383 40585 886718 406311
62846 718937 -261469 527417
-269787 826432 507959 -621364
48277 444952 -897028 -714439
991859 692835 -223674 421562
218727 321631 626902 -156188
133414 -485401 774514 -544692
795145 -457108 -265781 -755687
47597 -94975 -526361 858185
-618911 -823151 95214 -441474
-9590 -105271 -899702 -176744
561434 -835453 -99103 627545
-206825 -28114 614993 149276
971931 228655 -221059 630187
83599 89165 -195891 373368
-137828 -1819 372162 704255
-130820 -802644 514756 971126
405139 853490 385679 -183717
843605 -475490 766371 664135
626902 -156188 -9590 -105271
-688519 -780993 -799475 895384
-831258 544396 -860201 -6629
-375938 154128 -917357 -209198
-824918 640218 -333609 -302524
999896 -74015 -722713 -124537
-438373 -258728 -298699 471613
-897028 -714439 204049 752414
-444873 -427886 29871 -405167
269886 -666485 -834373 -665233
30116 -963177 322348 -386528
405139 853490 705138 887710
551415 -44733 123656 -720002
-618911 -823151 -991165 -703420
-68000 -706124 -24967 -966083
-441163 -46326 -639986 414217
-167724 -610214 -722713 -124537
-452889 -765152 -634740 28748
634418 -628407 -377203 450123
-951352 -669686 -265781 -755687
14591 90224 -779104 -417831
405139 853490 729617 696325
968703 65955 882916 797576
-863891 -443448 -447535 257692
-940825 -439405 495594 -85226
315425 -278111 320073 600915
-300772 34975 433202 445564
263395 -39532 -956846 -243895
-466872 -745798 169343 755736
-831258 544396 -655042 -593553
882916 797576 -9590 -105271
953849 -284232 622382 844234
880426 -239162 968741 952937
-951352 -669686 -812406 -727410
-393424 -476197 396425 -277038
-375938 154128 347185 74668
-105182 -711027 343990 364621
712642 961667 726822 -48696
899383 363516 729617 696325
947998 -735981 272031 523539
588474 -168857 495594 -85226
716517 -256418 -941970 779254
-953864 898661 783061 -784439
236802 -235906 -834373 -665233
-831258 544396 319430 46905
389905 -755736 104245 -464623
783061 -784439 490504 324069
932823 658496 220882 -977220
434841 628068 -957094 -722061
-722713 -124537 -99103 627545
617778 -695799 -993726 673380
-969860 548308 -434107 853284
423712 685455 -333609 -302524
-456851 -468667 939050 778231
386618 401356 421932 -409494
-978276 -528258 -688298 -556616
-327511 -146063 4457 -648450
-993726 673380 -88853 -361703
-61937 364479 899383 363516
693826 901376 -655042 -593553
-189251 -585255 229572 -284692
-192158 877575 -195891 373368
133414 -485401 -686839 -980120
-447661 558987 -436482 825297
218727 321631 -9590 -105271
-74050 333054 372216 -513926
-669922 -562532 932823 658496
-241975 -46173 738263 464769
941573 92357 -542262 -669636
800880 -662534 -87403 -689293
999896 -74015 -167724 -610214
395578 909759 -688519 -780993
-441163 -46326 236216 -104562
487201 819358 -909433 -260749
531753 -509173 284651 685859
696100 83104 171372 140066
511046 625215 -978276 -528258
-189251 -585255 -639986 414217
20350 979864 -639986 414217
431807 -426822 -206825 -28114
-444873 -427886 -377203 450123
372216 -513926 324472 -152196
230417 341900 284651 685859
163665 -644580 -402907 -145417
-669922 -562532 -509279 13719
989835 895200 -314401 -215682
507959 -621364 922774 -567933
-834373 -665233 843605 -475490
-524410 452066 322348 -386528
150308 108687 -686839 -980120
537407 -548381 531753 -509173
-67684 -279545 -466687 635266
48277 444952 -331705 -593525
324472 -152196 817760 873533
218727 321631 882916 797576
820540 375259 389905 -755736
-411027 -931415 561434 -835453
786045 -273023 -358479 455772
968741 952937 -213087 882243
143569 -661748 -638077 -255190
315425 -278111 -894467 -444335
691121 840523 -130820 -802644
-434107 853284 86916 42132
838043 -143135 572930 -217920
-447535 257692 -54513 -402011
372216 -513926 817760 873533
934536 -881939 950497 -670153
810811 848295 795085 -148455
716850 811395 947998 -735981
434841 628068 565014 271202
696100 83104 -609989 -344013
424304 382283 220882 -977220
953849 -284232 -23549 -15106
-54141 -85811 699162 857132
344934 604657 -526361 858185
-991165 -703420 -26580 15471
-67684 -279545 -54141 -85811
-88853 -361703 -333609 -302524
-915611 -318104 48277 444952
-416382 -598130 588474 -168857
-953864 898661 343990 364621
6290 258285 -302660 -104693
-239399 -557304 372216 -513926
533159 348264 900361 -505994
236216 -104562 229572 -284692
-840727 -555548 -447535 257692
-834373 -665233 -452889 -765152
-799475 895384 -846149 453253
-681577 73284 -434107 853284
-215627 -519721 531753 -509173
808865 799980 956537 -679964
408246 -759469 -540235 -744736
675148 -922724 429387 -308583
-337185 -262329 814273 -846721
553074 395580 535707 -505860
-448279 -351680 953849 -284232
952215 742831 676219 -463084
-466687 635266 -337185 -262329
-302660 -104693 -946018 223459
-163381 360666 -393424 -476197
-860201 -6629 693826 901376
-13393 649808 -752793 -181694
622382 844234 -23549 -15106
971931 228655 -609989 -344013
-832108 -543550 -138965 111648
319430 46905 693826 901376
-953864 898661 -105182 -711027
717313 -14785 -242899 -296431
617778 -695799 390290 944134
256910 914939 811334 -40276
688904 324021 780747 -194391
572930 -217920 350892 805908
-327511 -146063 395578 909759
-137828 -1819 839329 367783
-846274 -699721 32905 118549
-415837 -744263 152088 800295
384711 -931161 -190683 -351265
72524 -514331 716850 811395
83599 89165 688904 324021
-362500 710236 434841 628068
-793278 293534 230417 341900
-70802 -864691 -884730 -245492
514756 971126 691121 840523
-479697 -378440 -786137 -382585
-99103 627545 -411027 -931415
899383 363516 -159212 -132697
699162 857132 -67684 -279545
-894467 -444335 983178 665639
-261469 527417 77866 270804
348086 -539040 353192 528447
-265781 -755687 -812406 -727410
968703 65955 -9590 -105271
-179602 -12482 -475105 556333
-803386 716990 -181163 -223549
-456851 -468667 -960005 -623503
-539700 -246414 -730475 468139
220882 -977220 510847 841803
239333 444763 -806286 53690
922774 -567933 -269787 826432
-331705 -593525 -915611 -318104
699162 857132 814273 -846721
80771 -73912 414439 -687334
171372 140066 -609989 -344013
-860201 -6629 319430 46905
-333609 -302524 390290 944134
14591 90224 372216 -513926
-327511 -146063 -799475 895384
-824918 640218 423712 685455
-298699 471613 -947759 616949
774514 -544692 862393 -222908
791344 885413 -444873 -427886
940684 -116821 486173 -1340
-145981 -64398 -500897 -581992
385679 -183717 -159212 -132697
-951352 -669686 795145 -457108
940684 -116821 678410 -183229
191131 -356734 -114733 637925
150308 108687 862393 -222908
344014 639969 927878 673061
487201 819358 -261469 527417
614993 149276 431807 -426822
-688298 -556616 511046 625215
514756 971126 -23549 -15106
705474 491701 560142 133175
-618911 -823151 -26580 15471
-609989 -344013 -221059 630187
-411027 -931415 999896 -74015
-719969 921771 -189251 -585255
171372 140066 -665010 -132375
72524 -514331 272031 523539
204049 752414 736461 992867
795085 -148455 934536 -881939
-337185 -262329 -67684 -279545
372162 704255 -580883 -281274
517530 -556677 -447535 257692
-327511 -146063 -185076 -47005
-242899 -296431 -491056 -564372
566838 253849 -24967 -966083
-681577 73284 -969860 548308
424304 382283 932823 658496
-377203 450123 549386 269920
20350 979864 -719969 921771
705474 491701 -475105 556333
429387 -308583 569116 -925076
252554 234532 -167724 -610214
-803386 716990 24389 590738
-534467 -492573 353192 528447
860311 -36720 -625632 883405
490504 324069 776039 -214070
809785 119545 744834 -186104
-665010 -132375 -221059 630187
-639986 414217 236216 -104562
-277160 602133 -67684 -279545
-993726 673380 390290 944134
-54513 -402011 -972255 674951
539751 -348105 -377203 450123
-546544 219054 -68000 -706124
-618911 -823151 -539700 -246414
-909433 -260749 -261469 527417
-884752 477795 -658704 131804
927878 673061 939348 -103846
236802 -235906 -634740 28748
843605 -475490 -634740 28748
810811 848295 934536 -881939
-955682 -990526 204049 752414
860311 -36720 -540235 -744736
907457 -443032 -534467 -492573
-13393 649808 396425 -277038
272031 523539 120438 -896626
-105182 -711027 783061 -784439
676219 -463084 -402907 -145417
-793278 293534 -477277 981708
169343 755736 -647530 484055
-969860 548308 86916 42132
-280755 794474 -946018 223459
350892 805908 838043 -143135
-827221 -299979 -834414 -176626
909602 28895 -863891 -443448
940684 -116821 -302660 -104693
405139 853490 899383 363516
-779104 -417831 -239399 -557304
999896 -74015 -99103 627545
529612 197463 414439 -687334
539751 -348105 549386 269920
-947759 616949 -70802 -864691
-205256 -974482 210419 441374
964867 220615 675148 -922724
-138965 111648 -224232 -208641
-26580 15471 -539700 -246414
-840727 -555548 909602 28895
256910 914939 -466872 -745798
340091 -675419 326289 133200
218727 321631 -899702 -176744
-99103 627545 -167724 -610214
-879352 -533343 349706 837857
4457 -648450 -688519 -780993
340091 -675419 927878 673061
210419 441374 941472 -11169
-280755 794474 486173 -1340
-298699 471613 -70802 -864691
6290 258285 486173 -1340
424304 382283 -669922 -562532
716850 811395 272031 523539
-940825 -439405 -416382 -598130
748507 594021 410025 20568
420071 -440511 143569 -661748
384711 -931161 344014 639969
-88853 -361703 -824918 640218
-803386 716990 537924 -622761
-567283 428514 688866 -568153
-915611 -318104 -955682 -990526
123656 -720002 898856 709558
-159212 -132697 -61937 364479
968703 65955 104556 -228725
-524410 452066 -489200 724187
353906 -522436 32905 118549
340091 -675419 384711 -931161
511046 625215 -223674 421562
810811 848295 -256559 165660
6290 258285 940684 -116821
-402907 -145417 -81354 -716165
6290 258285 -280755 794474
569116 -925076 -598746 437291
326289 133200 939348 -103846
220882 -977220 -669922 -562532
-580883 -281274 386618 401356
-147627 -285094 -861794 303712
688866 -568153 898856 709558
-489200 724187 30116 -963177
348086 -539040 -9083 -292575
-337185 -262329 -54141 -85811
-26580 15471 95214 -441474
510847 841803 -669922 -562532
-831258 544396 693826 901376
-168290 -244912 -716092 787742
-296470 -651902 -665010 -132375
320073 600915 -894467 -444335
-105182 -711027 776039 -214070
-444873 -427886 549386 269920
490504 324069 343990 364621
729617 696325 385679 -183717
83599 89165 780747 -194391
229572 -284692 20350 979864
566838 253849 -68000 -706124
993814 -71680 420071 -440511
-539700 -246414 -619230 -146923
-509450 -779100 800880 -662534
333241 145975 -147627 -285094
-54513 -402011 909602 28895
939348 -103846 344014 639969
29871 -405167 549386 269920
389905 -755736 -881149 498799
882916 797576 104556 -228725
941573 92357 533159 348264
941768 256386 936466 -450197
-860201 -6629 -655042 -593553
941573 92357 -243127 -18962
768738 801706 309000 189911
123855 -109368 949390 753729
-438373 -258728 -70802 -864691
626902 -156188 882916 797576
-500897 -581992 -323841 -529832
-897028 -714439 -331705 -593525
72524 -514331 120438 -896626
-23539 524820 -438373 -258728
569116 -925076 675148 -922724
230417 341900 537407 -548381
-509279 13719 932823 658496
-631157 102144 -447661 558987
947998 -735981 120438 -896626
537407 -548381 -477277 981708
-67684 -279545 814273 -846721
572831 -687966 57328 125893
-647530 484055 256910 914939
-827221 -299979 -447661 558987
340091 -675419 -190683 -351265
783061 -784439 866513 351206
-23539 524820 -70802 -864691
-54141 -85811 814273 -846721
989835 895200 712642 961667
-189251 -585255 236216 -104562
866513 351206 -105182 -711027
-39597 -559525 -689485 111138
-167724 -610214 561434 -835453
-415837 -744263 -185713 -698724
839329 367783 386618 401356
171372 140066 971931 228655
909602 28895 -972255 674951
-23549 -15106 691121 840523
999896 -74015 561434 -835453
529612 197463 80771 -73912
-452889 -765152 843605 -475490
768738 801706 -862966 207950
-159212 -132697 405139 853490
-179602 -12482 560142 133175
-489200 724187 414439 -687334
-861794 303712 -913495 -297032
-181163 -223549 537924 -622761
252554 234532 -411027 -931415
-156222 -737141 -649670 -534573
862956 -544325 -509450 -779100
900361 -505994 -542262 -669636
324472 -152196 -779104 -417831
-891215 -60049 -951352 -669686
-884730 -245492 -438373 -258728
-705817 -693277 800880 -662534
-441163 -46326 -189251 -585255
909602 28895 517530 -556677
814273 -846721 -466687 635266
-147627 -285094 113845 -572719
834482 665557 760917 -919499
123656 -720002 -567283 428514
517530 -556677 -863891 -443448
-541693 377928 165390 493671
-534467 -492573 348086 -539040
-447661 558987 -834414 -176626
-752793 -181694 -393424 -476197
880426 -239162 -213087 882243
-500897 -581992 -584723 680982
952215 742831 -81354 -716165
-444873 -427886 539751 -348105
215605 183640 -206825 -28114
14591 90224 817760 873533
309000 189911 -637959 300933
-81354 -716165 676219 -463084
-509450 -779100 -87403 -689293
123855 -109368 535707 -505860
215605 183640 614993 149276
-834373 -665233 -634740 28748
-314401 -215682 52618 936989
385679 -183717 705138 887710
269886 -666485 -634740 28748
-434107 853284 -221427 -335964
-296470 -651902 971931 228655
795085 -148455 950497 -670153
-891215 -60049 795145 -457108
44015 106221 -554943 -443241
-993726 673380 -824918 640218
44015 106221 350892 805908
-243127 -18962 -542262 -669636
-915611 -318104 204049 752414
-879352 -533343 978696 -761233
-681615 386607 -697831 998319
-779104 -417831 372216 -513926
-913495 -297032 -147627 -285094
296277 -145402 -362500 710236
531753 -509173 230417 341900
-960005 -623503 939050 778231
372162 704255 -691396 -691549
6290 258285 -946018 223459
414439 -687334 -524410 452066
-456851 -468667 364163 302842
239333 444763 769556 -455694
813125 15487 535707 -505860
-631157 102144 -834414 -176626
766371 664135 -452889 -765152
-54141 -85811 -466687 635266
104245 -464623 -515188 425541
480911 330178 939050 778231
163855 19126 -358479 455772
932823 658496 64228 -191055
-991165 -703420 -730475 468139
-580883 -281274 421932 -409494
96768 953086 -8227 683763
-61937 364479 705138 887710
-955682 -990526 -897028 -714439
813125 15487 949390 753729
-491056 -564372 717313 -14785
-881149 498799 820540 375259
831294 -545066 -526361 858185
553074 395580 949390 753729
-9083 -292575 907457 -443032
-840727 -555548 -972255 674951
-941970 779254 -884752 477795
572930 -217920 44015 106221
691121 840523 -448279 -351680
344014 639969 340091 -675419
349706 837857 978696 -761233
-163381 360666 396425 -277038
-489200 724187 322348 -386528
-283908 385932 -941970 779254
569116 -925076 964867 220615
517530 -556677 -972255 674951
561434 -835453 -722713 -124537
386618 401356 -691396 -691549
24389 590738 -913635 -537768
293550 555429 -862966 207950
14591 90224 324472 -152196
533159 348264 -243127 -18962
736461 992867 -915611 -318104
-972255 674951 -447535 257692
230417 341900 -215627 -519721
-212575 -227508 993814 -71680
551415 -44733 -567283 428514
-68000 -706124 -259377 346536
236216 -104562 -719969 921771
-509279 13719 220882 -977220
-884730 -245492 57950 171370
424304 382283 -509279 13719
-23843 -913001 -179602 -12482
-764524 782516 -786137 -382585
634418 -628407 791344 885413
936466 -450197 -24984 451057
309000 189911 293550 555429
968703 65955 626902 -156188
-913635 -537768 -803386 716990
-362500 710236 565014 271202
374089 961972 -541693 377928
-377203 450123 791344 885413
696100 83104 971931 228655
-943353 990787 -637420 -544428
-960005 -623503 364163 302842
-730873 902540 374089 961972
866513 351206 490504 324069
862956 -544325 -87403 -689293
-670423 -832666 -526361 858185
165390 493671 -882365 -696631
592703 -486428 -810913 -993298
-955682 -990526 736461 992867
229572 -284692 -719969 921771
993814 -71680 -638077 -255190
820894 490502 495594 -85226
-88853 -361703 423712 685455
229572 -284692 -441163 -46326
-24967 -966083 -259377 346536
830435 -477937 -114733 637925
991859 692835 511046 625215
421932 -409494 -137828 -1819
4457 -648450 -846149 453253
-947759 616949 57950 171370
-362500 710236 -957094 -722061
808865 799980 581869 463935
297868 753117 830435 -477937
-960005 -623503 480911 330178
862956 -544325 -705817 -693277
882916 797576 -899702 -176744
940684 -116821 -280755 794474
30116 -963177 414439 -687334
344934 604657 47597 -94975
-882365 -696631 374089 961972
80771 -73912 322348 -386528
-61937 364479 729617 696325
395578 909759 -799475 895384
24389 590738 -181163 -223549
64228 -191055 510847 841803
-416382 -598130 820894 490502
433202 445564 96768 953086
-899702 -176744 104556 -228725
-868943 -220232 13572 -64235
-524410 452066 80771 -73912
942472 887326 -423641 455290
614993 149276 876365 -60920
838043 -143135 -554943 -443241
-259377 346536 -546544 219054
-300772 34975 -8227 683763
353192 528447 907457 -443032
566838 253849 -546544 219054
748507 594021 373881 217909
876365 -60920 431807 -426822
-241975 -46173 225171 -901449
-39597 -559525 -266795 12465
372162 704255 839329 367783
269886 -666485 766371 664135
-298699 471613 57950 171370
-862966 207950 -637959 300933
315425 -278111 983178 665639
86916 42132 -221427 -335964
405139 853490 -61937 364479
-130820 -802644 -448279 -351680
-658704 131804 -283908 385932
191131 -356734 830435 -477937
-816352 38742 443869 620697
927878 673061 -190683 -351265
-192158 877575 688904 324021
-897028 -714439 736461 992867
6290 258285 678410 -183229
57950 171370 -23539 524820
487201 819358 62846 718937
-105182 -711027 490504 324069
-947759 616949 -884730 -245492
716517 -256418 -884752 477795
220882 -977220 64228 -191055
-697959 -958099 -888437 -571065
691121 840523 622382 844234
236802 -235906 843605 -475490
-486301 -200417 886718 406311
653730 500676 78037 901084
-337021 76211 -697831 998319
486173 -1340 -302660 -104693
-185076 -47005 395578 909759
553074 395580 123855 -109368
531753 -509173 -477277 981708
768738 801706 -637959 300933
297868 753117 628855 -426192
-23843 -913001 560142 133175
947998 -735981 72524 -514331
-277160 602133 699162 857132
535707 -505860 949390 753729
410025 20568 373881 217909
622382 844234 514756 971126
205099 -395102 -39597 -559525
344014 639969 326289 133200
-665010 -132375 971931 228655
-54513 -402011 -840727 -555548
-114733 637925 297868 753117
-114733 637925 628855 -426192
-466872 -745798 -647530 484055
289285 -489384 -323841 -529832
-691396 -691549 -137828 -1819
653730 500676 -757700 -146363
-618911 -823151 -619230 -146923
-730475 468139 -26580 15471
-689485 111138 -266795 12465
-333609 -302524 617778 -695799
899383 363516 705138 887710
-863891 -443448 -972255 674951
-448279 -351680 514756 971126
343990 364621 783061 -784439
-991165 -703420 -539700 -246414
-953864 898661 866513 351206
-9590 -105271 104556 -228725
353906 -522436 -846274 -699721
-509279 13719 510847 841803
791344 885413 539751 -348105
588474 -168857 820894 490502
-181163 -223549 -913635 -537768
-793278 293534 284651 685859
490504 324069 -953864 898661
780747 -194391 -195891 373368
-74050 333054 324472 -152196
-637420 -544428 -81670 -954654
304737 80182 -816352 38742
738263 464769 225171 -901449
-130820 -802644 622382 844234
-436482 825297 -631157 102144
612846 517295 523200 303409
566838 253849 -259377 346536
47597 -94975 831294 -545066
-23549 -15106 -448279 -351680
-782886 -91840 860311 -36720
-456851 -468667 480911 330178
364163 302842 939050 778231
-541693 377928 -730873 902540
-940825 -439405 588474 -168857
999896 -74015 252554 234532
565014 271202 296277 -145402
-137828 -1819 386618 401356
-81354 -716165 163665 -644580
-861794 303712 333241 145975
817760 873533 -74050 333054
-660412 -640921 612846 517295
-190345 756144 96768 953086
218727 321631 968703 65955
-411027 -931415 -722713 -124537
-524410 452066 529612 197463
395578 909759 4457 -648450
-625632 883405 -595626 992703
699162 857132 -337185 -262329
-681615 386607 -337021 76211
-541403 984301 -810913 -993298
-167724 -610214 -411027 -931415
-947759 616949 -438373 -258728
-868943 -220232 -46135 688438
-13393 649808 -163381 360666
-658704 131804 -941970 779254
-915611 -318104 -897028 -714439
932823 658496 510847 841803
205099 -395102 -689485 111138
-691396 -691549 421932 -409494
-639986 414217 229572 -284692
-625632 883405 -374135 710255
983178 665639 -977123 -937452
-243127 -18962 900361 -505994
420071 -440511 -212575 -227508
-993726 673380 423712 685455
-327511 -146063 -846149 453253
531753 -509173 -793278 293534
-619230 -146923 95214 -441474
-300772 34975 -190345 756144
52618 936989 989835 895200
-691396 -691549 -580883 -281274
-595626 992703 -540235 -744736
171372 140066 -221059 630187
-827221 -299979 -631157 102144
-793278 293534 -215627 -519721
218727 321631 104556 -228725
860311 -36720 -374135 710255
-323841 -529832 -145981 -64398
834482 665557 785610 504995
487201 819358 77866 270804
-584723 680982 -145981 -64398
696100 83104 -221059 630187
-625632 883405 408246 -759469
-475105 556333 -23843 -913001
780747 -194391 -192158 877575
133414 -485401 150308 108687
553074 395580 813125 15487
353192 528447 -9083 -292575
942472 887326 685426 -781983
766371 664135 -634740 28748
678410 -183229 -946018 223459
-827221 -299979 -436482 825297
523200 303409 -660412 -640921
-87403 -689293 -705817 -693277
696100 83104 -665010 -132375
-943353 990787 -81670 -954654
326289 133200 384711 -931161
230417 341900 -477277 981708
-863891 -443448 -840727 -555548
968703 65955 -899702 -176744
57950 171370 -438373 -258728
939348 -103846 340091 -675419
675148 -922724 -598746 437291
-580883 -281274 839329 367783
783061 -784439 776039 -214070
-779104 -417831 817760 873533
551415 -44733 688866 -568153
424304 382283 510847 841803
344934 604657 -670423 -832666
-185076 -47005 -799475 895384
-39597 -559525 612836 -142877
537407 -548381 -215627 -519721
-812406 -727410 795145 -457108
205099 -395102 612836 -142877
423712 685455 390290 944134
252554 234532 561434 -835453
899383 363516 385679 -183717
477238 -562709 263395 -39532
236802 -235906 -452889 -765152
-133962 903750 572831 -687966
-509279 13719 64228 -191055
811334 -40276 169343 755736
385679 -183717 -61937 364479
47597 -94975 -670423 -832666
395578 909759 -846149 453253
-567283 428514 898856 709558
-540235 -744736 -374135 710255
-957094 -722061 296277 -145402
104556 -228725 626902 -156188
-477277 981708 284651 685859
-190683 -351265 939348 -103846
57328 125893 -133962 903750
-239399 -557304 817760 873533
820540 375259 104245 -464623
64228 -191055 424304 382283
24389 590738 537924 -622761
-215627 -519721 -477277 981708
86916 42132 -681577 73284
-716092 787742 -855525 46668
-524410 452066 30116 -963177
-88853 -361703 617778 -695799
549386 269920 791344 885413
123656 -720002 688866 -568153
293550 555429 -637959 300933
389905 -755736 -515188 425541
52618 936989 712642 961667
-221427 -335964 -681577 73284
-618911 -823151 -730475 468139
-416382 -598130 495594 -85226
-584723 680982 289285 -489384
-295760 548485 744834 -186104
-54141 -85811 -277160 602133
344934 604657 831294 -545066
390290 944134 -88853 -361703
-24967 -966083 -546544 219054
537924 -622761 -913635 -537768
-540235 -744736 -782886 -91840
-74050 333054 14591 90224
-584723 680982 -323841 -529832
565014 271202 -957094 -722061
-26580 15471 -619230 -146923
29871 -405167 791344 885413
-190683 -351265 326289 133200
252554 234532 -99103 627545
953849 -284232 -130820 -802644
-223674 421562 -688298 -556616
-402907 -145417 952215 742831
322348 -386528 414439 -687334
95214 -441474 -991165 -703420
297868 753117 191131 -356734
-689485 111138 612836 -142877
-239399 -557304 14591 90224
320073 600915 -977123 -937452
989835 895200 726822 -48696
785610 504995 760917 -919499
581869 463935 956537 -679964
-130820 -802644 -23549 -15106
953849 -284232 514756 971126
-978276 -528258 -223674 421562
539751 -348105 634418 -628407
-946018 223459 940684 -116821
-688519 -780993 -846149 453253
333241 145975 -913495 -297032
-24984 451057 941768 256386
113845 -572719 -861794 303712
96768 953086 -300772 34975
983178 665639 320073 600915
900361 -505994 941573 92357
-314401 -215682 712642 961667
726822 -48696 -314401 -215682
628855 -426192 830435 -477937
-639986 414217 -719969 921771
-609989 -344013 -296470 -651902
-940825 -439405 820894 490502
-489200 724187 80771 -73912
343990 364621 866513 351206
113845 -572719 -913495 -297032
-163381 360666 -752793 -181694
991859 692835 -688298 -556616
364163 302842 480911 330178
993814 -71680 143569 -661748
429387 -308583 964867 220615
572930 -217920 -554943 -443241
-266795 12465 612836 -142877
48277 444952 204049 752414
-730873 902540 165390 493671
-448279 -351680 622382 844234
678410 -183229 486173 -1340
324472 -152196 -239399 -557304
-649670 -534573 -892549 -805073
215605 183640 431807 -426822
-441163 -46326 20350 979864
52618 936989 726822 -48696
83599 89165 -192158 877575
269886 -666485 -452889 -765152
-881149 498799 -515188 425541
390290 944134 -824918 640218
29871 -405167 634418 -628407
529612 197463 30116 -963177
348086 -539040 907457 -443032
374089 961972 165390 493671
634418 -628407 549386 269920
-215627 -519721 284651 685859
-500897 -581992 289285 -489384
-70802 -864691 57950 171370
768738 801706 293550 555429
-955682 -990526 48277 444952
-782886 -91840 -595626 992703
-374135 710255 -782886 -91840
617778 -695799 -824918 640218
-705817 -693277 -509450 -779100
123855 -109368 813125 15487
-168290 -244912 -855525 46668
729617 696325 705138 887710
991859 692835 -978276 -528258
-374135 710255 -595626 992703
384711 -931161 927878 673061
927878 673061 326289 133200
-280755 794474 678410 -183229
-892549 -805073 -156222 -737141
839329 367783 -691396 -691549
-333609 -302524 -993726 673380
-834373 -665233 766371 664135
386618 401356 372162 704255
433202 445564 -8227 683763
289285 -489384 -145981 -64398
676219 -463084 163665 -644580
551415 -44733 898856 709558
696100 83104 -296470 -651902
-542262 -669636 533159 348264
537407 -548381 284651 685859
-619230 -146923 -991165 -703420
800880 -662534 862956 -544325
810811 848295 950497 -670153
-670423 -832666 831294 -545066
-444873 -427886 634418 -628407
-840727 -555548 517530 -556677
736461 992867 -331705 -593525
252554 234532 -722713 -124537
-224232 -208641 -832108 -543550
-302660 -104693 -280755 794474
-688519 -780993 -185076 -47005
104245 -464623 -881149 498799
560142 133175 -475105 556333
-899702 -176744 626902 -156188
-882365 -696631 -730873 902540
-277160 602133 814273 -846721
-221059 630187 -296470 -651902
-882365 -696631 -541693 377928
-752793 -181694 396425 -277038
408246 -759469 -374135 710255
839329 367783 421932 -409494
-185076 -47005 4457 -648450
-909433 -260749 62846 718937
-177828 -676358 -888437 -571065
4457 -648450 -799475 895384
322348 -386528 529612 197463
120438 -896626 716850 811395
-205256 -974482 941472 -11169
-719969 921771 -441163 -46326
811334 -40276 -466872 -745798
-479697 -378440 -764524 782516
-647530 484055 811334 -40276
774514 -544692 150308 108687
-13393 649808 -393424 -476197
-595626 992703 860311 -36720
-447535 257692 909602 28895
-658704 131804 716517 -256418
769556 -455694 -806286 53690
-946018 223459 486173 -1340
408246 -759469 -782886 -91840
-541403 984301 592703 -486428
-688519 -780993 -327511 -146063
171372 140066 -296470 -651902
256910 914939 169343 755736
-863891 -443448 -54513 -402011
-782886 -91840 -625632 883405
-74050 333054 -779104 -417831
343990 364621 776039 -214070
62846 718937 77866 270804
-331705 -593525 204049 752414
-862966 207950 309000 189911
-884730 -245492 -23539 524820
-239399 -557304 -74050 333054
-137828 -1819 -580883 -281274
-757700 -146363 78037 901084
-665010 -132375 -609989 -344013
-185076 -47005 -846149 453253
716517 -256418 -283908 385932
-619230 -146923 -730475 468139
29871 -405167 -377203 450123
-266795 12465 205099 -395102
344014 639969 -190683 -351265
215605 183640 876365 -60920
429387 -308583 -598746 437291
-159212 -132697 705138 887710
30116 -963177 80771 -73912
-884730 -245492 -298699 471613
-206825 -28114 876365 -60920
766371 664135 236802 -235906
-436482 825297 -834414 -176626
862393 -222908 -686839 -980120
477238 -562709 -956846 -243895
539751 -348105 29871 -405167
795085 -148455 -256559 165660
-977123 -937452 -894467 -444335
860311 -36720 408246 -759469
-265781 -755687 -891215 -60049
