1000
193972 -835805 -625497 127346
508486 134947 210399 -326350
178195 -170398 230813 369765
-541763 532301 536737 -827925
-167464 968999 -764430 223776
-114388 709457 584278 622402
-997022 204400 -448686 -391272
-660612 -186596 213451 888228
990170 126395 111067 -50913
87855 10112 746537 -47261
-143188 77631 322755 375356
-288704 260207 -367215 360410
68460 579589 -548291 393922
-217424 808852 138497 -319772
-896351 955430 -74133 924115
246541 29483 -69441 -53406
-33755 -780186 496906 227489
243148 708639 439874 -647194
383696 118354 509451 -407427
514446 486057 -315980 -285866
953917 -395222 -352414 -254121
-878608 403516 -484940 -823882
-612905 -597150 609253 198541
-479246 380005 361450 407647
-309561 677543 64049 -30399
40816 -605217 544665 248091
-913024 -23851 247473 -275762
-820667 -346362 633490 606638
899436 878865 343723 -889973
689164 787944 -271161 -687409
691624 969715 -113103 440873
-321858 -38556 623382 -203080
-414186 319670 -997022 204400
-23874 335342 87855 10112
-982129 -417002 717007 81324
742185 54472 514446 486057
383696 118354 971630 611681
-414186 319670 -448686 -391272
269877 -86655 -635411 10093
-260911 361935 483025 -823836
124157 -776368 419877 198253
4119 -433294 119680 -623621
606246 -331217 -116527 -994665
207236 507348 169778 -175838
974282 -257235 -67065 177254
-433961 -770027 -766349 -469345
-151615 537419 -552042 231559
247473 -275762 -576671 175987
-258591 -552423 -484940 -823882
-232198 -165149 413151 892368
-264206 -156379 852255 600271
839016 -593626 601251 404570
768420 63212 -828835 -702029
-479246 380005 834440 -392020
530214 -127550 -472893 -170365
380259 -417471 -729683 -290665
235553 748718 399151 308447
343723 -889973 -904134 597034
313305 -659247 194044 -241812
-390716 114632 156947 -573503
247473 -275762 540950 -955449
197163 366193 492442 -132456
871638 -709419 -151888 -520927
-175660 835374 -935723 -925960
514446 486057 -146108 -111185
641032 105231 -820755 529550
535642 243769 837745 -69878
-309618 854307 -257800 -644348
309298 -25535 -232618 -177856
-836991 -921604 691624 969715
313305 -659247 828069 -166917
8930 -430524 -595273 190376
828069 -166917 23730 455583
-223921 -107933 -828527 347066
-433961 -770027 -578281 -207865
-133350 -392322 -635411 10093
541619 -273854 974282 -257235
-631575 -145136 -642262 -512575
208111 17233 729233 -995120
508486 134947 620372 -695392
-367215 360410 -116527 -994665
-340902 -749846 687169 -294494
394066 231760 -596970 -468122
-628621 -742031 409480 -984935
-818822 350623 -868465 -597882
544665 248091 304431 176561
-152891 424620 609253 198541
668308 -813227 -68348 704245
-257800 -644348 276040 501204
969838 658915 -281787 287639
-114388 709457 -596970 -468122
-167464 968999 14742 -937740
-976222 -118050 624696 72796
-450832 760124 -116527 -994665
207236 507348 242848 -628877
-586357 -815848 -608388 129558
-985952 -672922 670910 -409849
-878608 403516 -258591 -552423
-238232 154942 -247782 -420071
931541 664549 893089 301663
331246 -989324 -247782 -420071
698310 -430775 331246 -989324
720934 -243662 -40468 923804
-760202 467003 -555566 -399735
816149 -590045 -810826 -6157
462307 -224774 -19803 445222
-401349 -573622 717007 81324
-57569 81788 -828527 347066
991619 560297 670910 -409849
176670 453032 729233 -995120
-374916 341064 896401 674760
-433961 -770027 845453 -575485
-257927 745425 -586357 -815848
961249 286013 475520 -179758
655435 496084 -78563 118954
-113103 440873 -232198 -165149
-986741 -747249 606246 -331217
-309618 854307 -552042 231559
-709870 224626 -170709 -420545
126665 824267 -196561 -983836
14742 -937740 31600 547684
721849 -241203 -133350 -392322
988572 -428116 -609176 -465891
462307 -224774 -727223 -864778
-935723 -925960 735935 -618747
238764 -976196 969838 658915
-143188 77631 -716582 531453
503466 -907378 -133350 -392322
530214 -127550 -74133 924115
478379 706772 363304 -157447
899117 -585267 -781505 152337
-705975 191111 555007 234585
249124 492583 712407 -254731
-435859 986286 -321858 -38556
552699 682029 -224414 377960
-810826 -6157 893089 301663
248047 872719 -716582 531453
-401349 -573622 -354810 591079
595946 379749 -868465 -597882
-902912 -832097 -838134 156249
-354810 591079 717007 81324
-367215 360410 -450832 760124
176670 453032 712407 -254731
-959487 655553 -340902 -749846
721849 -241203 269877 -86655
-151888 -520927 -987834 -789646
-232198 -165149 691624 969715
156243 -152723 514446 486057
-146108 -111185 742185 54472
750827 218147 555007 234585
-196099 -57142 536737 -827925
717007 81324 -249000 -41886
-509474 -474635 223869 -602522
-167464 968999 914083 963831
-257800 -644348 -552042 231559
350177 44949 -312822 141278
246541 29483 -766349 -469345
-729683 -290665 923606 824543
746537 -47261 -224414 377960
-390716 114632 961249 286013
-374916 341064 286113 118410
-878608 403516 -356260 -473098
953917 -395222 -257800 -644348
-642262 -512575 -6566 -3619
-109636 -885747 816149 -590045
169778 -175838 242848 -628877
975224 829645 331246 -989324
828069 -166917 194044 -241812
974964 875216 -209278 962928
-40468 923804 885005 410635
396311 294511 -914468 30154
-203679 164697 712407 -254731
-330752 734260 -913024 -23851
698758 -262739 698310 -430775
-383131 -246804 -109636 -885747
-716582 531453 -271161 -687409
641032 105231 -509474 -474635
969838 658915 167424 82197
-799838 -562168 -788918 -959435
535096 -246039 -401018 394773
854544 -597325 399151 308447
-391232 546246 -209278 962928
110539 -749173 -148176 177407
681231 -27869 241234 254619
817523 -458844 668308 -813227
831784 443734 210399 -326350
626792 -591292 -609343 -439452
696832 -667951 -450832 760124
176670 453032 -203679 164697
56880 297438 -958967 973121
-238232 154942 698310 -430775
-984768 537758 -271683 290110
600880 80328 678092 -762574
2752 -766175 -579562 -753070
-315980 -285866 156243 -152723
606945 944039 763446 117985
-274634 -381543 899436 878865
119680 -623621 -540828 86744
480110 -391209 -447537 -853151
214093 -844212 331986 -141354
31600 547684 -167464 968999
-360203 161764 110539 -749173
541619 -273854 -602926 -369698
631991 -852983 69853 320590
-77655 960098 -131645 424901
-52940 319618 -23388 -39872
-985952 -672922 991619 560297
951961 -492300 -143188 77631
100015 -592826 691624 969715
-914468 30154 -232618 -177856
-705975 191111 -578705 -838081
-959487 655553 687169 -294494
-602926 -369698 -175660 835374
413151 892368 691624 969715
31600 547684 -764430 223776
320450 660775 584278 622402
535642 243769 300873 -431691
-914468 30154 -663897 -792104
-878608 403516 -149866 -434718
315920 149685 -558958 -171658
421956 910896 -712101 -26016
-810826 -6157 -383131 -246804
-932535 -227107 609253 198541
763446 117985 -731626 -463064
4544 -42514 -374916 341064
885005 410635 231930 474028
492442 -132456 -868414 -981727
-133350 -392322 269877 -86655
-984768 537758 361450 407647
448786 702852 971630 611681
-744972 -876043 138497 -319772
849054 214076 383696 118354
-459183 -866716 668308 -813227
417812 400837 -113103 440873
331246 -989324 876734 -374541
-63357 48588 242848 -628877
712407 -254731 208111 17233
361450 407647 834440 -392020
-893524 -981612 -472648 768974
747335 -289652 -196561 -983836
-196099 -57142 -541763 532301
991619 560297 -544990 922478
373692 -204753 -760202 467003
-986741 -747249 -450832 760124
-817309 728043 119680 -623621
508486 134947 831784 443734
676493 -664523 475520 -179758
-552042 231559 953917 -395222
834440 -392020 -984768 537758
-609538 521166 -699043 324004
-635411 10093 721849 -241203
-810826 -6157 650222 871138
-55341 -875644 -686857 3435
768420 63212 225520 802863
834440 -392020 -271683 290110
-459183 -866716 817523 -458844
-582103 -710761 -624262 18762
286113 118410 896401 674760
975224 829645 -238232 154942
-354810 591079 -982129 -417002
-391232 546246 974964 875216
-57569 81788 -260911 361935
100015 -592826 -836991 -921604
624696 72796 -837174 411602
-374916 341064 -697644 -805404
606246 -331217 -288704 260207
-386451 -297836 -330752 734260
-67065 177254 735935 -618747
-401349 -573622 -47410 866902
-624262 18762 -820667 -346362
609253 198541 -642262 -512575
213451 888228 -68348 704245
23730 455583 -391232 546246
849054 214076 509451 -407427
197601 840857 502854 -649338
4544 -42514 286113 118410
-682776 -986928 -196561 -983836
828069 -166917 -391232 546246
-47410 866902 -249000 -41886
808149 458965 -523409 231743
480110 -391209 407940 -491822
-367215 360410 696832 -667951
407940 -491822 -77655 960098
90076 44116 -264206 -156379
660134 -397638 230813 369765
804990 820578 -712101 -26016
320450 660775 -596970 -468122
899436 878865 -904134 597034
514446 486057 46984 512143
-892608 -132584 -648761 -128537
530839 -353381 -196561 -983836
-932535 -227107 -642262 -512575
-874379 -85300 -541763 532301
-612905 -597150 -642262 -512575
-628621 -742031 -746907 -961193
-74133 924115 -208303 -479374
-828527 347066 483025 -823836
-116527 -994665 -288704 260207
322755 375356 951961 -492300
-838134 156249 69853 320590
679238 -244660 990170 126395
742185 54472 46984 512143
-868414 -981727 197163 366193
8930 -430524 882402 -701407
-93506 950122 839016 -593626
712407 -254731 729233 -995120
210141 754099 -74133 924115
655440 -948458 595946 379749
286113 118410 -697644 -805404
-766349 -469345 -578281 -207865
-746907 -961193 -170709 -420545
175699 231517 -548927 927403
272901 -332834 -595273 190376
532746 531739 -609343 -439452
-151615 537419 -257800 -644348
746537 -47261 -23874 335342
309298 -25535 -663897 -792104
-143188 77631 -271161 -687409
85595 732638 -69441 -53406
-68348 704245 -459183 -866716
-257800 -644348 -352414 -254121
-6566 -3619 -612905 -597150
-820667 -346362 -396428 77471
-558958 -171658 -199165 99122
720934 -243662 885005 410635
896401 674760 -697644 -805404
849054 214076 -159364 -352380
502854 -649338 -689063 -78695
-274634 -381543 -923113 683119
210141 754099 -896351 955430
-186367 497577 600880 80328
167424 82197 666377 288687
402045 69834 401297 431848
90076 44116 56880 297438
-817309 728043 4119 -433294
-933469 -819634 -472648 768974
-352414 -254121 -309618 854307
322755 375356 248047 872719
735935 -618747 -602926 -369698
-93215 -173077 -330752 734260
208111 17233 176670 453032
373692 -204753 124157 -776368
126665 824267 -682776 -986928
-581458 -146775 817523 -458844
567118 830235 -509474 -474635
-383131 -246804 931541 664549
-96167 675312 988572 -428116
817523 -458844 213451 888228
-330752 734260 247473 -275762
845453 -575485 -69441 -53406
-116527 -994665 -986741 -747249
-372369 -248939 -985952 -672922
-378540 -455003 804990 820578
914083 963831 14742 -937740
517659 387327 639902 -729032
-23874 335342 552699 682029
-93215 -173077 -386451 -297836
-138823 36961 514446 486057
-760202 467003 -33755 -780186
-987834 -789646 -321858 -38556
231930 474028 789627 -74784
670910 -409849 -544990 922478
816149 -590045 931541 664549
-55341 -875644 763446 117985
210399 -326350 620372 -695392
373692 -204753 419877 198253
-275115 173247 -78563 118954
750827 218147 193502 -867722
-727223 -864778 -893524 -981612
-959487 655553 126089 -374862
-933469 -819634 462307 -224774
685028 97378 785917 549725
-820667 -346362 350177 44949
-196099 -57142 -298058 -171265
64049 -30399 -379609 250419
4544 -42514 896401 674760
-504021 90462 -898679 -40263
501015 -499274 331986 -141354
304431 176561 401297 431848
119680 -623621 224988 -757944
-356260 -473098 -258591 -552423
100015 -592826 -232198 -165149
241234 254619 -904134 597034
951961 -492300 -716582 531453
747335 -289652 530839 -353381
-309618 854307 276040 501204
-312822 141278 633490 606638
-208303 -479374 -896351 955430
266069 893140 882402 -701407
924671 -269947 -884028 -14875
-372369 -248939 670910 -409849
462307 -224774 -893524 -981612
567118 830235 223869 -602522
852255 600271 56880 297438
-74133 924115 -472893 -170365
46984 512143 156243 -152723
679238 -244660 -365695 -225146
540950 -955449 -330752 734260
-898679 -40263 -309561 677543
-602926 -369698 -67065 177254
322755 375356 -716582 531453
-315980 -285866 742185 54472
-209278 962928 828069 -166917
-281787 287639 167424 82197
-217424 808852 -822131 678589
-838134 156249 631991 -852983
-913024 -23851 540950 -955449
-138823 36961 -146108 -111185
194044 -241812 -209278 962928
743138 14334 849054 214076
210141 754099 -472893 -170365
100015 -592826 413151 892368
-224414 377960 87855 10112
40816 -605217 402045 69834
223869 -602522 641032 105231
-716582 531453 689164 787944
582035 -196954 -893524 -981612
-955246 873225 639902 -729032
413151 892368 -113103 440873
899117 -585267 -548291 393922
246541 29483 -433961 -770027
729233 -995120 -203679 164697
666377 288687 969838 658915
508486 134947 178783 -897401
-764430 223776 14742 -937740
480110 -391209 -131645 424901
808149 458965 976970 -597130
448786 702852 -159364 -352380
-648761 -128537 -135139 -507195
225520 802863 -828835 -702029
-63357 48588 207236 507348
975224 829645 876734 -374541
-33755 -780186 124157 -776368
-929318 -990098 -602620 659155
823816 390913 871638 -709419
124157 -776368 -555566 -399735
-19803 445222 -933469 -819634
-578281 -207865 -69441 -53406
785917 549725 197163 366193
-298058 -171265 -311695 -244739
785917 549725 -868414 -981727
-6566 -3619 -631575 -145136
871638 -709419 -321858 -38556
23730 455583 194044 -241812
503466 -907378 721849 -241203
-712101 -26016 -303007 -324216
668308 -813227 -660612 -186596
-686857 3435 606945 944039
-68348 704245 817523 -458844
-259482 -499484 210141 754099
-401018 394773 640132 507636
509451 -407427 743138 14334
-874379 -85300 -196099 -57142
-69441 -53406 -433961 -770027
816149 -590045 -383131 -246804
882402 -701407 272901 -332834
-929318 -990098 675479 209740
-918713 -251817 -825715 773771
413151 892368 417812 400837
46984 512143 -315980 -285866
-149866 -434718 -356260 -473098
582035 -196954 -472648 768974
-283594 818458 924671 -269947
241234 254619 343723 -889973
-321858 -38556 -151888 -520927
-272696 354620 214093 -844212
893089 301663 -383131 -246804
-311695 -244739 -541763 532301
-647919 664579 207236 507348
353457 -383833 -562104 -55078
-151615 537419 -352414 -254121
681231 -27869 899436 878865
-321858 -38556 823816 390913
-544367 206213 175699 231517
-330752 734260 -576671 175987
249124 492583 309338 756524
923606 824543 229374 -375875
831784 443734 620372 -695392
309338 756524 712407 -254731
-540828 86744 4119 -433294
413151 892368 -836991 -921604
-414186 319670 -388891 -311232
547425 960824 8930 -430524
-729683 -290665 229374 -375875
974623 -152484 -67954 141385
253577 597208 478379 706772
823816 390913 623382 -203080
156947 -573503 475520 -179758
-146108 -111185 -315980 -285866
194044 -241812 -391232 546246
-57569 81788 -223921 -107933
-311695 -244739 -196099 -57142
681231 -27869 -923113 683119
668308 -813227 -581458 -146775
8930 -430524 272901 -332834
-151615 537419 276040 501204
-788918 -959435 -547613 -279576
23730 455583 974964 875216
371430 -429220 615719 973587
-689063 -78695 -324447 -627736
-315980 -285866 -138823 36961
-764430 223776 914083 963831
2752 -766175 -737376 59822
396586 -212620 -217424 808852
-552012 -527918 -864264 -559459
-33755 -780186 419877 198253
90076 44116 -958967 973121
541619 -273854 -935723 -925960
-138823 36961 742185 54472
971630 611681 509451 -407427
-825715 773771 600880 80328
156243 -152723 -146108 -111185
661672 987917 924671 -269947
-552042 231559 -352414 -254121
633490 606638 -396428 77471
951961 -492300 248047 872719
-820755 529550 -509474 -474635
-378540 -455003 -303007 -324216
-238232 154942 876734 -374541
396586 -212620 138497 -319772
214093 -844212 -498495 151842
831784 443734 178783 -897401
-933469 -819634 -727223 -864778
-247782 -420071 698758 -262739
210399 -326350 178783 -897401
401297 431848 40816 -605217
-552042 231559 276040 501204
-223921 -107933 -260911 361935
269877 -86655 503466 -907378
-472648 768974 462307 -224774
-93215 -173077 -576671 175987
276040 501204 953917 -395222
272901 -332834 266069 893140
126665 824267 747335 -289652
685028 97378 197163 366193
-760202 467003 124157 -776368
-892608 -132584 -135139 -507195
990170 126395 -365695 -225146
396586 -212620 -822131 678589
-442391 537720 923606 824543
-923113 683119 -904134 597034
-311695 -244739 -874379 -85300
696832 -667951 -986741 -747249
682439 637900 -699043 324004
876734 -374541 -247782 -420071
448786 702852 743138 14334
-997022 204400 -580897 -115269
-383131 -246804 650222 871138
-442391 537720 -729683 -290665
-154468 -665827 -818822 350623
-781505 152337 -548291 393922
747335 -289652 -682776 -986928
547425 960824 -595273 190376
156243 -152723 -138823 36961
743138 14334 -159364 -352380
-997022 204400 -388891 -311232
-581458 -146775 213451 888228
475520 -179758 -390716 114632
623382 -203080 -435859 986286
650222 871138 893089 301663
-143188 77631 689164 787944
4544 -42514 -697644 -805404
-175660 835374 735935 -618747
804990 820578 -303007 -324216
971630 611681 849054 214076
-472648 768974 -727223 -864778
-544367 206213 -548927 927403
-69441 -53406 -766349 -469345
-283594 818458 -884028 -14875
650222 871138 -109636 -885747
-203679 164697 208111 17233
407940 -491822 -131645 424901
-660612 -186596 -581458 -146775
402045 69834 304431 176561
-541763 532301 -298058 -171265
-138823 36961 46984 512143
421956 910896 -378540 -455003
509451 -407427 -159364 -352380
409480 -984935 -709870 224626
-19803 445222 -893524 -981612
-447537 -853151 -77655 960098
-836991 -921604 417812 400837
250785 720508 924671 -269947
320450 660775 394066 231760
961249 286013 156947 -573503
-186367 497577 -825715 773771
-175660 835374 541619 -273854
70487 406117 -828835 -702029
439874 -647194 939323 79732
768420 63212 70487 406117
-264206 -156379 -958967 973121
-114388 709457 394066 231760
698758 -262739 -238232 154942
-459183 -866716 213451 888228
-548291 393922 507208 -514972
419877 198253 496906 227489
899436 878865 241234 254619
-67065 177254 541619 -273854
4119 -433294 224988 -757944
-354810 591079 -249000 -41886
309338 756524 729233 -995120
-647919 664579 -63357 48588
-40468 923804 789627 -74784
-401349 -573622 -249000 -41886
-67954 141385 600880 80328
421956 910896 804990 820578
-498495 151842 -272696 354620
965327 -677695 717007 81324
885005 410635 789627 -74784
540950 -955449 -386451 -297836
595946 379749 -818822 350623
-372369 -248939 -544990 922478
241656 -57665 846293 843622
-933469 -819634 -893524 -981612
-642262 -512575 -152891 424620
-67954 141385 -825715 773771
-580897 -115269 -414186 319670
-343751 984778 272901 -332834
-609538 521166 682439 637900
-96167 675312 933701 -279101
-660612 -186596 -459183 -866716
845453 -575485 246541 29483
-114388 709457 320450 660775
650222 871138 816149 -590045
247473 -275762 -386451 -297836
678092 -762574 -67954 141385
-689063 -78695 197601 840857
606945 944039 -55341 -875644
126089 -374862 -340902 -749846
666377 288687 -281787 287639
343723 -889973 -923113 683119
-472893 -170365 -208303 -479374
-247782 -420071 975224 829645
668308 -813227 213451 888228
-93215 -173077 -913024 -23851
249124 492583 -203679 164697
210141 754099 530214 -127550
126089 -374862 687169 -294494
250785 720508 661672 987917
-258591 -552423 -149866 -434718
249124 492583 208111 17233
-343751 984778 266069 893140
241234 254619 -274634 -381543
64049 -30399 -898679 -40263
-631575 -145136 -152891 424620
-705975 191111 750827 218147
483025 -823836 -57569 81788
-985952 -672922 -544990 922478
229374 -375875 -442391 537720
-275115 173247 655435 496084
-77655 960098 480110 -391209
-822131 678589 -744972 -876043
-379609 250419 -309561 677543
-578705 -838081 750827 218147
-379609 250419 -898679 -40263
-884028 -14875 661672 987917
-637676 611846 -838134 156249
-578705 -838081 555007 234585
-472648 768974 -19803 445222
224988 -757944 -817309 728043
-68348 704245 -581458 -146775
417812 400837 691624 969715
68460 579589 507208 -514972
-343751 984778 882402 -701407
631991 -852983 -637676 611846
-223921 -107933 483025 -823836
-312822 141278 -820667 -346362
156947 -573503 676493 -664523
-582103 -710761 -820667 -346362
696832 -667951 -116527 -994665
111067 -50913 -365695 -225146
893089 301663 816149 -590045
23730 455583 -209278 962928
552699 682029 746537 -47261
-47410 866902 -354810 591079
681231 -27869 343723 -889973
547425 960824 272901 -332834
309338 756524 -203679 164697
-959487 655553 874472 -253833
-923113 683119 899436 878865
313305 -659247 974964 875216
552699 682029 87855 10112
-356260 -473098 -484940 -823882
-93215 -173077 540950 -955449
383696 118354 743138 14334
-709870 224626 -628621 -742031
-982129 -417002 -47410 866902
8930 -430524 266069 893140
-578281 -207865 845453 -575485
-578705 -838081 193502 -867722
-552012 -527918 67399 -3367
169778 -175838 -647919 664579
313305 -659247 23730 455583
238764 -976196 -281787 287639
85595 732638 -578281 -207865
-113103 440873 100015 -592826
383696 118354 -159364 -352380
768420 63212 -207926 898074
-484940 -823882 -149866 -434718
-959099 4628 -562104 -55078
-207926 898074 225520 802863
817523 -458844 -660612 -186596
-442391 537720 380259 -417471
-33755 -780186 -555566 -399735
914083 963831 31600 547684
-40468 923804 231930 474028
547425 960824 -343751 984778
-609176 -465891 119082 -468459
735935 -618747 541619 -273854
-631575 -145136 -932535 -227107
126665 824267 530839 -353381
837745 -69878 300873 -431691
-367215 360410 -986741 -747249
-175660 835374 974282 -257235
-472893 -170365 -896351 955430
962879 232624 -324447 -627736
971630 611681 -159364 -352380
242848 -628877 -647919 664579
383696 118354 448786 702852
119082 -468459 988572 -428116
615719 973587 -626215 -126070
-595273 190376 -343751 984778
-608388 129558 -257927 745425
974282 -257235 -935723 -925960
961249 286013 676493 -664523
720934 -243662 789627 -74784
266069 893140 547425 960824
69853 320590 -637676 611846
-433961 -770027 85595 732638
-435859 986286 -987834 -789646
600880 80328 -918713 -251817
-271683 290110 -479246 380005
-309561 677543 -504021 90462
-154468 -665827 655440 -948458
974282 -257235 735935 -618747
-274634 -381543 681231 -27869
-582103 -710761 633490 606638
111067 -50913 704608 -798212
965327 -677695 -354810 591079
567118 830235 -820755 529550
124157 -776368 496906 227489
309298 -25535 396311 294511
-982129 -417002 965327 -677695
-914468 30154 309298 -25535
-340902 -749846 874472 -253833
-896351 955430 530214 -127550
313305 -659247 -391232 546246
899117 -585267 68460 579589
-151615 537419 -309618 854307
-760202 467003 496906 227489
974623 -152484 -825715 773771
380259 -417471 923606 824543
396586 -212620 -744972 -876043
704608 -798212 -365695 -225146
-986741 -747249 -288704 260207
-6566 -3619 -152891 424620
350177 44949 -582103 -710761
-47410 866902 965327 -677695
502854 -649338 -324447 -627736
-264206 -156379 56880 297438
-602926 -369698 974282 -257235
988572 -428116 933701 -279101
-663897 -792104 396311 294511
-932535 -227107 -152891 424620
-388891 -311232 -448686 -391272
-33755 -780186 373692 -204753
951961 -492300 689164 787944
717007 81324 -47410 866902
-958967 973121 852255 600271
-450832 760124 606246 -331217
-379609 250419 -504021 90462
-396428 77471 -582103 -710761
-259482 -499484 -472893 -170365
-984768 537758 -479246 380005
-766349 -469345 85595 732638
331986 -141354 -498495 151842
676493 -664523 -390716 114632
-152891 424620 -612905 -597150
304431 176561 40816 -605217
-602926 -369698 -935723 -925960
-828835 -702029 -207926 898074
409480 -984935 -746907 -961193
698758 -262739 975224 829645
-595273 190376 266069 893140
-955246 873225 517659 387327
874472 -253833 126089 -374862
846293 843622 984627 444172
962879 232624 -689063 -78695
899117 -585267 507208 -514972
246541 29483 -578281 -207865
-374949 196977 -23388 -39872
-987834 -789646 871638 -709419
535096 -246039 640132 507636
-987834 -789646 623382 -203080
-259482 -499484 530214 -127550
-817309 728043 -540828 86744
-727223 -864778 -19803 445222
-435859 986286 -151888 -520927
698310 -430775 876734 -374541
229374 -375875 380259 -417471
-822131 678589 138497 -319772
247473 -275762 -93215 -173077
-746907 -961193 -709870 224626
696832 -667951 -288704 260207
-987834 -789646 823816 390913
828069 -166917 974964 875216
-595273 190376 882402 -701407
-609176 -465891 -96167 675312
-186367 497577 -67954 141385
-540828 86744 224988 -757944
582035 -196954 -727223 -864778
421956 910896 -303007 -324216
238764 -976196 167424 82197
678092 -762574 -825715 773771
-232618 -177856 -663897 -792104
-781505 152337 68460 579589
-67954 141385 -918713 -251817
660134 -397638 178195 -170398
609253 198541 -631575 -145136
939323 79732 243148 708639
241656 -57665 984627 444172
70487 406117 -207926 898074
606246 -331217 -367215 360410
-374949 196977 -52940 319618
69853 320590 -902912 -832097
931541 664549 650222 871138
-731626 -463064 606945 944039
953917 -395222 -309618 854307
-498495 151842 501015 -499274
-625497 127346 -830781 -875284
698758 -262739 331246 -989324
-312822 141278 -582103 -710761
409480 -984935 -170709 -420545
931541 664549 -109636 -885747
698758 -262739 876734 -374541
343723 -889973 -274634 -381543
893089 301663 -109636 -885747
974964 875216 194044 -241812
-576671 175987 -386451 -297836
-259482 -499484 -208303 -479374
-913024 -23851 -576671 175987
882402 -701407 547425 960824
626792 -591292 532746 531739
85595 732638 246541 29483
-96167 675312 119082 -468459
-283594 818458 661672 987917
-686857 3435 -731626 -463064
363304 -157447 253577 597208
-386451 -297836 -913024 -23851
-396428 77471 -624262 18762
530839 -353381 -682776 -986928
-864264 -559459 67399 -3367
-396428 77471 -312822 141278
-151888 -520927 623382 -203080
-67065 177254 -175660 835374
-401349 -573622 965327 -677695
-232198 -165149 417812 400837
-186367 497577 974623 -152484
-874379 -85300 -298058 -171265
419877 198253 -760202 467003
544665 248091 401297 431848
-596970 -468122 584278 622402
582035 -196954 -19803 445222
-208303 -479374 530214 -127550
-635411 10093 503466 -907378
567118 830235 641032 105231
976970 -597130 -523409 231743
-555566 -399735 419877 198253
373692 -204753 -555566 -399735
-935723 -925960 -67065 177254
-450832 760124 -288704 260207
225520 802863 70487 406117
679238 -244660 704608 -798212
-836991 -921604 -113103 440873
-918713 -251817 -186367 497577
250785 720508 -283594 818458
-435859 986286 823816 390913
-686857 3435 763446 117985
871638 -709419 623382 -203080
-631575 -145136 -612905 -597150
373692 -204753 496906 227489
-312822 141278 -624262 18762
193972 -835805 -830781 -875284
685028 97378 -868414 -981727
729233 -995120 249124 492583
655440 -948458 -818822 350623
582035 -196954 462307 -224774
555007 234585 193502 -867722
-959099 4628 353457 -383833
785917 549725 492442 -132456
-612905 -597150 -932535 -227107
974623 -152484 600880 80328
90076 44116 852255 600271
-447537 -853151 407940 -491822
933701 -279101 -609176 -465891
64049 -30399 -504021 90462
315920 149685 -199165 99122
-628621 -742031 -170709 -420545
743138 14334 971630 611681
371430 -429220 -626215 -126070
-731626 -463064 -55341 -875644
85595 732638 845453 -575485
601251 404570 -93506 950122
823816 390913 -151888 -520927
448786 702852 849054 214076
685028 97378 492442 -132456
-249000 -41886 965327 -677695
-224414 377960 -23874 335342
-74133 924115 -259482 -499484
-705975 191111 193502 -867722
675479 209740 -602620 659155
176670 453032 249124 492583
-868465 -597882 655440 -948458
-982129 -417002 -249000 -41886
540950 -955449 -576671 175987
698310 -430775 -247782 -420071
-933469 -819634 582035 -196954
874472 -253833 687169 -294494
-828527 347066 -260911 361935
502854 -649338 962879 232624
214093 -844212 501015 -499274
-6566 -3619 609253 198541
276040 501204 -352414 -254121
931541 664549 -810826 -6157
176670 453032 309338 756524
-388891 -311232 -580897 -115269
-238232 154942 331246 -989324
119082 -468459 933701 -279101
-547613 -279576 -799838 -562168
-904134 597034 -274634 -381543
704608 -798212 990170 126395
-232618 -177856 396311 294511
-209278 962928 313305 -659247
-396428 77471 350177 44949
-447537 -853151 -131645 424901
-272696 354620 501015 -499274
-982129 -417002 -401349 -573622
-837174 411602 -976222 -118050
507208 -514972 -781505 152337
633490 606638 -624262 18762
-660612 -186596 -68348 704245
689164 787944 248047 872719
223869 -602522 -820755 529550
953917 -395222 -151615 537419
197601 840857 -324447 -627736
-271161 -687409 951961 -492300
322755 375356 -271161 -687409
-637676 611846 -902912 -832097
402045 69834 544665 248091
678092 -762574 974623 -152484
100015 -592826 417812 400837
-932535 -227107 -6566 -3619
-154468 -665827 595946 379749
975224 829645 698310 -430775
509451 -407427 448786 702852
-271161 -687409 248047 872719
-737376 59822 -579562 -753070
238764 -976196 666377 288687
-712101 -26016 -378540 -455003
361450 407647 -271683 290110
309338 756524 208111 17233
-624262 18762 350177 44949
-896351 955430 -259482 -499484
871638 -709419 -435859 986286
854544 -597325 235553 748718
689164 787944 322755 375356
-298058 -171265 536737 -827925
178783 -897401 620372 -695392
-744972 -876043 -217424 808852
496906 227489 -555566 -399735
111067 -50913 679238 -244660
-232198 -165149 -836991 -921604
584278 622402 394066 231760
-343751 984778 8930 -430524
606246 -331217 696832 -667951
631991 -852983 -902912 -832097
678092 -762574 -918713 -251817
197601 840857 962879 232624
-918713 -251817 974623 -152484
536737 -827925 -874379 -85300
-923113 683119 241234 254619
169778 -175838 -63357 48588
536737 -827925 -311695 -244739
-810826 -6157 -109636 -885747
-272696 354620 331986 -141354
248047 872719 -143188 77631
-448686 -391272 -580897 -115269
-146108 -111185 46984 512143
-904134 597034 681231 -27869
-884028 -14875 250785 720508
350177 44949 633490 606638
-360203 161764 -148176 177407
231930 474028 720934 -243662
-868465 -597882 -154468 -665827
991619 560297 -372369 -248939
210141 754099 -208303 -479374
742185 54472 156243 -152723
-459183 -866716 -581458 -146775
-766349 -469345 845453 -575485
-186367 497577 678092 -762574
