998
980208 -273454 915464 331948
846524 524120 168210 31184
-647945 835033 -363134 -204836
730107 742596 383588 950120
691984 -781539 356946 47501
-367212 -111864 351576 -30035
660001 -23596 462093 895296
1424 519032 -634754 -452861
407895 504910 -212619 -586905
-270720 810617 927011 -619292
124158 785526 107470 570322
-636015 153270 100253 282096
333964 43125 -313052 658375
-365056 -474967 -262371 -463819
918018 -78985 -877718 -477821
134263 -184659 92397 235910
-854700 -974649 -298222 -46028
614143 -616249 -452192 -887936
-457261 -358326 726942 749388
-651917 -687400 92397 235910
-31250 -972990 -877718 -477821
98249 -596252 -20632 421610
168210 31184 499603 952452
-923435 -92686 -237570 92703
993500 -994789 26291 714665
256636 -141954 -434309 166386
634885 787438 673686 -117103
124158 785526 -499456 -533578
-535022 -166788 -90887 -398529
-290764 253483 -8526 -803773
49034 49633 -284452 453592
691984 -781539 287326 491857
-375206 848103 -405684 387686
-78148 -167536 645019 847031
926689 377740 132310 -263826
292246 -513325 -678776 275634
-566301 488866 661393 -63786
556618 -812596 -375206 848103
464996 -489147 -828933 -957147
414299 -927774 -371609 749656
88371 -851293 162521 -57809
-840685 -927657 910755 446884
505199 -580980 -659639 938583
-367212 -111864 927011 -619292
-290764 253483 721246 -85228
925941 115468 -928003 -162383
311136 291458 -313052 658375
284804 349952 -572036 183169
-314367 -169712 -34795 -973201
-961703 -563361 -452211 -973206
456229 -468188 -659639 938583
559275 -176530 72158 297463
-933349 981432 -365056 -474967
-487833 349991 331246 -917087
153868 328370 915464 331948
851385 -119527 -933349 981432
301177 983103 -750254 756041
-271982 -758634 311136 291458
-600570 717857 -664231 -912847
730107 742596 931156 -694491
333964 43125 311136 291458
-840685 -927657 -609809 -323362
-794759 -855259 -992658 915594
-750546 499536 926689 377740
908775 -294972 -314367 -169712
916162 528758 513410 -111963
-939023 -122543 331246 -917087
-367212 -111864 -791177 903304
-369180 -260557 334165 -180902
-369669 -511675 597199 -240256
-576258 523733 -417400 -548878
-407335 134407 -234206 -863806
-78148 -167536 -181525 -657886
-116203 446164 915464 331948
-634754 -452861 238821 -693716
123485 836238 -846173 -234747
925941 115468 383626 418060
-446986 -626049 -308816 938612
-648788 48821 661323 -642896
394148 -303016 -271982 -758634
282577 264291 549032 914761
-113978 491739 404806 -857100
121121 -422970 744510 334041
394148 -303016 -535759 -744345
-270720 810617 509150 132268
886195 922970 -726629 -287318
-31250 -972990 -398604 -218833
-350027 -337828 88888 -427608
-34795 -973201 908775 -294972
-60499 -193230 894491 870501
226052 -225376 39558 -639623
287326 491857 356946 47501
-139673 557146 973912 731467
-373516 152598 951290 -933390
557183 -662996 75432 827811
-202734 198847 292246 -513325
-578119 352395 954606 -168484
-250381 44873 -885935 -925143
-613273 -839072 165087 -200659
301177 983103 -780196 -235057
107470 570322 814378 295207
980208 -273454 -116203 446164
464996 -489147 141025 -952036
-856183 -353569 -929839 -289843
-678776 275634 909283 -188119
141025 -952036 -535022 -166788
919592 -102968 -284452 453592
-608811 -321815 -887012 -288730
226551 713849 165452 -840868
-308816 938612 171654 713775
742424 -557022 -815933 25227
-84247 -573463 -473309 -181425
-369669 -511675 -269261 -243984
-651917 -687400 334165 -180902
-854700 -974649 -750546 499536
-937906 -724114 825854 -685421
595334 281356 96750 -789783
-79645 -527621 72158 297463
-367212 -111864 -270720 810617
354214 -964080 -126837 830809
-458944 -550258 -729570 -531740
-610823 421198 927011 -619292
-208325 -379716 -924090 9354
597199 -240256 847475 -709423
919592 -102968 42096 -588383
666039 -379353 -711018 -506491
-877718 -477821 368546 803972
153868 328370 980208 -273454
-76981 -287279 157947 -64671
-613273 -839072 453134 549218
723425 -610725 -499456 -533578
-220553 -502043 212440 971909
48256 -975961 -78148 -167536
-522137 791540 228104 263993
-939023 -122543 -607659 -578181
783176 209759 457146 -955511
-20684 -811656 -647945 835033
383588 950120 931156 -694491
-350027 -337828 -564185 -64549
97058 484298 -439168 636129
-638968 508001 321702 -777610
-965962 572644 -79105 -715766
-371609 749656 -845904 -920493
814378 295207 896457 -564408
705150 -760273 -850951 -929248
484734 -858198 960544 102743
-94424 -576637 -823974 -392364
-178361 60749 212440 971909
-300994 429399 178499 418229
670137 915584 290388 -980912
-871364 -441141 -718542 362187
846524 524120 407895 504910
851385 -119527 -380267 -86038
513410 -111963 -531965 825547
-815933 25227 -369669 -511675
-932058 -801617 -471433 -692898
-24895 -433997 438884 418304
-885935 -925143 666039 -379353
849910 -676496 165087 -200659
-932058 -801617 168210 31184
-433229 466371 278396 784710
321702 -777610 645019 847031
89495 73849 -439168 636129
42096 -588383 516650 -674546
954606 -168484 -376910 399423
723425 -610725 107470 570322
538323 -127848 -78148 -167536
100979 -463506 413444 4741
926689 377740 -854700 -974649
290388 -980912 -220553 -502043
684629 425052 42096 -588383
351576 -30035 -270720 810617
160312 -310837 462093 895296
719814 -603180 1424 519032
559884 268422 335699 244936
539125 -937825 -785529 671985
-49433 615800 825854 -685421
-20632 421610 437551 -439579
-846841 -684942 687094 -324264
685411 -819472 -877718 -477821
-823974 -392364 -531965 825547
-405684 387686 -9669 895870
-259597 -173932 -76981 -287279
124158 785526 814378 295207
928500 536278 -234206 -863806
98249 -596252 -452211 -973206
844087 -110029 140847 -772463
226551 713849 -457261 -358326
717725 164019 -259597 -173932
-798499 512210 844087 -110029
910755 446884 -609809 -323362
-939023 -122543 -487833 349991
960544 102743 498097 474541
-791177 903304 -270720 810617
643457 -503056 217747 -395936
-452211 -973206 437551 -439579
205483 761331 516650 -674546
-284452 453592 516650 -674546
178499 418229 -202734 198847
-364943 675951 -380267 -86038
-845300 84728 383588 950120
367437 440274 463045 456866
896457 -564408 107470 570322
-220553 -502043 -178361 60749
296018 6819 226551 713849
803458 687852 226052 -225376
-435547 -330963 363953 -415352
124158 785526 896457 -564408
670137 915584 212440 971909
-358031 11449 -987487 -778734
-967745 -872042 549032 914761
-487833 349991 -281218 -368371
-854700 -974649 -565858 -481778
896457 -564408 -499456 -533578
556618 -812596 -968755 940123
-205130 -308556 -608811 -321815
457146 -955511 -630985 639434
-31250 -972990 918018 -78985
-417400 -548878 462054 -884018
-750546 499536 -298222 -46028
499603 952452 846524 524120
-636015 153270 559975 472488
634885 787438 928500 536278
-874337 387715 557183 -662996
-144196 167285 555212 -953480
281229 -235885 -499456 -533578
437908 -452275 -37092 -721905
797344 728910 -116203 446164
422256 989071 -648788 48821
420815 833667 -535759 -744345
732730 483665 183249 -815741
-634754 -452861 15305 438659
-531965 825547 916162 528758
-178361 60749 670137 915584
-794759 -855259 -24895 -433997
457146 -955511 507461 724613
-108637 5768 -84247 -573463
-937906 -724114 -49433 615800
-350027 -337828 918316 -177003
415033 -619884 -478206 -988337
607473 714304 -575941 506098
415033 -619884 462054 -884018
-937906 -724114 226052 -225376
-300994 429399 909283 -188119
726942 749388 -208325 -379716
-522137 791540 181064 -16271
951290 -933390 -108637 5768
918316 -177003 -344862 -510607
-171570 887827 507461 724613
-532052 -822546 661323 -642896
-845904 -920493 414299 -927774
-651917 -687400 134263 -184659
140847 -772463 743111 279530
666039 -379353 -359095 703740
-754795 682202 549032 914761
-965962 572644 363953 -415352
394148 -303016 420815 833667
778145 -331144 856341 152544
570600 960842 -608811 -321815
141799 832147 685411 -819472
-311123 335024 778145 -331144
-840685 -927657 849910 -676496
-828933 -957147 -535022 -166788
-610823 421198 351576 -30035
744510 334041 -633240 -728302
666039 -379353 -147622 -405270
-639880 157522 217854 685859
-987487 -778734 287326 491857
-929839 -289843 413444 4741
719814 -603180 238821 -693716
752562 65614 98249 -596252
916162 528758 -823974 -392364
39558 -639623 -49433 615800
979653 118325 -316286 -178953
-300994 429399 -678776 275634
-237570 92703 301177 983103
381245 623212 -43705 -845136
-455941 795930 -311123 335024
-212619 -586905 846524 524120
383626 418060 -928003 -162383
-895933 170861 -845904 -920493
-607450 464671 -60499 -193230
643457 -503056 231314 -640232
88888 -427608 -344862 -510607
597199 -240256 -815933 25227
197809 86331 438884 418304
335699 244936 -939023 -122543
-928003 -162383 437908 -452275
65162 -123766 743111 279530
-923435 -92686 301177 983103
673686 -117103 354214 -964080
-321071 848279 404806 -857100
717725 164019 157947 -64671
-412427 -547280 -139673 557146
918316 -177003 88888 -427608
-471433 -692898 407895 504910
597199 -240256 -269261 -243984
-359095 703740 -885935 -925143
-823974 -392364 513410 -111963
-313052 658375 -271982 -758634
383626 418060 437908 -452275
-378112 88711 -304602 -847431
7488 -355474 -128541 583649
-933349 981432 -860853 -82443
-212619 -586905 -932058 -801617
147756 379006 -375206 848103
63809 -563363 691984 -781539
168210 31184 -212619 -586905
-798499 512210 140847 -772463
-144196 167285 744510 334041
-815827 813837 -147811 -527431
743111 279530 -798499 512210
420815 833667 333964 43125
622046 -352502 462054 -884018
849910 -676496 453134 549218
-473309 -181425 -108637 5768
-858309 705534 982603 -661508
685411 -819472 -31250 -972990
-845300 84728 730107 742596
98249 -596252 437551 -439579
296018 6819 -924090 9354
49034 49633 205483 761331
-791177 903304 927011 -619292
-369669 -511675 47811 -35549
-924090 9354 165452 -840868
-630985 639434 -171570 887827
-987487 -778734 356946 47501
-791177 903304 351576 -30035
-664231 -912847 422256 989071
-363134 -204836 296898 -758157
-860853 -82443 -380267 -86038
-369180 -260557 134263 -184659
645019 847031 538323 -127848
732730 483665 -321973 -116228
509150 132268 351576 -30035
-633240 -728302 -144196 167285
570600 960842 -887012 -288730
-20684 -811656 -846072 -402814
-487833 349991 559884 268422
614143 -616249 256636 -141954
-147622 -405270 -945212 -871345
-43705 -845136 660001 -23596
730107 742596 -886529 -466921
229541 184290 -540392 699351
-321071 848279 96750 -789783
-924090 9354 226551 713849
-473686 646607 -929839 -289843
-992658 915594 -24895 -433997
-376910 399423 934191 807233
867550 195456 -490138 -41246
206161 -471137 -167185 451091
-726629 -287318 -522137 791540
335699 244936 -281218 -368371
-237570 92703 -780196 -235057
-639880 157522 249360 934099
-856183 -353569 100979 -463506
926689 377740 -565858 -481778
394148 -303016 333964 43125
-785529 671985 812491 -155785
886195 922970 181064 -16271
-20632 421610 752562 65614
-94424 -576637 916162 528758
904718 312169 183249 -815741
595334 281356 -321071 848279
-885935 -925143 -147622 -405270
356946 47501 -358031 11449
453134 549218 -840685 -927657
226551 713849 -208325 -379716
723425 -610725 896457 -564408
856341 152544 -886938 114205
171654 713775 -446986 -626049
-434309 166386 511544 -864260
-678776 275634 -770020 -721562
867550 195456 -526006 -720012
597199 -240256 47811 -35549
-43705 -845136 160312 -310837
-412427 -547280 993500 -994789
349235 -717840 -565858 -481778
687094 -324264 26291 714665
-300994 429399 -770020 -721562
415972 618037 -871364 -441141
849910 -676496 -613273 -839072
-407335 134407 673686 -117103
-965962 572644 -435547 -330963
-237570 92703 -750254 756041
-250381 44873 -711018 -506491
165087 -200659 -609809 -323362
-41741 -389672 -284709 -32365
-473309 -181425 -373516 152598
825854 -685421 803458 687852
321702 -777610 -181525 -657886
-128541 583649 -493595 -816287
732730 483665 367437 440274
-90003 920733 -76981 -287279
-664231 -912847 -751390 88620
-815933 25227 -269261 -243984
-600945 -74585 -37979 876148
462534 287992 -968755 940123
105248 -54320 98249 -596252
-458944 -550258 -535022 -166788
742424 -557022 -269261 -243984
-885935 -925143 -945212 -871345
349235 -717840 -854700 -974649
-79645 -527621 -304602 -847431
31720 -520904 -969098 -738939
39558 -639623 825854 -685421
-364943 675951 -860853 -82443
-909854 855132 261394 -494911
559275 -176530 -378112 88711
197809 86331 -794759 -855259
680324 894586 -155960 -436599
-181525 -657886 48256 -975961
856341 152544 -455941 795930
-369669 -511675 847475 -709423
217854 685859 249360 934099
335699 244936 -607659 -578181
-407335 134407 -126837 830809
238821 -693716 15305 438659
-79105 -715766 -435547 -330963
282577 264291 -754795 682202
438884 418304 -992658 915594
290388 -980912 -178361 60749
-113978 491739 -321071 848279
509150 132268 -791177 903304
-281218 -368371 331246 -917087
-566301 488866 -874337 387715
349235 -717840 926689 377740
-874337 387715 75432 827811
-845300 84728 931156 -694491
-791177 903304 -610823 421198
-933349 981432 -364943 675951
-208325 -379716 165452 -840868
-298222 -46028 926689 377740
160312 -310837 660001 -23596
-262371 -463819 -860853 -82443
-155960 -436599 -469763 11266
-365056 -474967 -380267 -86038
-116203 446164 153868 328370
-723476 575742 643457 -503056
705150 -760273 -369773 -358045
-567519 -938107 723034 -588603
-664231 -912847 -532052 -822546
-526006 -720012 -490138 -41246
-815827 813837 -433229 466371
296018 6819 165452 -840868
217747 -395936 -723476 575742
381245 623212 660001 -23596
231314 -640232 -539185 -892670
-706317 283957 -965962 572644
825854 -685421 226052 -225376
-828933 -957147 -458944 -550258
-678776 275634 -202734 198847
132310 -263826 -565858 -481778
-147622 -405270 -250381 44873
960522 434751 790851 -767076
-375206 848103 -9669 895870
205483 761331 919592 -102968
165087 -200659 910755 446884
42096 -588383 49034 49633
-478206 -988337 -576258 523733
415033 -619884 -576258 523733
-600570 717857 661323 -642896
919592 -102968 516650 -674546
-638968 508001 645019 847031
-37092 -721905 383626 418060
-84247 -573463 -373516 152598
-178361 60749 162521 -57809
22768 -268410 -706317 283957
-147811 -527431 979784 910460
203636 181953 -788789 299147
-205837 454314 -60499 -193230
-144196 167285 121121 -422970
-718542 362187 415972 618037
261394 -494911 -537197 -700641
-575941 506098 89495 73849
368546 803972 -398604 -218833
-360128 709888 -55370 -30955
121121 -422970 555212 -953480
-181525 -657886 645019 847031
-815827 813837 979784 910460
-572036 183169 459116 -843996
290388 -980912 162521 -57809
-933349 981432 -380267 -86038
463045 456866 608331 932523
-105445 455431 226052 -225376
-367212 -111864 -610823 421198
951290 -933390 -84247 -573463
-262371 -463819 -364943 675951
744510 334041 555212 -953480
559975 472488 100253 282096
-262371 -463819 -380267 -86038
-147811 -527431 278396 784710
-202734 198847 -770020 -721562
-526006 -720012 -300920 436725
909283 -188119 -202734 198847
141799 832147 368546 803972
-487833 349991 335699 244936
-700311 -673697 622046 -352502
231314 -640232 217747 -395936
181064 -16271 -726629 -287318
100979 -463506 -473686 646607
141025 -952036 -828933 -957147
-126837 830809 673686 -117103
851385 -119527 -262371 -463819
-405684 387686 462534 287992
-369180 -260557 -651917 -687400
160312 -310837 381245 623212
178499 418229 292246 -513325
-711018 -506491 -359095 703740
334165 -180902 92397 235910
1424 519032 238821 -693716
462093 895296 381245 623212
-630985 639434 783176 209759
982603 -661508 -822521 -187699
-365056 -474967 851385 -119527
-9669 895870 -968755 940123
664757 -797614 22768 -268410
178499 418229 909283 -188119
58571 -540046 -300920 436725
97058 484298 89495 73849
-375206 848103 462534 287992
-105445 455431 825854 -685421
-471433 -692898 846524 524120
-805483 293876 -360128 709888
-167135 -248919 960522 434751
-358031 11449 287326 491857
-90003 920733 -259597 -173932
42096 -588383 -284452 453592
-846841 -684942 993500 -994789
-358031 11449 -84375 -181339
-90887 -398529 141025 -952036
422256 989071 661323 -642896
-706317 283957 -79105 -715766
927011 -619292 509150 132268
684629 425052 -284452 453592
919592 -102968 49034 49633
212440 971909 290388 -980912
292246 -513325 -770020 -721562
100253 282096 515833 -16263
97058 484298 -575941 506098
847475 -709423 742424 -557022
278396 784710 -815827 813837
147756 379006 -968755 940123
-358031 11449 63809 -563363
-751390 88620 -532052 -822546
-805483 293876 -55370 -30955
26291 714665 -412427 -547280
437551 -439579 752562 65614
-965962 572644 664757 -797614
-439168 636129 607473 714304
-794759 -855259 438884 418304
-105445 455431 -49433 615800
-706317 283957 363953 -415352
48256 -975961 321702 -777610
462534 287992 147756 379006
814378 295207 -499456 -533578
925941 115468 -37092 -721905
-754795 682202 -967745 -872042
-205837 454314 -607450 464671
-402939 -273036 660001 -23596
-924090 9354 -457261 -358326
-458944 -550258 464996 -489147
349235 -717840 -298222 -46028
685411 -819472 918018 -78985
-398604 -218833 918018 -78985
-78148 -167536 -638968 508001
-473686 646607 -856183 -353569
-79645 -527621 559275 -176530
-751390 88620 -648788 48821
-435547 -330963 -706317 283957
814378 295207 281229 -235885
-271982 -758634 333964 43125
-212619 -586905 499603 952452
105248 -54320 -20632 421610
437551 -439579 105248 -54320
63809 -563363 287326 491857
-281218 -368371 -607659 -578181
-700311 -673697 -576258 523733
-798499 512210 65162 -123766
-788789 299147 814623 784612
949697 -148187 534000 324712
-564185 -64549 -344862 -510607
664757 -797614 363953 -415352
-945212 -871345 666039 -379353
951290 -933390 -473309 -181425
499603 952452 -932058 -801617
-961703 -563361 105248 -54320
886195 922970 228104 263993
-751390 88620 422256 989071
58571 -540046 -526006 -720012
-664231 -912847 -648788 48821
-250381 44873 666039 -379353
904718 312169 -321973 -116228
993500 -994789 973912 731467
-933349 981432 -262371 -463819
726942 749388 -924090 9354
-648788 48821 -532052 -822546
-126837 830809 928500 536278
847475 -709423 47811 -35549
160312 -310837 -402939 -273036
48256 -975961 -638968 508001
22768 -268410 -435547 -330963
354214 -964080 928500 536278
-887012 -288730 -205130 -308556
-750546 499536 132310 -263826
-608811 -321815 669890 -63813
849910 -676496 910755 446884
685411 -819472 368546 803972
181064 -16271 228104 263993
-729570 -531740 -535022 -166788
-826860 185842 -167185 451091
-815933 25227 847475 -709423
-284709 -32365 -506944 305353
197809 86331 -992658 915594
96750 -789783 -113978 491739
132310 -263826 -298222 -46028
980208 -273454 797344 728910
752562 65614 -961703 -563361
918018 -78985 368546 803972
449533 -829848 -823408 -172570
462093 895296 711186 -919590
661393 -63786 557183 -662996
292246 -513325 -300994 429399
72158 297463 -378112 88711
-987487 -778734 -84375 -181339
-76981 -287279 717725 164019
463045 456866 183249 -815741
-909854 855132 -537197 -700641
226052 -225376 -49433 615800
-139673 557146 687094 -324264
-928003 -162383 -37092 -721905
534000 324712 -531165 739479
-770020 -721562 178499 418229
-539185 -892670 217747 -395936
-390931 -112770 -60499 -193230
-457261 -358326 -208325 -379716
141799 832147 -877718 -477821
-452192 -887936 511544 -864260
-433229 466371 979784 910460
728297 -549502 -578119 352395
-895933 170861 -371609 749656
539903 218019 723034 -588603
-385044 -610870 17338 -493268
711186 -919590 160312 -310837
420815 833667 -313052 658375
-113978 491739 595334 281356
979784 910460 278396 784710
684629 425052 919592 -102968
292246 -513325 909283 -188119
645019 847031 48256 -975961
-886529 -466921 383588 950120
147756 379006 -9669 895870
886195 922970 -522137 791540
711186 -919590 -402939 -273036
-147622 -405270 -711018 -506491
349235 -717840 -750546 499536
-321973 -116228 608331 932523
-886529 -466921 -845300 84728
140847 -772463 65162 -123766
-493595 -816287 7488 -355474
927011 -619292 351576 -30035
183249 -815741 367437 440274
-417400 -548878 -700311 -673697
98249 -596252 -961703 -563361
-506944 305353 -41741 -389672
680324 894586 -469763 11266
685411 -819472 -398604 -218833
-939023 -122543 -281218 -368371
993500 -994789 687094 -324264
-919170 216160 419223 305079
-105445 455431 -937906 -724114
49034 49633 684629 425052
281229 -235885 896457 -564408
-24895 -433997 197809 86331
-886529 -466921 931156 -694491
851385 -119527 -860853 -82443
462054 -884018 -576258 523733
-108637 5768 -373516 152598
434451 -889864 -316286 -178953
26291 714665 973912 731467
-751390 88620 -600570 717857
-607659 -578181 331246 -917087
-367212 -111864 509150 132268
-457261 -358326 296018 6819
226734 637741 -636015 153270
-846173 -234747 -236648 581214
-478206 -988337 622046 -352502
752562 65614 -452211 -973206
797344 728910 153868 328370
622046 -352502 -417400 -548878
26291 714665 -846841 -684942
-435547 -330963 664757 -797614
-846072 -402814 296898 -758157
107470 570322 -499456 -533578
516650 -674546 684629 425052
-968755 940123 -405684 387686
559884 268422 -939023 -122543
-234206 -863806 673686 -117103
-402939 -273036 462093 895296
256636 -141954 511544 -864260
88371 -851293 -220553 -502043
-967745 -872042 282577 264291
-607450 464671 -390931 -112770
-412427 -547280 973912 731467
-311123 335024 856341 152544
-298222 -46028 -565858 -481778
-932058 -801617 407895 504910
670137 915584 -220553 -502043
-630985 639434 507461 724613
643203 -163442 -895933 170861
-43705 -845136 -402939 -273036
670137 915584 162521 -57809
-700311 -673697 462054 -884018
-31250 -972990 368546 803972
-126837 830809 -234206 -863806
-284452 453592 205483 761331
-535759 -744345 333964 43125
147756 379006 556618 -812596
88371 -851293 290388 -980912
-729570 -531740 141025 -952036
-600570 717857 -648788 48821
-945212 -871345 -711018 -506491
-564185 -64549 88888 -427608
643457 -503056 -539185 -892670
178499 418229 -678776 275634
-945212 -871345 -250381 44873
367437 440274 904718 312169
-350027 -337828 -344862 -510607
-37979 876148 -628699 -646828
691984 -781539 -358031 11449
-390931 -112770 894491 870501
849910 -676496 -609809 -323362
556618 -812596 462534 287992
-79105 -715766 363953 -415352
506803 -291127 17338 -493268
-90887 -398529 -828933 -957147
-535022 -166788 464996 -489147
-375206 848103 -968755 940123
-754795 682202 69207 47884
783176 209759 507461 724613
515833 -16263 559975 472488
69207 47884 282577 264291
-455941 795930 778145 -331144
-407335 134407 928500 536278
65162 -123766 844087 -110029
-736610 630380 -919170 216160
570600 960842 669890 -63813
419223 305079 -736610 630380
-234206 -863806 634885 787438
107470 570322 281229 -235885
498097 474541 484734 -858198
634885 787438 -126837 830809
-887012 -288730 669890 -63813
422256 989071 -532052 -822546
538323 -127848 48256 -975961
420815 833667 -271982 -758634
296898 -758157 -20684 -811656
311136 291458 -535759 -744345
349235 -717840 132310 -263826
-259597 -173932 157947 -64671
-815933 25227 47811 -35549
205483 761331 42096 -588383
-202734 198847 -300994 429399
954606 -168484 728297 -549502
-212619 -586905 -471433 -692898
407895 504910 168210 31184
-613273 -839072 -609809 -323362
69207 47884 -967745 -872042
311136 291458 420815 833667
-304602 -847431 559275 -176530
183249 -815741 -321973 -116228
-613273 -839072 910755 446884
141025 -952036 -458944 -550258
88371 -851293 670137 915584
132310 -263826 -854700 -974649
124158 785526 281229 -235885
643203 -163442 414299 -927774
-610823 421198 -270720 810617
296018 6819 -208325 -379716
-434309 166386 -452192 -887936
622046 -352502 -576258 523733
15305 438659 719814 -603180
407895 504910 499603 952452
719814 -603180 -634754 -452861
622046 -352502 415033 -619884
643203 -163442 -371609 749656
499603 952452 -471433 -692898
-845904 -920493 643203 -163442
597199 -240256 742424 -557022
-363134 -204836 -20684 -811656
100979 -463506 -929839 -289843
-490138 -41246 58571 -540046
673686 -117103 928500 536278
-405684 387686 556618 -812596
614143 -616249 511544 -864260
-458944 -550258 -90887 -398529
-369669 -511675 742424 -557022
334165 -180902 134263 -184659
608331 932523 367437 440274
49034 49633 516650 -674546
217762 420373 449533 -829848
691984 -781539 -84375 -181339
381245 623212 711186 -919590
803458 687852 -937906 -724114
463045 456866 904718 312169
-412427 -547280 -846841 -684942
-20632 421610 -961703 -563361
15305 438659 1424 519032
-31250 -972990 141799 832147
-751390 88620 661323 -642896
-535759 -744345 -313052 658375
743111 279530 844087 -110029
-359095 703740 -945212 -871345
-856183 -353569 413444 4741
-850951 -929248 -369773 -358045
742424 -557022 47811 -35549
-452211 -973206 105248 -54320
72158 297463 -304602 -847431
918018 -78985 141799 832147
-90003 920733 157947 -64671
367437 440274 -321973 -116228
100253 282096 226734 637741
717725 164019 -90003 920733
752562 65614 105248 -54320
-79105 -715766 664757 -797614
75432 827811 -566301 488866
732730 483665 463045 456866
-633240 -728302 555212 -953480
422256 989071 -600570 717857
595334 281356 404806 -857100
867550 195456 58571 -540046
457146 -955511 -171570 887827
-79645 -527621 -378112 88711
726942 749388 165452 -840868
-220553 -502043 162521 -57809
404806 -857100 96750 -789783
-647945 835033 296898 -758157
-846841 -684942 -139673 557146
-535759 -744345 -271982 -758634
212440 971909 162521 -57809
-236648 581214 123485 836238
925941 115468 437908 -452275
-90887 -398529 464996 -489147
-405684 387686 147756 379006
-105445 455431 803458 687852
669890 -63813 -205130 -308556
570600 960842 -205130 -308556
-313052 658375 394148 -303016
-359095 703740 -147622 -405270
513410 -111963 -94424 -576637
165087 -200659 -840685 -927657
661393 -63786 -874337 387715
559884 268422 -607659 -578181
-688568 698728 31720 -520904
556618 -812596 -9669 895870
661393 -63786 75432 827811
354214 -964080 634885 787438
-171570 887827 783176 209759
698907 -803695 -684626 429437
-531965 825547 -94424 -576637
915464 331948 797344 728910
39558 -639623 803458 687852
-471433 -692898 168210 31184
-365056 -474967 -364943 675951
-965962 572644 22768 -268410
-770020 -721562 909283 -188119
-886938 114205 -455941 795930
-609809 -323362 453134 549218
-633240 -728302 121121 -422970
723425 -610725 281229 -235885
-531165 739479 949697 -148187
-860853 -82443 -365056 -474967
92397 235910 -369180 -260557
-167135 -248919 790851 -767076
559884 268422 -281218 -368371
-376910 399423 -578119 352395
415033 -619884 -417400 -548878
-300920 436725 -490138 -41246
453134 549218 910755 446884
-628699 -646828 -600945 -74585
894491 870501 -607450 464671
-750254 756041 -923435 -92686
608331 932523 904718 312169
634885 787438 -407335 134407
-923435 -92686 -780196 -235057
814378 295207 723425 -610725
993500 -994789 -139673 557146
-457261 -358326 165452 -840868
69207 47884 549032 914761
-478206 -988337 -417400 -548878
-364943 675951 851385 -119527
506803 -291127 -385044 -610870
-932058 -801617 846524 524120
26291 714665 -139673 557146
-877718 -477821 -398604 -218833
-359095 703740 -250381 44873
-886938 114205 778145 -331144
-9669 895870 462534 287992
63809 -563363 -84375 -181339
287326 491857 -84375 -181339
-532052 -822546 -600570 717857
723425 -610725 124158 785526
453134 549218 165087 -200659
934191 807233 -578119 352395
954606 -168484 934191 807233
607473 714304 89495 73849
-205837 454314 -390931 -112770
-478206 -988337 462054 -884018
728297 -549502 -376910 399423
284804 349952 459116 -843996
-564185 -64549 918316 -177003
-43705 -845136 462093 895296
-311123 335024 -886938 114205
-858309 705534 -822521 -187699
-398604 -218833 141799 832147
559975 472488 226734 637741
-700311 -673697 415033 -619884
-402939 -273036 381245 623212
661323 -642896 -664231 -912847
-452192 -887936 256636 -141954
-700311 -673697 -478206 -988337
894491 870501 -205837 454314
414299 -927774 -895933 170861
321702 -777610 -78148 -167536
-636015 153270 515833 -16263
413444 4741 -473686 646607
505199 -580980 456229 -468188
-723476 575742 -539185 -892670
-43705 -845136 711186 -919590
687094 -324264 -412427 -547280
-723476 575742 231314 -640232
728297 -549502 934191 807233
-729570 -531740 -90887 -398529
-613273 -839072 -840685 -927657
356946 47501 63809 -563363
557183 -662996 -566301 488866
515833 -16263 226734 637741
-823408 -172570 217762 420373
88371 -851293 -178361 60749
331246 -917087 335699 244936
698907 -803695 -802165 -444637
22768 -268410 363953 -415352
559884 268422 331246 -917087
434451 -889864 979653 118325
-969098 -738939 -688568 698728
-846072 -402814 -647945 835033
-729570 -531740 -828933 -957147
205483 761331 684629 425052
-729570 -531740 464996 -489147
-885935 -925143 -711018 -506491
22768 -268410 -79105 -715766
-780196 -235057 -750254 756041
732730 483665 904718 312169
608331 932523 183249 -815741
538323 -127848 321702 -777610
-84375 -181339 356946 47501
-826860 185842 206161 -471137
-802165 -444637 -684626 429437
-750546 499536 -565858 -481778
539125 -937825 812491 -155785
354214 -964080 -234206 -863806
63809 -563363 -987487 -778734
-363134 -204836 -846072 -402814
228104 263993 -726629 -287318
226551 713849 726942 749388
-407335 134407 354214 -964080
39558 -639623 -105445 455431
-638968 508001 538323 -127848
973912 731467 687094 -324264
607473 714304 97058 484298
-300920 436725 867550 195456
-433229 466371 -147811 -527431
-321973 -116228 463045 456866
-8526 -803773 721246 -85228
-20632 421610 -452211 -973206
814623 784612 203636 181953
509150 132268 -610823 421198
711186 -919590 660001 -23596
39558 -639623 -937906 -724114
-444782 -946699 229541 184290
-434309 166386 614143 -616249
691984 -781539 -987487 -778734
-439168 636129 -575941 506098
-181525 -657886 -638968 508001
-540392 699351 -444782 -946699
973912 731467 -846841 -684942
732730 483665 608331 932523
-487833 349991 -607659 -578181
-706317 283957 664757 -797614
539903 218019 -567519 -938107
-269261 -243984 47811 -35549
311136 291458 394148 -303016
538323 -127848 -181525 -657886
726942 749388 296018 6819
803458 687852 -49433 615800
88371 -851293 212440 971909
-961703 -563361 437551 -439579
847475 -709423 -269261 -243984
