998
-749537 955000 720579 552996
649412 140980 538042 -276226
-411201 430400 318976 709174
-373347 -940525 -145742 -777458
-818118 641091 -762021 -290328
-767869 -831604 748720 -253226
-437343 -621368 -167866 280289
32936 -981230 -290212 680782
109599 642020 -787043 153295
-863938 923251 -485512 749564
-32595 -257322 600516 240889
441729 -41760 537402 -225985
772591 499923 685731 232650
-966100 -461137 139975 314293
-542667 164075 -271269 -980181
375135 543918 -101177 979080
589867 522530 779997 -197977
840428 811273 154281 508852
-82096 864611 821105 -620329
177736 -73555 -823137 -123862
625532 -620107 658009 -849075
117994 916034 131974 701855
-309117 479170 -169030 608450
15490 672946 256815 258489
-568156 -33578 -929387 -615400
909471 169942 -580971 734136
-347744 -777906 -481012 929843
177198 -472588 807966 244316
-516793 -933978 458972 -37444
-234879 299024 -579879 -478463
154108 124409 455716 -229166
12983 786563 -116708 136649
266362 -946216 965393 -241534
-720330 851724 -776488 -698845
3174 371929 -734176 -631224
-658675 -43333 252830 -246655
-936006 -497577 200979 -718747
-286493 -283256 -954406 -106182
202499 23940 -929387 -615400
558235 448878 35328 780559
741005 -670183 -166617 -769923
-129210 -481646 -645152 -930051
-728001 432634 -840881 493625
-493057 -881484 -129210 -481646
407550 321516 -310253 -854893
-512919 972706 649412 140980
-602419 872612 769983 763927
314034 -490918 -293908 713560
772473 -266435 -542667 164075
-493057 -881484 -413061 -405879
-413061 -405879 699099 672664
177198 -472588 -268635 -262767
350567 311837 -958650 -856462
256815 258489 -798717 -75778
733912 291993 -508351 -963988
266362 -946216 440271 424868
584488 132032 100053 237069
-386155 -920020 713210 -349279
-750095 -965067 -658675 -43333
-62231 759073 470315 -809068
668830 864336 857930 -209775
131974 701855 820264 873031
-268635 -262767 350567 311837
-956413 -728603 -177522 -877930
-917465 399469 -243248 86253
-24177 -419402 -157011 -489651
-901373 686720 909471 169942
-954406 -106182 -595306 -250699
611823 832357 109599 642020
-931528 2687 8948 -135017
-186907 999068 221107 -130590
-676871 -126056 -981158 738075
15490 672946 279919 -649671
-508351 -963988 200979 -718747
-693333 519354 369351 -706600
-362795 -293381 369351 -706600
480333 -481039 545779 -526630
874776 350974 -77378 14341
259305 -232404 -418249 -754615
-508351 -963988 -936006 -497577
602439 776633 958616 325287
-129210 -481646 -57061 -569344
-271192 -879923 537402 -225985
-948946 872011 -122949 199158
-362250 -930838 -365497 734536
820264 873031 -481341 418395
952184 -601657 -386155 -920020
154108 124409 -293908 713560
-72954 434791 375135 543918
-51486 125067 -580971 734136
-529768 749213 -971873 703820
167004 -483341 -85070 634383
-481341 418395 -84205 316285
-748341 -412681 472856 212022
-144571 -758797 -717540 441399
-303671 597212 139975 314293
-511847 972052 -310253 -854893
12983 786563 668830 864336
218498 -170603 -462324 -793368
218498 -170603 -917465 399469
166331 73638 -603036 -881361
-72954 434791 -101177 979080
-173702 785083 -264226 -16636
-749991 -457252 -347744 -777906
-386745 192502 581615 669889
461102 587 -731800 526012
-748341 -412681 -981158 738075
-580971 734136 480333 -481039
431197 -209263 -603036 -881361
-380568 882224 -460249 898011
15587 -699649 911855 95350
-728001 432634 -282581 363324
857930 -209775 12983 786563
-974367 -599473 314034 -490918
-933764 -746566 -723455 -606940
-39854 107497 -717540 441399
455716 -229166 -974367 -599473
-758807 -412828 497392 -40051
-785084 -363816 716000 952362
455716 -229166 -213304 -502147
812439 723758 649412 140980
405908 -693692 -120131 -425500
-731800 526012 -921200 617032
-538471 -249258 -588769 -193666
470315 -809068 12983 786563
-767869 -831604 886366 272514
-57061 -569344 -413061 -405879
-767869 -831604 -124907 540935
552273 -713659 256815 258489
375421 -941093 772591 499923
-674975 109873 121038 258358
-748341 -412681 -857164 -825511
-303671 597212 -966100 -461137
-282581 363324 443020 237400
154108 124409 -950758 -584863
337532 -29565 -173702 785083
537402 -225985 342141 790689
-827815 -619688 912877 470973
912877 470973 177198 -472588
-758782 987159 794039 372306
-716072 -93089 658009 -849075
707943 422301 558235 448878
-675927 7100 -960765 -221932
-529032 -175767 -97659 431473
772767 -116151 -173702 785083
389769 -511113 663711 -583138
-954406 -106182 -863938 923251
-728001 432634 443020 237400
-749537 955000 426770 321245
109599 642020 -32595 -257322
-57061 -569344 699099 672664
-331768 -482595 88694 477103
426486 -304976 953162 919992
6497 471246 -202955 867967
-863844 480999 -945490 -321457
-224253 -134785 -877915 862426
34506 -744492 -716072 -93089
-935279 69402 470305 281491
850456 296177 -629778 -815784
-707768 201917 -899620 705966
552540 263218 156524 49078
-301846 660845 657792 -373589
-144571 -758797 -910694 -322052
-91038 -682925 -762021 -290328
795765 726152 -368656 -731797
-840881 493625 -282581 363324
552273 -713659 15490 672946
907444 598509 716000 952362
-242480 684395 192489 591998
504445 720846 -457748 939134
375135 543918 -290212 680782
-381509 574692 215176 -289063
-758782 987159 -899620 705966
-271269 -980181 881213 917354
-121593 -588402 -935279 69402
-948946 872011 -38760 317115
-563808 196088 426770 321245
-620194 -369591 601537 -741224
-547995 -820722 23091 -638552
3174 371929 -863844 480999
35328 780559 825762 291192
442122 -855044 806950 996291
-213304 -502147 -974367 -599473
958616 325287 -285747 -590840
-950758 -584863 314034 -490918
-882839 986573 299627 -846145
-285747 -590840 602439 776633
-116708 136649 668830 864336
31733 264273 663711 -583138
769983 763927 -538471 -249258
-901373 686720 5815 -795165
-272037 -894503 -516793 -933978
-837433 -960347 -332559 483348
-51643 325850 514430 131892
782077 431913 506212 -20069
314034 -490918 -44507 298227
-956413 -728603 -819854 421106
-603036 -881361 823835 880083
-837433 -960347 -840881 493625
455716 -229166 314034 -490918
-603036 -881361 475356 111114
472856 212022 -202955 867967
-49708 -315256 -373347 -940525
441729 -41760 442122 -855044
-271269 -980181 290254 748620
-603036 -881361 277628 725887
-886356 470514 -38760 317115
423318 -848070 -20531 -347708
-966100 -461137 174522 -749476
589867 522530 -717540 441399
46900 949671 601129 -675577
458972 -37444 174522 -749476
-974367 -599473 -279033 851367
-437343 -621368 -452616 -169944
-954406 -106182 -648728 486423
-101177 979080 795765 726152
-281578 -926206 907444 598509
-674975 109873 -167518 -243225
-632440 -920883 29842 33494
790591 973915 800479 -80211
-452616 -169944 68445 781162
971621 439860 31733 264273
-840881 493625 443020 237400
5815 -795165 545779 -526630
-51486 125067 480333 -481039
34506 -744492 -118944 529074
-913998 409232 491237 -371044
-460249 898011 -462324 -793368
-167866 280289 -452616 -169944
-544534 -893720 166331 73638
497392 -40051 -228074 -225739
-49708 -315256 566377 364280
115858 -22614 -481012 929843
-268635 -262767 -827815 -619688
458972 -37444 -966100 -461137
470315 -809068 -116708 136649
-347744 -777906 924942 694201
-522222 867139 -516807 -554078
-959715 8755 -161636 622077
-614016 221602 -933764 -746566
-85070 634383 461102 587
192489 591998 263299 949456
806950 996291 -763961 -158773
506212 -20069 -20531 -347708
337532 -29565 772767 -116151
-796438 456898 -34076 500489
-857164 -825511 6497 471246
-460249 898011 -243248 86253
-822214 187928 -864659 840171
-390887 -42039 -434575 76010
-900277 865403 -308214 640119
159972 -412923 218498 -170603
821105 -620329 -522222 867139
-579602 218576 850456 296177
880309 -272748 299627 -846145
-103806 731333 192489 591998
-877915 862426 -138480 73998
-365497 734536 -23083 -322258
407550 321516 -819854 421106
545779 -526630 909471 169942
611823 832357 -32595 -257322
-823137 -123862 -652099 -558143
790591 973915 312724 704236
-23083 -322258 -362250 -930838
-543207 -945881 -391821 589842
-676871 -126056 -857164 -825511
443020 237400 -837433 -960347
34506 -744492 -457748 939134
807966 244316 -827815 -619688
-195347 967302 523877 932790
685731 232650 727382 -757300
-515370 35034 252830 -246655
-542667 164075 -74034 616442
458972 -37444 139975 314293
117994 916034 -481341 418395
577165 -195303 514430 131892
333585 -48117 -332559 483348
-840881 493625 333585 -48117
139975 314293 174522 -749476
-373341 123404 649412 140980
-381509 574692 491237 -371044
35328 780559 -202305 526377
-981158 738075 472856 212022
-234879 299024 497392 -40051
611823 832357 -787043 153295
850456 296177 727382 -757300
-579879 -478463 -758807 -412828
820264 873031 -84205 316285
-120131 -425500 461378 769668
192489 591998 -713150 589175
907444 598509 -785084 -363816
663711 -583138 -88021 484389
350567 311837 -827815 -619688
-929387 -615400 -886356 470514
-760059 -16029 581615 669889
29842 33494 224791 524013
-373341 123404 897488 -491239
-103806 731333 -713150 589175
461378 769668 636449 512536
470315 -809068 857930 -209775
-301846 660845 -508351 -963988
-966100 -461137 -516793 -933978
-431436 -463734 779997 -197977
-391821 589842 -247215 137648
-595306 -250699 -648728 486423
897488 -491239 -909480 139804
-243248 86253 -462324 -793368
-542667 164075 290254 748620
-434575 76010 -20531 -347708
886366 272514 -124907 540935
911855 95350 -131895 162640
109599 642020 -90318 -521113
-368656 -731797 -290212 680782
-74034 616442 772473 -266435
-804894 -267035 256815 258489
611823 832357 -700430 975872
-74034 616442 -628777 -744843
909471 169942 5815 -795165
440271 424868 965393 -241534
170628 1104 -936006 -497577
920133 455 215176 -289063
15587 -699649 318976 709174
-271269 -980181 -74034 616442
-39854 107497 779997 -197977
202499 23940 -948946 872011
36883 932530 -776488 -698845
907444 598509 741005 -670183
880309 -272748 -174981 192405
318976 709174 -131895 162640
-434575 76010 34344 -158268
600516 240889 109599 642020
555557 426083 -785084 -363816
840428 811273 570324 -317473
259305 -232404 713210 -349279
806950 996291 -271192 -879923
-544534 -893720 823835 880083
-38760 317115 -929387 -615400
426770 321245 720579 552996
-981158 738075 6497 471246
821105 -620329 953957 -797565
881213 917354 290254 748620
-950758 -584863 -213304 -502147
-44507 298227 -293908 713560
589867 522530 -144571 -758797
-863844 480999 565616 -432183
-529032 -175767 908811 909775
800479 -80211 312724 704236
-301846 660845 -936006 -497577
538042 -276226 -373341 123404
-368656 -731797 32936 -981230
-413061 -405879 -645152 -930051
-281578 -926206 555557 426083
-579602 218576 685731 232650
-74034 616442 881213 917354
-202955 867967 -748341 -412681
524530 -142720 841273 -462365
157848 848724 -77378 14341
117994 916034 -547995 -820722
-485512 749564 -595306 -250699
115858 -22614 924942 694201
159972 -412923 -460249 898011
-44507 298227 -950758 -584863
636449 512536 -120131 -425500
34344 -158268 782077 431913
115858 -22614 -347744 -777906
6497 471246 472856 212022
-286493 -283256 -863938 923251
-958650 -856462 -268635 -262767
-242480 684395 -103806 731333
-658675 -43333 -515370 35034
202499 23940 -122949 199158
350567 311837 912877 470973
-734176 -631224 -945490 -321457
-758807 -412828 -745064 -655667
602439 776633 -416301 -518460
-958650 -856462 177198 -472588
139975 314293 -516793 -933978
-803111 -608141 252830 -246655
-707768 201917 -758782 987159
-516807 -554078 -82096 864611
924942 694201 -749991 -457252
-186907 999068 363031 -377232
117994 916034 -84205 316285
470315 -809068 556300 840172
224791 524013 375301 454924
5815 -795165 -51486 125067
-457748 939134 625532 -620107
-819854 421106 -177522 -877930
-890044 325499 15490 672946
841273 -462365 461102 587
-380568 882224 159972 -412923
-177522 -877930 -186348 588902
611823 832357 600516 240889
-434575 76010 506212 -20069
-279033 851367 -950758 -584863
-588769 -193666 -602419 872612
-511847 972052 407550 321516
117994 916034 820264 873031
-437343 -621368 68445 781162
506212 -20069 34344 -158268
119239 244398 -632440 -920883
-268635 -262767 912877 470973
-749537 955000 -563808 196088
279919 -649671 256815 258489
23091 -638552 -481341 418395
746165 253627 338558 -28596
663711 -583138 971621 439860
-945490 -321457 565616 -432183
880309 -272748 -287633 640724
167004 -483341 -731800 526012
-837433 -960347 -282581 363324
733912 291993 -301846 660845
-110922 -121084 -712490 132941
-629778 -815784 772591 499923
156524 49078 874776 350974
-72954 434791 -290212 680782
-713150 589175 263299 949456
577165 -195303 -51643 325850
119239 244398 224791 524013
497392 -40051 -341056 -803193
812439 723758 -512919 972706
-731800 526012 841273 -462365
15490 672946 -804894 -267035
-145742 -777458 -796438 456898
-516807 -554078 953957 -797565
612134 -545783 -707768 201917
-511847 972052 -186348 588902
497392 -40051 -745064 -655667
-303671 597212 -272037 -894503
-579879 -478463 -228074 -225739
154108 124409 -44507 298227
-368656 -731797 -101177 979080
-431436 -463734 -39854 107497
-712490 132941 -287633 640724
-629778 -815784 -579602 218576
601537 -741224 292790 -17066
423318 -848070 34344 -158268
375135 543918 -368656 -731797
-728001 432634 -332559 483348
-750095 -965067 -803111 -608141
612134 -545783 -758782 987159
215176 -289063 491237 -371044
-34076 500489 566377 364280
-234879 299024 -228074 -225739
309862 859468 -588769 -193666
-264226 -16636 772767 -116151
-308214 640119 -555765 499404
-479744 -670127 461378 769668
363031 -377232 -169030 608450
880309 -272748 -712490 132941
-568156 -33578 -38760 317115
-804894 -267035 -798717 -75778
827715 18905 748720 -253226
-199266 -407833 977649 -920871
806950 996291 441729 -41760
-720330 851724 36883 932530
-310253 -854893 -177522 -877930
-39854 107497 -144571 -758797
-77378 14341 552540 263218
-917465 399469 159972 -412923
-413061 -405879 111087 -301023
-634478 217509 -157011 -489651
279919 -649671 -804894 -267035
-745064 -655667 -228074 -225739
12983 786563 -62231 759073
200979 -718747 733912 291993
649412 140980 897488 -491239
455716 -229166 -950758 -584863
-118944 529074 625532 -620107
612134 -545783 -899620 705966
524530 -142720 -731800 526012
-620194 -369591 292790 -17066
-332559 483348 -840881 493625
806950 996291 342141 790689
886366 272514 748720 -253226
552273 -713659 -798717 -75778
31733 264273 389769 -511113
29842 33494 375301 454924
-118944 529074 -457748 939134
-118944 529074 658009 -849075
-974367 -599473 -950758 -584863
912877 470973 807966 244316
170628 1104 733912 291993
-303671 597212 458972 -37444
31733 264273 -88021 484389
-169030 608450 221107 -130590
375421 -941093 -579602 218576
318976 709174 911855 95350
-390887 -42039 782077 431913
558235 448878 -202305 526377
167004 -483341 524530 -142720
-194728 -993848 -931528 2687
-886356 470514 202499 23940
23091 -638552 -84205 316285
-909480 139804 -373341 123404
-958650 -856462 807966 244316
-416301 -518460 12442 184958
880309 -272748 -882839 986573
-456569 -321761 -452616 -169944
159972 -412923 -462324 -793368
707943 422301 -202305 526377
-234879 299024 -341056 -803193
-39854 107497 -910694 -322052
256815 258489 -890044 325499
-271192 -879923 342141 790689
-717540 441399 -431436 -463734
215176 -289063 -913998 409232
-796438 456898 444492 668999
565616 -432183 3174 371929
555557 426083 741005 -670183
-827815 -619688 -958650 -856462
119239 244398 29842 33494
79564 5334 -595306 -250699
-544534 -893720 -603036 -881361
-62231 759073 668830 864336
-131895 162640 -411201 430400
-529768 749213 -917447 296856
-477021 934754 -239514 613421
480333 -481039 -901373 686720
458972 -37444 -272037 -894503
-634478 217509 -24177 -419402
-115450 379611 -365497 734536
-110922 -121084 880309 -272748
545779 -526630 -51486 125067
-301846 660845 200979 -718747
480333 -481039 5815 -795165
-700430 975872 600516 240889
-512919 972706 -373341 123404
-380568 882224 218498 -170603
-568156 -33578 -886356 470514
-44507 298227 -279033 851367
772591 499923 727382 -757300
-49708 -315256 -34076 500489
713210 -349279 952184 -601657
279919 -649671 -890044 325499
-286493 -283256 -485512 749564
-538471 -249258 309862 859468
-437343 -621368 -456569 -321761
841273 -462365 167004 -483341
-124907 540935 748720 -253226
769983 763927 309862 859468
-580971 734136 545779 -526630
556300 840172 -62231 759073
552273 -713659 -804894 -267035
-787043 153295 -700430 975872
-144571 -758797 -431436 -463734
-544534 -893720 475356 111114
-293908 713560 -213304 -502147
-145742 -777458 -49708 -315256
-538471 -249258 -602419 872612
-712490 132941 -174981 192405
602439 776633 12442 184958
156524 49078 157848 848724
-981158 738075 -202955 867967
-44507 298227 -974367 -599473
-579879 -478463 497392 -40051
862844 -152367 -660916 -948469
-804894 -267035 -890044 325499
-287633 640724 -110922 -121084
-658675 -43333 -803111 -608141
-901373 686720 545779 -526630
741005 -670183 -785084 -363816
977649 -920871 -973440 559271
-758807 -412828 -341056 -803193
-725538 41913 958049 -20568
442122 -855044 342141 790689
-899620 705966 794039 372306
768174 -964407 409615 -548134
-213304 -502147 -279033 851367
3174 371929 -945490 -321457
-798717 -75778 15490 672946
823835 880083 475356 111114
-508351 -963988 170628 1104
-380568 882224 -917465 399469
782077 431913 423318 -848070
34344 -158268 -390887 -42039
-693333 519354 922269 -628514
-85070 634383 -921200 617032
-242480 684395 -713150 589175
-373347 -940525 444492 668999
23091 -638552 820264 873031
177198 -472588 -827815 -619688
-909480 139804 -512919 972706
389769 -511113 971621 439860
200979 -718747 657792 -373589
-195347 967302 246393 208977
886366 272514 827715 18905
-700430 975872 109599 642020
-285747 -590840 -416301 -518460
-516793 -933978 174522 -749476
668830 864336 556300 840172
154281 508852 570324 -317473
658009 -849075 34506 -744492
908811 909775 -97659 431473
-728001 432634 333585 -48117
600516 240889 -90318 -521113
-332559 483348 -282581 363324
159972 -412923 -243248 86253
154108 124409 -279033 851367
53442 998100 -139837 -387195
779997 -197977 -910694 -322052
-921200 617032 461102 587
-519741 -252494 641428 -265448
115858 -22614 -749991 -457252
958616 325287 12442 184958
-749537 955000 -662300 805816
922269 -628514 -815013 314821
-281578 -926206 716000 952362
-580971 734136 -901373 686720
909471 169942 480333 -481039
657792 -373589 -508351 -963988
-818118 641091 -91038 -682925
-628777 -744843 772473 -266435
-32595 -257322 -90318 -521113
553367 483713 -239514 613421
-974367 -599473 154108 124409
-933764 -746566 409615 -548134
-271192 -879923 441729 -41760
-145742 -777458 -34076 500489
779997 -197977 -144571 -758797
-416301 -518460 958616 325287
-85070 634383 841273 -462365
806950 996291 537402 -225985
-543207 -945881 -247215 137648
170628 1104 -301846 660845
-331768 -482595 -834570 -96536
-121593 -588402 470305 281491
-49708 -315256 -796438 456898
-186907 999068 -169030 608450
299627 -846145 -712490 132941
658009 -849075 -457748 939134
-676871 -126056 -748341 -412681
375421 -941093 -629778 -815784
-547995 -820722 820264 873031
-243248 86253 -380568 882224
338558 -28596 207027 -118835
958049 -20568 724037 16522
-481341 418395 -547995 -820722
699099 672664 -645152 -930051
290254 748620 -628777 -744843
-290212 680782 795765 726152
-516793 -933978 -303671 597212
-116708 136649 857930 -209775
-909480 139804 812439 723758
166331 73638 277628 725887
657792 -373589 -936006 -497577
558235 448878 825762 291192
442122 -855044 -271192 -879923
-909480 139804 538042 -276226
-380568 882224 -462324 -793368
444492 668999 -49708 -315256
-544534 -893720 277628 725887
350567 311837 807966 244316
-362250 -930838 -115450 379611
-948946 872011 -886356 470514
-676871 -126056 -202955 867967
-282581 363324 333585 -48117
-910694 -322052 -717540 441399
-460249 898011 -917465 399469
407550 321516 -177522 -877930
-588769 -193666 769983 763927
-166617 -769923 -281578 -926206
121038 258358 -167518 -243225
111087 -301023 -493057 -881484
-519741 -252494 -507089 662349
-285747 -590840 12442 184958
506212 -20069 423318 -848070
8948 -135017 -194728 -993848
-882839 986573 -287633 640724
-700430 975872 -32595 -257322
-929387 -615400 -122949 199158
343735 607329 383945 730658
-174981 192405 -110922 -121084
455716 -229166 -44507 298227
-758782 987159 383945 730658
-28289 -496261 -960765 -221932
34506 -744492 504445 720846
524530 -142720 461102 587
821334 644722 -139837 -387195
-648728 486423 -863938 923251
-286493 -283256 -648728 486423
-479744 -670127 636449 512536
-110922 -121084 -882839 986573
720579 552996 -662300 805816
782077 431913 -20531 -347708
-460249 898011 218498 -170603
461378 769668 405908 -693692
874776 350974 552540 263218
641428 -265448 -507089 662349
263299 949456 -103806 731333
-629778 -815784 685731 232650
-95423 -251157 236702 -498072
-279033 851367 455716 -229166
-145742 -777458 566377 364280
794039 372306 343735 607329
-481341 418395 131974 701855
-512919 972706 538042 -276226
-522222 867139 953957 -797565
707943 422301 35328 780559
-161636 622077 -3401 -608525
221107 -130590 -309117 479170
-493057 -881484 -57061 -569344
455716 -229166 -293908 713560
375421 -941093 685731 232650
-910694 -322052 589867 522530
-568156 -33578 -948946 872011
363031 -377232 221107 -130590
32936 -981230 -101177 979080
-303671 597212 174522 -749476
-243248 86253 218498 -170603
-660916 -948469 694853 -756291
337532 -29565 -264226 -16636
600516 240889 -787043 153295
-341056 -803193 -579879 -478463
772473 -266435 -271269 -980181
-516807 -554078 821105 -620329
850456 296177 685731 232650
-418249 -754615 952184 -601657
299627 -846145 -174981 192405
-863938 923251 -595306 -250699
-368656 -731797 -72954 434791
174522 -749476 -272037 -894503
823835 880083 166331 73638
363031 -377232 -309117 479170
556300 840172 857930 -209775
32936 -981230 -72954 434791
470315 -809068 668830 864336
-310253 -854893 -186348 588902
636449 512536 405908 -693692
611823 832357 -90318 -521113
342141 790689 -763961 -158773
-122949 199158 -38760 317115
-186907 999068 -309117 479170
-390887 -42039 506212 -20069
-996763 -248628 337532 -29565
299627 -846145 -110922 -121084
246393 208977 523877 932790
953162 919992 893334 855488
443020 237400 -332559 483348
-310253 -854893 -956413 -728603
431197 -209263 475356 111114
-286493 -283256 79564 5334
350567 311837 177198 -472588
625532 -620107 -716072 -93089
-290212 680782 -101177 979080
-287633 640724 299627 -846145
-899620 705966 383945 730658
-954406 -106182 -485512 749564
-167866 280289 68445 781162
-707768 201917 794039 372306
565616 -432183 -734176 -631224
-522222 867139 -82096 864611
-815013 314821 369351 -706600
-917447 296856 -971873 703820
-28289 -496261 -675927 7100
431197 -209263 166331 73638
827715 18905 -767869 -831604
-542667 164075 881213 917354
383945 730658 -707768 201917
490615 -547007 -23083 -322258
389769 -511113 -88021 484389
584488 132032 524019 -289778
-279033 851367 314034 -490918
807966 244316 -268635 -262767
897488 -491239 812439 723758
-910694 -322052 -431436 -463734
589867 522530 -39854 107497
-929387 -615400 -948946 872011
475356 111114 277628 725887
912877 470973 -958650 -856462
707943 422301 825762 291192
779997 -197977 -717540 441399
-95423 -251157 -643869 908555
177736 -73555 -652099 -558143
-966100 -461137 -272037 -894503
741005 -670183 716000 952362
202499 23940 -568156 -33578
407550 321516 -186348 588902
88694 477103 -834570 -96536
-712490 132941 -882839 986573
-579602 218576 772591 499923
-271269 -980181 -628777 -744843
-493057 -881484 699099 672664
-362795 -293381 922269 -628514
-745064 -655667 -234879 299024
236702 -498072 -643869 908555
-544534 -893720 431197 -209263
716000 952362 -166617 -769923
279919 -649671 552273 -713659
343735 607329 612134 -545783
-213304 -502147 -44507 298227
170628 1104 657792 -373589
-434575 76010 423318 -848070
555557 426083 -166617 -769923
-563808 196088 720579 552996
-815013 314821 -693333 519354
290254 748620 772473 -266435
897488 -491239 -512919 972706
821334 644722 53442 998100
-580971 734136 5815 -795165
431197 -209263 823835 880083
850456 296177 375421 -941093
-864659 840171 -439682 -23732
-731800 526012 -85070 634383
-547995 -820722 -84205 316285
-118944 529074 -716072 -93089
15587 -699649 -411201 430400
-202305 526377 825762 291192
131974 701855 -84205 316285
971621 439860 -88021 484389
-796438 456898 -373347 -940525
-373347 -940525 -34076 500489
-462324 -793368 -917465 399469
907444 598509 -166617 -769923
-77378 14341 156524 49078
167004 -483341 461102 587
343735 607329 -899620 705966
-57061 -569344 -645152 -930051
553367 483713 -477021 934754
795765 726152 375135 543918
-996763 -248628 772767 -116151
-950758 -584863 -293908 713560
444492 668999 -145742 -777458
-271192 -879923 -763961 -158773
-62231 759073 857930 -209775
-956413 -728603 -511847 972052
-174981 192405 -287633 640724
-882839 986573 -174981 192405
-167866 280289 -456569 -321761
-481012 929843 -749991 -457252
566377 364280 -373347 -940525
-763961 -158773 441729 -41760
-3401 -608525 -959715 8755
383945 730658 794039 372306
-186348 588902 -956413 -728603
-122949 199158 -886356 470514
-857164 -825511 -202955 867967
354718 -489030 46900 949671
-796438 456898 566377 364280
202499 23940 -38760 317115
23091 -638552 117994 916034
409615 -548134 -614016 221602
-74034 616442 290254 748620
-547995 -820722 131974 701855
713210 -349279 -418249 -754615
-863938 923251 79564 5334
119239 244398 375301 454924
649412 140980 -909480 139804
-115450 379611 -23083 -322258
-996763 -248628 -264226 -16636
504445 720846 658009 -849075
-758807 -412828 -228074 -225739
-819854 421106 -511847 972052
207027 -118835 746165 253627
-803111 -608141 -515370 35034
443020 237400 333585 -48117
111087 -301023 -645152 -930051
-293908 713560 -974367 -599473
733912 291993 -936006 -497577
490615 -547007 -362250 -930838
442122 -855044 -763961 -158773
953957 -797565 -82096 864611
812439 723758 538042 -276226
625532 -620107 34506 -744492
407550 321516 -956413 -728603
-124907 540935 827715 18905
-750095 -965067 252830 -246655
920133 455 -381509 574692
-595306 -250699 -286493 -283256
-798717 -75778 279919 -649671
200979 -718747 170628 1104
131974 701855 23091 -638552
-386155 -920020 259305 -232404
-723455 -606940 409615 -548134
881213 917354 -628777 -744843
475356 111114 166331 73638
-120131 -425500 -479744 -670127
-90318 -521113 -700430 975872
-815013 314821 -362795 -293381
727382 -757300 -629778 -815784
-493057 -881484 -645152 -930051
-568156 -33578 -122949 199158
-890044 325499 -798717 -75778
874776 350974 157848 848724
-386745 192502 -760059 -16029
369351 -706600 922269 -628514
-996763 -248628 -173702 785083
-199266 -407833 -973440 559271
-632440 -920883 375301 454924
383945 730658 612134 -545783
-921200 617032 841273 -462365
-34076 500489 444492 668999
-900277 865403 -555765 499404
309862 859468 -602419 872612
-837433 -960347 -728001 432634
772591 499923 850456 296177
-272037 -894503 139975 314293
601129 -675577 354718 -489030
111087 -301023 699099 672664
-341056 -803193 -745064 -655667
556300 840172 12983 786563
-118944 529074 504445 720846
556300 840172 -116708 136649
-614016 221602 768174 -964407
741005 -670183 -281578 -926206
-716072 -93089 -457748 939134
-20531 -347708 34344 -158268
-723455 -606940 768174 -964407
-662300 805816 426770 321245
-116708 136649 -62231 759073
768174 -964407 -933764 -746566
862844 -152367 694853 -756291
277628 725887 431197 -209263
167004 -483341 -921200 617032
-725538 41913 724037 16522
897488 -491239 538042 -276226
-837433 -960347 333585 -48117
699099 672664 -129210 -481646
-479744 -670127 405908 -693692
-341056 -803193 -228074 -225739
-750095 -965067 -515370 35034
537402 -225985 -763961 -158773
343735 607329 -707768 201917
-785084 -363816 -281578 -926206
-213304 -502147 314034 -490918
907444 598509 555557 426083
-954406 -106182 79564 5334
157848 848724 552540 263218
-131895 162640 15587 -699649
657792 -373589 733912 291993
566377 364280 444492 668999
6497 471246 -676871 -126056
727382 -757300 -579602 218576
-662300 805816 -563808 196088
823835 880083 277628 725887
490615 -547007 -365497 734536
-676871 -126056 472856 212022
111087 -301023 -129210 -481646
-785084 -363816 -166617 -769923
343735 607329 -758782 987159
-434575 76010 782077 431913
-921200 617032 524530 -142720
812439 723758 -373341 123404
-72954 434791 795765 726152
154108 124409 314034 -490918
-85070 634383 524530 -142720
-485512 749564 -648728 486423
-693333 519354 -362795 -293381
-186348 588902 -819854 421106
426486 -304976 893334 855488
342141 790689 441729 -41760
-279033 851367 -293908 713560
-481012 929843 924942 694201
920133 455 -913998 409232
589867 522530 -431436 -463734
-234879 299024 -758807 -412828
-390887 -42039 423318 -848070
490615 -547007 -115450 379611
772473 -266435 881213 917354
537402 -225985 442122 -855044
-20531 -347708 -390887 -42039
-748341 -412681 6497 471246
-913998 409232 -381509 574692
154108 124409 -213304 -502147
952184 -601657 259305 -232404
-32595 -257322 -787043 153295
-822214 187928 -439682 -23732
-129210 -481646 -413061 -405879
911855 95350 -411201 430400
-242480 684395 263299 949456
375421 -941093 727382 -757300
-177522 -877930 -511847 972052
79564 5334 -485512 749564
-90318 -521113 -787043 153295
-819854 421106 -310253 -854893
111087 -301023 -57061 -569344
552273 -713659 -890044 325499
-863844 480999 -734176 -631224
-386155 -920020 -418249 -754615
-628777 -744843 -542667 164075
555557 426083 716000 952362
-723455 -606940 -614016 221602
375135 543918 32936 -981230
795765 726152 32936 -981230
794039 372306 612134 -545783
472856 212022 -857164 -825511
491237 -371044 920133 455
-632440 -920883 224791 524013
-901373 686720 -51486 125067
-857164 -825511 -981158 738075
504445 720846 -716072 -93089
68445 781162 -456569 -321761
625532 -620107 504445 720846
-224253 -134785 -138480 73998
100053 237069 524019 -289778
-579879 -478463 -745064 -655667
-51486 125067 909471 169942
79564 5334 -648728 486423
