1000
-801378 287082 -235054 -40013
909495 -16865 -40891 272117
-241872 -160241 -566030 731435
-372207 796808 916717 -565363
-604902 513280 304455 -612898
927934 574989 -993317 -130102
-64293 955587 -706768 745234
3611 -388168 -387700 -762450
260876 -959381 -718504 -683514
801730 52473 333765 124101
951052 -537481 -355815 -982548
977607 395098 -177317 -688016
-28208 642500 -68809 -820044
536354 -126906 -648859 902262
483066 -519124 -776044 -535202
-574943 155671 807223 -578832
-40891 272117 202150 -15616
924206 788826 650762 874850
-453642 619583 233728 -426652
54297 831483 359333 257205
920613 -564544 -494046 4057
-34486 -533727 776245 830985
-431151 -98745 240660 -164688
-33802 788059 705118 435231
279806 57640 218280 -225997
464784 -483894 -843515 349980
677016 268512 899805 234995
-449475 657251 534364 -855549
287498 723952 -568690 259484
-192715 -416701 714017 621538
414790 -367472 -491758 585445
-162044 174705 -962254 199455
-204191 -106517 -222226 861108
-54462 867426 -186381 -394476
-801378 287082 -530430 422371
364359 -276589 -57320 354438
323307 -138123 653156 745353
-927071 546785 -33802 788059
-596393 743593 -704386 -175466
51656 -695085 664106 -741038
-804874 797561 -115512 -908138
-480802 -250069 -232274 148589
574144 49399 275448 131691
629419 -312294 299520 202501
-547971 -435873 311147 -321239
233612 9148 -592523 -964501
-64095 890617 916717 -565363
-948817 -781998 265631 -552994
927934 574989 -570296 -559634
-162044 174705 -927071 546785
-706768 745234 916000 -753879
3611 -388168 -33802 788059
-990760 858316 70106 494404
709673 -673291 937650 998640
-64095 890617 -372207 796808
-186381 -394476 -204191 -106517
46932 909174 260876 -959381
-877101 857271 67581 -606297
-318076 153746 -387700 -762450
709673 -673291 534364 -855549
487157 -109938 741628 -174
918942 -736779 318086 -899139
-86943 -445044 705118 435231
233728 -426652 202150 -15616
-522436 235178 975686 175076
-42033 -49670 154090 -16777
816652 234330 -68809 -820044
-232274 148589 -558559 -520379
684724 -534109 -54462 867426
671469 154512 705118 435231
946876 -589235 973023 545469
-322180 796131 592469 -978931
-596393 743593 -365575 381265
976262 -94241 765454 462090
304455 -612898 51656 -695085
625830 712992 53132 -625396
-302385 -550187 -849613 -59946
364359 -276589 240660 -164688
-910322 25564 53132 -625396
-241872 -160241 -494046 4057
-103288 103248 -883128 829041
3611 -388168 -64095 890617
70106 494404 -264542 -357875
63163 873429 837040 -457727
-226649 987409 -529195 771573
141799 -529208 -264542 -357875
801730 52473 924452 -913893
739443 635 361257 404990
-951967 -154286 -876911 694588
-838295 202059 496218 -988203
796162 -758423 293291 -402514
487157 -109938 966364 841360
684724 -534109 -281833 265637
-804848 849968 -804248 478533
973023 545469 47628 -618216
-570296 -559634 189181 293039
511885 56052 -604902 513280
629419 -312294 -293107 94198
-211796 649348 314321 -630952
-990760 858316 -264542 -357875
-990760 858316 -372207 796808
53981 -423570 889870 -580245
76127 407349 -512972 649382
53981 -423570 183659 594650
785081 -935202 247824 -518189
-235054 -40013 -34486 -533727
714017 621538 697710 63661
87576 562567 17463 -233355
183659 594650 579892 -624793
281344 -439703 -568690 259484
-763756 -717931 -891519 188358
629419 -312294 -710771 -758741
-204191 -106517 -281833 265637
46024 476645 425284 771519
304455 -612898 511885 56052
-264542 -357875 -64095 890617
916000 -753879 -64293 955587
-33802 788059 -162044 174705
-64095 890617 -33802 788059
-387700 -762450 -571685 -466314
-630325 -482558 -355815 -982548
439378 -18559 -838295 202059
-763756 -717931 889870 -580245
-431151 -98745 364359 -276589
-648859 902262 -897738 943347
202150 -15616 -453642 619583
-162044 174705 3611 -388168
899805 234995 -710771 -758741
697710 63661 -192715 -416701
-419249 177419 -948817 -781998
-86943 -445044 141799 -529208
975686 175076 796162 -758423
709673 -673291 447828 -332178
971872 -240467 -12838 925963
557493 -338170 -33244 336769
-469225 793127 -512972 649382
-929471 -704735 287498 723952
425284 771519 -333183 189445
924452 -913893 333765 124101
765454 462090 -927176 433241
671469 154512 -64095 890617
616319 -285110 275448 131691
373598 -99151 834262 -992816
-927071 546785 916717 -565363
-662037 -855517 -952413 141207
-211796 649348 -747608 -268219
-990760 858316 705118 435231
-571685 -466314 671469 154512
-86943 -445044 70106 494404
47628 -618216 415279 406765
76127 407349 681997 -134240
491253 640005 694801 953358
971872 -240467 -42033 -49670
-722301 229749 -885931 496065
-746578 883285 977497 -554833
7490 -860976 699877 368461
534364 -855549 999915 -578561
-990760 858316 -86943 -445044
195374 911177 233612 9148
-927071 546785 -86943 -445044
-869911 -9752 -491758 585445
-372207 796808 -33802 788059
574144 49399 -910322 25564
-869911 -9752 205129 328836
-786969 431330 -909592 -458085
774327 216513 526952 240381
317957 -905823 -993317 -130102
300121 -781831 -365575 381265
653156 745353 -491758 585445
87576 562567 403888 -468880
-887510 -389283 -186381 -394476
-293107 94198 -710771 -758741
141799 -529208 -387700 -762450
-264542 -357875 -162044 174705
-453642 619583 909495 -16865
-317864 -425292 -248217 -689333
-236850 929772 180145 -857447
705118 435231 -571685 -466314
920613 -564544 -566030 731435
76127 407349 -101313 -116840
-33244 336769 697710 63661
105354 550086 -861352 -289913
139538 -257089 957696 520764
-841046 72772 -849613 -59946
960606 242722 347467 34243
779645 877636 53981 -423570
-990760 858316 739443 635
739443 635 -571685 -466314
741628 -174 698285 -747830
-512972 649382 681997 -134240
-211796 649348 -266926 722931
-910322 25564 625830 712992
671469 154512 70106 494404
487157 -109938 343401 252896
758258 594651 -419249 177419
287498 723952 -166075 154542
591127 -913051 -547311 639866
-372207 796808 70106 494404
-977213 -782859 834262 -992816
474249 -906898 483066 -519124
-682940 -579133 -110724 -701193
536354 -126906 -897738 943347
-243405 40662 612450 -755020
-718504 -683514 -522436 235178
464784 -483894 916000 -753879
-776044 -535202 474249 -906898
414790 -367472 323307 -138123
-64095 890617 705118 435231
-927071 546785 -318076 153746
-86943 -445044 671469 154512
260876 -959381 -522436 235178
-162044 174705 70106 494404
-189687 -532507 -192715 -416701
616319 -285110 574144 49399
545564 -36860 -453642 619583
-372207 796808 705118 435231
916717 -565363 -962254 199455
-968277 -354241 -366519 -222501
-930435 -835712 -929472 -152094
601651 456658 -566030 731435
697710 63661 557493 -338170
-236850 929772 -103288 103248
-64095 890617 -962254 199455
105354 550086 -734211 650445
-522436 235178 46932 909174
-33802 788059 361257 404990
-372207 796808 671469 154512
279806 57640 -568690 259484
-704386 -175466 300121 -781831
-927071 546785 141799 -529208
317957 -905823 189181 293039
141799 -529208 916717 -565363
628333 293726 -177317 -688016
-547311 639866 -302385 -550187
612450 -755020 491253 640005
650762 874850 -211796 649348
63163 873429 111532 814216
-192715 -416701 -33244 336769
247824 -518189 -40366 762021
977497 -554833 -529195 771573
976262 -94241 967112 -415640
-33802 788059 70106 494404
757411 224789 807223 -578832
279806 57640 -929471 -704735
-640575 412742 -877101 857271
-333183 189445 -877101 857271
-887510 -389283 -54462 867426
180145 -857447 -103288 103248
-64095 890617 141799 -529208
490193 -377342 160856 -913946
-861352 -289913 -167225 -571921
920613 -564544 601651 456658
-962254 199455 361257 404990
-349008 -644145 347467 34243
-704386 -175466 -41073 -53706
317957 -905823 927934 574989
-85993 -198109 496218 -988203
-789822 932230 557493 -338170
671469 154512 -264542 -357875
-951329 419907 415279 406765
-564709 -232057 -804848 849968
924206 788826 -157593 -954037
107611 -784003 -547311 639866
-85993 -198109 -838295 202059
139538 -257089 735373 599854
299520 202501 -374906 30572
-157593 -954037 -747608 -268219
343401 252896 966364 841360
-10833 383116 -746578 883285
927934 574989 189181 293039
-962254 199455 3611 -388168
300121 -781831 -107793 -100950
-993317 -130102 -570296 -559634
-891519 188358 779645 877636
534364 -855549 447828 -332178
-222226 861108 -54462 867426
-480802 -250069 -173883 -563912
76127 407349 -311157 -312592
-426807 778352 -410715 -29018
-564709 -232057 872237 868028
233612 9148 32080 -892631
-115512 -908138 -843515 349980
-103288 103248 43460 189219
53132 -625396 275448 131691
-33802 788059 -387700 -762450
183659 594650 889870 -580245
474249 -906898 311147 -321239
-226649 987409 -10833 383116
-558559 -520379 -606203 -931541
-453338 17879 -687826 900496
-235054 -40013 776245 830985
-189687 -532507 -789822 932230
-530430 422371 -34486 -533727
483066 -519124 311147 -321239
-927176 433241 976262 -94241
-962254 199455 70106 494404
-968277 -354241 -103288 103248
-877101 857271 -275342 94816
980541 660418 455672 -191596
739443 635 916717 -565363
999915 -578561 937650 998640
227305 8903 -264978 388888
293291 -402514 -718504 -683514
-277614 711850 -235054 -40013
774327 216513 965112 -482156
-243405 40662 694801 953358
-869911 -9752 653156 745353
937973 48738 -547682 -108580
-105603 413892 -986944 -437400
37452 744006 205129 328836
-734211 650445 -167225 -571921
-596393 743593 -41073 -53706
779645 877636 -763756 -717931
709673 -673291 -771960 -828611
-952413 141207 619362 838798
592469 -978931 454811 -975902
591127 -913051 -841046 72772
245026 215835 317957 -905823
-42033 -49670 -12838 925963
-717256 199276 -419249 177419
739443 635 -162044 174705
-805017 -439304 791340 -697789
-547311 639866 -841046 72772
-909592 -458085 -453338 17879
414790 -367472 205129 328836
-571685 -466314 -372207 796808
511885 56052 51656 -695085
-198759 370097 977497 -554833
-264542 -357875 -571685 -466314
705118 435231 916717 -565363
937650 998640 534364 -855549
-704386 -175466 -295408 875923
-522436 235178 293291 -402514
284566 528642 -167225 -571921
-275342 94816 46024 476645
616319 -285110 -715465 -990948
54297 831483 -317864 -425292
739443 635 -33802 788059
758258 594651 265631 -552994
709673 -673291 -449475 657251
253281 -776764 -277614 711850
-394604 185336 -897738 943347
499216 -223318 -85993 -198109
-951329 419907 47628 -618216
37452 744006 414790 -367472
-277614 711850 776245 830985
872237 868028 -804848 849968
-387700 -762450 70106 494404
-387700 -762450 -927071 546785
-226649 987409 -746578 883285
-929471 -704735 -166075 154542
361257 404990 671469 154512
46024 476645 -333183 189445
-198759 370097 127576 -375273
-849613 -59946 591127 -913051
-266926 722931 924206 788826
-173883 -563912 -606203 -931541
183659 594650 -891519 188358
-390183 999450 192368 550459
703407 -250336 -547682 -108580
-281833 265637 -186381 -394476
-585237 802079 -390183 999450
671469 154512 -927071 546785
-951329 419907 973023 545469
-405205 -77629 967112 -415640
-311157 -312592 -469225 793127
-718504 -683514 46932 909174
916717 -565363 361257 404990
-453642 619583 285767 -210241
107611 -784003 591127 -913051
916717 -565363 -33802 788059
63163 873429 -453338 17879
-33802 788059 -571685 -466314
664106 -741038 -604902 513280
189181 293039 -868728 -164897
76127 407349 -469225 793127
-571685 -466314 -990760 858316
920613 -564544 -241872 -160241
-107793 -100950 -365575 381265
359333 257205 -40366 762021
973023 545469 -434797 58319
-468547 -647677 946876 -589235
-157593 -954037 650762 874850
796162 -758423 46932 909174
447828 -332178 -449475 657251
-86943 -445044 916717 -565363
318086 -899139 966364 841360
323307 -138123 -869911 -9752
-162044 174705 705118 435231
-547971 -435873 -776044 -535202
-927071 546785 3611 -388168
69865 901728 -547311 639866
-469225 793127 663382 54429
-570296 -559634 -868728 -164897
-86943 -445044 -387700 -762450
-157593 -954037 -211796 649348
-990760 858316 361257 404990
-717256 199276 -389901 -432225
141799 -529208 -162044 174705
83665 218454 33979 -346467
-318076 153746 -33802 788059
791340 -697789 628333 293726
-264978 388888 -480802 -250069
-927071 546785 -372207 796808
141799 -529208 739443 635
-366519 -222501 -883128 829041
612450 -755020 694801 953358
67581 -606297 -640575 412742
-512972 649382 -311157 -312592
47628 -618216 946876 -589235
999915 -578561 447828 -332178
684724 -534109 -222226 861108
619362 838798 -662037 -855517
359232 749850 265814 -389013
-264978 388888 -606203 -931541
-333183 189445 67581 -606297
-449475 657251 937650 998640
625830 712992 574144 49399
612450 -755020 572844 -502389
54297 831483 785081 -935202
-718504 -683514 975686 175076
971872 -240467 -247784 547198
-264542 -357875 705118 435231
937650 998640 447828 -332178
454811 -975902 -322180 796131
-266926 722931 650762 874850
314321 -630952 -266926 722931
619362 838798 -807367 645538
-374906 30572 677016 268512
37452 744006 323307 -138123
-40366 762021 -317864 -425292
-990760 858316 -387700 -762450
-40891 272117 285767 -210241
-389901 -432225 -744064 -318906
265631 -552994 -744064 -318906
415279 406765 -434797 58319
-41073 -53706 -295408 875923
-909592 -458085 111532 814216
-606203 -931541 227305 8903
-64095 890617 -387700 -762450
-167225 -571921 105354 550086
-804848 849968 94727 -732232
-248217 -689333 785081 -935202
-162044 174705 -372207 796808
-648859 902262 403394 90368
-202638 830155 102408 986314
-718504 -683514 796162 -758423
-885931 496065 -626164 362763
663382 54429 681997 -134240
776245 830985 253281 -776764
-311157 -312592 663382 54429
284566 528642 105354 550086
616319 -285110 625830 712992
454811 -975902 160856 -913946
-398360 -590537 -896544 442845
-597013 -957394 872237 868028
-640575 412742 -275342 94816
-41073 -53706 300121 -781831
975686 175076 46932 909174
-198759 370097 -529195 771573
-763756 -717931 183659 594650
-419249 177419 -389901 -432225
-927071 546785 -962254 199455
447828 -332178 -771960 -828611
343401 252896 318086 -899139
-86943 -445044 -372207 796808
-317864 -425292 785081 -935202
-157593 -954037 314321 -630952
557493 -338170 -192715 -416701
474249 -906898 -547971 -435873
-710771 -758741 299520 202501
-887510 -389283 684724 -534109
-491758 585445 323307 -138123
359333 257205 -317864 -425292
-687826 900496 111532 814216
663382 54429 -101313 -116840
304455 -612898 664106 -741038
973023 545469 -468547 -647677
-86943 -445044 -571685 -466314
414790 -367472 -869911 -9752
-558559 -520379 -264978 388888
160856 -913946 592469 -978931
127576 -375273 977497 -554833
-789822 932230 697710 63661
-115512 -908138 -64293 955587
490193 -377342 -322180 796131
3611 -388168 -86943 -445044
107611 -784003 -849613 -59946
-630325 -482558 951052 -537481
714017 621538 -189687 -532507
-706768 745234 464784 -483894
3611 -388168 -372207 796808
-387700 -762450 916717 -565363
-648859 902262 -394604 185336
965112 -482156 -929472 -152094
464784 -483894 -804874 797561
425284 771519 -275342 94816
671469 154512 -990760 858316
650762 874850 314321 -630952
154090 -16777 -247784 547198
-927071 546785 705118 435231
-64095 890617 -318076 153746
714017 621538 557493 -338170
3611 -388168 -264542 -357875
32080 -892631 -574943 155671
739443 635 3611 -388168
909495 -16865 233728 -426652
-771960 -828611 937650 998640
-449475 657251 999915 -578561
-232274 148589 -173883 -563912
591127 -913051 -302385 -550187
314321 -630952 -747608 -268219
107611 -784003 -302385 -550187
899805 234995 629419 -312294
526952 240381 -929472 -152094
-34486 -533727 -801378 287082
-281833 265637 -222226 861108
977607 395098 -805017 -439304
293291 -402514 975686 175076
-387700 -762450 -264542 -357875
227305 8903 -232274 148589
684724 -534109 -186381 -394476
-843515 349980 916000 -753879
-571685 -466314 -64095 890617
-405205 -77629 976262 -94241
916717 -565363 671469 154512
299520 202501 677016 268512
-804874 797561 -706768 745234
-419249 177419 -744064 -318906
284566 528642 -861352 -289913
69865 901728 591127 -913051
361257 404990 -571685 -466314
160856 -913946 -322180 796131
102408 986314 -105603 413892
-747608 -268219 924206 788826
698285 -747830 343401 252896
464784 -483894 -64293 955587
-365575 381265 -295408 875923
245026 215835 927934 574989
284566 528642 -734211 650445
-333183 189445 -275342 94816
653156 745353 37452 744006
-33802 788059 141799 -529208
-387700 -762450 -372207 796808
545564 -36860 285767 -210241
240660 -164688 -57320 354438
275448 131691 -715465 -990948
487157 -109938 698285 -747830
-687826 900496 63163 873429
-40366 762021 54297 831483
205129 328836 -491758 585445
918942 -736779 741628 -174
-277614 711850 -34486 -533727
218280 -225997 -568690 259484
-64095 890617 -162044 174705
-166075 154542 279806 57640
415279 406765 -468547 -647677
3611 -388168 -990760 858316
579892 -624793 53981 -423570
-937522 551160 366675 369751
425284 771519 67581 -606297
180145 -857447 -366519 -222501
601651 456658 -494046 4057
909495 -16865 285767 -210241
499216 -223318 -838295 202059
-868728 -164897 -993317 -130102
918942 -736779 487157 -109938
927934 574989 -868728 -164897
7490 -860976 498903 -561259
-372207 796808 739443 635
-311157 -312592 681997 -134240
361257 404990 141799 -529208
-892503 464415 -290873 -355909
-115512 -908138 464784 -483894
192368 550459 -585237 802079
957696 520764 735373 599854
-927071 546785 -64095 890617
-264542 -357875 361257 404990
-33802 788059 -990760 858316
491253 640005 -243405 40662
536354 -126906 -394604 185336
671469 154512 -387700 -762450
397980 366944 -410715 -29018
-295408 875923 -596393 743593
94727 -732232 -804248 478533
-333183 189445 -640575 412742
-877101 857271 46024 476645
-264542 -357875 -318076 153746
889870 -580245 779645 877636
-927071 546785 361257 404990
32080 -892631 -592523 -964501
-85993 -198109 439378 -18559
-318076 153746 -86943 -445044
-318076 153746 -162044 174705
-57320 354438 -431151 -98745
-186381 -394476 -222226 861108
872237 868028 -804248 478533
-597013 -957394 -804848 849968
233612 9148 807223 -578832
180145 -857447 -968277 -354241
47628 -618216 -434797 58319
-54462 867426 -204191 -106517
-480802 -250069 -606203 -931541
195374 911177 757411 224789
202150 -15616 545564 -36860
218280 -225997 281344 -439703
681997 -134240 -101313 -116840
107611 -784003 69865 901728
-512972 649382 -101313 -116840
-366519 -222501 -236850 929772
671469 154512 739443 635
-529195 771573 -746578 883285
-555337 467024 701998 896381
807223 -578832 -592523 -964501
-927071 546785 -571685 -466314
-597013 -957394 -804248 478533
-841046 72772 69865 901728
403394 90368 -897738 943347
663382 54429 76127 407349
-887510 -389283 -281833 265637
-64095 890617 739443 635
837040 -457727 -909592 -458085
43460 189219 -366519 -222501
701998 896381 166279 -308634
776245 830985 -530430 422371
-103288 103248 -366519 -222501
127576 -375273 -10833 383116
53132 -625396 -715465 -990948
-318076 153746 -372207 796808
-606532 716659 -524624 -867714
739443 635 -927071 546785
265814 -389013 -970346 -504935
343401 252896 741628 -174
780498 850635 -564709 -232057
-115512 -908138 916000 -753879
94727 -732232 780498 850635
616319 -285110 -910322 25564
-568690 259484 -929471 -704735
-951329 419907 946876 -589235
-687826 900496 837040 -457727
-204191 -106517 -887510 -389283
601651 456658 -241872 -160241
-318076 153746 141799 -529208
918942 -736779 343401 252896
-990760 858316 -64095 890617
3611 -388168 705118 435231
-275342 94816 67581 -606297
671469 154512 -318076 153746
-372207 796808 141799 -529208
579892 -624793 779645 877636
714017 621538 -789822 932230
247824 -518189 -317864 -425292
293291 -402514 46932 909174
-264542 -357875 916717 -565363
625830 712992 275448 131691
579892 -624793 -891519 188358
403888 -468880 17463 -233355
-717256 199276 -948817 -781998
327215 713991 83665 218454
946876 -589235 415279 406765
-318076 153746 739443 635
-453338 17879 -786969 431330
323307 -138123 205129 328836
-804248 478533 -564709 -232057
141799 -529208 671469 154512
-604902 513280 51656 -695085
757411 224789 -592523 -964501
579892 -624793 889870 -580245
-264542 -357875 -86943 -445044
899805 234995 -293107 94198
-264542 -357875 739443 635
253281 -776764 -530430 422371
-204191 -106517 684724 -534109
-710771 -758741 677016 268512
-318076 153746 -571685 -466314
-558559 -520379 -480802 -250069
-682940 -579133 -254785 668210
-295408 875923 -107793 -100950
-763756 -717931 53981 -423570
-843515 349980 -64293 955587
43460 189219 180145 -857447
-40366 762021 -248217 -689333
-264542 -357875 -927071 546785
526952 240381 965112 -482156
3611 -388168 916717 -565363
260876 -959381 796162 -758423
-993317 -130102 245026 215835
-529195 771573 -10833 383116
-574943 155671 233612 9148
-993317 -130102 189181 293039
-571685 -466314 -962254 199455
-892503 464415 798856 -568748
293291 -402514 260876 -959381
572844 -502389 694801 953358
366675 369751 -719060 -375752
937973 48738 703407 -250336
286482 358685 -952413 141207
511885 56052 664106 -741038
213069 -85278 17139 -984700
70106 494404 141799 -529208
966364 841360 741628 -174
97757 -186712 949656 793156
141799 -529208 -962254 199455
-564709 -232057 -597013 -957394
-45714 -190547 -202638 830155
247824 -518189 54297 831483
-177317 -688016 791340 -697789
111532 814216 -786969 431330
63163 873429 -786969 431330
758258 594651 -948817 -781998
265631 -552994 -419249 177419
53132 -625396 574144 49399
3611 -388168 141799 -529208
-42033 -49670 -247784 547198
425284 771519 -640575 412742
-962254 199455 671469 154512
-434797 58319 -468547 -647677
-318076 153746 -990760 858316
-887510 -389283 -222226 861108
653156 745353 414790 -367472
758258 594651 -389901 -432225
-264542 -357875 -962254 199455
311147 -321239 -776044 -535202
-801378 287082 776245 830985
487157 -109938 318086 -899139
-33802 788059 -86943 -445044
102408 986314 -986944 -437400
-226649 987409 977497 -554833
-968277 -354241 -883128 829041
54297 831483 -248217 -689333
-804248 478533 780498 850635
-804848 849968 780498 850635
791340 -697789 977607 395098
-162044 174705 671469 154512
-746578 883285 127576 -375273
-162044 174705 -571685 -466314
999915 -578561 -771960 -828611
-786969 431330 -687826 900496
-927071 546785 -990760 858316
872237 868028 94727 -732232
807223 -578832 32080 -892631
-387700 -762450 705118 435231
70106 494404 916717 -565363
300121 -781831 -596393 743593
-571685 -466314 3611 -388168
287498 723952 279806 57640
-34486 -533727 253281 -776764
361257 404990 3611 -388168
-805017 -439304 628333 293726
275448 131691 -910322 25564
653156 745353 205129 328836
916717 -565363 -318076 153746
300121 -781831 -295408 875923
-374906 30572 -710771 -758741
977497 -554833 -10833 383116
-480802 -250069 227305 8903
195374 911177 -592523 -964501
195374 911177 -574943 155671
227305 8903 -173883 -563912
-64293 955587 -804874 797561
127576 -375273 -529195 771573
455672 -191596 -579189 700863
490193 -377342 454811 -975902
287498 723952 218280 -225997
-772997 221827 -606532 716659
-861352 -289913 -734211 650445
758258 594651 -744064 -318906
-64095 890617 361257 404990
-558559 -520379 -173883 -563912
967112 -415640 765454 462090
245026 215835 -868728 -164897
287498 723952 281344 -439703
-558559 -520379 227305 8903
971872 -240467 154090 -16777
966364 841360 698285 -747830
-202638 830155 -986944 -437400
-704386 -175466 -365575 381265
909495 -16865 545564 -36860
-491758 585445 37452 744006
496218 -988203 499216 -223318
785081 -935202 359333 257205
-226649 987409 127576 -375273
491253 640005 572844 -502389
-198759 370097 -746578 883285
765454 462090 -405205 -77629
-801378 287082 -277614 711850
-12838 925963 154090 -16777
-311157 -312592 -101313 -116840
327215 713991 33979 -346467
245026 215835 189181 293039
-968277 -354241 -236850 929772
233728 -426652 285767 -210241
-771960 -828611 -449475 657251
-166075 154542 -568690 259484
774327 216513 -929472 -152094
397980 366944 -426807 778352
107611 -784003 -841046 72772
-469225 793127 -101313 -116840
-849613 -59946 -547311 639866
-715465 -990948 574144 49399
359232 749850 -970346 -504935
757411 224789 233612 9148
-236850 929772 -883128 829041
-469225 793127 681997 -134240
779645 877636 183659 594650
-394604 185336 403394 90368
-10833 383116 -198759 370097
671469 154512 3611 -388168
-952413 141207 -807367 645538
439378 -18559 499216 -223318
-789822 932230 -192715 -416701
81778 834246 97757 -186712
-41073 -53706 -107793 -100950
-930435 -835712 526952 240381
-387700 -762450 -162044 174705
705118 435231 141799 -529208
-763756 -717931 579892 -624793
-389901 -432225 -948817 -781998
-962254 199455 -387700 -762450
-107793 -100950 -596393 743593
699877 368461 498903 -561259
361257 404990 -86943 -445044
-453642 619583 -40891 272117
-771960 -828611 534364 -855549
-264542 -357875 -33802 788059
-951329 419907 -434797 58319
816652 234330 -28208 642500
240660 -164688 364385 -579803
-883128 829041 43460 189219
-843515 349980 -706768 745234
-571685 -466314 70106 494404
-951329 419907 -468547 -647677
-494046 4057 -566030 731435
-571685 -466314 141799 -529208
-719060 -375752 -937522 551160
81778 834246 949656 793156
-33802 788059 671469 154512
-235054 -40013 253281 -776764
709673 -673291 999915 -578561
677016 268512 -293107 94198
705118 435231 361257 404990
-869911 -9752 37452 744006
650762 874850 -747608 -268219
17139 -984700 581365 -618035
965112 -482156 -930435 -835712
-687826 900496 -909592 -458085
-717256 199276 758258 594651
490193 -377342 592469 -978931
32080 -892631 195374 911177
924206 788826 -211796 649348
-868728 -164897 317957 -905823
872237 868028 780498 850635
837040 -457727 111532 814216
-264978 388888 -173883 -563912
-86943 -445044 739443 635
281344 -439703 -929471 -704735
-843515 349980 -804874 797561
285767 -210241 202150 -15616
-40366 762021 785081 -935202
-962254 199455 -318076 153746
-318076 153746 70106 494404
-372207 796808 -962254 199455
918942 -736779 966364 841360
233728 -426652 -40891 272117
-804874 797561 916000 -753879
889870 -580245 -891519 188358
-592523 -964501 -574943 155671
-232274 148589 -264978 388888
-990760 858316 141799 -529208
281344 -439703 -166075 154542
-927071 546785 70106 494404
195374 911177 807223 -578832
70106 494404 361257 404990
739443 635 -387700 -762450
-318076 153746 705118 435231
-372207 796808 -264542 -357875
218280 -225997 -929471 -704735
-772997 221827 -524624 -867714
-849613 -59946 69865 901728
-571685 -466314 916717 -565363
318086 -899139 741628 -174
619362 838798 286482 358685
-236850 929772 43460 189219
-807367 645538 286482 358685
837040 -457727 -453338 17879
-45714 -190547 -105603 413892
-570296 -559634 317957 -905823
111532 814216 -453338 17879
-662037 -855517 286482 358685
-962254 199455 -990760 858316
314321 -630952 924206 788826
281344 -439703 279806 57640
-909592 -458085 63163 873429
-57320 354438 364385 -579803
265631 -552994 -717256 199276
-891519 188358 53981 -423570
-744064 -318906 -948817 -781998
364385 -579803 364359 -276589
774327 216513 -930435 -835712
-910322 25564 -715465 -990948
-115512 -908138 -706768 745234
-431151 -98745 364385 -579803
361257 404990 -318076 153746
-977213 -782859 373598 -99151
-570296 -559634 245026 215835
-512972 649382 663382 54429
-216645 -862266 -398360 -590537
-715465 -990948 625830 712992
-530430 422371 -277614 711850
-374906 30572 -293107 94198
-662037 -855517 -807367 645538
439378 -18559 496218 -988203
-962254 199455 -86943 -445044
-189687 -532507 697710 63661
-33244 336769 -189687 -532507
698285 -747830 318086 -899139
-247784 547198 -12838 925963
-896544 442845 -216645 -862266
-789822 932230 -33244 336769
-107793 -100950 -704386 -175466
-318076 153746 3611 -388168
-434797 58319 946876 -589235
-722301 229749 -626164 362763
739443 635 705118 435231
70106 494404 -64095 890617
-365575 381265 -41073 -53706
909495 -16865 202150 -15616
629419 -312294 -374906 30572
483066 -519124 -547971 -435873
705118 435231 70106 494404
70106 494404 739443 635
260876 -959381 975686 175076
557493 -338170 -189687 -532507
980541 660418 -579189 700863
-293107 94198 299520 202501
-248217 -689333 247824 -518189
-530430 422371 -235054 -40013
967112 -415640 -927176 433241
-198759 370097 -226649 987409
-986944 -437400 -45714 -190547
960606 242722 -349008 -644145
572844 -502389 -243405 40662
-640575 412742 46024 476645
299520 202501 899805 234995
-266926 722931 -157593 -954037
-162044 174705 361257 404990
-468547 -647677 47628 -618216
-33802 788059 -962254 199455
247824 -518189 359333 257205
-877101 857271 425284 771519
-110724 -701193 -254785 668210
359333 257205 -248217 -689333
757411 224789 -574943 155671
265631 -552994 -389901 -432225
-202638 830155 -105603 413892
581365 -618035 213069 -85278
32080 -892631 757411 224789
218280 -225997 -166075 154542
-290873 -355909 798856 -568748
-883128 829041 180145 -857447
-951967 -154286 -925666 -664201
-45714 -190547 102408 986314
-805017 -439304 -177317 -688016
-990760 858316 916717 -565363
94727 -732232 -597013 -957394
973023 545469 415279 406765
628333 293726 977607 395098
-86943 -445044 -64095 890617
-927176 433241 -405205 -77629
545564 -36860 -40891 272117
-968277 -354241 43460 189219
-281833 265637 -54462 867426
-962254 199455 739443 635
-747608 -268219 -266926 722931
-302385 -550187 69865 901728
-876911 694588 -925666 -664201
-597013 -957394 780498 850635
-606203 -931541 -232274 148589
361257 404990 -372207 796808
233728 -426652 545564 -36860
361257 404990 -387700 -762450
67581 -606297 46024 476645
-564709 -232057 94727 -732232
629419 -312294 677016 268512
899805 234995 -374906 30572
-522436 235178 796162 -758423
-86943 -445044 -162044 174705
536354 -126906 403394 90368
616319 -285110 53132 -625396
166279 -308634 -555337 467024
-786969 431330 837040 -457727
-162044 174705 -990760 858316
-302385 -550187 -841046 72772
916717 -565363 -162044 174705
705118 435231 -962254 199455
-33244 336769 714017 621538
698285 -747830 918942 -736779
-744064 -318906 -717256 199276
-801378 287082 253281 -776764
70106 494404 3611 -388168
