998
-99 -54 -30 -125
-149 157 -168 137
-146 -37 -172 -34
-61 -56 133 45
43 -74 -120 57
-172 -34 130 159
62 56 -146 -167
-172 161 158 -178
-129 55 -36 147
-196 158 -97 18
-12 178 -27 -36
80 4 -187 76
-87 -115 -120 -22
0 -190 -126 -143
-183 84 -192 -92
32 -180 43 105
9 73 158 -153
42 156 -3 136
-97 81 190 163
89 31 -129 69
-38 187 -55 -71
-29 152 -187 197
-195 121 153 126
161 42 -163 184
117 146 141 -16
21 64 87 39
-21 -116 -165 -80
20 37 -139 162
51 127 -7 -85
-29 197 -23 -87
-172 -187 81 38
-99 -152 18 70
-87 -115 172 -29
-38 -78 79 -147
-195 134 -93 158
-66 193 29 75
-38 58 99 19
165 18 -38 -78
-99 -80 165 161
-118 -154 -198 3
188 -190 90 189
-129 67 90 189
-157 12 34 90
-187 -184 127 74
-182 47 79 -147
153 -159 -121 77
-111 122 75 -64
123 -29 -80 -181
82 -121 -139 162
-71 104 -59 15
-80 -42 -195 -144
15 -133 132 -97
-10 33 158 -120
29 75 79 -194
87 -9 -164 71
-145 -68 124 188
-120 57 -154 101
123 -29 -120 -22
-122 -162 193 -98
107 -132 144 172
-67 -145 -72 -26
165 18 187 -60
9 -142 -150 83
-73 66 -93 158
-73 35 117 -24
179 -149 190 189
141 -16 -104 125
150 -115 43 66
-127 160 110 -30
-20 161 180 -83
-182 107 -144 -193
-162 145 127 74
114 54 -67 -145
112 -74 161 42
159 115 -71 -1
-111 122 -168 -41
69 16 179 -149
153 -195 153 -159
15 181 195 16
187 -60 -182 47
-55 -71 -64 119
7 144 98 -131
-71 -1 82 -121
9 73 117 146
34 90 179 -122
81 38 32 -180
62 1 -43 56
-165 -80 28 78
-18 -138 139 81
-143 -182 81 38
-191 -144 -21 -56
-71 104 89 31
-129 69 99 -74
-97 18 -9 188
42 156 -23 -87
43 66 -172 -187
124 188 -80 -42
39 -164 189 -158
33 -7 39 -164
114 146 -27 -36
80 -190 -46 -1
-80 -181 -120 -22
-92 60 139 163
73 -179 -113 -29
130 164 -29 180
-129 67 -35 192
104 23 71 132
102 -146 -195 121
-74 -126 -184 -52
-20 161 -124 -106
128 -78 -164 71
108 -92 -100 140
126 54 89 31
80 4 29 171
-88 197 117 -24
123 107 -140 -181
127 74 -187 197
-121 77 153 -195
-181 59 176 45
173 -71 128 -78
43 66 81 38
-22 181 105 -6
28 78 -113 -187
22 165 -137 148
-194 114 -92 -92
-83 107 43 7
159 -41 -141 108
29 75 124 -80
124 188 -158 170
80 113 6 51
-42 199 179 -122
176 -12 192 193
-154 -65 139 81
11 143 6 51
-18 152 -139 162
158 -120 -88 197
193 -162 114 84
-112 16 -84 -15
62 -126 -20 -194
-29 -3 -33 -146
-104 125 162 -70
-162 114 -168 -41
59 -111 -99 -54
121 12 0 -190
186 -125 -83 107
114 -183 80 113
132 149 -35 151
-194 114 137 -169
-7 46 34 90
25 -182 49 -146
-112 16 77 -38
85 -108 -116 52
-80 -42 -111 155
-57 -117 -124 -106
-4 -126 165 111
29 171 -187 76
124 188 -111 155
-99 -80 -29 180
179 -176 -140 -181
67 38 6 51
141 -193 99 160
-118 -63 24 -140
189 104 -77 105
20 137 99 19
-71 104 -129 69
178 200 -158 190
112 102 -173 140
-72 -26 -97 18
-154 101 43 -74
126 39 -185 145
-146 27 -14 -29
-182 195 11 143
-16 95 -198 3
-95 187 121 119
-72 186 -22 181
16 80 -196 -127
-124 -106 113 -132
-5 -162 -113 -187
-74 -126 -155 121
-181 -151 -129 55
50 -34 -5 -51
159 115 82 -121
-140 -131 50 -34
141 -193 -27 -123
-44 -6 50 78
163 8 63 -144
-129 -27 -141 -104
-14 -29 -168 137
172 -29 -120 -22
-38 58 125 60
-186 101 20 137
108 -92 -48 -182
-89 30 73 -179
-111 155 -158 170
53 -177 82 110
-129 55 -84 -102
-187 197 12 80
179 -149 -27 -123
-42 199 -157 12
-124 40 -140 -131
-152 -136 -67 174
114 146 -12 178
-9 47 -29 197
174 46 -7 -85
-84 -102 -36 147
-141 108 88 -175
99 -74 150 -192
150 -192 -71 104
-114 16 -120 57
69 16 141 -193
-104 125 117 146
158 -120 175 -30
-9 45 13 171
-59 15 99 -74
-186 101 99 19
112 102 -64 75
89 31 150 -192
194 11 179 -176
-154 139 187 -60
-146 -167 44 96
-126 -143 49 137
-113 -29 -89 30
-169 -138 87 39
-191 -144 98 -131
78 -115 -30 67
-126 -143 121 12
69 53 71 68
-187 -184 -162 145
-30 -125 95 137
-160 -32 198 90
41 -109 105 147
77 -156 -29 -3
-194 -7 141 101
-5 -162 -21 -116
-14 -29 -149 157
-59 -109 -113 -29
-168 -41 75 -64
-69 163 121 -40
193 131 152 -4
42 156 -9 47
15 181 -111 -167
77 -38 0 -39
-117 105 -38 58
72 -98 -72 9
99 19 125 60
69 16 99 160
33 169 -195 121
186 -125 -160 -32
189 187 108 -92
114 -183 11 143
-57 130 -113 172
131 82 20 137
165 111 -74 -126
-110 -25 -116 -148
-116 52 -140 -131
133 -87 161 42
-31 98 -18 152
13 171 -173 140
48 -61 -27 -36
124 194 -187 197
32 -180 -143 -182
-134 13 99 160
16 80 71 68
77 -38 80 4
48 -52 49 137
-22 -176 -110 -25
-66 193 -92 60
179 -176 123 107
-188 -64 137 -169
148 -197 191 -113
-153 85 -161 64
117 75 25 -182
161 42 -73 176
77 -156 111 -48
-31 98 159 115
-38 187 76 -46
116 -66 -120 57
191 26 -97 81
24 12 192 193
-163 184 184 -59
132 -97 -160 -48
158 -120 117 -24
-162 145 -187 197
-30 -155 117 -24
78 -115 -94 -44
133 -87 -73 176
-119 -4 33 -7
-113 74 180 89
29 196 -164 76
-112 16 -187 76
-162 145 12 80
-72 186 105 -6
114 54 -9 188
13 171 -64 75
-29 152 -187 -184
-196 158 -67 -145
37 -57 29 196
-184 -22 189 -158
-20 -194 59 -69
125 60 -117 105
141 -193 179 -149
-80 131 88 -175
172 -29 123 -29
158 -153 141 -16
44 96 82 110
124 194 -29 152
-73 75 -25 137
89 31 99 -74
150 -192 -59 15
28 78 -5 -162
123 -29 -12 -123
53 -107 -191 -144
24 -140 192 193
-111 155 -195 -144
117 -24 -10 33
-112 16 0 -39
189 -158 33 -7
48 -61 134 -164
-129 69 126 54
99 -74 -71 104
79 -194 139 163
-181 59 190 163
-188 -64 -92 -92
-73 35 -88 197
143 -127 -38 187
131 82 99 19
-172 161 -72 9
-99 -198 73 -179
-136 -124 126 -196
34 90 -42 199
85 -108 50 -34
-124 168 114 84
-116 -148 -99 -54
-119 73 -199 -173
158 -153 -104 125
-124 168 193 -162
139 163 29 75
20 137 -38 58
51 127 126 -196
37 -57 -164 76
179 -149 99 160
179 -122 -157 12
129 145 178 200
110 -77 21 64
-108 -95 62 -126
-18 152 -71 -1
158 -120 -30 -155
194 11 123 107
20 37 159 115
-136 104 -99 -152
41 -109 110 -30
-134 122 77 -156
197 -197 -84 -102
181 72 87 39
163 -167 123 107
158 -153 162 -70
82 -121 20 37
11 143 67 38
-113 74 -136 -69
104 51 158 -153
188 -190 -129 67
11 143 80 113
175 -30 -73 35
-94 -44 -30 67
-68 54 147 -134
124 -80 -66 193
37 152 193 131
42 121 79 -194
-67 174 16 80
-165 -80 -113 -187
29 171 -84 -15
-29 180 49 -167
-18 -138 -154 -65
99 -74 126 54
141 -16 104 51
59 -111 -22 -176
117 146 162 -70
-152 -136 -196 -127
-158 170 -80 -42
-72 -26 49 53
-5 -51 85 -108
-195 -144 124 188
-100 -10 -130 174
18 70 -136 104
104 51 162 -70
64 -145 -185 145
194 11 -140 -181
99 160 -27 -123
165 161 49 -167
-113 172 200 95
-116 52 -143 18
-182 107 -194 -7
-134 101 -99 -152
-100 140 189 187
-80 -181 141 66
37 152 152 -4
158 -153 117 146
-23 -87 -9 47
-168 137 -126 118
-66 193 79 -194
180 -83 -124 -106
126 -12 107 -132
-29 -3 148 -197
-77 105 176 186
-141 -104 -57 130
98 -131 -21 -56
141 101 -182 107
128 -78 -188 -2
141 -16 162 -70
69 53 -152 -136
-170 107 161 42
0 -39 80 4
165 18 -182 47
-57 -117 180 -83
67 38 80 113
-182 195 80 113
20 37 -31 98
-99 -198 -59 -109
21 64 -169 -138
195 16 -111 -167
24 -140 -133 160
130 164 49 -167
111 -48 148 -197
-117 105 131 82
165 161 130 164
48 -61 -12 178
77 -156 148 -197
-80 -42 124 129
24 12 -133 160
-199 -173 12 46
-64 119 76 -46
159 -41 88 -175
-181 59 191 26
163 8 -119 73
-97 81 176 45
43 105 150 -115
190 189 99 160
-35 192 188 -190
80 -190 132 149
-12 -123 172 -29
-36 147 -181 -151
-64 75 -173 140
-116 52 -5 -51
12 46 163 8
-61 -56 -119 -27
-160 -48 15 -133
-116 52 -124 40
112 102 -9 45
-119 -4 -184 -22
95 137 -110 -25
49 53 -67 -145
132 149 -72 -64
114 146 48 -61
-46 -1 132 149
77 -156 -33 -146
59 -69 189 10
-35 49 16 80
104 51 -104 125
-46 -1 -35 151
-191 139 15 181
-161 64 -95 167
-170 107 -163 184
-68 54 121 -40
198 90 -83 107
153 126 33 169
168 192 -15 -86
-137 148 98 -131
143 -127 -64 119
147 -134 -69 163
198 90 -164 -179
179 -149 -134 13
-126 118 -146 27
163 -167 194 11
134 -164 -12 178
112 -74 -170 107
-160 -32 -59 192
159 115 -18 152
24 -140 24 12
6 51 -182 195
126 39 136 -130
110 -30 105 147
107 -132 -44 -6
-158 170 124 129
-59 15 89 31
-154 139 79 -147
186 -125 -59 192
175 -30 -88 197
12 80 124 194
-131 -22 -99 -152
114 54 -97 18
-7 -85 -136 -124
-108 -95 59 -69
127 74 12 80
-125 109 -98 18
176 -12 24 12
112 102 13 171
9 53 -145 15
184 -59 -170 107
-124 40 -5 -51
-196 -127 -67 174
5 -28 192 193
159 115 -139 162
-25 137 145 8
-3 136 -23 -87
-73 35 -10 33
98 -131 53 -107
104 23 -21 -6
-140 -131 85 -108
-73 176 112 -74
16 80 -152 -136
117 75 49 -146
-30 -155 175 -30
139 163 -66 193
-196 158 114 54
-155 121 -184 -52
131 82 125 60
48 -52 121 12
-92 60 124 -80
152 -4 168 192
193 131 -15 -86
-182 47 -38 -78
53 -177 -146 -167
-134 13 -27 -123
-30 -125 -110 -25
71 68 -196 -127
152 -4 -15 -86
165 18 -182 -60
-59 15 126 54
162 -70 9 73
-191 139 -32 48
-9 47 -3 136
50 78 144 172
-140 -131 -143 18
79 -147 187 -60
131 82 -186 101
-136 -69 180 89
110 -77 -169 -138
-118 -154 -172 163
-188 138 28 98
29 196 -100 -10
-18 152 82 -121
195 16 -191 139
116 -66 -114 16
-38 187 -64 119
-133 160 -118 -63
-10 33 175 -30
-172 -187 150 -115
123 -29 141 66
-164 -179 -83 107
144 172 126 -12
-134 13 190 189
144 28 -160 -48
-129 -27 -57 130
186 -125 -164 -179
-44 -6 126 -12
173 -71 -188 -2
-35 151 -72 -64
-164 76 -100 -10
-139 162 -31 98
144 28 15 -133
64 -145 136 -130
80 4 -112 16
-21 -56 7 144
-83 107 -160 -32
-35 49 -196 -127
-10 33 -30 -155
181 72 110 -77
80 -190 -35 151
-27 -123 69 16
9 -142 69 -112
93 188 -118 -154
64 -145 121 14
-172 -187 43 105
69 53 -67 174
-87 -115 123 -29
187 -60 -38 -78
-5 -51 -140 -131
-169 -138 181 72
-184 -22 39 -164
71 68 -152 -136
-172 161 72 -98
133 -87 -163 184
98 -131 22 165
-181 -151 -84 -102
20 37 -18 152
-130 174 -164 76
141 101 198 17
21 -186 -162 114
29 75 42 121
175 -30 117 -24
-116 -148 95 137
141 -193 190 189
-124 40 85 -108
195 16 -32 48
-117 105 99 19
-29 152 12 80
-118 -154 -16 95
125 -49 200 69
-73 176 -163 184
-73 35 -30 -155
176 45 191 26
76 -46 143 -127
62 1 -22 181
-117 105 20 137
90 144 153 126
-59 192 198 90
-164 71 173 -71
174 46 51 127
-97 -23 36 78
-30 -125 59 -111
59 -111 -110 -25
-71 171 97 -99
63 -144 -199 -173
114 71 132 2
50 -34 -124 40
-170 107 133 -87
193 131 168 192
44 96 62 56
9 73 141 -16
126 54 150 -192
20 137 125 60
7 144 53 -107
-43 56 105 -6
-67 17 147 -134
-143 -182 43 105
-182 195 114 -183
-111 -167 -191 139
81 38 150 -115
-33 -146 148 -197
-136 -124 51 127
-71 104 126 54
53 -177 62 56
-125 109 126 14
6 51 114 -183
-24 16 -192 -92
32 -180 150 -115
141 101 -144 -193
-44 184 -160 -48
62 -41 41 -109
137 -169 165 -176
-73 35 158 -120
-191 -144 7 144
186 -125 43 7
-73 176 184 -59
-72 9 158 -178
15 181 -32 48
75 -64 21 -186
-145 -68 -80 -42
-127 160 62 -41
5 -28 -133 160
-72 186 62 1
-59 -85 -182 195
161 42 184 -59
-182 -60 -182 47
24 12 -118 -63
-99 -80 130 164
-182 47 -154 139
43 7 198 90
-22 -176 95 137
-181 -151 197 -197
172 -29 -80 -181
-172 163 -198 3
0 -39 -187 76
-5 -51 -143 18
-140 -181 163 -167
140 -116 -97 -23
-84 -15 80 4
-117 105 -186 101
-134 101 18 70
-172 163 -16 95
-119 -4 189 -158
-168 -41 21 -186
80 -190 -72 -64
117 146 104 51
71 68 -67 174
-129 67 -88 172
-16 95 93 188
-114 16 -154 101
-160 -32 43 7
-95 167 -153 85
-195 -144 -145 -68
-99 -54 -110 -25
-126 -143 48 -52
124 194 127 74
126 -196 174 46
-134 101 -136 104
173 -71 87 -9
-12 -123 141 66
124 194 -187 -184
190 163 176 45
29 171 -112 16
-48 -182 189 187
-158 190 129 145
-7 46 -42 199
111 -48 -134 122
-71 171 15 -38
-73 75 145 8
-185 145 136 -130
69 53 -196 -127
126 39 121 14
77 -38 -84 -15
-120 -22 -12 -123
-35 192 -88 172
112 -74 -163 184
-113 172 -141 -104
193 -98 -166 -191
-191 -144 -137 148
-144 -193 198 17
-131 -22 18 70
-57 -117 -20 161
102 -146 153 126
-21 -116 28 78
-80 131 -141 108
44 96 53 -177
-188 138 -179 17
-108 -95 189 10
200 95 -141 -104
79 -194 -92 60
-59 192 43 7
6 51 -59 -85
-92 60 42 121
-122 -162 -166 -191
-187 76 77 -38
62 -41 110 -30
-162 145 -29 152
197 -197 -129 55
-137 148 -21 -56
125 -49 116 151
-22 181 -43 56
77 -38 29 171
-126 118 -14 -29
-88 197 -10 33
-118 -63 5 -28
-9 45 -64 75
141 66 -87 -115
198 17 -194 -7
144 28 132 -97
-127 160 41 -109
-44 184 132 -97
-198 3 93 188
21 64 181 72
-182 -60 187 -60
-88 172 188 -190
-9 188 -196 158
-108 -95 -20 -194
159 -41 -148 -20
72 -98 158 -178
12 46 63 -144
-88 197 -30 -155
-21 -6 71 132
12 46 189 187
-72 9 -42 -105
50 -34 -116 52
-42 -105 -172 161
-35 49 -67 174
-134 122 -29 -3
28 98 -179 17
-148 -20 -80 131
-119 -4 39 -164
24 12 5 -28
191 26 190 163
165 111 -184 -52
-155 121 -4 -126
-73 176 -170 107
121 14 -185 145
189 104 176 186
-145 -68 -111 155
5 -28 24 -140
95 137 59 -111
33 169 90 144
-118 -63 192 193
-29 -3 191 -113
150 -115 -143 -182
79 -147 165 18
-59 192 -164 -179
134 -164 114 146
-182 195 67 38
30 -192 121 119
140 -116 36 78
42 156 -29 197
-66 193 42 121
12 80 -187 -184
144 28 -44 184
67 38 -59 -85
-4 -126 -74 -126
172 -29 141 66
-9 188 -67 -145
24 -140 176 -12
-182 107 198 17
-12 -123 -80 -181
-104 125 9 73
-145 -68 -158 170
-186 101 125 60
29 75 -92 60
-42 -105 158 -178
-134 13 69 16
87 39 110 -77
-129 -27 -113 172
-30 -125 -22 -176
-29 -3 111 -48
-35 49 -152 -136
22 165 7 144
102 -146 90 144
53 -107 -21 -56
-129 69 -59 15
49 137 0 -190
148 11 132 2
69 53 -35 49
126 -196 -7 -85
43 105 43 66
-116 -148 -30 -125
165 -176 -194 114
-69 163 -68 54
50 -34 -143 18
-134 122 -33 -146
198 90 186 -125
-59 -85 80 113
184 -59 112 -74
-181 59 -97 81
-72 -26 -196 158
190 189 -27 -123
191 -113 -134 122
-157 12 -7 46
127 74 -29 152
150 -192 -129 69
43 7 -164 -179
62 -126 59 -69
-126 118 -149 157
-22 -176 -99 -54
-48 -182 12 46
114 -183 -59 -85
-38 58 -186 101
-48 -182 -100 140
-84 -15 -187 76
147 -134 121 -40
130 159 -146 -37
33 -7 -184 -22
139 163 42 121
-154 139 165 18
197 -197 -36 147
0 -190 48 -52
105 147 62 -41
81 38 43 105
-162 114 -111 122
-188 -2 87 -9
-38 -78 -154 139
141 -193 -134 13
9 73 104 51
50 78 107 -132
176 -12 -118 -63
159 -41 -80 131
49 53 -9 188
49 53 -196 158
-173 140 -9 45
192 193 -133 160
124 129 124 188
-38 -78 -182 -60
111 -48 -33 -146
139 163 124 -80
-20 161 113 -132
124 -80 79 -194
67 38 114 -183
-88 172 90 189
0 -39 -84 -15
-154 139 -182 -60
32 -180 43 66
-134 101 -131 -22
-9 188 -72 -26
-136 -124 174 46
-97 18 49 53
128 -78 87 -9
93 188 -172 163
-155 121 165 111
-99 -198 -113 -29
111 -48 191 -113
-148 -20 88 -175
-116 -148 59 -111
-4 -126 -184 -52
137 -169 -92 -92
-145 15 -72 -72
-111 122 21 -186
112 -74 133 -87
-7 46 179 -122
189 10 -20 -194
200 69 116 151
-73 66 -195 134
-44 184 15 -133
90 189 -35 192
-95 187 30 -192
11 143 -59 -85
-195 121 90 144
-99 -80 49 -167
124 129 -145 -68
165 -176 -92 -92
-199 -173 163 8
134 -164 -27 -36
79 -147 -182 -60
69 53 16 80
-137 148 53 -107
114 71 148 11
-15 -86 37 152
-114 16 43 -74
116 -66 -154 101
-29 197 -3 136
7 144 -137 148
5 -28 176 -12
165 -176 -188 -64
165 161 -29 180
191 -113 -33 -146
29 196 -130 174
-150 83 69 -112
-172 -187 -143 -182
-83 107 -59 192
-80 -181 -87 -115
15 -38 97 -99
-71 -1 -31 98
95 137 -99 -54
168 192 37 152
22 165 -21 -56
124 129 -195 -144
82 -121 -31 98
64 -145 126 39
-195 -144 -158 170
126 14 -98 18
-72 186 -43 56
113 -132 180 -83
76 -46 -55 -71
-116 -148 -22 -176
-35 49 71 68
-144 -193 -194 -7
-57 130 200 95
-55 -71 143 -127
-67 -145 -97 18
105 147 -127 160
22 165 53 -107
-69 163 -67 17
-68 54 -67 17
43 -74 116 -66
32 -180 -172 -187
148 -197 -134 122
-89 30 -99 -198
-5 -162 -165 -80
-188 -2 -164 71
114 54 49 53
-120 -22 141 66
184 -59 133 -87
-146 27 -168 137
200 95 -129 -27
113 -132 -57 -117
72 -98 -42 -105
0 -39 29 171
191 -113 77 -156
12 46 -100 140
-162 145 124 194
37 -57 -100 -10
-194 114 -188 -64
85 -108 -143 18
121 -40 -67 17
-162 114 75 -64
73 -179 -59 -109
-183 84 -24 16
136 -130 121 14
176 -12 -133 160
12 46 108 -92
-71 -1 20 37
-187 197 -187 -184
62 -126 189 10
114 54 -72 -26
49 137 121 12
-191 -144 22 165
-119 73 12 46
-113 -187 -21 -116
-72 -72 9 53
179 -176 163 -167
-146 27 -149 157
-111 -167 -32 48
144 172 -44 -6
-146 -167 82 110
105 -6 62 1
133 45 -119 -27
-136 104 -131 -22
190 189 69 16
-124 40 -143 18
-160 -32 -164 -179
-119 73 63 -144
-139 162 -71 -1
-89 30 -59 -109
124 129 -111 155
-12 -123 -87 -115
43 66 -143 -182
33 169 102 -146
-130 174 37 -57
82 110 62 56
131 82 -38 58
-46 -1 -72 -64
50 78 126 -12
124 -80 42 121
-148 -20 -141 108
