998
-110 -103 -35 -72
-88 55 -163 -71
-102 78 144 -191
54 112 65 30
-1 182 -3 -118
-41 -145 -92 102
163 185 66 -107
50 -5 17 -7
-139 -117 -95 166
36 -84 -174 188
33 194 99 42
179 197 74 81
174 193 -113 167
-172 16 -188 -200
-44 -97 -91 -72
-119 63 -92 -42
30 123 32 -75
176 -29 -172 16
-186 93 138 25
163 185 183 -130
108 39 -123 -86
-76 76 45 -149
18 164 -174 -6
60 -71 72 74
96 156 -87 -102
103 140 45 -47
-192 167 -113 167
-127 -113 -135 -14
-105 -140 69 27
12 193 72 74
-109 142 -41 -145
188 -176 -58 -53
17 -146 -111 191
-137 -39 -149 -50
151 -7 12 -42
-121 63 199 190
-70 43 -139 -117
49 157 127 104
180 -151 -200 -82
145 -132 -70 -59
188 -176 -171 -167
10 63 49 157
-7 -30 180 -151
48 -77 -10 -123
-24 24 130 109
-140 194 -145 -52
-121 -20 -111 191
95 159 -93 100
-109 142 32 24
-26 -158 104 66
-1 182 180 -46
-115 -101 128 -154
-116 3 108 -111
18 164 -125 -136
-147 -121 33 11
-6 192 76 49
-95 166 37 -186
-17 -92 104 66
-23 -106 12 -42
132 129 33 194
-45 -178 -92 -42
60 82 -89 -50
5 -49 -44 -102
80 -45 -44 -102
-126 -11 -105 -5
94 199 17 -146
-51 -102 -124 -99
127 104 30 81
-25 -149 -116 -39
-188 140 -99 29
-129 93 66 39
145 50 188 -70
-10 -53 140 -113
-12 102 -196 -104
194 80 -188 -200
-99 29 31 63
52 161 151 12
-31 -73 188 -139
-12 102 -105 -140
60 -71 184 -28
-170 -128 140 -113
133 -166 13 -3
108 -136 158 130
-45 193 179 44
-161 161 12 193
63 121 -174 188
74 -85 113 119
-116 3 129 -76
-149 155 -82 -64
64 -119 -63 -43
32 -75 152 -101
-3 -76 -1 -53
-113 167 70 -175
43 172 129 -76
-135 -14 29 -121
-196 -105 -148 -169
-9 -28 -84 -40
-57 -91 164 124
-129 -150 38 76
180 -151 -100 -68
-98 47 17 139
7 46 180 -46
-100 -68 -200 -82
23 115 -73 -130
-76 29 -46 -52
-151 65 108 -136
102 -186 -16 -7
-10 -123 163 87
112 79 -139 -117
-56 110 25 165
-84 -44 70 17
100 150 193 53
-76 76 -114 109
-58 -53 -171 -167
-28 -174 145 50
-119 89 -168 -94
-8 -46 -107 92
17 -146 66 165
-70 43 145 -132
115 98 -110 -103
-47 164 5 -169
-111 191 179 44
182 86 -188 140
95 159 -178 5
164 124 199 -154
-149 155 -140 -2
132 129 138 -187
-28 159 -119 63
52 161 -25 -149
-192 -52 50 -5
-23 94 -117 106
47 -189 -136 -162
-97 34 -192 -52
188 -82 43 -87
-28 -174 188 -70
-3 -118 -183 -182
-84 -89 102 -186
72 74 184 -28
-76 29 -121 38
32 24 99 178
-58 -53 -123 -86
-70 -59 37 -186
36 -58 199 -154
-40 128 -133 142
10 63 100 150
188 -176 -46 -20
-185 -41 144 -191
-195 137 141 174
-34 130 -105 -140
104 66 -174 188
152 57 164 124
-7 -30 -100 -68
-41 -145 13 -3
-185 -44 -46 30
-13 -145 64 -119
-120 -76 145 150
112 -74 116 -188
102 -186 -20 -8
-57 -91 152 57
-191 101 13 94
-194 -187 152 -101
-136 -162 -102 -183
-169 -149 -7 77
-62 -158 23 115
163 87 113 68
-70 43 37 -186
-190 138 -188 -200
114 104 90 131
-170 -128 -10 -53
-155 192 117 164
-75 127 -156 -200
-32 170 -145 -52
90 -100 199 190
31 63 -188 140
-174 107 12 9
-16 -7 -30 -161
-187 -94 -99 29
117 -19 184 -28
135 115 -63 -131
54 112 -113 167
-103 40 -63 -131
138 25 145 150
95 58 -188 63
43 172 108 -111
174 193 65 30
199 -154 -110 189
37 -16 -7 -30
41 59 113 119
-26 -158 -17 -92
146 -124 -156 -200
-169 -149 -129 93
179 44 94 199
-146 -96 -159 97
148 50 -36 -128
21 98 151 -7
22 -181 91 168
-1 182 7 46
119 -10 -92 -42
-196 -104 -34 130
-32 170 -140 194
8 109 60 82
12 193 184 -28
148 50 33 11
-30 -161 102 -186
28 120 14 44
14 44 176 -29
117 -19 72 74
138 25 -120 -76
-90 185 141 120
23 115 12 -42
-178 5 -108 -95
-146 -80 -136 131
-36 77 -13 -145
13 -144 116 -72
102 -186 136 -101
-46 30 43 -87
-121 -20 17 -146
50 -5 -97 34
30 81 193 53
-116 -39 6 -137
99 178 13 -3
51 -25 -166 -174
13 94 -57 -103
95 58 47 123
182 -71 184 -116
-140 -2 117 164
54 112 174 193
151 12 -25 -149
-35 -72 116 -72
74 93 -126 -11
33 146 -96 -118
66 -107 -36 77
108 39 -46 -20
114 24 109 -16
-185 72 -110 -103
-118 -150 -149 -50
-126 -11 76 49
-13 -145 66 -107
41 59 -40 128
-190 38 177 -173
23 -11 153 -147
-10 -123 113 68
99 42 132 129
127 104 -115 -76
144 -43 91 76
176 -29 -190 138
6 -96 -1 182
65 54 139 36
-25 -191 7 199
47 36 145 150
-46 30 -160 -179
-140 194 44 166
-8 -46 -129 -150
-193 -121 -56 110
-92 102 13 -3
-136 -162 129 -30
-46 -20 -91 -185
-7 77 138 -100
-41 -145 99 178
-136 131 7 116
-192 167 65 30
53 -151 -36 -128
106 -161 71 164
-23 104 141 174
18 10 174 193
-96 -118 -104 -118
-50 91 128 -154
45 98 45 -47
45 -149 -114 109
29 -121 118 36
128 -154 50 1
-25 -191 112 -74
-127 -113 -146 -80
127 -109 -146 -96
-154 -194 23 -11
-137 -129 70 17
-116 -136 -98 47
138 -187 99 42
180 120 -23 94
-159 -188 68 134
50 -5 111 -158
12 9 154 114
-185 72 115 98
125 34 14 92
11 32 51 -25
8 175 -46 -52
127 -109 -159 97
-127 -113 118 36
23 115 21 98
-127 -113 29 -121
-19 -59 -55 -178
-193 -36 68 134
-102 -183 91 168
-31 -172 -151 65
-146 -80 7 116
-9 -28 3 -31
146 167 114 24
139 36 -104 -118
70 -175 18 10
182 -71 -124 -99
8 109 -89 -50
139 36 33 146
-46 -52 -181 -3
32 24 -41 -145
144 -191 -146 -96
-124 -9 54 48
179 -158 60 82
108 39 188 -176
101 80 -193 -121
182 -71 -51 -102
-16 -7 193 -177
129 -30 47 -189
74 93 -6 192
113 68 139 187
-155 192 -149 155
-10 94 129 -76
-50 91 50 1
129 -76 108 -111
-147 -121 -36 -128
-8 -46 117 -166
-102 -188 142 167
-62 -158 12 -42
183 -130 -13 -145
-46 -20 -58 -53
29 -121 -146 -80
-75 -170 -7 -30
119 -10 -45 -178
-110 -103 116 -72
-127 -113 -136 131
185 -36 113 119
-133 142 185 -36
-110 189 152 57
-185 -44 43 -87
-129 -150 -107 92
118 36 -136 131
194 80 176 -29
3 -180 196 -173
63 121 36 -84
-108 -95 83 121
-192 167 174 193
179 44 -121 -20
-30 -161 -84 -89
133 -166 99 178
-168 -94 -145 -52
44 166 -32 -124
69 27 -34 130
139 170 50 1
-136 -4 60 -71
81 77 74 81
65 30 70 -175
-68 -23 177 -173
-114 -133 -25 -191
139 187 163 87
185 -36 41 59
112 79 -95 166
-142 -13 185 -125
-95 166 -70 -59
-10 94 43 172
31 68 -174 -6
45 -47 114 104
60 82 66 78
-89 -50 66 78
-56 110 14 92
34 -14 115 193
-171 -167 -46 -20
-187 -94 -47 164
-96 -118 65 54
-123 -86 -91 -185
92 -129 -117 106
153 -147 193 -144
-154 -194 193 -144
-142 -13 132 129
-57 -103 162 89
-193 -121 125 34
-171 -167 -91 -185
-119 89 44 166
-159 -188 -25 -102
17 -146 -45 193
-82 -64 -140 -2
-10 94 86 53
152 57 199 -154
-140 194 -32 -124
-98 47 -23 94
-62 -158 -73 -130
-46 -52 34 -14
-195 137 -23 104
-174 107 154 114
41 59 73 -8
-146 -96 51 -63
158 130 104 -127
48 -77 163 87
-25 -102 -193 -36
-56 110 125 34
-121 38 -181 -3
108 -136 -31 -172
112 -74 -114 -133
99 182 -51 -102
-2 -78 -101 -157
116 -72 -185 72
129 -76 -91 -63
66 165 94 199
136 -101 -84 -89
-23 -106 -62 -158
33 11 -36 -128
-139 -117 145 -132
92 -129 -98 47
-23 94 -116 -136
-105 -5 76 49
-92 102 133 -166
151 -7 -62 -158
17 139 92 -129
14 44 -190 138
37 -16 -100 -68
-58 -53 108 39
-25 -149 6 -137
18 164 31 68
127 -109 -102 78
46 67 122 -90
31 63 -187 -94
-145 -52 -119 89
-110 189 36 -58
-20 -8 -16 -7
130 109 -119 165
25 165 -193 -121
-115 -101 139 170
7 46 -123 64
115 192 -35 -72
-70 -59 112 79
-149 184 -91 -72
179 44 17 -146
194 80 28 120
-67 178 153 -147
112 79 -70 43
-116 -136 17 139
8 175 -121 38
-148 -169 -77 155
90 -100 -121 63
-172 16 194 80
29 -121 -136 131
-3 -118 -123 64
-138 39 -114 109
94 43 -195 190
180 -151 -75 -170
-63 -43 163 185
70 -175 -192 167
-55 -178 79 40
-19 -59 -3 -76
108 -111 -10 94
-195 137 188 -59
196 -173 106 -161
188 -82 -160 -179
94 199 -111 191
-115 -76 193 53
-32 170 44 166
-195 49 -138 39
146 -124 54 48
51 -63 -102 78
-91 -63 43 172
-77 155 94 43
-142 -13 99 42
85 49 141 174
-47 164 -188 140
-1 182 -123 64
91 168 -136 -162
7 46 -183 -182
115 193 -121 38
-88 81 84 182
117 -166 -129 -150
7 199 112 -74
51 -63 144 -191
29 61 -170 -191
-178 5 83 121
125 34 25 165
45 98 103 140
-136 -4 12 193
-117 106 17 139
-44 -97 191 -113
116 -188 -114 -133
139 36 -96 -118
90 -100 -31 -73
21 98 -23 -106
-44 -102 52 -131
152 57 44 38
-170 -191 -176 172
-185 72 -35 -72
151 -7 23 115
-98 47 -117 106
101 80 -56 110
66 -114 22 -181
139 170 -50 91
127 -109 144 -191
-16 -7 136 -101
95 159 -108 -95
-190 138 194 80
48 -77 113 68
144 -191 -159 97
-102 -183 47 -189
-169 -149 138 -100
163 185 64 -119
135 115 -103 40
133 -166 32 24
184 -116 -124 -99
47 36 138 25
3 51 33 194
-140 194 -168 -94
-73 -130 151 -7
52 161 6 -137
-181 -3 115 193
-161 161 184 -28
101 80 125 34
-26 -158 36 -84
6 -96 -123 64
158 130 -31 -172
-47 164 31 63
152 57 36 -58
90 131 45 -47
182 86 5 -169
3 51 99 42
-195 190 -77 155
-32 170 -119 89
138 -100 -129 93
-110 -103 115 192
8 49 -68 -23
104 66 63 121
45 -149 -195 49
-44 -97 -149 184
-75 127 54 48
13 -3 -109 142
-101 -157 46 -72
-121 63 188 -139
-91 -63 86 53
-200 -82 -7 -30
100 150 49 157
30 81 10 63
-104 -118 65 54
-62 -158 21 98
-89 -50 179 -158
145 150 -186 93
-183 -182 -123 64
180 120 -116 -136
-151 195 -43 82
176 -29 -188 -200
104 66 -90 47
-188 86 180 -151
-146 -96 -185 -41
17 -7 -192 -52
117 164 -82 -64
-149 155 117 164
-188 86 -100 -68
33 146 -104 -118
153 -147 -154 -194
8 175 -181 -3
-109 142 99 178
83 121 -93 100
-145 -52 -32 -124
13 -3 32 24
146 -124 -124 -9
-84 -40 3 -31
48 -77 139 187
-136 -4 -161 161
138 -187 33 194
193 -177 -30 -161
45 98 114 104
-95 166 -70 43
-155 192 -140 -2
-6 192 -105 -5
-155 192 -82 -64
-171 -167 -123 -86
-161 161 60 -71
108 -136 104 -127
-195 137 85 49
138 -187 3 51
-99 92 -56 110
-113 167 18 10
163 185 -36 77
-23 -106 23 115
6 -96 7 46
-185 -41 -102 78
-90 185 11 32
-149 184 191 -113
-68 -23 172 144
3 51 132 129
63 121 -26 -158
-149 184 65 37
34 -14 -76 29
-137 -22 84 182
-57 -91 36 -58
-53 -139 -78 -77
5 -49 52 -131
-84 -89 -16 -7
-10 -123 139 187
-23 104 85 49
-190 138 28 120
-156 31 -44 -102
-115 -101 50 1
101 80 25 165
-92 102 99 178
-193 97 -101 91
-159 97 -102 78
79 40 -19 -59
18 10 65 30
-148 -169 -195 190
141 174 188 -59
119 -10 -119 63
-91 -185 108 39
68 134 -25 -102
117 -19 -161 161
-156 31 80 -45
65 37 -44 -97
-3 -76 -55 -178
74 93 -105 -5
-124 -92 -194 -187
-133 142 113 119
185 -125 99 42
-28 -112 -191 101
33 11 53 -151
-63 -43 66 -107
-1 182 -183 -182
-114 109 -195 49
33 194 -142 -13
-124 -9 -156 -200
22 -85 46 67
80 -45 5 -49
-196 -105 94 43
-196 -105 -77 155
117 -19 60 -71
115 192 13 -144
115 193 -76 29
69 27 -196 -104
-115 -76 30 81
-1 -53 -19 -59
148 50 53 -151
13 -144 -35 -72
6 -96 -3 -118
-28 -112 13 94
-50 91 -115 -101
-19 2 -59 -104
14 92 -193 -121
188 -139 90 -100
136 -101 193 -177
-75 127 -124 -9
-116 3 43 172
36 -84 -90 47
-119 63 -45 -178
37 -16 180 -151
164 124 36 -58
49 157 193 53
45 -149 -138 39
-168 -94 -32 -124
108 -111 86 53
117 -166 38 76
66 165 -121 -20
22 -181 -136 -162
-117 106 -116 -136
-168 -94 44 166
-188 -200 14 44
138 -100 66 39
180 -46 6 -96
-36 77 -63 -43
-191 101 -57 -103
145 -132 -95 166
-195 190 -196 -105
-91 -63 -116 3
117 -166 -107 92
3 -180 71 164
47 -189 91 168
-76 76 -195 49
-110 189 -57 -91
-25 -191 116 -188
144 -43 -19 22
5 -169 -187 -94
74 -85 -133 142
111 -158 -97 34
119 6 -137 200
193 -144 23 -11
133 -166 -41 -145
-75 -170 -188 86
-194 -187 30 123
-92 -42 -28 159
-115 -76 100 150
-20 -8 136 -101
-67 178 193 -144
129 -76 86 53
-59 -104 -15 57
5 -169 31 63
113 119 -40 128
-36 77 64 -119
-90 47 -17 -92
-34 130 -12 102
-116 3 -10 94
-163 -71 -159 106
104 -180 71 164
66 78 8 109
-137 -129 -84 -44
66 39 -169 -149
162 89 -191 101
44 38 199 -154
139 170 128 -154
64 -119 66 -107
47 -189 22 -181
33 194 185 -125
34 -14 -121 38
28 120 -188 -200
162 89 13 94
70 -175 174 193
185 -36 74 -85
-43 82 12 -38
45 98 90 131
-115 -76 10 63
182 86 31 63
86 53 43 172
117 -19 -136 -4
66 165 -45 193
22 -181 -102 -183
-185 -41 51 -63
-181 -108 31 68
72 74 -136 -4
65 37 -91 -72
-166 -174 -90 185
-46 -52 -121 38
73 -8 74 -85
-99 29 -47 164
-30 -161 -20 -8
162 89 -28 -112
172 144 -190 38
13 -144 -185 72
-26 -158 -174 188
-46 -94 -193 97
-99 92 14 92
72 74 -161 161
8 49 -190 38
129 -30 -102 -183
49 157 30 81
103 140 114 104
7 116 29 -121
-156 31 5 -49
180 -46 -123 64
7 116 118 36
37 -16 -188 86
101 80 14 92
-108 -95 -93 100
179 197 81 77
7 116 -135 -14
-63 -43 183 -130
122 -90 22 -85
-99 92 101 80
-93 100 -178 5
188 -176 -91 -185
-3 -76 79 40
32 -75 -194 -187
41 59 -133 142
33 146 65 54
96 156 108 -173
18 10 54 112
-135 -14 118 36
-20 -8 -84 -89
-13 -145 -63 -43
193 -177 -84 -89
179 -158 8 109
-17 -92 36 -84
91 76 -19 22
92 -129 -116 -136
193 53 127 104
-192 167 18 10
-147 -121 53 -151
38 76 -8 -46
-117 106 180 120
14 44 194 80
46 -72 -2 -78
-24 24 -119 165
-10 94 -91 -63
-7 77 -129 93
-145 -52 44 166
95 159 83 121
-67 178 -154 -194
151 12 6 -137
10 63 193 53
129 -30 22 -181
8 49 177 -173
115 98 -35 -72
183 -130 -36 77
-181 -3 34 -14
94 43 -148 -169
54 48 -156 -200
23 -11 -67 178
-166 -174 11 32
-106 109 149 -193
185 -36 -40 128
66 -114 129 -30
-185 -44 188 -82
69 -157 -106 109
-138 39 -76 76
100 150 30 81
152 -101 30 123
146 -124 -75 127
17 139 180 120
183 -130 66 -107
180 -46 -183 -182
-137 -39 -118 -150
182 -71 99 182
29 61 -176 172
125 34 -99 92
6 -96 -183 -182
-186 93 47 36
183 -130 64 -119
-193 -36 -159 -188
111 -158 17 -7
-110 -103 13 -144
124 65 -53 -139
115 193 8 175
176 -29 28 120
-30 -161 136 -101
18 164 -181 -108
66 -114 -102 -183
-88 81 -137 -22
148 50 -147 -121
138 -187 -142 -13
3 -180 104 -180
196 -173 71 164
37 -186 145 -132
127 104 100 150
66 78 179 -158
-31 -73 199 190
106 -161 104 -180
-87 -102 108 -173
188 -82 -46 30
-126 -11 -6 192
-105 -140 -196 -104
-139 -117 37 -186
17 -7 -97 34
182 86 -99 29
-58 -53 -91 -185
-75 -170 -100 -68
-116 -39 151 12
-120 -76 47 36
85 49 188 -59
-76 29 -181 -3
-116 3 86 53
14 44 -172 16
-90 47 63 121
-159 106 -88 55
32 -75 -124 -92
184 -116 -51 -102
119 -10 -28 159
-115 -76 49 157
102 -186 193 -177
12 -42 21 98
-200 -82 37 -16
115 98 115 192
74 93 76 49
-200 -82 -188 86
-28 -112 -57 -103
-13 -145 163 185
-70 43 -70 -59
-46 -20 -123 -86
-45 193 -121 -20
-76 29 8 175
31 68 -125 -136
-116 -39 52 161
43 -87 -160 -179
94 199 -45 193
-200 -82 -75 -170
-40 128 73 -8
193 -177 -20 -8
172 144 177 -173
36 -84 104 66
-91 -72 191 -113
-133 -10 119 6
-110 189 164 124
-90 47 -174 188
116 -188 7 199
-166 -174 141 120
115 98 13 -144
115 193 -46 -52
-133 -10 -137 200
14 92 25 165
-45 -178 -28 159
-172 16 -190 138
-32 170 -32 -124
151 -7 -23 -106
-40 128 74 -85
60 -71 12 193
149 -193 69 -157
185 -125 132 129
47 123 -188 63
11 32 141 120
188 -176 -123 -86
-92 102 32 24
-102 -188 14 -28
-124 -92 152 -101
51 -63 127 -109
-1 -53 -55 -178
7 199 -114 -133
-73 -130 21 98
94 199 -121 -20
109 -16 146 167
8 175 34 -14
-23 104 188 -59
185 -36 73 -8
-19 2 -15 57
184 -116 99 182
92 -129 180 120
-99 92 25 165
-124 -92 30 123
-174 188 -17 -92
104 -127 -151 65
12 -42 -73 -130
-125 -136 -181 -108
138 -187 185 -125
-120 -76 -186 93
104 -127 -31 -172
-7 -30 -188 86
44 38 -57 -91
-190 38 -68 -23
-185 -41 127 -109
-119 89 -32 -124
66 -114 91 168
-45 193 -111 191
69 27 -12 102
66 -114 47 -189
106 -161 3 -180
-192 -52 111 -158
158 130 -151 65
-192 167 54 112
-3 -118 180 -46
-75 -170 37 -16
79 40 -1 -53
44 38 36 -58
127 104 10 63
-174 -6 -125 -136
-3 -118 7 46
164 124 44 38
172 144 8 49
-17 -92 63 121
-133 142 73 -8
141 120 51 -25
-111 191 66 165
51 -63 -159 97
-98 47 180 120
70 -175 54 112
90 131 103 140
99 182 -124 -99
3 51 -142 -13
104 -180 196 -173
-139 -117 -70 -59
44 38 -110 189
185 -125 3 51
-99 92 -193 -121
-127 -113 7 116
118 36 -146 -80
65 37 191 -113
188 -139 199 190
-31 -73 -121 63
-168 -94 -32 170
179 44 66 165
-26 -158 -90 47
-23 -106 -73 -130
-109 142 -92 102
28 120 -172 16
108 39 -171 -167
14 -28 142 167
-159 97 -185 -41
112 79 37 -186
184 -28 -136 -4
-156 31 52 -131
115 98 116 -72
-90 185 51 -25
-102 78 -146 -96
-146 -80 -135 -14
-151 195 12 -38
-46 -94 -101 91
65 30 -113 167
-99 29 5 -169
-140 194 -119 89
66 39 -7 77
116 -72 115 192
52 -131 80 -45
73 -8 113 119
112 79 145 -132
5 -169 -188 140
-185 -44 -160 -179
117 -19 12 193
-181 -108 -174 -6
-78 -77 124 65
91 168 129 -30
-187 -94 182 86
-91 -63 108 -111
-47 164 182 86
-136 131 -135 -14
-188 140 -187 -94
115 192 -185 72
-23 94 92 -129
-57 -91 199 -154
-107 92 38 76
-136 -162 66 -114
17 139 -23 94
-109 142 133 -166
41 59 74 -85
