1000
26 -186 -194 105
-168 22 -96 167
-116 -93 85 -10
-59 11 83 -14
-161 47 85 -10
103 172 131 122
-168 -72 -101 146
146 -182 155 -159
128 118 135 -193
2 -184 174 -154
2 -59 52 -187
47 108 29 -6
86 -151 195 -13
195 -175 -2 -36
-176 -167 109 -14
160 -28 103 172
-71 -17 106 40
-197 173 196 107
-7 -18 -18 -171
141 36 129 -64
-134 14 -52 -64
39 -77 -104 100
85 -10 -56 106
130 152 -160 112
-168 22 116 -2
195 -175 -57 -179
-7 -18 -137 32
66 -118 -58 199
96 68 110 61
141 36 -15 56
19 120 -56 -49
-3 -138 -13 80
18 58 -67 -45
34 93 56 -117
-164 72 -34 -159
-33 49 155 -159
-158 45 65 -148
121 -75 -190 130
142 -185 150 145
191 -128 -39 39
-16 -17 -178 91
151 156 -177 22
-34 -183 66 -118
88 31 -187 -111
-68 18 16 130
-49 -13 176 55
194 77 146 -161
-129 63 198 44
96 68 78 -70
-58 199 -67 -45
141 -177 -137 -125
182 99 135 -193
-83 1 -103 -148
17 -74 -110 30
179 49 -61 119
-128 -23 -124 -158
136 152 79 -196
-152 124 132 165
-128 -184 -168 22
54 67 -168 22
-128 -23 -87 64
77 182 -139 27
-144 -17 22 154
28 143 18 -16
-30 -9 -36 113
85 -10 60 35
198 44 -183 -139
15 145 36 -144
-44 -10 182 -54
187 -23 136 152
-13 20 -84 2
-30 -9 43 9
-134 -123 -192 -21
-30 -9 -29 50
-131 46 89 199
95 -85 177 -84
-56 106 -116 -93
187 -23 -183 -139
-124 -158 -153 -198
-128 -23 55 -95
22 -14 13 121
65 -148 141 126
66 -118 -153 147
-46 109 -54 127
-3 -138 -120 -129
34 93 69 41
-160 112 101 -133
-124 -158 -154 163
-54 -157 120 146
-128 -184 116 -2
-158 45 -11 136
-176 -172 -153 -198
-137 -162 87 65
153 32 12 138
-91 124 -112 -119
104 -33 165 164
147 -110 70 33
177 -84 -131 -43
-87 64 55 -95
-129 63 -146 -157
-129 63 187 -23
-13 80 -120 -129
77 115 -141 188
-194 105 83 151
-144 88 69 41
77 182 -50 -120
-54 127 7 -61
-160 112 -66 -138
-129 63 136 152
-197 173 182 -98
-51 120 -171 -174
-15 -93 129 -163
-8 -155 -33 178
-153 -198 -154 163
15 145 -2 134
-124 -158 -176 -172
-49 197 121 -75
-141 61 -132 10
-128 77 -78 -21
91 -171 -167 42
36 187 124 -23
-123 57 -164 72
-39 -178 141 36
83 151 -192 -21
141 -177 168 -182
16 67 -191 -145
-147 -38 24 194
50 158 87 65
38 25 131 -110
-152 124 -110 -140
-2 134 -131 46
132 165 66 -136
-33 178 -103 -148
129 198 146 -182
-120 -129 -164 132
8 -24 74 107
28 143 -128 77
88 -32 -68 18
-160 128 195 -30
-128 77 186 86
-110 34 -141 188
115 -13 -31 129
148 84 60 35
89 15 89 199
-57 -179 43 -148
-153 -198 -128 -23
-131 -53 104 -33
-83 1 -191 -145
-15 -93 -194 105
-139 27 153 -16
-71 -17 141 126
55 -184 -33 49
-34 -183 -67 -45
-29 99 -39 39
-168 -72 136 -14
96 68 131 -110
200 39 121 -75
5 -58 128 118
131 122 160 -28
86 -151 -177 22
-79 -56 -124 -63
182 99 39 -77
-67 -45 -153 147
-110 34 -29 99
90 49 -166 17
-144 107 -157 124
69 126 4 135
151 156 86 -151
101 -133 14 -170
180 46 109 -14
-146 -157 79 -196
129 -163 26 -186
162 -16 2 -184
-36 113 69 126
-190 130 -189 23
-137 -162 -7 119
-73 -83 -164 72
195 -30 -76 111
168 -182 136 -14
60 -120 -50 -120
35 80 96 68
-89 -75 17 -74
-47 112 -137 -162
-71 -18 89 199
147 -110 103 172
14 -24 89 5
-144 88 47 108
-69 -120 -106 -126
22 -14 98 156
56 -117 -144 88
18 -114 -193 -172
-112 186 18 -114
-153 147 -34 -183
110 61 35 80
6 113 -13 80
49 -44 124 -22
64 155 200 39
-10 67 -177 22
-29 99 23 23
109 -88 58 -186
-73 -83 -190 114
-192 -21 -194 105
37 -20 -91 124
-171 130 -78 -21
140 -42 71 79
124 -23 -98 135
54 67 -128 -184
-168 -72 141 -177
67 -137 116 -2
65 -55 43 -148
185 50 -189 94
-68 106 -8 -155
4 135 -29 50
77 182 153 -16
4 135 81 -21
-196 -17 -1 -78
-29 99 191 -128
36 -144 89 199
-18 -171 -137 32
74 107 -86 88
-144 -17 -184 123
-146 -157 187 -23
-153 130 60 -74
-55 -32 5 93
-47 70 -149 -177
135 -193 5 -58
65 -148 -1 -146
-36 113 43 9
-31 177 -35 -25
5 37 50 127
8 -24 -54 -157
-55 -32 35 4
37 -20 81 123
-153 130 -12 -26
25 -51 115 124
124 -22 92 -4
195 -30 66 -118
-79 -56 -18 -171
91 -171 190 120
55 -82 61 -40
-10 109 110 61
-55 -51 -71 -177
115 -13 148 -34
-124 -158 55 -95
87 65 171 84
14 -170 -48 -97
2 -184 -72 155
-15 -93 83 151
2 -59 172 -22
-171 -174 -187 -111
-10 67 195 -13
-56 -49 43 42
24 194 106 18
-131 -43 95 -85
-171 -174 126 -117
141 126 -11 136
-134 50 171 84
-137 -125 136 -14
-39 -178 -150 104
-83 1 16 67
148 84 176 -35
-61 119 63 -67
-164 39 1 140
5 37 180 -59
-49 17 89 5
146 -161 19 120
-123 57 -190 114
-71 -17 -11 136
-146 -157 -183 -139
-189 94 -193 189
-64 -59 189 -175
-44 -10 -15 56
-170 166 -50 -106
22 -129 -198 -61
-128 77 -171 130
-50 -120 153 -16
154 -24 -136 -47
-194 148 97 42
35 80 38 25
25 -188 -190 130
115 124 177 -84
-69 -120 -12 -127
69 126 -29 50
200 39 -190 130
129 -163 -194 105
-153 130 -59 11
-141 194 -31 177
-194 148 154 42
-32 48 77 182
-106 -126 -12 -127
15 145 89 199
141 126 106 40
-12 -26 83 -14
180 -59 179 31
-177 22 189 -175
165 164 127 -45
130 152 -66 -138
-67 -45 183 -158
-141 61 -108 102
41 -134 -12 -127
120 146 -86 88
122 27 -61 119
-160 112 25 -7
182 -98 196 107
-68 106 -103 -148
-160 128 -76 111
-183 -139 79 -196
182 -54 -150 104
-36 113 81 -21
-87 64 -154 163
77 115 -29 99
25 -188 200 39
88 31 126 -117
150 145 143 -151
-101 146 -33 -23
67 -137 -128 -184
-1 -146 106 40
101 -133 -48 -97
-164 132 -3 -138
24 88 71 132
-47 70 59 -148
17 -74 56 55
-128 77 -13 -17
-153 159 162 -16
77 53 -53 170
26 -186 -134 -123
69 91 55 -82
-106 -126 -52 -64
-153 159 -178 91
-51 138 88 -32
-136 20 70 33
-134 14 -12 -127
131 122 147 -110
-160 112 14 -170
-39 39 -141 188
-23 -69 -144 153
-71 -177 -53 170
81 -21 69 126
38 170 7 -61
70 33 83 29
-171 130 186 86
132 165 148 -34
14 -24 -49 17
122 27 179 49
126 -117 -51 120
-162 -61 86 134
-89 -75 -177 113
75 -45 -170 25
141 36 182 -54
195 -13 -177 22
50 127 166 -168
115 -13 66 -136
-167 42 58 -186
-166 17 95 -85
-2 -36 43 -148
6 113 -164 132
-30 -9 69 126
131 -110 78 -70
26 -186 -15 -93
-2 134 89 199
-170 25 -55 -32
-112 186 -193 -172
75 -45 35 4
195 -175 65 -55
54 67 67 -137
-10 109 38 25
12 138 -84 2
-110 30 -177 113
-152 124 148 -34
-34 -183 18 58
-66 -138 25 -7
-71 -17 65 -148
121 -166 60 -120
-56 106 -161 47
78 -70 38 25
132 165 -110 -140
-71 -18 15 145
155 -159 -170 166
111 -128 77 53
-71 -177 77 53
154 42 97 42
195 -175 43 -148
-111 -64 22 154
147 -110 83 29
36 -144 -2 134
83 -14 -115 -145
-16 52 -144 153
29 -6 91 110
135 -193 39 -77
-168 -72 168 -182
-96 167 116 -2
-186 20 50 127
-10 67 189 -175
-184 123 -49 28
65 -55 -57 -179
-153 -198 55 -95
116 -2 54 67
66 -118 18 58
60 -120 -32 48
-72 155 -153 159
-79 -56 -137 32
-11 194 -28 -85
-190 130 -49 197
-36 -33 31 193
-31 129 66 -136
113 -105 -156 -168
-173 -166 113 -105
71 79 -28 176
-16 -17 -72 155
23 23 191 -128
-191 -145 -8 -155
41 -134 -106 -126
14 -170 25 -7
-124 -63 -7 -18
-12 -26 -59 11
43 9 69 126
177 25 180 -170
-110 30 -89 -75
-161 47 -116 -93
-134 -123 -194 105
-131 -53 127 -45
171 84 -137 -162
174 -154 -178 91
-115 -145 62 11
6 113 -3 -138
-46 109 7 -61
66 -136 148 -34
90 49 -131 -43
-128 -23 -176 -172
143 -151 -164 39
-67 -45 66 -118
176 -35 -56 106
-111 -64 -144 -17
-170 25 35 4
-66 43 41 -134
-64 -59 86 -151
141 36 -150 104
183 -158 66 -118
-36 -33 109 -14
-177 113 17 -74
62 11 -12 -26
-76 111 66 -118
47 108 91 110
5 93 176 -49
6 113 -120 -129
-115 -145 -12 -26
153 32 148 136
-191 -145 -68 106
129 -163 -134 -123
-186 20 -71 18
-30 -9 4 135
-66 43 -52 -64
-170 166 129 198
15 145 89 15
-128 -184 -173 24
34 93 29 -6
5 -58 -199 108
-170 25 5 93
-199 108 182 99
-36 113 4 135
-84 2 148 136
19 120 43 42
-199 108 128 118
-176 -167 -36 -33
-56 -49 146 -161
-71 -18 36 -144
96 68 38 25
-96 167 -128 -184
165 164 -131 -53
179 31 -71 18
28 143 -13 -17
-73 -83 -34 -159
-83 1 -68 106
130 30 -57 117
-192 -21 26 -186
104 -33 165 -32
-71 -177 111 -128
91 -171 109 -88
-160 128 66 -118
-15 56 129 -64
65 -124 -160 128
-177 113 56 55
-177 22 -64 -59
41 -134 -69 -120
29 -6 56 -117
142 -185 -164 39
-103 -148 -191 -145
83 29 131 122
60 35 -161 47
77 53 -55 -51
-8 -155 -103 -148
-124 -63 -137 32
-183 184 -73 -83
-47 112 -134 50
-195 89 -1 -78
-16 -17 -153 159
-35 60 -136 -47
34 93 91 110
41 -134 -134 14
-33 178 -191 -145
-35 -25 -141 194
102 -110 -31 177
16 67 -68 106
-134 50 87 65
90 49 115 124
60 -120 77 182
-153 130 -115 -145
81 -21 -29 50
-104 100 182 99
-1 -146 -158 45
-144 88 91 110
166 -168 -71 18
165 27 82 122
-190 130 64 155
168 -182 -137 -125
-150 182 160 -123
-71 -18 -131 46
-88 -25 86 134
-71 -17 -1 -146
24 31 -170 -148
166 -168 5 37
160 -28 70 33
153 32 -13 20
-154 163 55 -95
132 -105 -109 -64
148 -34 -31 129
-175 -28 -173 -166
69 41 91 110
93 -89 102 -110
26 -186 83 151
174 -154 -72 155
-152 124 -31 129
-187 -111 -51 120
-164 72 -190 114
8 -24 120 146
-34 -159 -22 154
39 -153 166 -154
-23 -69 -16 52
-15 -93 -134 -123
35 4 24 31
-110 -140 115 -13
-34 -159 -123 57
75 -45 -170 -148
121 -166 -32 48
-178 91 2 -184
90 49 177 -84
-194 132 176 -49
95 -85 115 124
-35 60 -57 117
127 -45 104 -33
-47 112 87 65
189 -175 86 -151
-104 100 5 -58
91 110 56 -117
-190 114 -183 184
75 -45 24 31
1 140 142 -185
-31 129 -110 -140
24 31 5 93
-171 130 -13 -17
86 -151 -10 67
-149 -177 59 -148
163 123 108 -154
43 42 194 77
13 121 98 156
141 -177 136 -14
105 -84 38 170
83 29 -136 20
-153 147 18 58
-173 24 54 67
39 -77 128 118
18 -16 -171 130
-123 57 -183 184
38 25 110 61
-71 18 5 37
-33 -23 -168 -72
-171 130 28 143
-83 1 -8 -155
-131 46 36 -144
-88 -25 163 123
-186 20 5 37
-170 25 24 31
-128 -23 -154 163
153 -16 60 -120
-7 119 -47 112
195 -13 -64 -59
110 61 78 -70
155 -159 129 198
-50 -106 129 198
195 -30 65 -124
-184 123 -111 -64
85 -10 148 84
83 -14 -153 130
-12 -127 -52 -64
2 -184 -153 159
35 80 78 -70
-153 130 62 11
88 -32 -156 -57
-134 50 -137 -162
195 -13 189 -175
120 146 74 107
-15 56 -39 -178
-66 43 -134 14
-71 18 180 -59
102 -7 -112 -119
152 -74 47 -194
-33 -23 136 -14
130 30 -136 -47
50 158 -47 112
34 93 47 108
-44 -10 129 -64
148 -34 -110 -140
-136 20 131 122
56 55 -89 -75
115 124 -166 17
191 -128 -141 188
-164 72 -22 154
-170 -148 5 93
141 -177 -33 -23
86 134 163 123
-192 -21 129 -163
-32 48 -50 -120
-153 -198 -87 64
-116 -93 148 84
160 -28 147 -110
-136 128 -23 -83
148 84 -56 106
-144 88 34 93
108 -154 -162 -61
-7 -18 -79 -56
90 49 25 -51
-150 182 103 -16
102 -7 37 -20
24 88 39 126
118 101 177 25
197 105 -190 91
105 -84 -46 109
-36 113 -29 50
-137 -162 50 158
146 -182 55 -184
61 107 -61 119
-34 -159 -190 114
118 101 180 -170
18 58 183 -158
83 -14 60 -74
-49 28 -144 -17
-33 49 -170 166
177 -84 -166 17
109 -14 31 193
-173 -166 -19 89
63 -67 61 107
88 31 -171 -174
-153 147 -58 199
101 -133 130 152
115 124 -131 -43
-166 17 25 -51
-176 -167 180 46
129 -64 -150 104
-78 -21 28 143
-168 -72 -137 -125
66 -136 -152 124
-186 20 179 31
151 156 189 -175
-170 -148 -55 -32
121 -166 77 182
-186 20 166 -168
154 -24 -35 60
-87 64 -124 -158
47 -194 22 -14
183 -158 -153 147
39 -153 -45 9
25 -7 101 -133
111 -128 -53 170
12 138 148 136
-48 -97 -66 -138
-33 -23 -137 -125
-55 -32 75 -45
64 155 25 -188
176 -35 -161 47
128 118 -104 100
130 152 25 -7
102 -7 81 123
77 115 -39 39
179 31 50 127
-69 -120 -134 14
35 80 131 -110
24 31 -55 -32
43 42 146 -161
-71 -18 -2 134
60 35 176 -35
-170 25 -170 -148
-176 -172 55 -95
197 105 -15 -134
-124 -63 -18 -171
121 -75 64 155
141 36 -44 -10
-46 109 38 170
-183 184 -34 -159
-59 11 62 11
183 -158 -58 199
-199 108 39 -77
-35 -25 102 -110
132 -105 22 -129
-91 124 102 -7
-64 -59 -10 67
-156 -57 16 130
106 18 -147 -38
83 29 160 -28
60 -74 -59 11
-69 -120 -66 43
-48 -97 -160 112
-183 184 -22 154
132 165 -31 129
-11 136 -1 -146
-109 -64 22 -129
-168 22 67 -137
-136 -47 -57 117
106 40 65 -148
-51 138 -68 18
88 -32 16 130
-150 104 -15 56
25 -7 -48 -97
77 115 -110 34
58 -186 91 -171
-50 -106 146 -182
-28 176 140 -42
154 -24 130 30
190 120 109 -88
183 -158 -34 -183
-57 117 154 -24
163 123 -162 -61
171 84 50 158
-78 -21 186 86
-35 60 130 30
-139 27 60 -120
-54 -157 74 107
-73 -83 -22 154
-86 88 8 -24
179 49 63 -67
-2 -36 65 -55
36 -144 89 15
38 170 -54 127
14 -170 130 152
-49 197 200 39
-29 99 -141 188
-44 -10 -150 104
88 31 -51 120
-88 -25 -162 -61
186 86 28 143
-156 -57 -68 18
147 -110 -136 20
165 -32 127 -45
5 93 35 4
-136 20 103 172
-52 -64 -69 -120
87 65 -7 119
-50 -120 -139 27
-110 34 -39 39
-13 -17 186 86
-34 -183 -58 199
-110 30 56 55
61 -40 69 91
-199 108 135 -193
148 84 -161 47
-136 128 145 99
129 198 55 -184
150 145 -164 39
-167 42 109 -88
77 115 191 -128
55 -184 -50 -106
-103 -148 16 67
162 -16 -72 155
160 -28 -136 20
-141 194 93 -89
66 -118 65 -124
146 -182 -170 166
141 -177 -101 146
-84 2 153 32
22 -14 152 -74
-49 28 22 154
-71 -17 -158 45
25 -188 121 -75
-198 -61 -109 -64
89 15 -131 46
-29 50 43 9
-139 27 -32 48
-49 197 -189 23
-52 -64 41 -134
-35 -25 93 -89
75 -45 5 93
198 44 -146 -157
-144 107 137 -107
194 77 -56 -49
-196 -17 -195 89
-156 -168 -19 89
81 -21 -30 -9
-71 18 50 127
-13 20 12 138
111 -128 -55 -51
-182 -106 82 122
132 -105 -198 -61
-116 -93 176 -35
-2 134 89 15
-31 177 93 -89
-15 -134 -190 91
-33 178 -83 1
-86 88 -54 -157
-10 109 96 68
106 40 -11 136
187 -23 198 44
55 -184 -170 166
152 -74 98 156
145 99 -23 -83
-173 24 67 -137
115 -13 -152 124
-101 146 -137 -125
83 151 -134 -123
60 -74 -12 -26
182 -54 -39 -178
1 140 143 -151
-129 63 -183 -139
166 -154 -45 9
131 122 70 33
-78 -21 -13 -17
14 -170 -66 -138
-158 45 106 40
155 -159 55 -184
95 -85 25 -51
142 -185 143 -151
-153 159 174 -154
-15 -93 -192 -21
-7 119 -134 50
-146 -157 136 152
198 44 136 152
83 151 129 -163
102 -110 -141 194
126 -117 -187 -111
25 -188 -189 23
85 -10 176 -35
101 -133 -66 -138
62 11 83 -14
180 -59 166 -168
168 145 -198 -61
65 -124 -76 111
168 -182 -101 146
-167 42 190 120
63 -67 122 27
-182 -106 165 27
-176 -172 -154 163
135 -193 -104 100
-183 -139 136 152
-166 17 -131 -43
171 84 -7 119
64 155 -49 197
141 126 -1 -146
2 -184 -16 -17
113 -105 -19 89
176 55 173 -42
79 -196 198 44
-36 -33 180 46
131 -110 -10 109
-72 155 -178 91
-189 23 121 -75
18 -16 -128 77
56 -117 47 108
-33 178 16 67
-7 119 50 158
132 165 115 -13
92 -4 49 -44
-178 91 162 -16
70 33 103 172
165 -32 165 164
-170 -148 35 4
160 -123 103 -16
-199 108 -104 100
-49 197 25 -188
-111 -64 -49 28
54 67 -96 167
185 50 -193 189
182 99 5 -58
-106 -126 -66 43
-183 184 -164 72
-33 49 129 198
122 27 61 107
-101 146 136 -14
128 118 182 99
-33 178 -68 106
148 136 -13 20
60 -74 62 11
-58 199 18 58
25 -51 -131 -43
56 -117 69 41
168 145 -109 -64
1 140 150 145
-156 -168 -173 -166
19 120 194 77
-44 -10 -39 -178
121 -166 -139 27
-106 -126 -134 14
-194 132 5 93
-78 -21 18 -16
-156 166 -28 -85
179 31 166 -168
18 -16 186 86
-22 154 -123 57
-47 112 171 84
-55 -51 -53 170
108 -154 86 134
-91 124 81 123
66 -136 -110 -140
-156 166 -11 194
-51 138 16 130
172 -22 52 -187
153 -16 121 -166
-189 23 200 39
-175 -28 113 -105
18 -16 -13 -17
-66 43 -12 -127
174 -154 -16 -17
29 -6 -144 88
129 -64 -39 -178
152 -74 13 121
153 -16 -32 48
60 35 -116 -93
-164 132 -13 80
-173 24 116 -2
121 -166 -50 -120
22 154 -184 123
-134 50 50 158
23 23 -39 39
31 193 -176 -167
-115 -145 60 -74
191 -128 -110 34
22 -129 168 145
-59 11 -115 -145
-54 127 105 -84
4 135 43 9
47 -194 13 121
71 132 39 126
141 126 -158 45
129 -64 182 -54
-11 136 65 -148
165 -32 -131 -53
151 156 -64 -59
-71 -18 89 15
39 -77 5 -58
-168 22 -173 24
47 108 69 41
31 193 180 46
77 115 23 23
174 -154 162 -16
-33 49 -50 -106
130 152 -48 -97
-112 -119 81 123
23 23 -110 34
79 -196 -129 63
64 155 -189 23
-173 24 -96 167
95 -85 90 49
162 -16 -16 -17
23 23 -141 188
179 31 5 37
-98 135 36 187
81 -21 43 9
-175 -28 -156 -168
79 -196 187 -23
-132 10 -108 102
37 -20 -112 -119
182 -54 -15 56
151 156 -10 67
-19 89 -175 -28
69 41 29 -6
-176 -172 -87 64
58 -186 190 120
180 -59 50 127
-57 -179 -2 -36
146 -182 -33 49
179 49 61 107
151 156 195 -13
110 61 131 -110
-131 46 15 145
-56 106 60 35
-51 138 -156 -57
25 -51 177 -84
16 67 -8 -155
-10 109 35 80
-73 -83 -123 57
173 -42 -49 -13
103 172 83 29
-186 20 180 -59
47 -194 98 156
78 -70 -10 109
67 -137 -96 167
-50 -106 155 -159
137 -107 -157 124
108 -154 -88 -25
168 -182 -33 -23
7 -61 105 -84
-22 154 -190 114
168 145 132 -105
