998
154 138 -8 -138
-51 -16 -33 -60
17 -191 113 -80
147 -195 115 -108
63 95 -105 120
138 -40 109 60
25 152 -197 162
200 -141 -139 154
-169 66 103 -66
18 131 104 -77
106 86 -192 -160
-16 -8 -118 186
-182 -24 121 48
-67 -131 -7 105
-106 -7 -86 -18
-165 -113 153 45
1 141 -182 126
113 0 85 49
39 167 -7 -100
199 10 -123 171
-26 104 25 152
69 -2 -193 53
109 60 192 -81
-7 105 17 -191
1 -113 177 -78
-102 35 121 48
111 -57 62 -22
133 196 180 148
-189 -49 -13 -79
63 95 -42 9
138 35 176 -162
-193 53 -47 -81
142 39 -177 -17
192 -81 139 -198
-169 -172 194 126
1 162 -92 155
150 175 31 151
109 -139 -143 80
15 41 17 92
47 161 107 -82
65 41 -189 -49
63 95 -100 77
-107 25 126 -46
-24 -147 -69 194
-4 95 4 174
-7 157 179 163
147 -195 -127 161
179 -52 169 -140
-134 -178 133 196
140 41 178 -35
-145 -149 92 22
-139 154 169 -140
125 95 81 -177
111 -57 -114 -121
168 131 -192 -160
176 -120 135 -57
-7 -197 -151 -53
177 -78 190 -15
-24 121 117 121
-114 -96 -7 -197
187 -2 -38 184
147 -114 -89 124
-21 -198 144 -135
116 -31 -48 92
-167 171 49 -82
-190 149 163 114
-69 44 105 -39
-74 -147 70 -38
-179 41 -2 69
179 -52 200 -141
31 151 -192 -87
-20 8 -177 -17
-37 -193 152 4
-169 156 88 -113
-55 144 -29 -162
132 47 123 175
39 151 -81 180
147 138 -54 -21
-102 -87 -169 156
-169 -172 16 -99
-144 22 -86 -126
-164 -92 -86 -18
100 148 81 -177
-16 -8 148 44
-54 -21 66 15
182 116 -165 -113
-102 -43 -129 -26
-74 -147 -89 124
-57 25 1 141
-43 -145 116 -58
86 18 81 -145
-37 -193 -127 161
64 -101 -197 162
-82 87 -51 -16
-27 -189 1 -113
-191 21 -126 -137
80 -149 -189 -49
-67 -131 17 -191
-121 -91 -176 126
-13 -79 65 41
-90 152 -8 -107
-112 -88 -18 -176
-149 23 1 85
-198 -94 67 -176
84 102 38 -196
-23 -49 -76 92
69 -2 -8 -138
-104 31 -8 -138
100 148 125 95
-48 53 -87 128
-126 -137 83 -82
176 110 -191 21
62 -22 82 33
-83 42 -181 -63
-125 83 -112 -108
-52 -103 182 48
70 -134 -198 -94
104 83 182 116
7 -193 -142 84
169 -140 80 197
-166 -31 113 -23
179 -159 82 33
158 51 -126 -137
-142 80 -26 104
-40 113 -166 -31
-29 -162 32 -22
-69 44 -104 96
152 4 115 -108
-157 122 -118 186
39 167 -143 80
-48 -137 63 -182
-29 -46 -48 53
39 151 113 106
113 -80 -67 -131
-24 121 179 163
-127 161 -12 88
-8 -107 -26 164
-14 -110 -24 -147
-185 -199 -69 44
-3 -83 42 -106
-145 -149 -132 -89
-80 -55 109 60
176 110 122 -156
170 33 -186 -136
-90 -32 39 167
-80 40 -144 22
147 -114 -123 123
-20 56 -17 144
-113 126 187 -2
-13 -79 144 -189
197 -178 -196 8
-75 115 -39 156
-190 62 -107 25
-21 -59 128 140
-194 -191 -2 69
80 197 200 -141
82 -88 -166 -31
39 151 8 7
121 48 46 192
-115 -78 -192 -87
159 -2 81 -145
179 -159 111 -57
99 42 -38 184
-192 -160 -146 88
-69 194 -182 170
-196 8 -174 -97
-20 8 -196 8
-67 -131 -18 -176
-64 72 -106 -7
-132 -89 185 -95
-190 62 113 106
-112 -88 113 -80
-23 -146 132 47
144 -135 94 -176
-111 -3 -96 -102
104 83 153 45
-42 9 -105 120
-94 117 -183 -165
178 -6 -142 84
106 86 3 -169
182 48 132 47
-29 -46 -87 128
70 -38 -61 -90
100 148 -137 83
-171 -11 -200 -177
-185 -199 105 -39
-108 2 194 168
67 -176 107 -82
-102 35 46 192
197 -101 168 131
-164 -10 -185 -199
113 0 -67 -105
69 -2 -104 31
8 7 113 106
-156 181 11 -41
-42 9 63 -182
152 4 -12 88
152 -141 149 -112
145 -165 16 -99
134 -25 8 -85
-57 25 -182 126
-75 115 -200 -177
136 -34 74 144
53 -155 -29 6
103 -121 -149 33
-124 -80 15 41
116 -58 46 192
-39 156 -130 167
107 -82 49 -82
180 -49 -86 -126
-130 167 -171 -11
134 -25 -158 -51
-40 60 152 4
176 -120 86 18
-21 -198 -86 -126
-8 -107 32 -22
-172 194 -48 -137
194 168 -93 -119
-40 60 115 -108
84 102 -20 75
107 -82 70 -134
-164 -171 -190 149
46 192 -182 -24
65 -52 118 33
-48 -137 -105 120
-171 -11 -75 115
169 89 64 -101
69 -140 30 112
-40 113 113 -23
-9 -82 57 4
-186 -121 -29 -46
-116 151 -80 -34
43 -178 -164 -172
-186 -121 -58 -147
126 -46 -81 180
-112 -108 103 -66
-182 170 -14 -110
-183 -165 -194 -10
99 42 187 -2
47 161 49 -82
100 148 148 -152
110 19 -183 -165
-192 -160 -159 -105
30 112 -69 -135
-139 154 179 -52
63 -182 63 95
63 -182 -172 194
-20 75 38 -196
-104 31 -193 53
70 -38 -123 123
-88 132 -27 -189
-173 98 80 -19
-142 84 94 95
-26 164 -29 -162
69 -2 -47 -81
-179 41 -157 122
105 -79 -102 -87
-107 46 79 135
-23 17 -88 132
168 131 106 86
125 135 39 192
104 -77 -166 151
-192 -87 -84 -156
-69 44 -164 -10
88 -113 105 -79
-102 35 -182 -24
-17 163 140 41
-194 -10 110 19
-179 41 -194 -191
-92 155 152 -141
169 89 -54 73
-142 80 64 -101
-7 -100 -143 80
143 22 -168 64
41 145 149 -112
-107 46 69 197
80 -19 10 -161
123 -193 -196 8
-190 149 -176 126
175 44 64 196
-105 57 -189 -49
-113 126 99 42
113 106 -107 25
176 -162 -173 -110
-20 8 123 -193
-62 115 -23 -122
113 -80 132 142
49 -82 -198 -94
-149 33 -23 -122
69 -2 121 -157
-159 -105 168 131
31 151 -84 -156
194 126 18 131
150 -200 -9 -82
-40 -135 -5 186
-81 180 113 106
1 -44 39 167
-151 -53 74 187
42 -106 -121 -29
113 0 125 135
-104 31 121 -157
-21 -59 -83 42
18 131 145 -165
-145 -149 -150 -160
81 191 32 -22
-166 151 145 -165
1 -44 -143 80
-174 -97 197 -178
169 89 -26 104
1 -113 190 -15
-166 -140 -144 -192
-164 -171 -176 126
9 -65 -116 151
-100 77 -48 -137
47 161 67 -176
11 -41 69 197
-112 -108 -169 66
-123 123 -89 124
115 -108 -37 -193
149 -112 1 162
-14 -110 118 33
1 -113 -23 17
174 189 -62 115
9 163 -43 -145
-93 38 87 -142
-171 -11 107 -135
-190 62 8 7
-103 -97 -200 -177
6 -84 -146 -4
-169 156 52 -38
150 -130 -52 -103
159 -2 135 -57
80 -149 144 -189
-177 -17 -196 8
-16 -8 -2 69
-96 -102 29 -169
-199 12 6 -84
64 -101 -26 104
-70 3 -129 -26
39 167 109 -139
-161 -138 -73 166
-179 41 -118 186
-13 -79 -105 57
-7 -100 -137 -55
-125 83 103 -66
122 -156 158 51
-69 194 -14 -110
148 -152 -137 83
36 81 99 42
-114 -121 62 -22
-181 -63 4 174
19 106 -13 -79
-186 -121 -48 53
-105 57 19 106
-149 23 -114 -96
-167 171 67 -176
19 106 80 -149
185 -95 -150 -160
53 -155 33 -199
130 26 6 -84
147 138 66 15
-142 80 -54 73
113 0 39 192
49 -151 177 16
-9 -82 20 5
-172 194 -42 9
80 -149 65 41
-194 -191 -16 -8
31 151 -112 56
94 -176 -80 40
143 22 150 -200
144 -135 -80 40
-18 -176 17 -191
74 187 -114 -96
117 121 -7 157
-90 152 81 191
26 -153 -180 -186
41 145 -92 155
-7 157 40 -53
47 161 -167 171
58 27 140 -181
-35 -194 190 -15
-104 96 -164 -10
107 -82 -198 -94
-104 31 154 138
-111 -3 29 -169
-145 39 37 36
178 -6 -166 -112
-63 52 9 160
176 -162 47 -193
-196 8 142 39
36 81 -113 126
-54 73 -26 104
25 152 -142 80
-198 -94 47 161
-39 156 -200 -177
137 154 -83 42
38 -196 -69 -135
-24 121 40 -53
-7 -100 -90 -32
-69 -135 -20 75
-37 -193 -40 60
74 144 90 -155
84 169 175 44
-134 -178 -145 39
104 -77 -169 -172
-80 -34 9 -65
81 -145 176 -120
177 -78 -88 132
-37 -45 -123 171
-125 83 -169 66
-171 -11 -39 156
123 -193 -177 -17
-157 122 -16 -8
82 -88 1 141
121 48 116 -58
104 83 -2 -61
-189 -49 19 106
-62 115 84 33
133 196 -145 39
148 44 -118 186
-42 9 -48 -137
-169 66 136 -34
-98 -96 -180 -186
-146 88 197 -101
180 148 -134 -178
-191 21 83 -82
-58 -147 -48 53
80 105 -74 -147
-67 -131 -112 -88
103 -121 57 24
24 99 -79 -149
-26 164 -55 144
58 27 -171 169
115 -108 -127 161
168 131 3 -169
-159 -105 3 -169
-192 -160 197 -101
-105 57 144 -189
-181 -63 137 154
1 -113 -35 -194
185 -95 51 -185
-146 88 -159 -105
-191 21 122 -156
-66 40 153 29
-168 64 57 4
-107 46 11 -41
20 5 150 -200
16 31 -144 -192
150 175 -49 -170
-40 113 1 141
-64 72 -86 -18
190 -15 -27 -189
-108 2 -93 -119
-121 -91 163 114
-4 95 -21 -59
57 4 20 5
-149 23 -151 -53
30 112 38 -196
87 121 -69 194
104 -77 194 126
-168 64 -52 192
-7 -197 1 85
132 47 -168 94
153 29 -37 -45
74 144 103 -66
138 35 -62 183
-47 -81 154 138
107 -135 -39 156
128 140 -181 -63
62 -22 179 -159
136 -34 -112 -108
-102 35 9 163
126 -46 8 7
-80 40 -21 -198
-185 -199 -104 96
-23 17 -35 -194
63 95 -48 -137
82 33 111 -57
-35 -194 -88 132
-190 62 126 -46
90 -155 103 -66
-23 -146 150 -130
138 -40 -80 -55
-146 88 168 131
-190 62 -81 180
126 -46 113 106
121 -157 -8 -138
-147 91 9 160
-130 167 -103 -97
16 -99 104 -77
69 6 -23 -49
153 29 199 10
64 196 84 169
-105 120 63 -182
86 18 135 -57
121 48 -43 -145
-12 88 -40 60
-121 -29 -3 -83
94 -176 180 -49
69 -140 38 -196
25 152 64 -101
-165 -113 104 83
82 33 -114 -121
87 121 -182 170
-29 -162 81 191
-194 -10 -44 141
55 83 -1 -32
-125 83 136 -34
-27 -189 -35 -194
125 135 -67 -105
-38 184 -113 126
54 11 -93 38
46 192 9 163
-150 -160 51 -185
132 47 -52 -103
121 48 9 163
69 197 -156 181
-169 -172 145 -165
-61 -90 147 -114
-111 172 150 -37
-90 152 32 -22
84 33 57 24
147 -114 80 105
190 -15 -88 132
65 -52 -182 170
156 181 116 -55
-142 80 -197 162
150 -200 -168 64
104 -77 145 -165
163 114 -164 -171
-8 -138 -193 53
-43 -145 -102 35
49 -82 70 -134
-35 -194 177 -78
-20 8 -174 -97
-105 120 -100 77
69 -2 154 138
176 -162 -62 183
4 174 -21 -59
197 -178 -177 -17
-52 -103 -168 94
-20 8 142 39
28 -86 116 -55
125 135 -27 -51
26 -153 -98 -96
-27 -51 39 192
-112 -88 17 -191
-182 -24 116 -58
180 148 -145 39
64 196 121 144
32 -22 -26 164
-193 53 154 138
103 -121 84 33
-125 83 90 -155
-130 167 -75 115
-144 22 -21 -198
-7 105 132 142
-23 -122 103 -121
-102 -52 -164 -92
107 -135 -130 167
182 48 123 175
-49 -170 31 151
19 106 144 -189
-87 128 -186 -121
-192 -87 -49 -170
-130 167 -200 -177
74 144 -112 -108
-17 144 31 -119
-151 180 116 -31
-80 -55 139 -198
147 -195 -40 60
65 41 144 -189
-111 172 24 -62
8 7 -107 25
-1 -32 153 29
-149 33 174 189
-29 -162 -8 -107
-121 -91 -190 149
31 -119 -20 56
-137 -55 -90 -32
-193 53 121 -157
-144 22 180 -49
79 135 69 197
-21 -59 137 154
-94 117 -194 -10
-21 -59 -181 -63
175 44 121 144
-114 -96 1 85
110 19 -94 117
-174 -97 142 39
-37 -193 -12 88
125 95 148 -152
-52 192 -9 -82
147 138 -111 -114
-9 -82 -168 64
-179 -9 147 138
-67 -131 132 142
-40 60 -127 161
-49 -170 -115 -78
-115 -78 150 175
-182 126 -40 113
-88 132 1 -113
-37 -45 199 10
-40 174 -150 -160
81 191 -55 144
-44 141 110 19
70 13 64 196
-7 105 113 -80
-94 117 -44 141
-146 88 106 86
-80 40 -86 -126
82 -88 -182 126
182 116 -2 -61
-166 -140 16 31
-146 -4 43 -73
-23 -146 -52 -103
66 15 -179 -9
1 1 24 99
-159 -105 106 86
147 -114 70 -38
20 5 143 22
64 -101 -54 73
92 22 185 -95
-4 95 137 154
-57 25 113 -23
-7 -197 -149 23
-103 -97 -171 -11
154 138 121 -157
-169 -172 18 131
-61 -90 -123 123
197 -101 106 86
105 -79 52 -38
92 22 -132 -89
81 -177 148 -152
-42 9 -100 77
-4 95 -181 -63
-47 -81 -104 31
130 26 43 -73
-123 123 -74 -147
-173 98 10 -161
-102 -87 88 -113
-192 -160 3 -169
-126 -137 122 -156
150 -130 182 48
81 -145 135 -57
-106 -7 -102 -52
70 13 121 144
-114 -96 -151 -53
-92 155 149 -112
-20 75 94 182
-143 80 -137 -55
-20 75 30 112
39 151 126 -46
113 0 82 36
-20 75 69 -140
-90 152 -26 164
169 89 -197 162
-149 23 87 34
-166 -31 -57 25
-7 -197 87 34
20 5 -52 192
26 -16 58 27
-158 -51 8 -85
-118 186 -2 69
174 189 57 24
180 -49 144 -135
65 -52 -24 -147
-174 -97 123 -193
179 -52 80 197
-80 -55 192 -81
123 175 -168 94
-61 -90 80 105
-23 17 190 -15
47 161 70 -134
-27 -189 -23 17
57 24 -149 33
-23 17 177 -78
-1 -32 199 10
179 -159 -114 -121
-172 194 -100 77
-89 124 80 105
-164 -172 181 -154
85 49 -67 -105
81 191 -8 -107
136 -186 -161 -138
185 -95 -145 -149
-169 -172 -166 151
-124 -80 17 92
1 -44 -137 -55
-55 144 -90 152
-5 186 -119 -108
-182 170 118 33
140 -181 -171 169
-52 192 143 22
-123 171 -66 40
-192 -87 -112 56
-182 -24 -43 -145
70 13 84 169
-17 163 178 -35
200 -141 169 -140
-112 56 150 175
-2 69 -157 122
-74 -147 147 -114
128 140 -83 42
1 1 -79 -149
197 -178 -20 8
69 -140 94 182
84 102 30 112
152 4 -127 161
176 110 158 51
103 -121 -62 115
150 -130 -168 94
47 -193 -173 -110
-26 104 -197 162
1 85 87 34
128 140 -4 95
181 -154 43 -178
-29 -46 -58 -147
-27 -51 -67 -105
178 -6 94 95
-174 -97 -177 -17
94 -176 -86 -126
-103 -97 107 -135
1 162 41 145
178 -6 7 -193
94 182 30 112
-23 -146 -168 94
-84 -156 -115 -78
70 -134 -167 171
-29 6 33 -199
-12 88 115 -108
55 83 199 10
4 174 128 140
80 -149 -105 57
-198 -3 -186 -136
-61 -90 -89 124
121 118 27 131
-83 42 -4 95
123 175 150 -130
57 24 -23 -122
63 -182 -100 77
49 -82 67 -176
79 135 -156 181
113 -80 -18 -176
107 -82 -167 171
69 -140 84 102
148 44 -179 41
103 -121 174 189
84 33 -149 33
-2 -61 153 45
87 -142 54 11
26 -16 -89 -124
176 110 83 -82
132 142 -112 -88
139 -198 138 -40
-179 41 -16 -8
-44 141 -183 -165
39 151 -190 62
-66 40 199 10
-164 -92 -64 72
-9 -82 143 22
-164 -171 -121 -91
-64 72 -102 -52
81 191 -26 164
169 89 -142 80
-172 194 -105 120
87 34 -114 -96
87 121 118 33
90 -155 -112 -108
-102 -87 52 -38
143 22 57 4
85 49 82 36
109 -139 -7 -100
-2 69 148 44
180 148 37 36
11 -41 79 135
36 81 -38 184
-40 174 -132 -89
-144 22 144 -135
109 -139 -137 -55
74 187 87 34
-29 -162 -90 152
-54 -21 -111 -114
-69 194 118 33
125 95 -137 83
82 36 125 135
-66 40 55 83
70 13 175 44
-62 115 57 24
132 47 150 -130
-57 25 82 -88
-73 166 136 -186
-40 113 82 -88
-165 -113 -2 -61
-150 -160 -132 -89
-84 -156 -112 56
153 45 182 116
-112 56 -115 -78
-69 -135 84 102
-40 174 51 -185
140 -181 -89 -124
18 131 16 -99
-7 -100 1 -44
92 22 51 -185
-134 -178 37 36
-166 -112 94 95
27 131 107 -112
-40 113 -57 25
39 151 -107 25
90 -155 136 -34
-149 23 74 187
-171 169 -89 -124
179 163 117 121
113 0 -27 -51
80 -149 -13 -79
197 -101 -159 -105
-54 73 -197 162
-23 -122 174 189
170 33 -198 -3
74 144 -125 83
-47 -81 121 -157
32 -22 -55 144
-112 56 -49 -170
-58 -147 -87 128
-54 73 25 152
40 -53 179 163
-126 -137 176 110
-166 -112 -142 84
-37 -45 55 83
-27 -51 82 36
82 36 -67 -105
150 -200 -52 192
-62 183 -173 -110
-151 -53 87 34
-132 -89 51 -185
152 4 147 -195
152 -141 41 145
118 33 -24 -147
-70 3 -102 -43
-164 -92 -106 -7
65 -52 -69 194
-8 -138 -47 -81
153 29 -123 171
1 -44 -90 -32
-166 -31 1 141
-37 -45 -1 -32
-168 94 182 48
117 121 40 -53
194 126 -166 151
82 -88 113 -23
83 -82 122 -156
74 187 1 85
16 -99 194 126
-90 -32 -143 80
6 -84 43 -73
19 106 65 41
123 -193 142 39
-199 12 43 -73
-24 121 -7 157
92 22 -40 174
-115 -78 31 151
51 -185 -145 -149
182 48 -23 -146
-21 -198 94 -176
74 187 -7 -197
80 197 -139 154
107 -135 -75 115
130 26 -199 12
-27 -51 85 49
197 -178 123 -193
-145 -149 -40 174
46 192 -43 -145
-52 192 57 4
116 -58 -102 35
-75 115 -103 -97
109 -139 1 -44
194 126 145 -165
80 105 70 -38
-123 123 80 105
163 114 -176 126
-90 -32 109 -139
87 121 -14 -110
-157 122 -194 -191
9 163 -182 -24
150 -200 57 4
-157 122 148 44
67 -176 70 -134
1 162 152 -141
36 81 187 -2
133 196 37 36
156 181 28 -86
-182 126 113 -23
177 16 -9 -5
-27 -189 177 -78
-61 -90 -74 -147
197 -178 142 39
-103 -97 -39 156
-66 40 -37 -45
144 -189 -189 -49
-81 180 -107 25
159 -2 176 -120
85 49 39 192
180 -49 -21 -198
137 154 128 140
-169 66 74 144
-164 -10 105 -39
105 -79 -169 156
169 89 25 152
-200 -177 107 -135
7 -193 -166 -112
63 95 -172 194
86 18 159 -2
94 182 84 102
-111 -114 -179 -9
-173 -110 138 35
-118 186 -194 -191
-168 64 20 5
39 192 82 36
150 -37 24 -62
-23 -146 123 175
-112 -88 -7 105
84 33 174 189
58 27 -89 -124
-49 -170 -84 -156
-166 151 18 131
-80 40 180 -49
130 26 -146 -4
-1 -32 -123 171
125 135 85 49
-23 -122 84 33
-81 180 8 7
94 -176 -144 22
-48 92 -151 180
16 -99 -166 151
144 -135 -86 -126
150 175 -192 -87
-40 -135 -119 -108
1 85 -151 -53
88 -113 52 -38
38 -196 94 182
1 141 113 -23
-54 -21 -179 -9
83 -82 158 51
-55 144 -8 -107
4 174 137 154
-18 -176 -7 105
140 -181 26 -16
139 -198 109 60
-182 126 -166 -31
4 174 -83 42
-33 -60 -82 87
-102 -52 -86 -18
66 15 -111 -114
153 29 55 83
39 167 -137 -55
-146 -4 -199 12
47 -193 138 35
69 -140 -69 -135
94 182 -69 -135
-104 96 105 -39
26 -16 -171 169
17 -191 132 142
-123 171 55 83
185 -95 -40 174
-62 115 -149 33
94 95 7 -193
-66 40 -1 -32
70 -38 -89 124
-146 88 3 -169
-105 57 65 41
136 -34 103 -66
81 -177 -137 83
92 22 -150 -160
-76 92 69 6
150 175 -84 -156
-37 -193 147 -195
87 121 65 -52
158 51 -191 21
-18 -176 132 142
84 169 121 144
9 163 116 -58
39 192 -67 -105
-167 171 -198 -94
148 44 -194 -191
147 -195 -12 88
192 -81 138 -40
121 118 107 -112
-63 52 -147 91
-14 -110 65 -52
87 121 -24 -147
-62 183 47 -193
-107 46 -156 181
197 -101 3 -169
-52 -103 123 175
-9 -5 49 -151
-169 66 90 -155
-24 -147 -182 170
