999
-30 187 -165 24
57 -35 179 -82
-166 -186 159 -84
88 88 150 80
-178 115 -37 77
-81 -91 -92 198
108 -91 47 185
-86 -118 189 -95
90 117 186 -32
-3 -199 -117 -161
-15 130 -43 20
35 -83 82 -50
131 80 -5 -87
-65 10 39 -3
-178 115 98 -168
-171 81 -149 -33
-67 -24 -138 83
64 123 -80 -11
-13 -172 44 162
-165 24 -31 106
135 -72 115 123
14 25 98 -168
-37 30 158 -22
175 -48 -151 137
-193 -112 171 91
-125 -169 36 -181
179 -82 -190 -89
-89 190 112 -108
3 113 -105 -126
62 82 81 -121
182 -59 -94 -24
-187 43 51 142
125 -164 -176 -187
122 -72 190 3
170 -83 -69 -106
86 -188 159 -176
83 -93 -165 87
186 -32 -132 -55
129 43 -152 -199
3 -102 -31 106
131 80 193 -74
66 -170 70 -164
-170 80 95 -12
-9 -113 -65 10
119 -95 -7 155
-118 -40 -104 -197
-135 55 -139 51
-42 -167 -54 -139
194 -177 41 -68
-171 81 -57 161
-50 96 -100 -191
45 152 -190 -89
-57 161 -149 -33
-13 -46 48 186
37 75 127 91
-136 -98 -150 -86
-44 193 175 -48
64 123 62 82
37 192 64 -96
176 -44 -31 106
-188 72 -110 119
22 112 172 -14
-9 -113 76 -68
14 25 170 -63
179 -82 143 -183
-145 77 -125 134
-155 -2 171 91
9 139 87 -160
106 99 -172 27
-30 187 -31 106
161 64 -38 83
153 30 37 75
-39 142 14 -104
122 -72 -48 -158
-143 124 150 80
90 -50 -27 180
-142 -111 163 -135
64 172 171 100
-107 -161 71 103
181 47 77 158
91 148 -69 -106
182 196 110 -141
-60 -36 -87 -101
88 -66 47 185
-142 -111 -194 -180
171 100 -7 129
119 131 -32 -164
-184 -151 167 162
100 52 157 -75
-87 -101 192 136
-150 104 105 171
143 1 -117 -161
154 155 -148 -88
-186 -104 -170 80
100 52 23 -41
-178 115 170 -63
-117 -102 110 -141
89 170 194 -3
36 -181 3 97
76 -114 169 126
-172 -87 172 -14
19 41 106 -84
85 126 -117 -102
0 -27 -105 -126
-19 192 -188 72
-164 -79 -38 -68
-2 30 83 189
-178 115 14 25
-54 -139 -16 161
-43 188 -73 89
-148 -141 -48 51
18 118 -125 140
-27 180 -123 87
119 131 23 -99
-137 -102 -42 -167
76 -149 -186 -104
-147 174 -38 66
-96 154 -105 -34
173 61 154 155
190 -42 34 141
57 -35 45 152
-150 104 91 148
-19 192 -110 119
-172 27 143 1
-48 51 41 -68
-172 27 -117 -161
0 -3 -50 96
-7 186 -120 171
85 -82 -177 -180
99 -68 -7 71
-163 -19 -27 180
190 -42 -107 95
131 80 -60 -36
59 31 64 172
192 136 -5 -87
-102 193 -198 -53
-125 -169 -105 -34
88 -91 -68 -46
-81 -91 -142 184
39 -3 -145 77
-151 137 -142 184
-7 83 10 18
-179 100 -96 154
-198 -179 170 -109
170 -63 -147 -198
-81 -91 188 -59
-132 114 88 -66
-54 81 136 -71
34 141 155 -54
180 31 3 97
26 184 169 -193
-120 45 -89 190
-128 16 -69 -67
194 -3 -139 21
-194 -180 -67 -147
-9 -113 -125 134
-198 115 -116 100
122 141 -21 114
90 -50 -163 -19
183 -33 -31 106
85 -82 64 -96
135 146 139 77
-33 91 172 -14
-102 106 112 -108
75 156 -84 -200
35 20 -125 140
14 -15 154 155
125 -164 -69 -67
-105 148 168 -58
36 -181 -105 -34
170 -34 -198 55
122 141 -61 -67
87 167 -95 143
-32 -164 141 -124
-16 161 -45 89
-186 -104 95 -12
194 -3 -168 10
26 184 -198 -179
178 132 75 156
18 118 111 -82
194 -28 -155 -1
-162 -27 -7 83
3 -102 176 -44
-136 168 -107 158
-37 77 14 25
-34 -182 162 -53
-65 -152 31 92
-139 21 127 141
175 -48 -81 -91
137 -169 -39 142
-30 187 176 -44
-61 -67 9 139
-116 100 -47 -186
183 -33 -165 24
76 -68 -145 77
-181 -132 -19 192
-76 -150 136 -71
-72 -41 37 -94
129 43 169 -193
-104 -36 29 -16
-81 -91 -44 193
-198 115 -15 130
194 -3 127 141
135 -72 52 -96
-176 -187 -128 16
22 112 168 103
-61 -18 168 -58
-31 -79 106 -84
-178 115 -147 -198
-105 -185 36 -73
-53 117 46 -164
-9 125 87 188
-123 -24 -37 77
-103 180 85 -82
-50 96 102 152
7 -24 -194 -162
-147 -198 -37 77
-44 193 188 -59
41 -18 89 170
-198 -53 -171 81
-115 113 -101 -24
-190 -89 -163 -40
-154 -77 149 81
71 103 108 111
76 -68 -125 134
-129 -117 -60 -36
2 26 165 -97
112 -108 -120 45
-123 87 90 -50
15 -104 189 -95
158 -22 -100 81
-179 100 3 97
159 -84 97 -91
-192 -38 39 -3
-152 -199 169 -193
117 29 -148 -88
106 -84 17 -79
0 -3 -100 -191
51 -51 77 158
-120 45 157 -75
-69 -106 -156 21
-198 52 71 103
-129 -117 -5 -87
110 -184 -132 -31
165 -97 21 107
-39 142 -94 -160
-92 198 -44 193
-105 -185 124 -101
192 136 193 -74
108 111 -105 148
-189 -176 -2 30
-139 21 89 170
23 -41 -120 45
14 -104 137 -169
-143 152 -104 -36
64 123 -120 171
165 147 122 141
-197 101 130 -124
-186 -104 -166 -96
-155 -2 172 41
-126 -57 -120 171
-168 134 79 157
-38 83 -139 -180
182 -59 -143 152
-105 -34 -179 100
-27 180 -9 125
195 -27 -125 140
48 -11 44 162
-111 -149 -48 51
14 88 18 175
87 188 -163 -19
-123 -24 -147 -198
162 -154 -63 -172
23 -99 141 -124
-37 77 170 -63
-31 -79 51 142
-13 -172 48 -11
170 -34 14 88
-57 152 23 -116
194 -177 -111 -149
-137 -30 36 -73
165 -97 0 -27
182 196 129 182
-9 125 -123 87
48 -11 -63 -172
14 -104 -94 -160
129 182 88 -91
153 -47 3 -117
162 -154 44 162
-165 159 90 -50
167 194 171 -93
14 -15 117 29
139 -15 -149 -183
-104 -36 -94 -24
-187 -166 -34 -182
-172 -87 17 -178
106 -84 -187 43
-15 76 -175 -25
-198 55 18 175
35 20 111 -82
-143 152 -94 -24
170 -109 129 43
161 64 -139 -180
-125 -169 -96 154
0 -27 21 107
134 -104 32 112
159 -84 -40 160
95 -12 76 -149
171 100 -17 179
122 141 87 -160
28 -165 -194 -162
-179 100 36 -181
-34 -182 83 -93
-30 187 183 -33
-61 -67 87 -160
-67 -147 -142 -111
-197 101 -58 -109
-179 162 -135 55
182 196 -68 -46
179 -82 45 152
-105 -126 165 -97
2 26 3 113
119 131 141 -137
-2 30 54 19
-96 154 36 -181
27 138 -72 93
171 91 172 41
130 -62 17 -79
-117 -102 182 196
-177 -180 37 192
-13 -46 -18 99
192 136 131 80
-156 21 -150 104
129 182 110 -141
190 167 23 -116
-7 155 -116 100
-101 -24 -13 -46
-33 91 93 -195
10 18 -48 -158
-87 -101 -129 -117
14 88 -9 -161
-67 -147 90 117
-1 -52 -137 -30
34 137 -56 34
5 109 70 -164
192 -19 -150 104
-33 -121 85 -22
89 170 -168 10
-103 118 34 141
86 145 -179 162
153 30 127 91
-142 -111 186 -32
-87 -101 131 80
79 157 -2 30
-20 -9 88 -66
-27 180 87 188
162 -53 83 -93
-128 16 9 28
-126 -57 62 82
-165 159 -163 -19
-38 66 18 175
112 -108 23 -41
-33 91 -172 -87
-32 -164 23 -99
54 19 -189 -176
54 19 83 189
190 3 -48 -158
-20 -9 108 -91
18 175 -9 -161
194 60 159 -84
-125 134 39 -3
-166 -186 167 194
-69 -67 9 28
-9 -113 -145 77
-181 -132 -99 179
-13 -134 -61 67
-151 137 -44 193
-9 125 90 -50
-73 89 134 -104
183 -33 176 -44
-105 148 -198 52
171 -93 159 -84
-56 34 -33 -121
-164 -79 -143 124
143 -183 2 69
57 -35 -190 -89
-15 130 119 -95
62 172 54 19
-137 -102 -45 89
26 184 129 43
86 -188 -109 -55
170 -34 18 175
-156 21 192 -19
-147 174 14 88
3 97 -96 154
14 25 -123 -24
169 -193 -198 -179
-198 55 -38 66
-163 -40 143 -183
-187 43 130 -62
130 -62 51 142
145 -168 154 162
76 -149 69 -165
-15 130 -116 100
-86 -118 15 -104
-89 190 -102 106
37 192 -103 180
180 31 -125 -169
178 132 -84 -200
-150 -86 118 69
-200 -173 -57 -173
163 -135 186 -32
-199 158 -30 187
105 171 91 148
-38 -68 -143 124
105 171 -69 -106
-73 14 -105 -126
-142 -111 90 117
-56 34 85 -22
-31 106 -199 158
194 60 97 -91
-105 -34 180 31
170 -109 -152 -199
118 69 -136 -98
23 -41 157 -75
-181 -132 -188 72
87 -27 32 112
192 -19 91 148
-31 -79 130 -62
-154 -77 167 162
17 -178 -33 91
-103 118 190 -42
-168 10 127 141
-73 -51 -149 -183
106 90 172 41
145 -168 124 111
-40 160 -166 -186
71 103 -105 148
46 -164 51 -51
170 -109 26 184
88 88 -143 124
-40 160 194 60
-38 -68 88 88
-170 80 -166 -96
111 -82 -125 140
0 -27 2 26
-110 119 -99 179
167 194 159 -84
-138 83 -159 -50
-109 -55 194 -28
17 -79 19 41
-34 -194 9 -119
66 -170 -18 8
-15 130 -47 -186
99 -68 -109 187
-66 -40 95 -12
108 111 -107 -161
102 152 -100 -191
-49 80 99 -68
-148 -88 173 61
189 -164 -133 73
-164 -79 150 80
117 -24 129 6
-117 -102 129 182
157 -75 -89 190
-21 114 165 147
97 -91 -40 160
134 -104 87 -27
130 -62 19 41
100 52 -120 45
-23 -17 153 -47
-138 23 -178 -102
149 194 -184 -151
3 113 -73 14
3 -102 -30 187
-179 162 -139 51
-155 -2 106 90
34 137 -107 -143
-115 113 48 186
-172 -87 93 -195
-177 -180 -103 180
-154 110 -7 83
17 -178 22 112
-168 10 -139 21
142 23 -87 81
157 -75 112 -108
-155 -1 159 -176
102 -152 -7 71
-137 -30 -105 -185
122 -39 89 170
171 -93 -40 160
18 118 35 20
-7 129 -17 179
-189 -176 -168 134
105 171 -156 21
124 -101 -137 -30
-162 -27 -154 110
91 46 5 109
-179 162 169 126
-192 -38 -125 134
-7 186 -126 -57
-26 -181 54 19
170 -63 98 -168
-15 76 -86 -168
141 -124 141 -137
-2 30 62 172
-99 179 -19 192
-72 93 130 -124
-3 -199 106 99
-189 -176 -26 -181
-13 -134 135 -72
76 -114 86 145
-155 -1 -109 -55
194 -177 -148 -141
-48 51 194 -177
167 -141 -61 -67
-34 -194 171 -57
-132 114 47 185
-61 -18 71 103
-107 -143 85 -22
76 -149 -66 -40
-163 -40 57 -35
-192 -38 -65 10
29 -16 182 -59
190 3 -7 83
41 -18 -168 10
-179 100 180 31
-7 186 62 82
-142 184 175 -48
-200 -173 -98 -111
86 145 -139 51
167 162 149 194
-43 188 32 112
76 -149 -166 -96
-103 180 64 -96
32 116 -113 -56
-7 155 -15 130
32 116 -200 25
-132 -31 -139 -5
-143 152 29 -16
-21 114 9 139
72 -49 85 -6
192 -19 -69 -106
167 194 -40 160
159 -176 -109 -55
-7 186 64 123
-150 104 -69 -106
-109 187 -7 71
-170 -69 123 130
168 -58 -198 52
122 -72 -154 110
-66 -40 -170 80
154 155 117 29
36 -73 124 -101
41 -18 127 141
72 -49 -149 -183
-111 53 76 -114
-149 -33 -102 193
69 -165 -166 -96
51 -51 181 47
87 -160 167 -141
-26 -181 -168 134
-107 158 37 -148
-155 -1 86 -188
-19 29 26 184
-21 114 -61 -67
-165 87 -187 -166
39 -3 -9 -113
165 -97 3 113
-178 115 -123 -24
-163 -40 179 -82
-156 21 91 148
-96 154 180 31
119 -95 -116 100
-133 73 35 -83
-57 161 -102 193
85 126 129 182
-163 -19 -123 87
170 -83 91 148
-162 -27 10 18
-198 -179 -152 -199
-19 29 129 43
-67 -147 186 -32
-101 -24 -18 99
-17 179 59 31
149 193 0 -3
-118 70 -133 73
93 -195 168 103
141 -137 -32 -164
171 -57 9 -119
119 131 141 -124
41 -18 -139 21
-7 83 122 -72
76 -149 -170 80
79 157 -189 -176
27 138 -58 -109
170 -83 192 -19
142 23 -155 -1
167 162 149 81
127 141 122 -39
-193 -112 -155 -2
170 -34 -9 -161
159 -176 142 23
124 111 154 162
-198 55 -147 174
57 86 139 77
-48 -158 -162 -27
106 -71 -72 1
-177 -180 64 -96
-166 -186 194 60
-165 24 -199 158
35 20 195 -27
172 -14 93 -195
-92 198 -142 184
-179 162 76 -114
87 188 -165 159
149 81 -184 -151
100 52 -102 106
81 -121 -126 -57
-31 -79 19 41
-159 -50 -67 -24
79 157 54 19
-168 134 83 189
191 -98 -104 -197
46 -164 181 47
-26 -181 79 157
-187 43 19 41
2 26 21 107
106 99 143 1
175 -48 -92 198
17 -79 -31 -79
102 -152 -109 187
47 158 37 -94
195 -27 111 -82
85 -6 -149 -183
-67 -147 163 -135
3 97 -105 -34
-107 -161 -61 -18
-198 55 14 88
-115 113 -13 -46
162 -53 -165 87
-60 -36 193 -74
-117 -161 106 99
41 -18 194 -3
88 -91 110 -141
17 -178 172 -14
-192 -38 76 -68
-181 -132 -110 119
-102 106 157 -75
106 90 -193 -112
149 193 -50 96
195 -122 -94 -160
-139 21 122 -39
-100 81 -37 30
108 111 -61 -18
130 -124 -58 -109
51 142 106 -84
9 28 125 -164
-166 -96 -66 -40
97 -91 171 -93
-49 80 -109 187
149 193 -100 -191
0 -27 3 113
-166 -96 95 -12
46 -164 77 158
-23 -17 3 -117
87 188 -123 87
170 -34 -38 66
-179 162 -111 53
-137 -102 -54 -139
54 19 -168 134
-198 52 108 111
122 141 167 -141
-1 -52 124 -101
175 -48 188 -59
195 -122 137 -169
27 138 -197 101
-155 -1 -87 81
-49 80 102 -152
-198 115 119 -95
130 -62 106 -84
88 -91 182 196
-128 16 125 -164
192 136 -129 -117
51 142 19 41
-80 -11 -120 171
-117 -102 -68 -46
62 82 -120 171
98 -168 -147 -198
17 -79 -187 43
-135 55 76 -114
-189 -176 83 189
59 31 171 100
-87 -101 -5 -87
2 69 45 152
-47 -186 -43 20
168 -58 71 103
129 182 -68 -46
163 -135 -194 -180
-39 142 195 -122
-102 193 -171 81
22 112 -33 91
70 -164 91 46
188 -59 -142 184
-107 -161 -198 52
170 -109 169 -193
155 -54 -107 95
-179 100 -125 -169
-154 -77 -184 -151
189 -164 -118 70
70 -164 -18 8
-76 -150 -54 81
39 -3 76 -68
77 158 -53 117
-187 -166 162 -53
79 157 62 172
-37 77 98 -168
-147 -198 14 25
-152 -199 -19 29
-73 -51 72 -49
-87 81 86 -188
-60 -36 -5 -87
-115 113 -18 99
-116 100 -43 20
167 -141 -21 114
21 107 -105 -126
14 -15 173 61
36 192 -42 169
-139 51 76 -114
-132 114 108 -91
169 126 86 145
-198 -179 -19 29
122 -72 10 18
-94 -24 29 -16
-92 198 -151 137
-113 -56 -200 25
3 -102 -199 158
9 139 167 -141
-38 66 14 88
165 147 9 139
169 -193 -19 29
-164 -79 88 88
-68 -46 85 126
62 172 -168 134
182 196 85 126
-60 -36 192 136
-165 159 -9 125
87 -27 -43 188
172 41 -193 -112
-105 148 -61 -18
162 -154 -13 -172
142 23 194 -28
-109 -55 142 23
122 -39 194 -3
-18 8 91 46
62 82 -80 -11
-142 184 -44 193
22 112 93 -195
149 194 149 81
137 -169 -94 -160
34 137 85 -22
-33 91 168 103
83 189 79 157
-54 -139 -45 89
-21 114 87 -160
163 -135 90 117
-145 77 -192 -38
-26 -181 -2 30
-65 10 -145 77
139 -15 72 -49
172 -14 168 103
-198 52 -61 -18
189 -164 82 -50
117 29 173 61
47 158 -72 -41
-125 134 -65 10
51 142 17 -79
108 111 168 -58
-61 67 52 -96
-139 51 -111 53
105 171 192 -19
-7 155 -43 20
-198 -179 129 43
180 31 36 -181
-65 10 76 -68
-61 -67 165 147
-142 -111 -132 -55
-178 -102 50 165
-163 -40 45 152
-107 95 34 141
100 52 -89 190
-48 -158 -7 83
155 -54 190 -42
-66 -40 -186 -104
9 139 122 141
18 175 -147 174
48 -11 162 -154
122 -72 -162 -27
-197 101 -72 93
106 90 171 91
-9 -113 -192 -38
41 -18 122 -39
97 -91 -166 -186
-111 53 -135 55
170 -83 105 171
-175 -25 -86 -168
-57 -173 -98 -111
-58 -109 -72 93
131 80 -129 -117
-61 67 135 -72
-125 -169 3 97
-3 -199 -172 27
66 87 106 -71
66 87 -72 1
-187 -166 83 -93
-57 161 -198 -53
-198 115 -7 155
171 -93 194 60
169 126 -111 53
-107 95 -103 118
115 123 -61 67
-148 -141 -111 -149
87 188 90 -50
-9 -161 -198 55
59 31 -7 129
82 -50 -118 70
150 80 -38 -68
91 46 66 -170
-27 180 -165 159
87 167 172 -108
69 -165 -170 80
64 172 -7 129
86 145 -135 55
-123 87 -165 159
-148 -141 41 -68
32 112 -73 89
-17 179 64 172
169 126 -135 55
37 192 85 -82
-87 81 194 -28
-63 -172 -13 -172
18 118 195 -27
193 -74 -5 -87
102 -152 99 -68
41 -68 -111 -149
90 117 -194 -180
-168 134 -2 30
134 -104 -43 188
170 -34 -147 174
-87 -101 193 -74
-170 -69 109 163
-13 -134 52 -96
-73 14 0 -27
17 -178 93 -195
-126 -57 -80 -11
-163 -40 2 69
190 3 10 18
170 -83 -156 21
98 -168 -123 -24
170 -109 -19 29
-31 -79 -187 43
2 26 -73 14
-26 -181 62 172
36 -73 -1 -52
-18 99 48 186
193 -74 -129 -117
-16 161 -137 -102
167 194 194 60
-132 -55 90 117
-73 89 87 -27
-102 106 23 -41
21 107 3 113
-73 14 165 -97
181 47 -53 117
-107 -161 168 -58
81 -121 64 123
-26 -181 83 189
129 6 -79 37
-38 66 -9 -161
-150 104 170 -83
-13 -134 115 123
7 -24 28 -165
102 152 0 -3
-69 -67 -176 -187
-165 87 -34 -182
2 26 -105 -126
-107 -161 -105 148
176 -44 -199 158
-33 -121 34 137
110 -141 85 126
87 -160 165 147
-154 -77 149 194
10 18 -154 110
26 184 -152 -199
2 69 179 -82
57 86 135 146
-99 179 -188 72
189 -164 35 -83
-103 118 155 -54
143 -183 57 -35
-80 -11 81 -121
-20 -9 -132 114
-132 -55 163 -135
-151 137 188 -59
82 -50 -133 73
-18 8 5 109
143 -183 -190 -89
22 112 -172 -87
-42 -167 -16 161
170 -63 -123 -24
-20 -9 47 185
69 -165 -66 -40
-147 174 -9 -161
-73 -51 85 -6
9 28 -176 -187
-132 -55 -194 -180
44 162 -63 -172
149 193 102 152
115 123 52 -96
159 -176 -87 81
-199 158 183 -33
23 -41 -89 190
-198 115 -43 20
143 1 -3 -199
48 186 -101 -24
172 -108 -95 143
-104 -36 182 -59
167 194 97 -91
50 165 -138 23
-126 -57 64 123
-7 186 81 -121
-47 -186 -7 155
-42 -167 -45 89
-73 14 21 107
9 -2 -65 -152
-57 152 190 167
36 192 -86 -100
191 -98 -118 -40
-118 70 35 -83
-189 -176 62 172
139 -15 85 -6
194 -28 86 -188
165 147 167 -141
-67 -147 -132 -55
-73 -51 139 -15
81 -121 -120 171
176 -44 -165 24
85 126 88 -91
-166 -186 171 -93
-186 -104 69 -165
110 -141 -68 -46
23 -99 141 -137
-7 71 -49 80
57 -35 2 69
108 -91 88 -66
188 -59 -92 198
190 3 -162 -27
-102 106 -120 45
-53 117 51 -51
86 145 -111 53
127 141 89 170
-107 -143 -33 -121
194 -28 159 -176
-7 186 -80 -11
-79 37 117 -24
62 172 83 189
190 3 -154 110
-1 -52 -105 -185
27 138 130 -124
-87 81 -109 -55
-42 169 -86 -100
100 52 112 -108
-47 -186 -198 115
122 -39 -168 10
-117 -102 88 -91
-149 -33 -198 -53
45 152 143 -183
5 109 66 -170
-139 51 169 126
-47 -186 119 -95
-139 -5 110 -184
123 130 109 163
168 103 -172 -87
186 -32 -194 -180
14 -15 -148 -88
-136 168 37 -148
-151 137 -81 -91
-9 125 -163 -19
3 -102 183 -33
-48 -158 -154 110
-43 20 119 -95
195 -122 14 -104
-165 24 3 -102
2 69 -190 -89
17 -178 168 103
142 23 86 -188
69 -165 95 -12
9 -2 31 92
-56 34 -107 -143
