300
-164 -101 158 183
45 5 137 -192
-200 -58 1 107
198 145 133 -159
180 -13 -196 3
-164 42 -164 -101
-157 -162 -120 -105
-55 -129 153 21
-122 107 -84 -92
-97 178 152 -111
-97 178 -200 -58
191 142 -24 -164
125 137 -99 66
-200 -58 152 -111
184 -53 -20 15
17 -103 145 102
-200 -58 -49 5
137 24 -105 183
119 -46 -43 59
-132 -189 46 178
-105 183 87 -12
135 -68 153 21
185 -102 -186 115
149 89 -122 107
-195 7 3 42
137 24 149 89
-103 -50 197 -12
120 46 -195 7
51 -135 12 80
-168 194 133 163
187 136 184 -51
-120 -105 123 56
45 5 39 136
-186 115 -73 29
-119 61 -97 178
197 37 71 -137
185 -102 -73 29
78 -198 -136 -61
-149 -36 98 -32
152 -176 -135 -50
-136 -61 -145 27
-74 -51 144 94
-109 -173 158 -13
111 34 -187 20
1 107 -97 178
-36 -145 145 102
198 145 -144 21
17 -103 -36 -145
45 5 158 -38
114 31 48 177
-92 67 -109 119
-134 46 -20 15
-84 -92 149 89
1 107 -119 61
43 -39 198 145
-103 -50 -70 -41
-79 185 -69 29
-19 -175 80 -145
17 -103 -40 -189
-134 46 -121 -117
105 -125 -196 143
-196 143 -74 118
-84 -92 137 24
143 195 -134 46
63 102 -79 185
-48 -136 -188 -109
-188 189 -187 20
197 37 -54 83
-196 143 82 118
82 53 17 -103
-55 -129 135 -68
185 -102 -101 -100
-109 119 191 142
-73 29 -101 -100
-60 14 -110 -75
51 -9 -132 -189
46 178 76 -7
43 75 -20 15
-168 194 106 -123
39 136 -109 -173
184 -53 -134 46
-48 -136 149 -104
149 -104 -188 -109
-40 120 144 94
86 -137 76 -7
-97 115 152 -176
155 -29 -188 189
176 0 4 -95
137 24 -118 -188
24 128 137 -192
-40 120 114 31
12 80 -157 -162
158 -38 137 -192
-110 -75 184 -51
-19 -175 -164 42
123 56 51 -135
24 128 158 -13
-24 -164 -109 119
86 -137 51 -9
-54 83 71 -137
82 118 105 -125
-99 -136 -149 -36
17 -103 -196 3
-62 -76 25 194
-135 -50 -9 34
-200 -58 -119 61
39 136 137 -192
4 -95 60 184
-118 -188 87 -12
-43 149 -74 118
-9 34 -97 115
25 194 -114 -102
-121 -117 143 195
43 75 -134 46
-194 182 0 196
-40 120 48 177
116 -174 1 107
143 195 -20 15
-157 -78 143 -157
-9 34 152 -176
60 8 -92 67
-164 -101 -148 -99
-157 -78 -103 -50
-121 -117 -20 15
-41 200 0 196
60 184 176 0
82 118 -74 118
-110 -75 -129 -155
-196 3 -40 -189
155 -29 -136 -25
-70 -41 143 -157
-157 -162 51 -135
45 5 -109 -173
-136 -25 -187 20
-62 -76 -114 -102
145 102 180 -13
-200 131 4 -95
-103 -50 143 -157
-164 -101 -19 -175
187 136 -110 -75
158 183 138 -9
-84 -92 -118 -188
-24 -164 -92 67
187 -15 12 -41
-155 -28 -99 66
184 -53 143 195
-48 -136 -73 29
-43 -5 -20 15
-19 -175 158 183
-43 59 197 37
82 53 -40 -189
63 102 -69 29
106 -123 133 163
-109 119 60 8
185 -102 -48 -136
-186 115 -188 -109
-194 182 -41 200
137 24 87 -12
60 184 194 152
155 -29 -187 20
-84 -92 -105 183
46 178 51 -9
39 136 158 -13
71 -137 119 -46
-54 83 119 -46
-60 14 184 -51
105 -125 -74 118
-49 5 -97 178
24 128 39 136
82 53 -36 -145
-188 189 111 34
39 136 158 -38
-122 107 -105 183
60 8 191 142
-40 -189 180 -13
-48 -136 -101 -100
185 -102 149 -104
43 75 143 195
111 34 155 -29
87 -12 -84 -92
-40 -189 145 102
82 53 -196 3
71 -137 -43 59
-200 131 176 0
152 -111 1 107
158 -13 137 -192
43 -39 133 -159
187 -15 99 -93
180 -13 -36 -145
48 177 -74 -51
138 -9 -164 -101
-121 -117 184 -53
82 53 145 102
-49 5 1 107
-97 115 -135 -50
114 31 144 94
137 -192 -109 -173
133 -159 -144 21
-196 3 145 102
-101 -100 -188 -109
-134 46 -43 -5
60 184 -200 131
80 -145 -164 42
138 -9 -148 -99
-188 -109 185 -102
12 80 123 56
-136 -25 111 34
-48 -136 -186 115
-155 -28 125 137
149 89 -118 -188
-19 -175 -148 -99
197 37 119 -46
176 0 194 152
-148 -99 -164 42
116 -174 -97 178
-157 -78 -70 -41
-119 61 116 -174
-9 34 -22 28
187 136 -129 -155
149 89 87 -12
159 130 83 -21
197 -12 -157 -78
143 195 -43 -5
116 -174 -49 5
-39 -56 43 -39
-105 183 -118 -188
120 46 3 42
-40 120 -74 -51
24 128 158 -38
-49 5 152 -111
149 -104 -73 29
-22 28 152 -176
12 -41 99 -93
-157 -162 123 56
105 -125 -43 149
78 -198 -145 27
80 -145 138 -9
-97 194 159 130
45 5 158 -13
-74 -51 114 31
-136 -25 -188 189
82 53 180 -13
82 118 -43 149
-70 -41 197 -12
-19 -175 138 -9
-40 -189 -36 -145
46 178 86 -137
-60 14 187 136
194 152 -200 131
-186 115 149 -104
-73 29 -188 -109
76 -7 51 -9
-43 149 -196 143
80 -145 -164 -101
197 -12 143 -157
80 -145 -148 -99
-164 42 138 -9
24 128 -109 -173
80 -145 158 183
184 -53 43 75
-54 83 -43 59
-119 61 -49 5
-24 -164 60 8
43 -39 -144 21
194 152 4 -95
17 -103 180 -13
-60 14 -129 -155
-97 194 83 -21
-43 -5 43 75
-186 115 -101 -100
149 89 -105 183
184 -53 -43 -5
24 128 45 5
-200 -58 116 -174
184 -51 -129 -155
-97 115 -22 28
152 -111 116 -174
198 145 -39 -56
-109 -173 158 -38
158 -38 158 -13
87 -12 -122 107
-22 28 -135 -50
51 -135 -120 -105
-39 -56 -144 21
-122 107 137 24
-148 -99 158 183
-99 -136 98 -32
-120 -105 12 80
-132 -189 76 -7
-164 42 158 183
-118 -188 -122 107
-39 -56 133 -159
144 94 48 177
191 142 -92 67
-121 -117 43 75
-101 -100 149 -104
86 -137 -132 -189
152 -111 -119 61
-43 -5 -121 -117
-36 -145 -196 3
