98
106 145 172 129
-85 14 -140 22
178 141 -92 -3
-85 14 -186 -169
22 69 -78 66
-178 174 -170 -18
-178 174 -145 -130
-114 34 -193 197
-132 -178 -114 34
90 -107 -23 44
105 -98 -186 -169
64 23 -90 122
12 193 -56 -75
-132 -178 -90 122
-32 74 -178 174
-170 -18 178 141
64 23 -114 34
105 -98 -48 120
-32 74 178 141
-163 4 -186 -169
100 -118 -55 102
-135 183 172 -46
0 26 100 -118
-32 74 -170 -18
-135 183 -63 -146
-85 14 95 112
-140 22 -48 120
64 -41 -135 183
-145 -130 -32 74
78 93 100 -118
26 -9 28 2
-48 120 -85 14
-4 -199 -78 66
-145 -130 110 -115
-90 122 -193 197
95 112 105 -98
-140 22 95 112
189 -138 26 -9
38 112 106 145
190 -45 78 93
-32 74 110 -115
172 -46 -63 -146
172 -46 64 -41
78 93 0 26
64 23 -193 197
-85 14 -163 4
28 2 12 193
-32 74 -92 -3
-123 -170 64 23
0 26 190 -45
-48 120 -186 -169
-63 -146 64 -41
95 112 -163 4
-145 -130 178 141
-178 174 110 -115
-114 34 -123 -170
-140 22 -186 -169
-55 102 0 26
105 -98 -163 4
189 -138 -56 -75
-90 122 -114 34
-55 102 78 93
-158 88 -123 -170
-132 -178 64 23
-158 88 -114 34
-158 88 -90 122
26 -9 12 193
172 129 38 112
-48 120 -163 4
-158 88 -193 197
-178 174 178 141
100 -118 190 -45
-170 -18 -145 -130
189 -138 28 2
190 -45 -55 102
28 2 -56 -75
22 69 -4 -199
-92 -3 -178 174
105 -98 -140 22
56 -27 -23 44
12 193 189 -138
-170 -18 -92 -3
178 141 110 -115
26 -9 -56 -75
-140 22 -163 4
90 -107 56 -27
-158 88 -132 -178
-186 -169 95 112
-170 -18 110 -115
-193 197 -123 -170
-123 -170 -90 122
-92 -3 110 -115
-85 14 105 -98
-193 197 -132 -178
-92 -3 -145 -130
64 23 -158 88
-48 120 95 112
-132 -178 -123 -170
