1000
-339345 -45845 -339346 -45845
-339095 -45845 -339096 -45845
-339115 -45845 -339116 -45845
-339051 -45845 -339052 -45845
-338887 -45845 -338888 -45845
-338405 -45845 -338404 -45845
-339056 -45845 -339055 -45845
-339285 -45845 -339284 -45845
-338427 -45845 -338426 -45845
-339209 -45845 -339208 -45845
-338706 -45845 -338707 -45845
-339007 -45845 -339006 -45845
-339324 -45845 -339323 -45845
-338921 -45845 -338920 -45845
-338360 -45845 -338359 -45845
-339302 -45845 -339303 -45845
-339242 -45845 -339241 -45845
-338939 -45845 -338940 -45845
-339082 -45845 -339083 -45845
-339019 -45845 -339020 -45845
-338705 -45845 -338706 -45845
-339251 -45845 -339252 -45845
-338444 -45845 -338443 -45845
-338863 -45845 -338862 -45845
-338466 -45845 -338467 -45845
-338380 -45845 -338379 -45845
-338395 -45845 -338394 -45845
-338999 -45845 -338998 -45845
-338622 -45845 -338621 -45845
-338994 -45845 -338995 -45845
-338976 -45845 -338977 -45845
-338969 -45845 -338968 -45845
-339144 -45845 -339143 -45845
-338910 -45845 -338911 -45845
-338608 -45845 -338607 -45845
-339123 -45845 -339124 -45845
-338526 -45845 -338527 -45845
-338838 -45845 -338837 -45845
-339185 -45845 -339184 -45845
-338799 -45845 -338798 -45845
-338853 -45845 -338852 -45845
-338755 -45845 -338756 -45845
-338375 -45845 -338376 -45845
-338530 -45845 -338529 -45845
-338701 -45845 -338700 -45845
-338667 -45845 -338668 -45845
-339279 -45845 -339278 -45845
-338456 -45845 -338455 -45845
-339094 -45845 -339093 -45845
-339317 -45845 -339318 -45845
-338984 -45845 -338983 -45845
-339088 -45845 -339089 -45845
-338905 -45845 -338904 -45845
-338933 -45845 -338932 -45845
-339049 -45845 -339050 -45845
-338670 -45845 -338669 -45845
-338361 -45845 -338362 -45845
-338779 -45845 -338780 -45845
-338843 -45845 -338842 -45845
-339304 -45845 -339303 -45845
-338823 -45845 -338824 -45845
-339069 -45845 -339070 -45845
-339169 -45845 -339168 -45845
-338729 -45845 -338728 -45845
-338639 -45845 -338640 -45845
-338407 -45845 -338406 -45845
-338881 -45845 -338882 -45845
-338392 -45845 -338393 -45845
-339156 -45845 -339155 -45845
-339272 -45845 -339273 -45845
-339243 -45845 -339242 -45845
-338581 -45845 -338580 -45845
-339074 -45845 -339073 -45845
-338464 -45845 -338463 -45845
-339005 -45845 -339004 -45845
-339040 -45845 -339039 -45845
-338558 -45845 -338557 -45845
-339263 -45845 -339262 -45845
-338829 -45845 -338830 -45845
-338777 -45845 -338776 -45845
-339109 -45845 -339108 -45845
-338971 -45845 -338972 -45845
-338618 -45845 -338617 -45845
-338481 -45845 -338482 -45845
-338945 -45845 -338944 -45845
-338754 -45845 -338753 -45845
-338492 -45845 -338493 -45845
-338606 -45845 -338607 -45845
-339342 -45845 -339343 -45845
-339094 -45845 -339095 -45845
-339081 -45845 -339080 -45845
-339184 -45845 -339183 -45845
-339173 -45845 -339172 -45845
-338616 -45845 -338617 -45845
-338603 -45845 -338604 -45845
-338551 -45845 -338552 -45845
-338762 -45845 -338761 -45845
-338454 -45845 -338453 -45845
-338561 -45845 -338560 -45845
-338497 -45845 -338498 -45845
-338821 -45845 -338820 -45845
-339031 -45845 -339030 -45845
-338621 -45845 -338620 -45845
-338515 -45845 -338516 -45845
-338711 -45845 -338710 -45845
-338908 -45845 -338907 -45845
-338941 -45845 -338942 -45845
-338630 -45845 -338629 -45845
-339240 -45845 -339241 -45845
-339189 -45845 -339190 -45845
-338950 -45845 -338949 -45845
-338980 -45845 -338979 -45845
-339073 -45845 -339072 -45845
-339162 -45845 -339161 -45845
-338781 -45845 -338782 -45845
-338984 -45845 -338985 -45845
-339296 -45845 -339297 -45845
-338767 -45845 -338768 -45845
-338508 -45845 -338507 -45845
-338825 -45845 -338824 -45845
-338660 -45845 -338661 -45845
-338409 -45845 -338410 -45845
-338502 -45845 -338503 -45845
-338567 -45845 -338568 -45845
-339325 -45845 -339326 -45845
-339012 -45845 -339011 -45845
-339192 -45845 -339193 -45845
-339068 -45845 -339067 -45845
-338763 -45845 -338764 -45845
-338862 -45845 -338861 -45845
-338751 -45845 -338750 -45845
-338887 -45845 -338886 -45845
-339146 -45845 -339145 -45845
-338840 -45845 -338841 -45845
-338656 -45845 -338657 -45845
-338917 -45845 -338916 -45845
-338867 -45845 -338866 -45845
-338774 -45845 -338773 -45845
-338420 -45845 -338421 -45845
-339331 -45845 -339332 -45845
-338453 -45845 -338452 -45845
-338629 -45845 -338628 -45845
-338856 -45845 -338855 -45845
-338784 -45845 -338785 -45845
-339319 -45845 -339318 -45845
-338386 -45845 -338387 -45845
-339001 -45845 -339002 -45845
-339355 -45845 -339354 -45845
-338373 -45845 -338374 -45845
-338806 -45845 -338805 -45845
-339164 -45845 -339163 -45845
-338739 -45845 -338740 -45845
-338901 -45845 -338900 -45845
-338368 -45845 -338369 -45845
-339268 -45845 -339267 -45845
-338749 -45845 -338750 -45845
-338493 -45845 -338494 -45845
-339069 -45845 -339068 -45845
-338442 -45845 -338441 -45845
-338729 -45845 -338730 -45845
-339165 -45845 -339166 -45845
-338536 -45845 -338537 -45845
-338501 -45845 -338500 -45845
-338541 -45845 -338542 -45845
-339224 -45845 -339223 -45845
-339201 -45845 -339202 -45845
-339228 -45845 -339229 -45845
-339077 -45845 -339076 -45845
-338971 -45845 -338970 -45845
-338460 -45845 -338461 -45845
-338688 -45845 -338689 -45845
-338608 -45845 -338609 -45845
-339253 -45845 -339254 -45845
-339188 -45845 -339189 -45845
-338791 -45845 -338792 -45845
-338611 -45845 -338612 -45845
-338672 -45845 -338673 -45845
-338857 -45845 -338856 -45845
-339304 -45845 -339305 -45845
-338744 -45845 -338743 -45845
-338546 -45845 -338545 -45845
-338562 -45845 -338561 -45845
-338830 -45845 -338831 -45845
-339336 -45845 -339337 -45845
-338727 -45845 -338726 -45845
-338531 -45845 -338530 -45845
-338859 -45845 -338860 -45845
-338854 -45845 -338855 -45845
-339329 -45845 -339330 -45845
-338423 -45845 -338422 -45845
-339218 -45845 -339217 -45845
-338767 -45845 -338766 -45845
-338646 -45845 -338645 -45845
-339203 -45845 -339204 -45845
-338457 -45845 -338456 -45845
-339308 -45845 -339309 -45845
-338393 -45845 -338394 -45845
-338683 -45845 -338684 -45845
-338839 -45845 -338838 -45845
-338535 -45845 -338536 -45845
-338903 -45845 -338902 -45845
-338774 -45845 -338775 -45845
-339099 -45845 -339098 -45845
-338490 -45845 -338491 -45845
-338686 -45845 -338685 -45845
-338638 -45845 -338639 -45845
-338890 -45845 -338891 -45845
-338666 -45845 -338665 -45845
-339071 -45845 -339070 -45845
-338584 -45845 -338583 -45845
-338602 -45845 -338603 -45845
-339355 -45845 -339356 -45845
-338435 -45845 -338436 -45845
-338704 -45845 -338703 -45845
-338369 -45845 -338370 -45845
-338559 -45845 -338558 -45845
-338816 -45845 -338817 -45845
-338933 -45845 -338934 -45845
-338405 -45845 -338406 -45845
-339347 -45845 -339346 -45845
-338381 -45845 -338382 -45845
-339283 -45845 -339284 -45845
-339289 -45845 -339290 -45845
-339322 -45845 -339323 -45845
-338473 -45845 -338472 -45845
-338469 -45845 -338470 -45845
-338651 -45845 -338652 -45845
-339000 -45845 -338999 -45845
-338918 -45845 -338917 -45845
-338669 -45845 -338668 -45845
-339082 -45845 -339081 -45845
-339116 -45845 -339117 -45845
-338731 -45845 -338732 -45845
-338447 -45845 -338446 -45845
-338951 -45845 -338952 -45845
-338438 -45845 -338437 -45845
-338786 -45845 -338787 -45845
-339147 -45845 -339148 -45845
-339339 -45845 -339338 -45845
-339349 -45845 -339350 -45845
-338875 -45845 -338874 -45845
-338975 -45845 -338976 -45845
-338717 -45845 -338716 -45845
-339008 -45845 -339007 -45845
-339307 -45845 -339306 -45845
-339183 -45845 -339182 -45845
-339207 -45845 -339208 -45845
-338461 -45845 -338462 -45845
-339043 -45845 -339044 -45845
-338718 -45845 -338717 -45845
-339331 -45845 -339330 -45845
-339319 -45845 -339320 -45845
-338715 -45845 -338716 -45845
-338432 -45845 -338431 -45845
-338447 -45845 -338448 -45845
-338786 -45845 -338785 -45845
-339216 -45845 -339217 -45845
-339335 -45845 -339336 -45845
-338537 -45845 -338538 -45845
-338679 -45845 -338678 -45845
-338926 -45845 -338927 -45845
-339026 -45845 -339027 -45845
-338985 -45845 -338986 -45845
-339257 -45845 -339258 -45845
-338869 -45845 -338870 -45845
-338790 -45845 -338789 -45845
-338731 -45845 -338730 -45845
-338914 -45845 -338915 -45845
-338384 -45845 -338383 -45845
-338398 -45845 -338399 -45845
-338927 -45845 -338928 -45845
-338666 -45845 -338667 -45845
-338416 -45845 -338417 -45845
-339238 -45845 -339239 -45845
-338682 -45845 -338681 -45845
-339091 -45845 -339092 -45845
-339166 -45845 -339167 -45845
-338660 -45845 -338659 -45845
-338596 -45845 -338597 -45845
-339268 -45845 -339269 -45845
-339159 -45845 -339158 -45845
-338431 -45845 -338430 -45845
-338902 -45845 -338901 -45845
-338978 -45845 -338977 -45845
-338721 -45845 -338722 -45845
-339246 -45845 -339245 -45845
-339103 -45845 -339104 -45845
-338815 -45845 -338814 -45845
435135 -423965 -338359 -45845
-338953 -45845 -338952 -45845
-339086 -45845 -339085 -45845
-338974 -45845 -338975 -45845
-338687 -45845 -338686 -45845
-338535 -45845 -338534 -45845
-338836 -45845 -338835 -45845
-339205 -45845 -339204 -45845
-338814 -45845 -338813 -45845
-338745 -45845 -338744 -45845
-338424 -45845 -338425 -45845
-339210 -45845 -339209 -45845
-338496 -45845 -338497 -45845
-338900 -45845 -338899 -45845
-338745 -45845 -338746 -45845
-339300 -45845 -339299 -45845
-338567 -45845 -338566 -45845
-339286 -45845 -339287 -45845
-338930 -45845 -338931 -45845
-339276 -45845 -339277 -45845
-339293 -45845 -339294 -45845
-338757 -45845 -338758 -45845
-339181 -45845 -339182 -45845
-338683 -45845 -338682 -45845
-338556 -45845 -338555 -45845
-339062 -45845 -339061 -45845
-338894 -45845 -338895 -45845
-338534 -45845 -338533 -45845
-339214 -45845 -339215 -45845
-338907 -45845 -338906 -45845
-339138 -45845 -339139 -45845
-338509 -45845 -338510 -45845
-338476 -45845 -338475 -45845
-338834 -45845 -338835 -45845
-338847 -45845 -338848 -45845
-338937 -45845 -338938 -45845
-338810 -45845 -338811 -45845
-338937 -45845 -338936 -45845
-338720 -45845 -338719 -45845
-338664 -45845 -338663 -45845
-339130 -45845 -339131 -45845
-338520 -45845 -338521 -45845
-338538 -45845 -338539 -45845
-339143 -45845 -339142 -45845
-338832 -45845 -338831 -45845
-339311 -45845 -339310 -45845
-338401 -45845 -338402 -45845
-339197 -45845 -339196 -45845
-339169 -45845 -339170 -45845
-338650 -45845 -338651 -45845
-338471 -45845 -338472 -45845
-338548 -45845 -338549 -45845
-338877 -45845 -338878 -45845
-339313 -45845 -339312 -45845
-338894 -45845 -338893 -45845
-338691 -45845 -338692 -45845
-339174 -45845 -339175 -45845
-338506 -45845 -338507 -45845
-338623 -45845 -338622 -45845
-338882 -45845 -338883 -45845
-339291 -45845 -339290 -45845
-339341 -45845 -339342 -45845
-339057 -45845 -339058 -45845
-338808 -45845 -338809 -45845
-339214 -45845 -339213 -45845
-339275 -45845 -339274 -45845
-339177 -45845 -339176 -45845
-339017 -45845 -339018 -45845
-339328 -45845 -339327 -45845
-338626 -45845 -338627 -45845
-338433 -45845 -338434 -45845
-339151 -45845 -339150 -45845
-339177 -45845 -339178 -45845
-339195 -45845 -339196 -45845
-338723 -45845 -338724 -45845
-338613 -45845 -338614 -45845
-338770 -45845 -338771 -45845
-338375 -45845 -338374 -45845
-339171 -45845 -339172 -45845
-338565 -45845 -338564 -45845
-338878 -45845 -338879 -45845
-338643 -45845 -338642 -45845
-338647 -45845 -338646 -45845
-338681 -45845 -338680 -45845
-338708 -45845 -338709 -45845
-339024 -45845 -339023 -45845
-339133 -45845 -339134 -45845
-338400 -45845 -338399 -45845
-338488 -45845 -338487 -45845
-338481 -45845 -338480 -45845
-338739 -45845 -338738 -45845
-338853 -45845 -338854 -45845
-338915 -45845 -338916 -45845
-338391 -45845 -338390 -45845
-338564 -45845 -338563 -45845
-339171 -45845 -339170 -45845
-338941 -45845 -338940 -45845
-338699 -45845 -338698 -45845
-339261 -45845 -339260 -45845
-338748 -45845 -338749 -45845
-338514 -45845 -338515 -45845
-339111 -45845 -339112 -45845
-338792 -45845 -338793 -45845
-338956 -45845 -338957 -45845
-338775 -45845 -338776 -45845
-338397 -45845 -338396 -45845
-339039 -45845 -339038 -45845
-339013 -45845 -339014 -45845
-338517 -45845 -338518 -45845
-339038 -45845 -339037 -45845
-339133 -45845 -339132 -45845
-339012 -45845 -339013 -45845
-338614 -45845 -338615 -45845
-338546 -45845 -338547 -45845
-338922 -45845 -338921 -45845
-338670 -45845 -338671 -45845
-339285 -45845 -339286 -45845
-339297 -45845 -339298 -45845
-338414 -45845 -338413 -45845
-339022 -45845 -339021 -45845
-338579 -45845 -338580 -45845
-339200 -45845 -339199 -45845
-339137 -45845 -339138 -45845
-338602 -45845 -338601 -45845
-339256 -45845 -339255 -45845
-338559 -45845 -338560 -45845
-338889 -45845 -338890 -45845
-338634 -45845 -338633 -45845
-338893 -45845 -338892 -45845
-338765 -45845 -338766 -45845
-338477 -45845 -338478 -45845
-338802 -45845 -338801 -45845
-338543 -45845 -338544 -45845
-338807 -45845 -338806 -45845
-339125 -45845 -339126 -45845
-338939 -45845 -338938 -45845
-339092 -45845 -339093 -45845
-339178 -45845 -339179 -45845
-339249 -45845 -339250 -45845
-339153 -45845 -339154 -45845
-338944 -45845 -338943 -45845
-338877 -45845 -338876 -45845
-338876 -45845 -338875 -45845
-339041 -45845 -339042 -45845
-338418 -45845 -338417 -45845
-338412 -45845 -338411 -45845
-338748 -45845 -338747 -45845
-339107 -45845 -339108 -45845
-338499 -45845 -338500 -45845
-339231 -45845 -339230 -45845
-338690 -45845 -338689 -45845
-338961 -45845 -338960 -45845
-338463 -45845 -338462 -45845
-338445 -45845 -338446 -45845
-338870 -45845 -338871 -45845
-339034 -45845 -339033 -45845
-338943 -45845 -338942 -45845
-338594 -45845 -338595 -45845
-338569 -45845 -338570 -45845
-338572 -45845 -338573 -45845
-339201 -45845 -339200 -45845
-338654 -45845 -338655 -45845
-338571 -45845 -338572 -45845
-338641 -45845 -338640 -45845
-339179 -45845 -339180 -45845
-338712 -45845 -338713 -45845
-338632 -45845 -338631 -45845
-338707 -45845 -338708 -45845
-338990 -45845 -338989 -45845
-338485 -45845 -338484 -45845
-338965 -45845 -338966 -45845
-339104 -45845 -339105 -45845
-339041 -45845 -339040 -45845
-339351 -45845 -339350 -45845
-338711 -45845 -338712 -45845
-338888 -45845 -338889 -45845
-338605 -45845 -338604 -45845
-339271 -45845 -339272 -45845
-339079 -45845 -339080 -45845
-338641 -45845 -338642 -45845
-339129 -45845 -339130 -45845
-339347 -45845 -339348 -45845
-338974 -45845 -338973 -45845
-338519 -45845 -338520 -45845
-338846 -45845 -338845 -45845
-338822 -45845 -338821 -45845
-338593 -45845 -338594 -45845
-339156 -45845 -339157 -45845
-339348 -45845 -339349 -45845
-339046 -45845 -339045 -45845
-338449 -45845 -338448 -45845
-338839 -45845 -338840 -45845
-339168 -45845 -339167 -45845
-339247 -45845 -339248 -45845
-339025 -45845 -339026 -45845
-339216 -45845 -339215 -45845
-338879 -45845 -338880 -45845
-338496 -45845 -338495 -45845
-339018 -45845 -339019 -45845
-338449 -45845 -338450 -45845
-338645 -45845 -338644 -45845
-338813 -45845 -338812 -45845
-339337 -45845 -339338 -45845
-338768 -45845 -338769 -45845
-338757 -45845 -338756 -45845
-339222 -45845 -339223 -45845
-338474 -45845 -338475 -45845
-338653 -45845 -338654 -45845
-338753 -45845 -338752 -45845
-338923 -45845 -338922 -45845
-339064 -45845 -339065 -45845
-338451 -45845 -338450 -45845
-339144 -45845 -339145 -45845
-338542 -45845 -338543 -45845
-338424 -45845 -338423 -45845
-339235 -45845 -339234 -45845
-338370 -45845 -338371 -45845
-338583 -45845 -338582 -45845
-339115 -45845 -339114 -45845
-338597 -45845 -338598 -45845
-338833 -45845 -338834 -45845
-338858 -45845 -338857 -45845
-338791 -45845 -338790 -45845
-338586 -45845 -338585 -45845
-338550 -45845 -338549 -45845
-339322 -45845 -339321 -45845
-338635 -45845 -338636 -45845
-338818 -45845 -338819 -45845
-338600 -45845 -338601 -45845
-338662 -45845 -338661 -45845
-338705 -45845 -338704 -45845
-338694 -45845 -338695 -45845
-339124 -45845 -339125 -45845
-339028 -45845 -339029 -45845
-339227 -45845 -339228 -45845
-338935 -45845 -338936 -45845
-339345 -45845 -339344 -45845
-338618 -45845 -338619 -45845
-339032 -45845 -339033 -45845
-339090 -45845 -339091 -45845
-338655 -45845 -338656 -45845
-338410 -45845 -338411 -45845
-339244 -45845 -339243 -45845
-339046 -45845 -339047 -45845
-339271 -45845 -339270 -45845
-339120 -45845 -339121 -45845
-338795 -45845 -338796 -45845
-339113 -45845 -339114 -45845
-339218 -45845 -339219 -45845
-338966 -45845 -338967 -45845
-339225 -45845 -339226 -45845
-339106 -45845 -339107 -45845
-338474 -45845 -338473 -45845
-338742 -45845 -338743 -45845
-338680 -45845 -338679 -45845
-339288 -45845 -339287 -45845
-339004 -45845 -339003 -45845
-339045 -45845 -339044 -45845
-338793 -45845 -338794 -45845
-338403 -45845 -338402 -45845
-339084 -45845 -339083 -45845
-338519 -45845 -338518 -45845
-338825 -45845 -338826 -45845
-338524 -45845 -338523 -45845
-339025 -45845 -339024 -45845
-338962 -45845 -338963 -45845
-338503 -45845 -338504 -45845
-338388 -45845 -338387 -45845
-338627 -45845 -338628 -45845
-339005 -45845 -339006 -45845
-338521 -45845 -338522 -45845
-338674 -45845 -338675 -45845
-339037 -45845 -339036 -45845
-338945 -45845 -338946 -45845
-338719 -45845 -338718 -45845
-339186 -45845 -339185 -45845
-338665 -45845 -338664 -45845
-339001 -45845 -339000 -45845
-338747 -45845 -338746 -45845
-338988 -45845 -338989 -45845
-338675 -45845 -338676 -45845
-338576 -45845 -338577 -45845
-338486 -45845 -338487 -45845
-338591 -45845 -338590 -45845
-338635 -45845 -338634 -45845
-338980 -45845 -338981 -45845
-338833 -45845 -338832 -45845
-339016 -45845 -339017 -45845
-338788 -45845 -338789 -45845
-338468 -45845 -338469 -45845
-338962 -45845 -338961 -45845
-338523 -45845 -338522 -45845
-338598 -45845 -338599 -45845
-338886 -45845 -338885 -45845
-339101 -45845 -339102 -45845
-339164 -45845 -339165 -45845
-338947 -45845 -338946 -45845
-338459 -45845 -338458 -45845
-339161 -45845 -339160 -45845
-338866 -45845 -338865 -45845
-339327 -45845 -339326 -45845
-338528 -45845 -338527 -45845
-338579 -45845 -338578 -45845
-339071 -45845 -339072 -45845
-339097 -45845 -339098 -45845
-339149 -45845 -339150 -45845
-338362 -45845 -338363 -45845
-338492 -45845 -338491 -45845
-339202 -45845 -339203 -45845
-338389 -45845 -338390 -45845
-339335 -45845 -339334 -45845
-338772 -45845 -338771 -45845
-339051 -45845 -339050 -45845
-339252 -45845 -339253 -45845
-338784 -45845 -338783 -45845
-339354 -45845 -339353 -45845
-339187 -45845 -339186 -45845
-338798 -45845 -338797 -45845
-339232 -45845 -339231 -45845
-339311 -45845 -339312 -45845
-338490 -45845 -338489 -45845
-339234 -45845 -339233 -45845
-338692 -45845 -338693 -45845
-338553 -45845 -338552 -45845
-338759 -45845 -338760 -45845
-338616 -45845 -338615 -45845
-339135 -45845 -339134 -45845
-338643 -45845 -338644 -45845
-338478 -45845 -338479 -45845
-339174 -45845 -339173 -45845
-338366 -45845 -338365 -45845
-338489 -45845 -338488 -45845
-338925 -45845 -338926 -45845
-339263 -45845 -339264 -45845
-339057 -45845 -339056 -45845
-338460 -45845 -338459 -45845
-339023 -45845 -339022 -45845
-339059 -45845 -339058 -45845
-338486 -45845 -338485 -45845
-338505 -45845 -338506 -45845
-339314 -45845 -339315 -45845
-339278 -45845 -339277 -45845
-338382 -45845 -338383 -45845
-338659 -45845 -338658 -45845
-339352 -45845 -339351 -45845
-338440 -45845 -338441 -45845
-338898 -45845 -338897 -45845
-339191 -45845 -339192 -45845
-338468 -45845 -338467 -45845
-339314 -45845 -339313 -45845
-339035 -45845 -339034 -45845
-338592 -45845 -338591 -45845
-339240 -45845 -339239 -45845
-338590 -45845 -338589 -45845
-339198 -45845 -339199 -45845
-338650 -45845 -338649 -45845
-339152 -45845 -339151 -45845
-338648 -45845 -338649 -45845
-338988 -45845 -338987 -45845
-338575 -45845 -338574 -45845
-338368 -45845 -338367 -45845
-339002 -45845 -339003 -45845
-338364 -45845 -338363 -45845
-339118 -45845 -339117 -45845
-338555 -45845 -338554 -45845
-338912 -45845 -338911 -45845
-338388 -45845 -338389 -45845
-338818 -45845 -338817 -45845
-339048 -45845 -339047 -45845
-339055 -45845 -339054 -45845
-338625 -45845 -338624 -45845
-338678 -45845 -338677 -45845
-338822 -45845 -338823 -45845
-338398 -45845 -338397 -45845
-338626 -45845 -338625 -45845
-338588 -45845 -338589 -45845
-338386 -45845 -338385 -45845
-338780 -45845 -338781 -45845
-339294 -45845 -339295 -45845
-338777 -45845 -338778 -45845
-339122 -45845 -339123 -45845
-339062 -45845 -339063 -45845
-339009 -45845 -339010 -45845
-338409 -45845 -338408 -45845
-338396 -45845 -338395 -45845
-338557 -45845 -338556 -45845
-339301 -45845 -339300 -45845
-338742 -45845 -338741 -45845
-338619 -45845 -338620 -45845
-338930 -45845 -338929 -45845
-338996 -45845 -338997 -45845
-338384 -45845 -338385 -45845
-338884 -45845 -338883 -45845
-338540 -45845 -338541 -45845
-338403 -45845 -338404 -45845
-338847 -45845 -338846 -45845
-339157 -45845 -339158 -45845
-338551 -45845 -338550 -45845
-338864 -45845 -338863 -45845
-339305 -45845 -339306 -45845
-338525 -45845 -338524 -45845
-338851 -45845 -338852 -45845
-338812 -45845 -338811 -45845
-338378 -45845 -338379 -45845
-338484 -45845 -338483 -45845
-338993 -45845 -338992 -45845
-339139 -45845 -339140 -45845
-338896 -45845 -338897 -45845
-338836 -45845 -338837 -45845
-338531 -45845 -338532 -45845
-339054 -45845 -339053 -45845
-338457 -45845 -338458 -45845
-339259 -45845 -339260 -45845
-338465 -45845 -338466 -45845
-338804 -45845 -338805 -45845
-338948 -45845 -338947 -45845
-338841 -45845 -338842 -45845
-339030 -45845 -339029 -45845
-339103 -45845 -339102 -45845
-338452 -45845 -338451 -45845
-339127 -45845 -339128 -45845
-338844 -45845 -338845 -45845
-338697 -45845 -338696 -45845
-338736 -45845 -338735 -45845
-339132 -45845 -339131 -45845
-339155 -45845 -339154 -45845
-338772 -45845 -338773 -45845
-339237 -45845 -339236 -45845
-338804 -45845 -338803 -45845
-338482 -45845 -338483 -45845
-338380 -45845 -338381 -45845
-339014 -45845 -339015 -45845
-339141 -45845 -339140 -45845
-339315 -45845 -339316 -45845
-339100 -45845 -339101 -45845
-338954 -45845 -338955 -45845
-338807 -45845 -338808 -45845
-338953 -45845 -338954 -45845
-338432 -45845 -338433 -45845
-338540 -45845 -338539 -45845
-339146 -45845 -339147 -45845
-338581 -45845 -338582 -45845
-338733 -45845 -338732 -45845
-338964 -45845 -338965 -45845
-339333 -45845 -339332 -45845
-338735 -45845 -338734 -45845
-338436 -45845 -338437 -45845
-339222 -45845 -339221 -45845
-338994 -45845 -338993 -45845
-339213 -45845 -339212 -45845
-339067 -45845 -339066 -45845
-339052 -45845 -339053 -45845
-338420 -45845 -338419 -45845
-338360 -45845 -338361 -45845
-338913 -45845 -338912 -45845
-339061 -45845 -339060 -45845
-338723 -45845 -338722 -45845
-338903 -45845 -338904 -45845
-339197 -45845 -339198 -45845
-338652 -45845 -338653 -45845
-338881 -45845 -338880 -45845
-339160 -45845 -339159 -45845
-338638 -45845 -338637 -45845
-338979 -45845 -338978 -45845
-339141 -45845 -339142 -45845
-339288 -45845 -339289 -45845
-338533 -45845 -338532 -45845
-338372 -45845 -338371 -45845
-338465 -45845 -338464 -45845
-339176 -45845 -339175 -45845
-339281 -45845 -339282 -45845
-338871 -45845 -338872 -45845
-339220 -45845 -339219 -45845
-338868 -45845 -338867 -45845
-338703 -45845 -338702 -45845
-338365 -45845 -338364 -45845
-338895 -45845 -338896 -45845
-338553 -45845 -338554 -45845
-339066 -45845 -339065 -45845
-339273 -45845 -339274 -45845
-338996 -45845 -338995 -45845
-338415 -45845 -338414 -45845
-339250 -45845 -339251 -45845
-338636 -45845 -338637 -45845
-338632 -45845 -338633 -45845
-339011 -45845 -339010 -45845
-338400 -45845 -338401 -45845
-338913 -45845 -338914 -45845
-339340 -45845 -339339 -45845
-338958 -45845 -338957 -45845
-339075 -45845 -339076 -45845
-339106 -45845 -339105 -45845
-338671 -45845 -338672 -45845
-338770 -45845 -338769 -45845
-338378 -45845 -338377 -45845
-338609 -45845 -338610 -45845
-338574 -45845 -338573 -45845
-338963 -45845 -338964 -45845
-339136 -45845 -339135 -45845
-338740 -45845 -338741 -45845
-338499 -45845 -338498 -45845
-339086 -45845 -339087 -45845
-338932 -45845 -338931 -45845
-339211 -45845 -339210 -45845
-338724 -45845 -338725 -45845
-338674 -45845 -338673 -45845
-338421 -45845 -338422 -45845
-339325 -45845 -339324 -45845
-339097 -45845 -339096 -45845
-338693 -45845 -338694 -45845
-338476 -45845 -338477 -45845
-338868 -45845 -338869 -45845
-338566 -45845 -338565 -45845
-338737 -45845 -338736 -45845
-338569 -45845 -338568 -45845
-339283 -45845 -339282 -45845
-339229 -45845 -339230 -45845
-339195 -45845 -339194 -45845
-339343 -45845 -339344 -45845
-338577 -45845 -338578 -45845
-338676 -45845 -338677 -45845
-339293 -45845 -339292 -45845
-338737 -45845 -338738 -45845
-338391 -45845 -338392 -45845
-339357 -45845 -339356 -45845
-338873 -45845 -338874 -45845
-338587 -45845 -338586 -45845
-339301 -45845 -339302 -45845
-339275 -45845 -339276 -45845
-339238 -45845 -339237 -45845
-338968 -45845 -338967 -45845
-338439 -45845 -338438 -45845
-338702 -45845 -338701 -45845
-338872 -45845 -338873 -45845
-338691 -45845 -338690 -45845
-338435 -45845 -338434 -45845
-338584 -45845 -338585 -45845
-339084 -45845 -339085 -45845
-339265 -45845 -339264 -45845
-338982 -45845 -338981 -45845
-338762 -45845 -338763 -45845
-338752 -45845 -338751 -45845
-339320 -45845 -339321 -45845
-338413 -45845 -338412 -45845
-339316 -45845 -339317 -45845
-339279 -45845 -339280 -45845
-339152 -45845 -339153 -45845
-339035 -45845 -339036 -45845
-338992 -45845 -338991 -45845
-338501 -45845 -338502 -45845
-338606 -45845 -338605 -45845
-338513 -45845 -338512 -45845
-338972 -45845 -338973 -45845
-339261 -45845 -339262 -45845
-338697 -45845 -338698 -45845
-339309 -45845 -339310 -45845
-338843 -45845 -338844 -45845
-338850 -45845 -338849 -45845
-339028 -45845 -339027 -45845
-338983 -45845 -338982 -45845
-339254 -45845 -339255 -45845
-338688 -45845 -338687 -45845
-339270 -45845 -339269 -45845
-338415 -45845 -338416 -45845
-338865 -45845 -338864 -45845
-338801 -45845 -338800 -45845
-338803 -45845 -338802 -45845
-339194 -45845 -339193 -45845
-338548 -45845 -338547 -45845
-338885 -45845 -338884 -45845
-338892 -45845 -338891 -45845
-338918 -45845 -338919 -45845
-338508 -45845 -338509 -45845
-339099 -45845 -339100 -45845
-338949 -45845 -338948 -45845
-338575 -45845 -338576 -45845
-338851 -45845 -338850 -45845
-338696 -45845 -338695 -45845
-338779 -45845 -338778 -45845
-338755 -45845 -338754 -45845
-338700 -45845 -338699 -45845
-339059 -45845 -339060 -45845
-338991 -45845 -338990 -45845
-339191 -45845 -339190 -45845
-338714 -45845 -338713 -45845
-338924 -45845 -338923 -45845
-338919 -45845 -338920 -45845
-338408 -45845 -338407 -45845
-338366 -45845 -338367 -45845
-338429 -45845 -338428 -45845
-339291 -45845 -339292 -45845
-338528 -45845 -338529 -45845
-339077 -45845 -339078 -45845
-339353 -45845 -339352 -45845
-338905 -45845 -338906 -45845
-339181 -45845 -339180 -45845
-338545 -45845 -338544 -45845
-339009 -45845 -339008 -45845
-339089 -45845 -339090 -45845
-338788 -45845 -338787 -45845
-339233 -45845 -339232 -45845
-339109 -45845 -339110 -45845
-339329 -45845 -339328 -45845
-338935 -45845 -338934 -45845
-338588 -45845 -338587 -45845
-339247 -45845 -339246 -45845
-338827 -45845 -338828 -45845
-338809 -45845 -338810 -45845
-338764 -45845 -338765 -45845
-338861 -45845 -338860 -45845
-338910 -45845 -338909 -45845
-338611 -45845 -338610 -45845
-339136 -45845 -339137 -45845
-339211 -45845 -339212 -45845
-338928 -45845 -338929 -45845
-339245 -45845 -339244 -45845
-338797 -45845 -338796 -45845
-339021 -45845 -339020 -45845
-339206 -45845 -339205 -45845
-338623 -45845 -338624 -45845
-339127 -45845 -339126 -45845
-338951 -45845 -338950 -45845
-338630 -45845 -338631 -45845
-339235 -45845 -339236 -45845
-339129 -45845 -339128 -45845
-339016 -45845 -339015 -45845
-338714 -45845 -338715 -45845
435135 -423965 -339357 -45845
-338427 -45845 -338428 -45845
-339032 -45845 -339031 -45845
-339043 -45845 -339042 -45845
-338505 -45845 -338504 -45845
-338612 -45845 -338613 -45845
-339122 -45845 -339121 -45845
-338663 -45845 -338662 -45845
-338794 -45845 -338795 -45845
-338600 -45845 -338599 -45845
-339334 -45845 -339333 -45845
-338986 -45845 -338987 -45845
-339267 -45845 -339266 -45845
-338799 -45845 -338800 -45845
-339148 -45845 -339149 -45845
-338727 -45845 -338728 -45845
-339225 -45845 -339224 -45845
-338760 -45845 -338761 -45845
-338648 -45845 -338647 -45845
-338592 -45845 -338593 -45845
-338658 -45845 -338657 -45845
-338956 -45845 -338955 -45845
-339048 -45845 -339049 -45845
-338442 -45845 -338443 -45845
-339308 -45845 -339307 -45845
-338426 -45845 -338425 -45845
-338563 -45845 -338562 -45845
-338685 -45845 -338684 -45845
-338372 -45845 -338373 -45845
-338925 -45845 -338924 -45845
-338969 -45845 -338970 -45845
-339207 -45845 -339206 -45845
-339087 -45845 -339088 -45845
-339110 -45845 -339111 -45845
-338444 -45845 -338445 -45845
-339299 -45845 -339298 -45845
-339078 -45845 -339079 -45845
-338725 -45845 -338726 -45845
-339120 -45845 -339119 -45845
-339064 -45845 -339063 -45845
-338570 -45845 -338571 -45845
-338782 -45845 -338783 -45845
-338512 -45845 -338511 -45845
-338479 -45845 -338480 -45845
-338516 -45845 -338517 -45845
-338958 -45845 -338959 -45845
-339221 -45845 -339220 -45845
-339075 -45845 -339074 -45845
-339118 -45845 -339119 -45845
-339113 -45845 -339112 -45845
-339188 -45845 -339187 -45845
-339265 -45845 -339266 -45845
-339226 -45845 -339227 -45845
-339258 -45845 -339259 -45845
-338376 -45845 -338377 -45845
-338959 -45845 -338960 -45845
-339256 -45845 -339257 -45845
-338455 -45845 -338454 -45845
-338815 -45845 -338816 -45845
-338758 -45845 -338759 -45845
-338997 -45845 -338998 -45845
-338495 -45845 -338494 -45845
-338859 -45845 -338858 -45845
-338595 -45845 -338596 -45845
-338826 -45845 -338827 -45845
-338909 -45845 -338908 -45845
-338709 -45845 -338710 -45845
-338439 -45845 -338440 -45845
-338848 -45845 -338849 -45845
-338429 -45845 -338430 -45845
-338419 -45845 -338418 -45845
-339162 -45845 -339163 -45845
-338733 -45845 -338734 -45845
-338829 -45845 -338828 -45845
-338820 -45845 -338819 -45845
-338471 -45845 -338470 -45845
-339296 -45845 -339295 -45845
-338721 -45845 -338720 -45845
-338525 -45845 -338526 -45845
-339248 -45845 -339249 -45845
-339340 -45845 -339341 -45845
-339281 -45845 -339280 -45845
-338514 -45845 -338513 -45845
-338899 -45845 -338898 -45845
-338511 -45845 -338510 -45845
