1000
-427621 -617262 -427621 -617261
-427621 -617481 -427621 -617480
-427621 -617521 -427621 -617522
-427621 -617059 -427621 -617058
-427621 -616954 -427621 -616955
-427621 -616953 -427621 -616952
-427621 -617134 -427621 -617135
-427621 -617125 -427621 -617124
-427621 -617032 -427621 -617033
-427621 -617082 -427621 -617081
-427621 -617917 -427621 -617918
-427621 -617266 -427621 -617267
-427621 -617432 -427621 -617433
-427621 -617330 -427621 -617331
-427621 -616974 -427621 -616975
-427621 -617145 -427621 -617146
-427621 -617527 -427621 -617526
-427621 -617335 -427621 -617336
-427621 -617156 -427621 -617155
-427621 -617882 -427621 -617883
-427621 -617857 -427621 -617856
-427621 -617300 -427621 -617299
-427621 -617435 -427621 -617434
-427621 -617140 -427621 -617139
-427621 -617744 -427621 -617743
-427621 -617279 -427621 -617280
-427621 -617240 -427621 -617241
-427621 -617505 -427621 -617504
-427621 -617833 -427621 -617834
-427621 -616974 -427621 -616973
-427621 -617068 -427621 -617069
-427621 -617169 -427621 -617168
-427621 -617115 -427621 -617116
-427621 -617255 -427621 -617254
-427621 -617225 -427621 -617224
-427621 -617695 -427621 -617696
-427621 -617567 -427621 -617566
-427621 -617086 -427621 -617085
-427621 -617493 -427621 -617492
-427621 -617541 -427621 -617542
-427621 -617380 -427621 -617381
-427621 -617452 -427621 -617453
-427621 -617444 -427621 -617445
-427621 -617841 -427621 -617840
-427621 -617682 -427621 -617683
-427621 -617511 -427621 -617510
-427621 -617588 -427621 -617589
-427621 -617373 -427621 -617372
-427621 -617334 -427621 -617335
-427621 -617181 -427621 -617180
-427621 -617689 -427621 -617688
-427621 -617071 -427621 -617072
-427621 -617340 -427621 -617339
-427621 -617282 -427621 -617283
-427621 -617213 -427621 -617212
-427621 -617201 -427621 -617202
-427621 -617062 -427621 -617063
-427621 -617204 -427621 -617203
-427621 -617438 -427621 -617437
-427621 -617417 -427621 -617418
-427621 -617147 -427621 -617146
-427621 -616986 -427621 -616987
-427621 -617202 -427621 -617203
-427621 -617116 -427621 -617117
-427621 -617910 -427621 -617909
-427621 -617462 -427621 -617463
-427621 -617375 -427621 -617376
-427621 -617597 -427621 -617596
-427621 -617449 -427621 -617448
-427621 -617252 -427621 -617253
-427621 -617230 -427621 -617229
-427621 -617905 -427621 -617904
-427621 -617875 -427621 -617874
-427621 -617602 -427621 -617603
-427621 -617471 -427621 -617470
-427621 -617158 -427621 -617157
-427621 -617550 -427621 -617549
-427621 -617668 -427621 -617667
-427621 -617535 -427621 -617536
-427621 -616938 -427621 -616939
-427621 -617790 -427621 -617789
-427621 -617583 -427621 -617582
-427621 -616987 -427621 -616988
-427621 -617860 -427621 -617861
-427621 -617842 -427621 -617841
-427621 -617454 -427621 -617453
-427621 -617767 -427621 -617766
-427621 -616944 -427621 -616943
-427621 -617535 -427621 -617534
-427621 -617560 -427621 -617561
-427621 -616956 -427621 -616955
-427621 -617726 -427621 -617727
-427621 -617754 -427621 -617755
-427621 -617613 -427621 -617614
-427621 -617811 -427621 -617810
-427621 -617895 -427621 -617894
-427621 -617505 -427621 -617506
-427621 -617468 -427621 -617467
-427621 -617561 -427621 -617562
-427621 -617746 -427621 -617745
-427621 -617870 -427621 -617869
-427621 -617850 -427621 -617849
-427621 -617499 -427621 -617500
-427621 -617763 -427621 -617762
-427621 -617777 -427621 -617776
-427621 -616962 -427621 -616961
-427621 -617103 -427621 -617104
-427621 -617291 -427621 -617290
-427621 -617367 -427621 -617368
-427621 -617231 -427621 -617230
-427621 -617582 -427621 -617581
-427621 -617552 -427621 -617553
-427621 -617731 -427621 -617732
-427621 -617210 -427621 -617209
-427621 -617872 -427621 -617871
-427621 -617094 -427621 -617095
-427621 -617011 -427621 -617012
-427621 -617038 -427621 -617037
-427621 -617687 -427621 -617688
-427621 -616963 -427621 -616964
-427621 -617576 -427621 -617577
-427621 -617865 -427621 -617866
-427621 -617390 -427621 -617391
-427621 -617264 -427621 -617263
-427621 -617836 -427621 -617835
-427621 -617805 -427621 -617804
-427621 -617738 -427621 -617739
-427621 -617184 -427621 -617183
-427621 -617719 -427621 -617718
-427621 -617584 -427621 -617583
-427621 -617842 -427621 -617843
-427621 -617697 -427621 -617696
-427621 -617157 -427621 -617156
-427621 -616970 -427621 -616971
-427621 -617137 -427621 -617138
-427621 -617236 -427621 -617235
-427621 -617222 -427621 -617221
-427621 -617908 -427621 -617907
-427621 -617016 -427621 -617017
-427621 -616986 -427621 -616985
-427621 -617652 -427621 -617651
-427621 -617149 -427621 -617148
-427621 -616938 -427621 -616937
-427621 -617569 -427621 -617568
-427621 -617928 -261268 312742
-427621 -617432 -427621 -617431
-427621 -617864 -427621 -617863
-427621 -617720 -427621 -617721
-427621 -617680 -427621 -617681
-427621 -617441 -427621 -617442
-427621 -617817 -427621 -617818
-427621 -617527 -427621 -617528
-427621 -617031 -427621 -617030
-427621 -617325 -427621 -617326
-427621 -617637 -427621 -617638
-427621 -616984 -427621 -616985
-427621 -617633 -427621 -617632
-427621 -617540 -427621 -617539
-427621 -617135 -427621 -617136
-427621 -617153 -427621 -617154
-427621 -617580 -427621 -617579
-427621 -617494 -427621 -617493
-427621 -617574 -427621 -617575
-427621 -617909 -427621 -617908
-427621 -617872 -427621 -617873
-427621 -616941 -427621 -616940
-427621 -617484 -427621 -617483
-427621 -617774 -427621 -617775
-427621 -617133 -427621 -617132
-427621 -617172 -427621 -617171
-427621 -617912 -427621 -617913
-427621 -617822 -427621 -617823
-427621 -617864 -427621 -617865
-427621 -617159 -427621 -617158
-427621 -617906 -427621 -617907
-427621 -617658 -427621 -617659
-427621 -617541 -427621 -617540
-427621 -617296 -427621 -617295
-427621 -617554 -427621 -617553
-427621 -616961 -427621 -616960
-427621 -617923 -427621 -617924
-427621 -617791 -427621 -617792
-427621 -617092 -427621 -617093
-427621 -617408 -427621 -617409
-427621 -617103 -427621 -617102
-427621 -617406 -427621 -617405
-427621 -617595 -427621 -617594
-427621 -617783 -427621 -617784
-427621 -616967 -427621 -616968
-427621 -617745 -427621 -617744
-427621 -617429 -427621 -617430
-427621 -617080 -427621 -617079
-427621 -617815 -427621 -617816
-427621 -617004 -427621 -617005
-427621 -617626 -427621 -617627
-427621 -617523 -427621 -617522
-427621 -616957 -427621 -616956
-427621 -617089 -427621 -617090
-427621 -617078 -427621 -617077
-427621 -617466 -427621 -617467
-427621 -617194 -427621 -617193
-427621 -616980 -427621 -616979
-427621 -617878 -427621 -617879
-427621 -617921 -427621 -617920
-427621 -617723 -427621 -617722
-427621 -617545 -427621 -617546
-427621 -617337 -427621 -617338
-427621 -617899 -427621 -617900
-427621 -617104 -427621 -617105
-427621 -616945 -427621 -616946
-427621 -617066 -427621 -617067
-427621 -617703 -427621 -617704
-427621 -617237 -427621 -617238
-427621 -617165 -427621 -617164
-427621 -617711 -427621 -617710
-427621 -617701 -427621 -617700
-427621 -617563 -427621 -617564
-427621 -617604 -427621 -617605
-427621 -617725 -427621 -617726
-427621 -617310 -427621 -617311
-427621 -617260 -427621 -617259
-427621 -617195 -427621 -617196
-427621 -617089 -427621 -617088
-427621 -617118 -427621 -617119
-427621 -617313 -427621 -617314
-427621 -617474 -427621 -617475
-427621 -617761 -427621 -617762
-427621 -616943 -427621 -616942
-427621 -617517 -427621 -617516
-427621 -617790 -427621 -617791
-427621 -617245 -427621 -617246
-427621 -617721 -427621 -617722
-427621 -616959 -427621 -616958
-427621 -617751 -427621 -617752
-427621 -617003 -427621 -617004
-427621 -617110 -427621 -617111
-427621 -617767 -427621 -617768
-427621 -617098 -427621 -617099
-427621 -616930 -427621 -616931
-427621 -617826 -427621 -617827
-427621 -617375 -427621 -617374
-427621 -617737 -427621 -617738
-427621 -617581 -427621 -617580
-427621 -617163 -427621 -617162
-427621 -617639 -427621 -617638
-427621 -616965 -427621 -616964
-427621 -617096 -427621 -617097
-427621 -617846 -427621 -617845
-427621 -617130 -427621 -617129
-427621 -616993 -427621 -616992
-427621 -617775 -427621 -617776
-427621 -617497 -427621 -617498
-427621 -617217 -427621 -617218
-427621 -617254 -427621 -617253
-427621 -617302 -427621 -617303
-427621 -617881 -427621 -617880
-427621 -617674 -427621 -617673
-427621 -616935 -427621 -616934
-427621 -617242 -427621 -617241
-427621 -617624 -427621 -617625
-427621 -617515 -427621 -617516
-427621 -617264 -427621 -617265
-427621 -617479 -427621 -617480
-427621 -617119 -427621 -617120
-427621 -617226 -427621 -617225
-427621 -617385 -427621 -617386
-427621 -617324 -427621 -617325
-427621 -617279 -427621 -617278
-427621 -617133 -427621 -617134
-427621 -617108 -427621 -617109
-427621 -617905 -427621 -617906
-427621 -617813 -427621 -617812
-427621 -617105 -427621 -617106
-427621 -617115 -427621 -617114
-427621 -617290 -427621 -617289
-427621 -617671 -427621 -617672
-427621 -617098 -427621 -617097
-427621 -617760 -427621 -617759
-427621 -617384 -427621 -617385
-427621 -617437 -427621 -617436
-427621 -617198 -427621 -617197
-427621 -617524 -427621 -617525
-427621 -617331 -427621 -617332
-427621 -617710 -427621 -617709
-427621 -617185 -427621 -617184
-427621 -617064 -427621 -617063
-427621 -617294 -427621 -617295
-427621 -617715 -427621 -617716
-427621 -617061 -427621 -617060
-427621 -617507 -427621 -617508
-427621 -617210 -427621 -617211
-427621 -617313 -427621 -617312
-427621 -617083 -427621 -617084
-427621 -617261 -427621 -617260
-427621 -617825 -427621 -617824
-427621 -617878 -427621 -617877
-427621 -617491 -427621 -617492
-427621 -617439 -427621 -617438
-427621 -617484 -427621 -617485
-427621 -617748 -427621 -617747
-427621 -617061 -427621 -617062
-427621 -617206 -427621 -617207
-427621 -617665 -427621 -617666
-427621 -617875 -427621 -617876
-427621 -617539 -427621 -617538
-427621 -617836 -427621 -617837
-427621 -617346 -427621 -617347
-427621 -617634 -427621 -617635
-427621 -617619 -427621 -617618
-427621 -617672 -427621 -617673
-427621 -617571 -427621 -617570
-427621 -617667 -427621 -617666
-427621 -617593 -427621 -617592
-427621 -617442 -427621 -617443
-427621 -617373 -427621 -617374
-427621 -617270 -427621 -617269
-427621 -617163 -427621 -617164
-427621 -617043 -427621 -617044
-427621 -617734 -427621 -617735
-427621 -617925 -427621 -617924
-427621 -617343 -427621 -617344
-427621 -617661 -427621 -617662
-427621 -617424 -427621 -617423
-427621 -617239 -427621 -617240
-427621 -616932 -427621 -616933
-427621 -617879 -427621 -617880
-427621 -617387 -427621 -617388
-427621 -617847 -427621 -617848
-427621 -617927 -427621 -617926
-427621 -616947 -427621 -616948
-427621 -617512 -427621 -617511
-427621 -617064 -427621 -617065
-427621 -617416 -427621 -617415
-427621 -616944 -427621 -616945
-427621 -617309 -427621 -617310
-427621 -617675 -427621 -617676
-427621 -617302 -427621 -617301
-427621 -617379 -427621 -617380
-427621 -617468 -427621 -617469
-427621 -617876 -427621 -617877
-427621 -617915 -427621 -617914
-427621 -617275 -427621 -617274
-427621 -617107 -427621 -617108
-427621 -617321 -427621 -617322
-427621 -617723 -427621 -617724
-427621 -616965 -427621 -616966
-427621 -617589 -427621 -617590
-427621 -617123 -427621 -617122
-427621 -617053 -427621 -617052
-427621 -617835 -427621 -617834
-427621 -617566 -427621 -617565
-427621 -617207 -427621 -617208
-427621 -617514 -427621 -617513
-427621 -617824 -427621 -617823
-427621 -617362 -427621 -617363
-427621 -617556 -427621 -617557
-427621 -617811 -427621 -617812
-427621 -617372 -427621 -617371
-427621 -617411 -427621 -617412
-427621 -617176 -427621 -617177
-427621 -617839 -427621 -617838
-427621 -617289 -427621 -617288
-427621 -617414 -427621 -617415
-427621 -617520 -427621 -617521
-427621 -616967 -427621 -616966
-427621 -617477 -427621 -617476
-427621 -617720 -427621 -617719
-427621 -617201 -427621 -617200
-427621 -617832 -427621 -617831
-427621 -617691 -427621 -617692
-427621 -617408 -427621 -617407
-427621 -617229 -427621 -617228
-427621 -617022 -427621 -617021
-427621 -617887 -427621 -617886
-427621 -617242 -427621 -617243
-427621 -617301 -427621 -617300
-427621 -617800 -427621 -617801
-427621 -617392 -427621 -617393
-427621 -617515 -427621 -617514
-427621 -617152 -427621 -617153
-427621 -617410 -427621 -617411
-427621 -617701 -427621 -617702
-427621 -617899 -427621 -617898
-427621 -617460 -427621 -617459
-427621 -617478 -427621 -617479
-427621 -617144 -427621 -617145
-427621 -617910 -427621 -617911
-427621 -617451 -427621 -617452
-427621 -617586 -427621 -617585
-427621 -617142 -427621 -617141
-427621 -617027 -427621 -617028
-427621 -617615 -427621 -617616
-427621 -617232 -427621 -617233
-427621 -617764 -427621 -617763
-427621 -617587 -427621 -617586
-427621 -617619 -427621 -617620
-427621 -617686 -427621 -617687
-427621 -617753 -427621 -617754
-427621 -617449 -427621 -617450
-427621 -617002 -427621 -617001
-427621 -616952 -427621 -616951
-427621 -617038 -427621 -617039
-427621 -617668 -427621 -617669
-427621 -617651 -427621 -617650
-427621 -617922 -427621 -617923
-427621 -617048 -427621 -617049
-427621 -617255 -427621 -617256
-427621 -617384 -427621 -617383
-427621 -617455 -427621 -617456
-427621 -617112 -427621 -617111
-427621 -617799 -427621 -617800
-427621 -617709 -427621 -617708
-427621 -617348 -427621 -617349
-427621 -617774 -427621 -617773
-427621 -617100 -427621 -617101
-427621 -617454 -427621 -617455
-427621 -617018 -427621 -617019
-427621 -617182 -427621 -617181
-427621 -616962 -427621 -616963
-427621 -616960 -427621 -616959
-427621 -617705 -427621 -617706
-427621 -617276 -427621 -617275
-427621 -617888 -427621 -617887
-427621 -617927 -427621 -617928
-427621 -617463 -427621 -617464
-427621 -617107 -427621 -617106
-427621 -617699 -427621 -617700
-427621 -617304 -427621 -617303
-427621 -617679 -427621 -617680
-427621 -617320 -427621 -617321
-427621 -617530 -427621 -617531
-427621 -617562 -427621 -617563
-427621 -617506 -427621 -617507
-427621 -617703 -427621 -617702
-427621 -617010 -427621 -617009
-427621 -617716 -427621 -617717
-427621 -617663 -427621 -617662
-427621 -617400 -427621 -617401
-427621 -617715 -427621 -617714
-427621 -617694 -427621 -617693
-427621 -617821 -427621 -617820
-427621 -617358 -427621 -617357
-427621 -616983 -427621 -616984
-427621 -617781 -427621 -617782
-427621 -617544 -427621 -617545
-427621 -617421 -427621 -617422
-427621 -617412 -427621 -617413
-427621 -617100 -427621 -617099
-427621 -617248 -427621 -617249
-427621 -617584 -427621 -617585
-427621 -616942 -427621 -616941
-427621 -617354 -427621 -617355
-427621 -617892 -427621 -617891
-427621 -617185 -427621 -617186
-427621 -617220 -427621 -617219
-427621 -616979 -427621 -616978
-427621 -617147 -427621 -617148
-427621 -617025 -427621 -617024
-427621 -617370 -427621 -617371
-427621 -617551 -427621 -617550
-427621 -616976 -427621 -616977
-427621 -617110 -427621 -617109
-427621 -617565 -427621 -617564
-427621 -617844 -427621 -617843
-427621 -617587 -427621 -617588
-427621 -617247 -427621 -617246
-427621 -617661 -427621 -617660
-427621 -617657 -427621 -617658
-427621 -617904 -427621 -617903
-427621 -617750 -427621 -617749
-427621 -617881 -427621 -617882
-427621 -617902 -427621 -617903
-427621 -617807 -427621 -617808
-427621 -617191 -427621 -617190
-427621 -617579 -427621 -617578
-427621 -617920 -427621 -617919
-427621 -617348 -427621 -617347
-427621 -617194 -427621 -617195
-427621 -617644 -427621 -617645
-427621 -617684 -427621 -617685
-427621 -617458 -427621 -617459
-427621 -616999 -427621 -616998
-427621 -617236 -427621 -617237
-427621 -617797 -427621 -617796
-427621 -617016 -427621 -617015
-427621 -617329 -427621 -617328
-427621 -617655 -427621 -617654
-427621 -617713 -427621 -617714
-427621 -617378 -427621 -617377
-427621 -617868 -427621 -617869
-427621 -617739 -427621 -617740
-427621 -616982 -427621 -616981
-427621 -617366 -427621 -617367
-427621 -617267 -427621 -617268
-427621 -617681 -427621 -617682
-427621 -617332 -427621 -617333
-427621 -617020 -427621 -617021
-427621 -617628 -427621 -617629
-427621 -617346 -427621 -617345
-427621 -617838 -427621 -617837
-427621 -617728 -427621 -617727
-427621 -617795 -427621 -617796
-427621 -617265 -427621 -617266
-427621 -617549 -427621 -617548
-427621 -617284 -427621 -617285
-427621 -617410 -427621 -617409
-427621 -617447 -427621 -617446
-427621 -617363 -427621 -617364
-427621 -616940 -427621 -616939
-427621 -617023 -427621 -617024
-427621 -617901 -427621 -617902
-427621 -617271 -427621 -617270
-427621 -617640 -427621 -617639
-427621 -617388 -427621 -617389
-427621 -617478 -427621 -617477
-427621 -617397 -427621 -617396
-427621 -617033 -427621 -617034
-427621 -617341 -427621 -617340
-427621 -617224 -427621 -617223
-427621 -617465 -427621 -617464
-427621 -617606 -427621 -617605
-427621 -617543 -427621 -617544
-427621 -617044 -427621 -617045
-427621 -617426 -427621 -617425
-427621 -617092 -427621 -617091
-427621 -617353 -427621 -617354
-427621 -617144 -427621 -617143
-427621 -617205 -427621 -617204
-427621 -617359 -427621 -617358
-427621 -617319 -427621 -617320
-427621 -617603 -427621 -617604
-427621 -617814 -427621 -617813
-427621 -617766 -427621 -617765
-427621 -617271 -427621 -617272
-427621 -617173 -427621 -617174
-427621 -617572 -427621 -617571
-427621 -616998 -427621 -616997
-427621 -617482 -427621 -617481
-427621 -617311 -427621 -617312
-427621 -617490 -427621 -617491
-427621 -617646 -427621 -617647
-427621 -617575 -427621 -617576
-427621 -617324 -427621 -617323
-427621 -617244 -427621 -617243
-427621 -617050 -427621 -617051
-427621 -617568 -427621 -617567
-427621 -617546 -427621 -617547
-427621 -617807 -427621 -617806
-427621 -617489 -427621 -617488
-427621 -617608 -427621 -617609
-427621 -617648 -427621 -617649
-427621 -617424 -427621 -617425
-427621 -617578 -427621 -617577
-427621 -617885 -427621 -617886
-427621 -617787 -427621 -617786
-427621 -617446 -427621 -617445
-427621 -617433 -427621 -617434
-427621 -617187 -427621 -617188
-427621 -617165 -427621 -617166
-427621 -617644 -427621 -617643
-427621 -617600 -427621 -617601
-427621 -617839 -427621 -617840
-427621 -617420 -427621 -617419
-427621 -617014 -427621 -617015
-427621 -617788 -427621 -617789
-427621 -617548 -427621 -617547
-427621 -617828 -427621 -617827
-427621 -617127 -427621 -617128
-427621 -617495 -427621 -617494
-427621 -617695 -427621 -617694
-427621 -617308 -427621 -617307
-427621 -617519 -427621 -617520
-427621 -617149 -427621 -617150
-427621 -617048 -427621 -617047
-427621 -617421 -427621 -617420
-427621 -617338 -427621 -617339
-427621 -617369 -427621 -617370
-427621 -617473 -427621 -617472
-427621 -617462 -427621 -617461
-427621 -617883 -427621 -617884
-427621 -617919 -427621 -617918
-427621 -617784 -427621 -617785
-427621 -617678 -427621 -617679
-427621 -616949 -427621 -616950
-427621 -617399 -427621 -617400
-427621 -617001 -427621 -617000
-427621 -617427 -427621 -617428
-427621 -617055 -427621 -617054
-427621 -617167 -427621 -617168
-427621 -617473 -427621 -617474
-427621 -617856 -427621 -617855
-427621 -617403 -427621 -617402
-427621 -617025 -427621 -617026
-427621 -617031 -427621 -617032
-427621 -617014 -427621 -617013
-427621 -617764 -427621 -617765
-427621 -617389 -427621 -617390
-427621 -617282 -427621 -617281
-427621 -617216 -427621 -617217
-427621 -617610 -427621 -617609
-427621 -617131 -427621 -617132
-427621 -617897 -427621 -617898
-427621 -617316 -427621 -617315
-427621 -617084 -427621 -617085
-427621 -617803 -427621 -617804
-427621 -617020 -427621 -617019
-427621 -617685 -427621 -617686
-427621 -617364 -427621 -617365
-427621 -616994 -427621 -616993
-427621 -617102 -427621 -617101
-427621 -617233 -427621 -617234
-427621 -617222 -427621 -617223
-427621 -617393 -427621 -617394
-427621 -617510 -427621 -617509
-427621 -617913 -427621 -617914
-427621 -617082 -427621 -617083
-427621 -617404 -427621 -617405
-427621 -617778 -427621 -617777
-427621 -616991 -427621 -616990
-427621 -617090 -427621 -617091
-427621 -617646 -427621 -617645
-427621 -617040 -427621 -617041
-427621 -617138 -427621 -617139
-427621 -617137 -427621 -617136
-427621 -617801 -427621 -617802
-427621 -617501 -427621 -617502
-427621 -617005 -427621 -617006
-427621 -617377 -427621 -617376
-427621 -617894 -427621 -617893
-427621 -617356 -427621 -617355
-427621 -617704 -427621 -617705
-427621 -617717 -427621 -617718
-427621 -617768 -427621 -617769
-427621 -617529 -427621 -617528
-427621 -617075 -427621 -617076
-427621 -617252 -427621 -617251
-427621 -617216 -427621 -617215
-427621 -617526 -427621 -617525
-427621 -617039 -427621 -617040
-427621 -617026 -427621 -617027
-427621 -617049 -427621 -617050
-427621 -617359 -427621 -617360
-427621 -617734 -427621 -617733
-427621 -617436 -427621 -617435
-427621 -617697 -427621 -617698
-427621 -617558 -427621 -617557
-427621 -617328 -427621 -617327
-427621 -617771 -427621 -617772
-427621 -617559 -427621 -617560
-427621 -617911 -427621 -617912
-427621 -617402 -427621 -617401
-427621 -617828 -427621 -617829
-427621 -617707 -427621 -617706
-427621 -617214 -427621 -617215
-427621 -617529 -427621 -617530
-427621 -617785 -427621 -617786
-427621 -617276 -427621 -617277
-427621 -617512 -427621 -617513
-427621 -617488 -427621 -617487
-427621 -616977 -427621 -616978
-427621 -617730 -427621 -617731
-427621 -617884 -427621 -617885
-427621 -617180 -427621 -617179
-427621 -617304 -427621 -617305
-427621 -617617 -427621 -617618
-427621 -617647 -427621 -617648
-427621 -617361 -427621 -617362
-427621 -617501 -427621 -617500
-427621 -617451 -427621 -617450
-427621 -617235 -427621 -617234
-427621 -616954 -427621 -616953
-427621 -617413 -427621 -617414
-427621 -617542 -427621 -617543
-427621 -617851 -427621 -617852
-427621 -617601 -427621 -617602
-427621 -617245 -427621 -617244
-427621 -617281 -427621 -617280
-427621 -617182 -427621 -617183
-427621 -617141 -427621 -617140
-427621 -617848 -427621 -617849
-427621 -617854 -427621 -617853
-427621 -617070 -427621 -617069
-427621 -617629 -427621 -617630
-427621 -617317 -427621 -617318
-427621 -617773 -427621 -617772
-427621 -617770 -427621 -617769
-427621 -617334 -427621 -617333
-427621 -617901 -427621 -617900
-427621 -617758 -427621 -617759
-427621 -617361 -427621 -617360
-427621 -617534 -427621 -617533
-427621 -617844 -427621 -617845
-427621 -616934 -427621 -616933
-427621 -617056 -427621 -617055
-427621 -617460 -427621 -617461
-427621 -617782 -427621 -617783
-427621 -617160 -427621 -617161
-427621 -617863 -427621 -617862
-427621 -617291 -427621 -617292
-427621 -617447 -427621 -617448
-427621 -617077 -427621 -617076
-427621 -617664 -427621 -617663
-427621 -617890 -427621 -617889
-427621 -617690 -427621 -617691
-427621 -617729 -427621 -617730
-427621 -617337 -427621 -617336
-427621 -617417 -427621 -617416
-427621 -617641 -427621 -617640
-427621 -617612 -427621 -617613
-427621 -617191 -427621 -617192
-427621 -616947 -427621 -616946
-427621 -617054 -427621 -617053
-427621 -617862 -427621 -617861
-427621 -617075 -427621 -617074
-427621 -617066 -427621 -617065
-427621 -617258 -427621 -617257
-427621 -617382 -427621 -617383
-427621 -617035 -427621 -617036
-427621 -616951 -427621 -616950
-427621 -617780 -427621 -617781
-261268 312742 -427621 -616930
-427621 -617793 -427621 -617792
-427621 -617502 -427621 -617503
-427621 -617470 -427621 -617469
-427621 -617368 -427621 -617369
-427621 -617607 -427621 -617608
-427621 -617532 -427621 -617533
-427621 -617693 -427621 -617692
-427621 -617273 -427621 -617274
-427621 -617112 -427621 -617113
-427621 -617175 -427621 -617174
-427621 -617626 -427621 -617625
-427621 -617397 -427621 -617398
-427621 -617741 -427621 -617742
-427621 -617857 -427621 -617858
-427621 -617810 -427621 -617809
-427621 -616937 -427621 -616936
-427621 -617633 -427621 -617634
-427621 -617422 -427621 -617423
-427621 -617008 -427621 -617007
-427621 -617551 -427621 -617552
-427621 -617418 -427621 -617419
-427621 -617740 -427621 -617741
-427621 -617780 -427621 -617779
-427621 -617591 -427621 -617592
-427621 -617537 -427621 -617536
-427621 -617166 -427621 -617167
-427621 -617403 -427621 -617404
-427621 -617607 -427621 -617606
-427621 -617047 -427621 -617046
-427621 -617846 -427621 -617847
-427621 -617035 -427621 -617034
-427621 -617853 -427621 -617852
-427621 -617735 -427621 -617736
-427621 -617214 -427621 -617213
-427621 -617037 -427621 -617036
-427621 -617154 -427621 -617155
-427621 -617056 -427621 -617057
-427621 -617871 -427621 -617870
-427621 -616972 -427621 -616973
-427621 -617860 -427621 -617859
-427621 -617011 -427621 -617010
-427621 -617081 -427621 -617080
-427621 -617013 -427621 -617012
-427621 -617169 -427621 -617170
-427621 -617538 -427621 -617537
-427621 -617657 -427621 -617656
-427621 -617272 -427621 -617273
-427621 -617227 -427621 -617228
-427621 -617574 -427621 -617573
-427621 -617212 -427621 -617211
-427621 -617249 -427621 -617250
-427621 -617643 -427621 -617642
-427621 -617798 -427621 -617799
-427621 -617121 -427621 -617122
-427621 -617485 -427621 -617486
-427621 -616991 -427621 -616992
-427621 -617820 -427621 -617819
-427621 -617394 -427621 -617395
-427621 -617045 -427621 -617046
-427621 -616935 -427621 -616936
-427621 -617458 -427621 -617457
-427621 -617621 -427621 -617622
-427621 -617922 -427621 -617921
-427621 -617632 -427621 -617631
-427621 -617743 -427621 -617742
-427621 -617018 -427621 -617017
-427621 -617794 -427621 -617795
-427621 -617805 -427621 -617806
-427621 -617278 -427621 -617277
-427621 -616970 -427621 -616969
-427621 -617466 -427621 -617465
-427621 -617752 -427621 -617753
-427621 -617671 -427621 -617670
-427621 -617594 -427621 -617593
-427621 -617162 -427621 -617161
-427621 -617067 -427621 -617068
-427621 -617809 -427621 -617808
-427621 -616958 -427621 -616957
-427621 -617631 -427621 -617630
-427621 -617483 -427621 -617482
-427621 -617171 -427621 -617170
-427621 -617043 -427621 -617042
-427621 -617307 -427621 -617306
-427621 -616990 -427621 -616989
-427621 -617725 -427621 -617724
-427621 -617833 -427621 -617832
-427621 -617285 -427621 -617286
-427621 -617160 -427621 -617159
-427621 -617208 -427621 -617209
-427621 -617677 -427621 -617678
-427621 -617497 -427621 -617496
-427621 -617495 -427621 -617496
-427621 -617597 -427621 -617598
-427621 -617219 -427621 -617218
-427621 -617519 -427621 -617518
-427621 -617128 -427621 -617129
-427621 -617654 -427621 -617653
-427621 -616996 -427621 -616997
-427621 -617600 -427621 -617599
-427621 -617471 -427621 -617472
-427621 -617288 -427621 -617287
-427621 -617007 -427621 -617006
-427621 -617396 -427621 -617395
-427621 -617787 -427621 -617788
-427621 -617292 -427621 -617293
-427621 -616948 -427621 -616949
-427621 -617859 -427621 -617858
-427621 -617616 -427621 -617617
-427621 -617444 -427621 -617443
-427621 -616975 -427621 -616976
-427621 -617306 -427621 -617305
-427621 -617349 -427621 -617350
-427621 -617231 -427621 -617232
-427621 -617378 -427621 -617379
-427621 -617022 -427621 -617023
-427621 -617051 -427621 -617052
-427621 -617440 -427621 -617439
-427621 -617227 -427621 -617226
-427621 -617150 -427621 -617151
-427621 -617712 -427621 -617711
-427621 -617192 -427621 -617193
-427621 -617855 -427621 -617854
-427621 -617713 -427621 -617712
-427621 -617387 -427621 -617386
-427621 -617622 -427621 -617623
-427621 -617381 -427621 -617382
-427621 -617319 -427621 -617318
-427621 -617554 -427621 -617555
-427621 -617042 -427621 -617041
-427621 -616994 -427621 -616995
-427621 -617915 -427621 -617916
-427621 -617429 -427621 -617428
-427621 -617200 -427621 -617199
-427621 -617627 -427621 -617628
-427621 -617889 -427621 -617888
-427621 -616968 -427621 -616969
-427621 -617490 -427621 -617489
-427621 -617830 -427621 -617829
-427621 -617896 -427621 -617897
-427621 -617596 -427621 -617595
-427621 -617262 -427621 -617263
-427621 -617327 -427621 -617326
-427621 -617569 -427621 -617570
-427621 -617309 -427621 -617308
-427621 -616989 -427621 -616988
-427621 -617198 -427621 -617199
-427621 -617152 -427621 -617151
-427621 -617351 -427621 -617350
-427621 -617803 -427621 -617802
-427621 -617124 -427621 -617123
-427621 -617756 -427621 -617755
-427621 -617699 -427621 -617698
-427621 -617130 -427621 -617131
-427621 -617656 -427621 -617655
-427621 -617674 -427621 -617675
-427621 -617286 -427621 -617287
-427621 -617196 -427621 -617197
-427621 -617599 -427621 -617598
-427621 -617916 -427621 -617917
-427621 -617771 -427621 -617770
-427621 -617612 -427621 -617611
-427621 -617294 -427621 -617293
-427621 -617238 -427621 -617239
-427621 -617269 -427621 -617268
-427621 -617093 -427621 -617094
-427621 -617531 -427621 -617532
-427621 -617088 -427621 -617087
-427621 -617590 -427621 -617591
-427621 -617729 -427621 -617728
-427621 -617524 -427621 -617523
-427621 -617188 -427621 -617189
-427621 -616931 -427621 -616932
-427621 -617009 -427621 -617008
-427621 -617179 -427621 -617178
-427621 -617078 -427621 -617079
-427621 -617733 -427621 -617732
-427621 -617793 -427621 -617794
-427621 -617329 -427621 -617330
-427621 -617406 -427621 -617407
-427621 -616982 -427621 -616983
-427621 -616971 -427621 -616972
-427621 -617760 -427621 -617761
-427621 -617352 -427621 -617353
-427621 -617610 -427621 -617611
-427621 -617028 -427621 -617029
-427621 -617003 -427621 -617002
-427621 -617427 -427621 -617426
-427621 -617650 -427621 -617649
-427621 -617737 -427621 -617736
-427621 -617676 -427621 -617677
-427621 -617751 -427621 -617750
-427621 -617398 -427621 -617399
-427621 -617642 -427621 -617641
-427621 -617867 -427621 -617866
-427621 -617299 -427621 -617298
-427621 -617441 -427621 -617440
-427621 -617758 -427621 -617757
-427621 -617317 -427621 -617316
-427621 -617822 -427621 -617821
-427621 -617391 -427621 -617392
-427621 -617624 -427621 -617623
-427621 -617251 -427621 -617250
-427621 -617284 -427621 -617283
-427621 -617256 -427621 -617257
-427621 -617614 -427621 -617615
-427621 -617757 -427621 -617756
-427621 -617925 -427621 -617926
-427621 -617867 -427621 -617868
-427621 -617620 -427621 -617621
-427621 -617127 -427621 -617126
-427621 -617074 -427621 -617073
-427621 -617636 -427621 -617637
-427621 -617190 -427621 -617189
-427621 -617684 -427621 -617683
-427621 -617778 -427621 -617779
-427621 -617850 -427621 -617851
-427621 -617342 -427621 -617343
-427621 -617817 -427621 -617816
-427621 -617814 -427621 -617815
-427621 -617636 -427621 -617635
-427621 -617517 -427621 -617518
-427621 -616981 -427621 -616980
-427621 -617366 -427621 -617365
-427621 -617456 -427621 -617457
-427621 -617652 -427621 -617653
-427621 -617258 -427621 -617259
-427621 -617073 -427621 -617072
-427621 -617345 -427621 -617344
-427621 -617708 -427621 -617707
-427621 -616996 -427621 -616995
-427621 -617559 -427621 -617558
-427621 -617296 -427621 -617297
-427621 -617892 -427621 -617893
-427621 -617351 -427621 -617352
-427621 -617825 -427621 -617826
-427621 -617070 -427621 -617071
-427621 -617297 -427621 -617298
-427621 -617175 -427621 -617176
-427621 -617831 -427621 -617830
-427621 -617059 -427621 -617060
-427621 -617664 -427621 -617665
-427621 -617314 -427621 -617315
-427621 -617749 -427621 -617748
-427621 -617143 -427621 -617142
-427621 -617747 -427621 -617746
-427621 -617173 -427621 -617172
-427621 -616999 -427621 -617000
-427621 -617029 -427621 -617030
-427621 -617670 -427621 -617669
-427621 -617120 -427621 -617121
-427621 -617555 -427621 -617556
-427621 -617660 -427621 -617659
-427621 -617095 -427621 -617096
-427621 -617118 -427621 -617117
-427621 -617890 -427621 -617891
-427621 -617499 -427621 -617498
-427621 -617177 -427621 -617178
-427621 -617087 -427621 -617086
-427621 -617798 -427621 -617797
-427621 -617509 -427621 -617508
-427621 -617873 -427621 -617874
-427621 -617503 -427621 -617504
-427621 -617323 -427621 -617322
-427621 -617475 -427621 -617476
-427621 -617114 -427621 -617113
-427621 -617205 -427621 -617206
-427621 -617220 -427621 -617221
-427621 -617819 -427621 -617818
-427621 -617690 -427621 -617689
-427621 -617430 -427621 -617431
-427621 -617058 -427621 -617057
-427621 -617896 -427621 -617895
-427621 -617486 -427621 -617487
-427621 -617572 -427621 -617573
-427621 -617248 -427621 -617247
-427621 -617356 -427621 -617357
-427621 -617126 -427621 -617125
-427621 -617341 -427621 -617342
-427621 -617186 -427621 -617187
