1000
839664 -733068 839787 -732612
800550 -878076 800427 -878532
884682 -566172 884805 -565716
822690 -795996 822567 -796452
885420 -563436 885543 -562980
806208 -857100 806085 -857556
798336 -886284 798459 -885828
796860 -891756 796983 -891300
818385 -811956 818508 -811500
815679 -821988 815556 -822444
828717 -773652 828840 -773196
784806 -936444 784683 -936900
886650 -558876 886773 -558420
792186 -909084 792309 -908628
807684 -851628 807561 -852084
831300 -764076 831423 -763620
812850 -832476 812973 -832020
853686 -681084 853809 -680628
817032 -816972 816909 -817428
876564 -596268 876441 -596724
876072 -598092 875949 -598548
878040 -590796 877917 -591252
789234 -920028 789357 -919572
787020 -928236 787143 -927780
864879 -639588 865002 -639132
844092 -716652 844215 -716196
788496 -922764 788619 -922308
883452 -570732 883329 -571188
839910 -732156 839787 -732612
775950 -969276 775827 -969732
846552 -707532 846429 -707988
862296 -649164 862173 -649620
854916 -676524 855039 -676068
814941 -824724 814818 -825180
856515 -670596 856638 -670140
773121 -979764 772998 -980220
887388 -556140 887511 -555684
810144 -842508 810267 -842052
817647 -814692 817524 -815148
847413 -704340 847536 -703884
807438 -852540 807315 -852996
809898 -843420 810021 -842964
854424 -678348 854301 -678804
804732 -862572 804855 -862116
867585 -629556 867708 -629100
819984 -806028 820107 -805572
890463 -544740 890586 -544284
849135 -697956 849012 -698412
884928 -565260 884805 -565716
807438 -852540 807561 -852084
866724 -632748 866601 -633204
889233 -549300 889110 -549756
852087 -687012 851964 -687468
822813 -795540 822690 -795996
775950 -969276 776073 -968820
872136 -612684 872013 -613140
808791 -847524 808914 -847068
878163 -590340 878040 -590796
817770 -814236 817893 -813780
869799 -621348 869922 -620892
771768 -984780 771891 -984324
853194 -682908 853071 -683364
856515 -670596 856392 -671052
813957 -828372 814080 -827916
849996 -694764 849873 -695220
846921 -706164 847044 -705708
784191 -938724 784314 -938268
831177 -764532 831300 -764076
833760 -754956 833883 -754500
797352 -889932 797229 -890388
804117 -864852 803994 -865308
865494 -637308 865371 -637764
774105 -976116 774228 -975660
843108 -720300 843231 -719844
778287 -960612 778164 -961068
815064 -824268 815187 -823812
886281 -560244 886158 -560700
826380 -782316 826257 -782772
786651 -929604 786528 -930060
805716 -858924 805593 -859380
884067 -568452 883944 -568908
805962 -858012 806085 -857556
841632 -725772 841755 -725316
860697 -655092 860574 -655548
825642 -785052 825765 -784596
857007 -668772 857130 -668316
820845 -802836 820722 -803292
865125 -638676 865248 -638220
833637 -755412 833760 -754956
878409 -589428 878286 -589884
790218 -916380 790095 -916836
780624 -951948 780501 -952404
795507 -896772 795384 -897228
787389 -926868 787512 -926412
814203 -827460 814080 -827916
829209 -771828 829332 -771372
890463 -544740 890340 -545196
769554 -992988 769431 -993444
784314 -938268 784437 -937812
826995 -780036 827118 -779580
889848 -547020 889725 -547476
801903 -873060 802026 -872604
837942 -739452 837819 -739908
817770 -814236 817647 -814692
777918 -961980 778041 -961524
793785 -903156 793662 -903612
769800 -992076 769923 -991620
850119 -694308 849996 -694764
816786 -817884 816663 -818340
863649 -644148 863526 -644604
844707 -714372 844584 -714828
790464 -915468 790341 -915924
831423 -763620 831546 -763164
794523 -900420 794400 -900876
821706 -799644 821583 -800100
834867 -750852 834990 -750396
880131 -583044 880254 -582588
811005 -839316 810882 -839772
872505 -611316 872382 -611772
812112 -835212 811989 -835668
775704 -970188 775827 -969732
821829 -799188 821706 -799644
802395 -871236 802518 -870780
879885 -583956 880008 -583500
834129 -753588 834252 -753132
797229 -890388 797106 -890844
772752 -981132 772629 -981588
822198 -797820 822075 -798276
775212 -972012 775089 -972468
844707 -714372 844830 -713916
830685 -766356 830808 -765900
814326 -827004 814449 -826548
821091 -801924 821214 -801468
850488 -692940 850365 -693396
862788 -647340 862911 -646884
848889 -698868 848766 -699324
773613 -977940 773736 -977484
837450 -741276 837573 -740820
859713 -658740 859836 -658284
777057 -965172 776934 -965628
845322 -712092 845445 -711636
771399 -986148 771522 -985692
779271 -956964 779394 -956508
797598 -889020 797721 -888564
854055 -679716 854178 -679260
780009 -954228 779886 -954684
872997 -609492 873120 -609036
827979 -776388 827856 -776844
891201 -542004 891078 -542460
795261 -897684 795138 -898140
771891 -984324 772014 -983868
885297 -563892 885420 -563436
842247 -723492 842124 -723948
865863 -635940 865986 -635484
873981 -605844 874104 -605388
888495 -552036 888372 -552492
805470 -859836 805347 -860292
863403 -645060 863280 -645516
879516 -585324 879639 -584868
794892 -899052 794769 -899508
871152 -616332 871029 -616788
-858327 551363 768447 -997092
808914 -847068 809037 -846612
877425 -593076 877548 -592620
821583 -800100 821460 -800556
782592 -944652 782469 -945108
815433 -822900 815556 -822444
838065 -738996 837942 -739452
791079 -913188 791202 -912732
825519 -785508 825396 -785964
876318 -597180 876441 -596724
782961 -943284 783084 -942828
795999 -894948 795876 -895404
834990 -750396 835113 -749940
870291 -619524 870168 -619980
840771 -728964 840894 -728508
845076 -713004 845199 -712548
865740 -636396 865617 -636852
860205 -656916 860082 -657372
794646 -899964 794769 -899508
869061 -624084 868938 -624540
879762 -584412 879885 -583956
861804 -650988 861927 -650532
855531 -674244 855654 -673788
849381 -697044 849504 -696588
815310 -823356 815187 -823812
819615 -807396 819492 -807852
868077 -627732 867954 -628188
861435 -652356 861312 -652812
847290 -704796 847413 -704340
800304 -878988 800181 -879444
870045 -620436 869922 -620892
860328 -656460 860451 -656004
872751 -610404 872874 -609948
863034 -646428 863157 -645972
835974 -746748 836097 -746292
794646 -899964 794523 -900420
870414 -619068 870291 -619524
824904 -787788 824781 -788244
799689 -881268 799812 -880812
818016 -813324 817893 -813780
811128 -838860 811005 -839316
773121 -979764 773244 -979308
829086 -772284 828963 -772740
858729 -662388 858606 -662844
816417 -819252 816294 -819708
808299 -849348 808422 -848892
888618 -551580 888741 -551124
860697 -655092 860820 -654636
781362 -949212 781239 -949668
787512 -926412 787635 -925956
783822 -940092 783699 -940548
882591 -573924 882468 -574380
804363 -863940 804240 -864396
867339 -630468 867462 -630012
776196 -968364 776319 -967908
768939 -995268 769062 -994812
802149 -872148 802026 -872604
846306 -708444 846429 -707988
813834 -828828 813957 -828372
810636 -840684 810759 -840228
861927 -650532 862050 -650076
808299 -849348 808176 -849804
838188 -738540 838311 -738084
889725 -547476 889602 -547932
768570 -996636 768447 -997092
844092 -716652 843969 -717108
786774 -929148 786897 -928692
807192 -853452 807069 -853908
809775 -843876 809898 -843420
773367 -978852 773490 -978396
829701 -770004 829824 -769548
791940 -909996 792063 -909540
871398 -615420 871521 -614964
889971 -546564 890094 -546108
799443 -882180 799320 -882636
777795 -962436 777672 -962892
790956 -913644 791079 -913188
855531 -674244 855408 -674700
813096 -831564 813219 -831108
854547 -677892 854670 -677436
847536 -703884 847659 -703428
789603 -918660 789726 -918204
854793 -676980 854916 -676524
798582 -885372 798705 -884916
831054 -764988 830931 -765444
798828 -884460 798705 -884916
818262 -812412 818139 -812868
873735 -606756 873858 -606300
866232 -634572 866109 -635028
795876 -895404 795753 -895860
871890 -613596 872013 -613140
861066 -653724 861189 -653268
769800 -992076 769677 -992532
851349 -689748 851472 -689292
792801 -906804 792678 -907260
809652 -844332 809775 -843876
795015 -898596 795138 -898140
829947 -769092 830070 -768636
873612 -607212 873735 -606756
877302 -593532 877425 -593076
828102 -775932 828225 -775476
888987 -550212 889110 -549756
841509 -726228 841386 -726684
802272 -871692 802149 -872148
877794 -591708 877671 -592164
781608 -948300 781731 -947844
814326 -827004 814203 -827460
807807 -851172 807684 -851628
816048 -820620 816171 -820164
839664 -733068 839541 -733524
845199 -712548 845322 -712092
888864 -550668 888741 -551124
838188 -738540 838065 -738996
827856 -776844 827733 -777300
776196 -968364 776073 -968820
795999 -894948 796122 -894492
876810 -595356 876933 -594900
838557 -737172 838434 -737628
772752 -981132 772875 -980676
787758 -925500 787635 -925956
848151 -701604 848274 -701148
875826 -599004 875703 -599460
815925 -821076 815802 -821532
840156 -731244 840279 -730788
864879 -639588 864756 -640044
854178 -679260 854301 -678804
829209 -771828 829086 -772284
847290 -704796 847167 -705252
867216 -630924 867093 -631380
826011 -783684 825888 -784140
843354 -719388 843231 -719844
811620 -837036 811497 -837492
787143 -927780 787266 -927324
889233 -549300 889356 -548844
821829 -799188 821952 -798732
797721 -888564 797844 -888108
870660 -618156 870783 -617700
783207 -942372 783084 -942828
796245 -894036 796122 -894492
881853 -576660 881976 -576204
890955 -542916 890832 -543372
798213 -886740 798336 -886284
852333 -686100 852210 -686556
877179 -593988 877302 -593532
852087 -687012 852210 -686556
793170 -905436 793293 -904980
842985 -720756 843108 -720300
855162 -675612 855285 -675156
852333 -686100 852456 -685644
851595 -688836 851472 -689292
887142 -557052 887265 -556596
799074 -883548 798951 -884004
781977 -946932 782100 -946476
814818 -825180 814695 -825636
891078 -542460 890955 -542916
864756 -640044 864633 -640500
794031 -902244 794154 -901788
842370 -723036 842247 -723492
850488 -692940 850611 -692484
864510 -640956 864633 -640500
771645 -985236 771768 -984780
782838 -943740 782961 -943284
868815 -624996 868938 -624540
836589 -744468 836466 -744924
788496 -922764 788373 -923220
864141 -642324 864018 -642780
796368 -893580 796245 -894036
853317 -682452 853194 -682908
777303 -964260 777426 -963804
878901 -587604 879024 -587148
857376 -667404 857253 -667860
801165 -875796 801042 -876252
873366 -608124 873489 -607668
794277 -901332 794400 -900876
865863 -635940 865740 -636396
880254 -582588 880377 -582132
817524 -815148 817401 -815604
780255 -953316 780132 -953772
803133 -868500 803256 -868044
799935 -880356 800058 -879900
838680 -736716 838557 -737172
795753 -895860 795630 -896316
806454 -856188 806577 -855732
857868 -665580 857745 -666036
811374 -837948 811251 -838404
868569 -625908 868446 -626364
875334 -600828 875457 -600372
770661 -988884 770784 -988428
793539 -904068 793662 -903612
786159 -931428 786036 -931884
803133 -868500 803010 -868956
784929 -935988 784806 -936444
780747 -951492 780870 -951036
859467 -659652 859344 -660108
820230 -805116 820353 -804660
827364 -778668 827487 -778212
888495 -552036 888618 -551580
887634 -555228 887757 -554772
834744 -751308 834621 -751764
797967 -887652 798090 -887196
820968 -802380 821091 -801924
844338 -715740 844215 -716196
861558 -651900 861435 -652356
797598 -889020 797475 -889476
883452 -570732 883575 -570276
785544 -933708 785421 -934164
772629 -981588 772506 -982044
881238 -578940 881361 -578484
813219 -831108 813342 -830652
800181 -879444 800058 -879900
780501 -952404 780378 -952860
884067 -568452 884190 -567996
836589 -744468 836712 -744012
801288 -875340 801411 -874884
772506 -982044 772383 -982500
824166 -790524 824043 -790980
842370 -723036 842493 -722580
846306 -708444 846183 -708900
797106 -890844 796983 -891300
820845 -802836 820968 -802380
783699 -940548 783576 -941004
768816 -995724 768693 -996180
888864 -550668 888987 -550212
789111 -920484 789234 -920028
852456 -685644 852579 -685188
885666 -562524 885543 -562980
874965 -602196 875088 -601740
785421 -934164 785298 -934620
858483 -663300 858360 -663756
812358 -834300 812481 -833844
886035 -561156 885912 -561612
839910 -732156 840033 -731700
796737 -892212 796614 -892668
870906 -617244 871029 -616788
820599 -803748 820476 -804204
815925 -821076 816048 -820620
830808 -765900 830931 -765444
811497 -837492 811374 -837948
877794 -591708 877917 -591252
795261 -897684 795384 -897228
844830 -713916 844953 -713460
860205 -656916 860328 -656460
779517 -956052 779640 -955596
823920 -791436 824043 -790980
859590 -659196 859467 -659652
817155 -816516 817032 -816972
878655 -588516 878778 -588060
819369 -808308 819492 -807852
885297 -563892 885174 -564348
857745 -666036 857622 -666492
790833 -914100 790956 -913644
857868 -665580 857991 -665124
859713 -658740 859590 -659196
872382 -611772 872259 -612228
849135 -697956 849258 -697500
792801 -906804 792924 -906348
868323 -626820 868446 -626364
812604 -833388 812727 -832932
882837 -573012 882960 -572556
852825 -684276 852948 -683820
881607 -577572 881484 -578028
876687 -595812 876810 -595356
835974 -746748 835851 -747204
781608 -948300 781485 -948756
777426 -963804 777549 -963348
836343 -745380 836466 -744924
777303 -964260 777180 -964716
782223 -946020 782100 -946476
829701 -770004 829578 -770460
806208 -857100 806331 -856644
802887 -869412 802764 -869868
800796 -877164 800919 -876708
874473 -604020 874350 -604476
775581 -970644 775458 -971100
789726 -918204 789849 -917748
771276 -986604 771399 -986148
786774 -929148 786651 -929604
864387 -641412 864510 -640956
804486 -863484 804609 -863028
883329 -571188 883206 -571644
853440 -681996 853317 -682452
848766 -699324 848643 -699780
850857 -691572 850734 -692028
839049 -735348 838926 -735804
837081 -742644 837204 -742188
871521 -614964 871644 -614508
810636 -840684 810513 -841140
855654 -673788 855777 -673332
867093 -631380 866970 -631836
859221 -660564 859098 -661020
818754 -810588 818877 -810132
872505 -611316 872628 -610860
824289 -790068 824412 -789612
821952 -798732 822075 -798276
874719 -603108 874842 -602652
779025 -957876 779148 -957420
769431 -993444 769308 -993900
810390 -841596 810267 -842052
783576 -941004 783453 -941460
850242 -693852 850119 -694308
817401 -815604 817278 -816060
780993 -950580 781116 -950124
812481 -833844 812604 -833388
836220 -745836 836343 -745380
873981 -605844 873858 -606300
825765 -784596 825888 -784140
880008 -583500 880131 -583044
816909 -817428 816786 -817884
823674 -792348 823551 -792804
829332 -771372 829455 -770916
803748 -866220 803625 -866676
848520 -700236 848397 -700692
888372 -552492 888249 -552948
804117 -864852 804240 -864396
782715 -944196 782592 -944652
825027 -787332 825150 -786876
856023 -672420 855900 -672876
857622 -666492 857499 -666948
781977 -946932 781854 -947388
835728 -747660 835851 -747204
856761 -669684 856884 -669228
773244 -979308 773367 -978852
785052 -935532 785175 -935076
792555 -907716 792432 -908172
775335 -971556 775458 -971100
777672 -962892 777549 -963348
849627 -696132 849750 -695676
885789 -562068 885666 -562524
778041 -961524 778164 -961068
838803 -736260 838680 -736716
789357 -919572 789480 -919116
867831 -628644 867954 -628188
880500 -581676 880623 -581220
859098 -661020 858975 -661476
788988 -920940 789111 -920484
830439 -767268 830562 -766812
886527 -559332 886404 -559788
878901 -587604 878778 -588060
823182 -794172 823305 -793716
843846 -717564 843723 -718020
854547 -677892 854424 -678348
807192 -853452 807315 -852996
864018 -642780 863895 -643236
810144 -842508 810021 -842964
791448 -911820 791571 -911364
861804 -650988 861681 -651444
809652 -844332 809529 -844788
889479 -548388 889356 -548844
873366 -608124 873243 -608580
855900 -672876 855777 -673332
845445 -711636 845568 -711180
819615 -807396 819738 -806940
772260 -982956 772137 -983412
797844 -888108 797967 -887652
882714 -573468 882837 -573012
855039 -676068 855162 -675612
779763 -955140 779886 -954684
881730 -577116 881853 -576660
784560 -937356 784437 -937812
840402 -730332 840525 -729876
833145 -757236 833022 -757692
797352 -889932 797475 -889476
845568 -711180 845691 -710724
841017 -728052 840894 -728508
816540 -818796 816417 -819252
771030 -987516 771153 -987060
813588 -829740 813465 -830196
882345 -574836 882222 -575292
811866 -836124 811743 -836580
794031 -902244 793908 -902700
875334 -600828 875211 -601284
770169 -990708 770292 -990252
830193 -768180 830316 -767724
824781 -788244 824658 -788700
785790 -932796 785667 -933252
876564 -596268 876687 -595812
870168 -619980 870045 -620436
886404 -559788 886281 -560244
805101 -861204 804978 -861660
827118 -779580 827241 -779124
777795 -962436 777918 -961980
812235 -834756 812112 -835212
819000 -809676 818877 -810132
836958 -743100 837081 -742644
770415 -989796 770292 -990252
861066 -653724 860943 -654180
833391 -756324 833268 -756780
774966 -972924 775089 -972468
858606 -662844 858483 -663300
806823 -854820 806946 -854364
837204 -742188 837327 -741732
793539 -904068 793416 -904524
840648 -729420 840525 -729876
848397 -700692 848274 -701148
808668 -847980 808545 -848436
876318 -597180 876195 -597636
799320 -882636 799197 -883092
808545 -848436 808422 -848892
853563 -681540 853686 -681084
796860 -891756 796737 -892212
778410 -960156 778287 -960612
866232 -634572 866355 -634116
776934 -965628 776811 -966084
778410 -960156 778533 -959700
774720 -973836 774843 -973380
862542 -648252 862665 -647796
786405 -930516 786282 -930972
816171 -820164 816294 -819708
881115 -579396 881238 -578940
804978 -861660 804855 -862116
837696 -740364 837573 -740820
824166 -790524 824289 -790068
844461 -715284 844584 -714828
875949 -598548 875826 -599004
853563 -681540 853440 -681996
879024 -587148 879147 -586692
834252 -753132 834375 -752676
866355 -634116 866478 -633660
834867 -750852 834744 -751308
836835 -743556 836958 -743100
813711 -829284 813588 -829740
794892 -899052 795015 -898596
826134 -783228 826011 -783684
835482 -748572 835359 -749028
809160 -846156 809283 -845700
806700 -855276 806823 -854820
887265 -556596 887388 -556140
890217 -545652 890094 -546108
813834 -828828 813711 -829284
813096 -831564 812973 -832020
874965 -602196 874842 -602652
854793 -676980 854670 -677436
868692 -625452 868815 -624996
804486 -863484 804363 -863940
823674 -792348 823797 -791892
780009 -954228 780132 -953772
850980 -691116 851103 -690660
836712 -744012 836835 -743556
869184 -623628 869307 -623172
803748 -866220 803871 -865764
791448 -911820 791325 -912276
865494 -637308 865617 -636852
871767 -614052 871644 -614508
831915 -761796 832038 -761340
803256 -868044 803379 -867588
801042 -876252 800919 -876708
871398 -615420 871275 -615876
829578 -770460 829455 -770916
838926 -735804 838803 -736260
802887 -869412 803010 -868956
870906 -617244 870783 -617700
808668 -847980 808791 -847524
785052 -935532 784929 -935988
841140 -727596 841017 -728052
822567 -796452 822444 -796908
835359 -749028 835236 -749484
875088 -601740 875211 -601284
881484 -578028 881361 -578484
806454 -856188 806331 -856644
786405 -930516 786528 -930060
849873 -695220 849750 -695676
878286 -589884 878163 -590340
831669 -762708 831546 -763164
819123 -809220 819246 -808764
841263 -727140 841386 -726684
857007 -668772 856884 -669228
890340 -545196 890217 -545652
789849 -917748 789972 -917292
826749 -780948 826626 -781404
770415 -989796 770538 -989340
832161 -760884 832284 -760428
801534 -874428 801411 -874884
868692 -625452 868569 -625908
774474 -974748 774351 -975204
811743 -836580 811620 -837036
856146 -671964 856269 -671508
822198 -797820 822321 -797364
809406 -845244 809283 -845700
817278 -816060 817155 -816516
874473 -604020 874596 -603564
773490 -978396 773613 -977940
865125 -638676 865002 -639132
802764 -869868 802641 -870324
863403 -645060 863526 -644604
858114 -664668 857991 -665124
880869 -580308 880992 -579852
811128 -838860 811251 -838404
862542 -648252 862419 -648708
840279 -730788 840402 -730332
798582 -885372 798459 -885828
823797 -791892 823920 -791436
820353 -804660 820476 -804204
858975 -661476 858852 -661932
882714 -573468 882591 -573924
801780 -873516 801903 -873060
882468 -574380 882345 -574836
820107 -805572 820230 -805116
773736 -977484 773859 -977028
790341 -915924 790218 -916380
877179 -593988 877056 -594444
791817 -910452 791694 -910908
771030 -987516 770907 -987972
882099 -575748 881976 -576204
799812 -880812 799935 -880356
791817 -910452 791940 -909996
776565 -966996 776442 -967452
812850 -832476 812727 -832932
774843 -973380 774966 -972924
791571 -911364 791694 -910908
857499 -666948 857376 -667404
814449 -826548 814572 -826092
856638 -670140 856761 -669684
855285 -675156 855408 -674700
798828 -884460 798951 -884004
863649 -644148 863772 -643692
851226 -690204 851103 -690660
814572 -826092 814695 -825636
823182 -794172 823059 -794628
878532 -588972 878409 -589428
875703 -599460 875580 -599916
875457 -600372 875580 -599916
840033 -731700 840156 -731244
885174 -564348 885051 -564804
843969 -717108 843846 -717564
848520 -700236 848643 -699780
788250 -923676 788127 -924132
835605 -748116 835728 -747660
785913 -932340 785790 -932796
794277 -901332 794154 -901788
832530 -759516 832407 -759972
788988 -920940 788865 -921396
795507 -896772 795630 -896316
819123 -809220 819000 -809676
860820 -654636 860943 -654180
853071 -683364 852948 -683820
842616 -722124 842739 -721668
886650 -558876 886527 -559332
846675 -707076 846798 -706620
828102 -775932 827979 -776388
826995 -780036 826872 -780492
862419 -648708 862296 -649164
779517 -956052 779394 -956508
858852 -661932 858729 -662388
861189 -653268 861312 -652812
792063 -909540 792186 -909084
825150 -786876 825273 -786420
818385 -811956 818262 -812412
801288 -875340 801165 -875796
867585 -629556 867462 -630012
827733 -777300 827610 -777756
847044 -705708 847167 -705252
846183 -708900 846060 -709356
796368 -893580 796491 -893124
776565 -966996 776688 -966540
825396 -785964 825273 -786420
823059 -794628 822936 -795084
833883 -754500 834006 -754044
780378 -952860 780255 -953316
874227 -604932 874350 -604476
819861 -806484 819738 -806940
832407 -759972 832284 -760428
790464 -915468 790587 -915012
771276 -986604 771153 -987060
769923 -991620 770046 -991164
851349 -689748 851226 -690204
823551 -792804 823428 -793260
801657 -873972 801534 -874428
769062 -994812 769185 -994356
821214 -801468 821337 -801012
810882 -839772 810759 -840228
862788 -647340 862665 -647796
776688 -966540 776811 -966084
890586 -544284 890709 -543828
826503 -781860 826626 -781404
830193 -768180 830070 -768636
836220 -745836 836097 -746292
831669 -762708 831792 -762252
779271 -956964 779148 -957420
871152 -616332 871275 -615876
803502 -867132 803379 -867588
883944 -568908 883821 -569364
769308 -993900 769185 -994356
793170 -905436 793047 -905892
829824 -769548 829947 -769092
812235 -834756 812358 -834300
813342 -830652 813465 -830196
777057 -965172 777180 -964716
772137 -983412 772014 -983868
839541 -733524 839418 -733980
796614 -892668 796491 -893124
852825 -684276 852702 -684732
810390 -841596 810513 -841140
866478 -633660 866601 -633204
867339 -630468 867216 -630924
824535 -789156 824412 -789612
805593 -859380 805470 -859836
843600 -718476 843477 -718932
841509 -726228 841632 -725772
851595 -688836 851718 -688380
824658 -788700 824535 -789156
869676 -621804 869553 -622260
858237 -664212 858114 -664668
780870 -951036 780993 -950580
781485 -948756 781362 -949212
833022 -757692 832899 -758148
877056 -594444 876933 -594900
880869 -580308 880746 -580764
783945 -939636 783822 -940092
818139 -812868 818016 -813324
808053 -850260 808176 -849804
838434 -737628 838311 -738084
847782 -702972 847659 -703428
854055 -679716 853932 -680172
868323 -626820 868200 -627276
799566 -881724 799443 -882180
790095 -916836 789972 -917292
852579 -685188 852702 -684732
818631 -811044 818508 -811500
879639 -584868 879762 -584412
785175 -935076 785298 -934620
885912 -561612 885789 -562068
788742 -921852 788865 -921396
774597 -974292 774720 -973836
799074 -883548 799197 -883092
772998 -980220 772875 -980676
886896 -557964 886773 -558420
835482 -748572 835605 -748116
826134 -783228 826257 -782772
856146 -671964 856023 -672420
847905 -702516 847782 -702972
878655 -588516 878532 -588972
869676 -621804 869799 -621348
879393 -585780 879516 -585324
863895 -643236 863772 -643692
887019 -557508 887142 -557052
833637 -755412 833514 -755868
787881 -925044 787758 -925500
873489 -607668 873612 -607212
789480 -919116 789603 -918660
821337 -801012 821460 -800556
890832 -543372 890709 -543828
853932 -680172 853809 -680628
792924 -906348 793047 -905892
881730 -577116 881607 -577572
832776 -758604 832653 -759060
858360 -663756 858237 -664212
787266 -927324 787389 -926868
819861 -806484 819984 -806028
775212 -972012 775335 -971556
815310 -823356 815433 -822900
888126 -553404 888003 -553860
805962 -858012 805839 -858468
835236 -749484 835113 -749940
798090 -887196 798213 -886740
866970 -631836 866847 -632292
888249 -552948 888126 -553404
860574 -655548 860451 -656004
859836 -658284 859959 -657828
884682 -566172 884559 -566628
848028 -702060 847905 -702516
803625 -866676 803502 -867132
869061 -624084 869184 -623628
868200 -627276 868077 -627732
848889 -698868 849012 -698412
806700 -855276 806577 -855732
880500 -581676 880377 -582132
851964 -687468 851841 -687924
882960 -572556 883083 -572100
784068 -939180 784191 -938724
774351 -975204 774228 -975660
842493 -722580 842616 -722124
874104 -605388 874227 -604932
824904 -787788 825027 -787332
850980 -691116 850857 -691572
872997 -609492 872874 -609948
889602 -547932 889479 -548388
861681 -651444 861558 -651900
786036 -931884 785913 -932340
842862 -721212 842739 -721668
770661 -988884 770538 -989340
863034 -646428 862911 -646884
881115 -579396 880992 -579852
805224 -860748 805347 -860292
839295 -734436 839418 -733980
839295 -734436 839172 -734892
883821 -569364 883698 -569820
840771 -728964 840648 -729420
770169 -990708 770046 -991164
802641 -870324 802518 -870780
768693 -996180 768570 -996636
802395 -871236 802272 -871692
887634 -555228 887511 -555684
788127 -924132 788004 -924588
803994 -865308 803871 -865764
830439 -767268 830316 -767724
889848 -547020 889971 -546564
809529 -844788 809406 -845244
887757 -554772 887880 -554316
768816 -995724 768939 -995268
832161 -760884 832038 -761340
844953 -713460 845076 -713004
842001 -724404 841878 -724860
842862 -721212 842985 -720756
887880 -554316 888003 -553860
837327 -741732 837450 -741276
832899 -758148 832776 -758604
801657 -873972 801780 -873516
781239 -949668 781116 -950124
866109 -635028 865986 -635484
832530 -759516 832653 -759060
830562 -766812 830685 -766356
823305 -793716 823428 -793260
842124 -723948 842001 -724404
833514 -755868 833391 -756324
782346 -945564 782223 -946020
774105 -976116 773982 -976572
886896 -557964 887019 -557508
885051 -564804 884928 -565260
807930 -850716 807807 -851172
843477 -718932 843354 -719388
849258 -697500 849381 -697044
865371 -637764 865248 -638220
819369 -808308 819246 -808764
811866 -836124 811989 -835668
834498 -752220 834375 -752676
790587 -915012 790710 -914556
785544 -933708 785667 -933252
800427 -878532 800304 -878988
778656 -959244 778533 -959700
780747 -951492 780624 -951948
863157 -645972 863280 -645516
864264 -641868 864141 -642324
846675 -707076 846552 -707532
822813 -795540 822936 -795084
870414 -619068 870537 -618612
857253 -667860 857130 -668316
771522 -985692 771645 -985236
781854 -947388 781731 -947844
883206 -571644 883083 -572100
883575 -570276 883698 -569820
783453 -941460 783330 -941916
783945 -939636 784068 -939180
884436 -567084 884313 -567540
867708 -629100 867831 -628644
788742 -921852 788619 -922308
845937 -709812 846060 -709356
786897 -928692 787020 -928236
779640 -955596 779763 -955140
792555 -907716 792678 -907260
800550 -878076 800673 -877620
843723 -718020 843600 -718476
827364 -778668 827241 -779124
851841 -687924 851718 -688380
826872 -780492 826749 -780948
793416 -904524 793293 -904980
834498 -752220 834621 -751764
828594 -774108 828471 -774564
841755 -725316 841878 -724860
776442 -967452 776319 -967908
859959 -657828 860082 -657372
839049 -735348 839172 -734892
809160 -846156 809037 -846612
782346 -945564 782469 -945108
862173 -649620 862050 -650076
856392 -671052 856269 -671508
778656 -959244 778779 -958788
850734 -692028 850611 -692484
833145 -757236 833268 -756780
825519 -785508 825642 -785052
816663 -818340 816540 -818796
799689 -881268 799566 -881724
815679 -821988 815802 -821532
882222 -575292 882099 -575748
845937 -709812 845814 -710268
774597 -974292 774474 -974748
773859 -977028 773982 -976572
792432 -908172 792309 -908628
828471 -774564 828348 -775020
884313 -567540 884190 -567996
849627 -696132 849504 -696588
778779 -958788 778902 -958332
831792 -762252 831915 -761796
815064 -824268 814941 -824724
805716 -858924 805839 -858468
879270 -586236 879393 -585780
827610 -777756 827487 -778212
808053 -850260 807930 -850716
880746 -580764 880623 -581220
788250 -923676 788373 -923220
770784 -988428 770907 -987972
864264 -641868 864387 -641412
793785 -903156 793908 -902700
826380 -782316 826503 -781860
804732 -862572 804609 -863028
869307 -623172 869430 -622716
850242 -693852 850365 -693396
846798 -706620 846921 -706164
872628 -610860 872751 -610404
784560 -937356 784683 -936900
891201 -542004 -858327 551363
822444 -796908 822321 -797364
805224 -860748 805101 -861204
884559 -566628 884436 -567084
783207 -942372 783330 -941916
772260 -982956 772383 -982500
779025 -957876 778902 -958332
877671 -592164 877548 -592620
834129 -753588 834006 -754044
782715 -944196 782838 -943740
879147 -586692 879270 -586236
841140 -727596 841263 -727140
769554 -992988 769677 -992532
870537 -618612 870660 -618156
775581 -970644 775704 -970188
828594 -774108 828717 -773652
828348 -775020 828225 -775476
874596 -603564 874719 -603108
845691 -710724 845814 -710268
807069 -853908 806946 -854364
873120 -609036 873243 -608580
871890 -613596 871767 -614052
872136 -612684 872259 -612228
837819 -739908 837696 -740364
820599 -803748 820722 -803292
800673 -877620 800796 -877164
787881 -925044 788004 -924588
828963 -772740 828840 -773196
859344 -660108 859221 -660564
831177 -764532 831054 -764988
844461 -715284 844338 -715740
869430 -622716 869553 -622260
818754 -810588 818631 -811044
866847 -632292 866724 -632748
786282 -930972 786159 -931428
876072 -598092 876195 -597636
886158 -560700 886035 -561156
790710 -914556 790833 -914100
848028 -702060 848151 -701604
791325 -912276 791202 -912732
