1000
14793 661398 16371 662021
100005 695040 101583 695663
-357615 514370 -359193 513747
-379707 505648 -378129 506271
166281 721206 164703 720583
199419 734289 200997 734912
764343 957323 765921 957946
133143 708123 134721 708746
-283449 543651 -281871 544274
-387597 502533 -386019 503156
761187 956077 762765 956700
475569 843314 473991 842691
185217 728682 183639 728059
148923 714353 150501 714976
79491 686941 81069 687564
357219 796589 358797 797212
93693 692548 92115 691925
216777 741142 218355 741765
522909 862004 524487 862627
-715821 372949 -714243 373572
776967 962307 775389 961684
702801 933026 704379 933649
-294495 539290 -292917 539913
-368661 510009 -367083 510632
619167 900007 620745 900630
-711087 374818 -712665 374195
687021 926796 685443 926173
-401799 496926 -400221 497549
-684261 385409 -682683 386032
223089 743634 224667 744257
-209283 572932 -207705 573555
-644811 400984 -646389 400361
-228219 565456 -226641 566079
551313 873218 549735 872595
-578535 427150 -580113 426527
-611673 414067 -610095 414690
368265 800950 369843 801573
431385 825870 432963 826493
-168255 589130 -169833 588507
58977 678842 57399 678219
459789 837084 458211 836461
-35703 641462 -34125 642085
-501213 457677 -502791 457054
-387597 502533 -389175 501910
-59373 632117 -57795 632740
-141429 599721 -139851 600344
-378129 506271 -376551 506894
-176145 586015 -177723 585392
-128805 604705 -127227 605328
-558021 435249 -556443 435872
638103 907483 636525 906860
682287 924927 683865 925550
-539085 442725 -537507 443348
-487011 463284 -485433 463907
-43593 638347 -42015 638970
139455 710615 141033 711238
421917 822132 423495 822755
644415 909975 642837 909352
-62529 630871 -64107 630248
230979 746749 232557 747372
183639 728059 182061 727436
-726867 368588 -725289 369211
-553287 437118 -551709 437741
-51483 635232 -53061 634609
-472809 468891 -474387 468268
-393909 500041 -392331 500664
-143007 599098 -141429 599721
647571 911221 645993 910598
-665325 392885 -663747 393508
538689 868234 537111 867611
-373395 508140 -371817 508763
-64107 630248 -65685 629625
-652701 397869 -651123 398492
-502791 457054 -504369 456431
-106713 613427 -105135 614050
573405 881940 571827 881317
-420735 489450 -419157 490073
-782097 346783 -783675 346160
336705 788490 338283 789113
62133 680088 63711 680711
470835 841445 469257 840822
278319 765439 276741 764816
196263 733043 194685 732420
-777363 348652 -775785 349275
-348147 518108 -346569 518731
627057 903122 625479 902499
-370239 509386 -368661 510009
357219 796589 355641 795966
429807 825247 431385 825870
172593 723698 171015 723075
-654279 397246 -655857 396623
270429 762324 272007 762947
-640077 402853 -638499 403476
-341835 520600 -340257 521223
265695 760455 264117 759832
-755271 357374 -753693 357997
-493323 460792 -491745 461415
-561177 434003 -559599 434626
207309 737404 205731 736781
-68841 628379 -70419 627756
549735 872595 548157 871972
382467 806557 380889 805934
-572223 429642 -573801 429019
303567 775407 305145 776030
-251889 556111 -253467 555488
204153 736158 202575 735535
-756849 356751 -758427 356128
-62529 630871 -60951 631494
76335 685695 77913 686318
581295 885055 579717 884432
-670059 391016 -671637 390393
-255045 554865 -256623 554242
262539 759209 264117 759832
-605361 416559 -606939 415936
73179 684449 71601 683826
-286605 542405 -285027 543028
608121 895646 606543 895023
-199815 576670 -201393 576047
87381 690056 88959 690679
415605 819640 414027 819017
-356037 514993 -357615 514370
234135 747995 232557 747372
527643 863873 529221 864496
-748959 359866 -750537 359243
-171411 587884 -169833 588507
-89355 620280 -90933 619657
-684261 385409 -685839 384786
600231 892531 598653 891908
207309 737404 208887 738027
638103 907483 639681 908106
-458607 474498 -460185 473875
-414423 491942 -412845 492565
-94089 618411 -92511 619034
720159 939879 718581 939256
-753693 357997 -752115 358620
-633765 405345 -632187 405968
-417579 490696 -416001 491319
-644811 400984 -643233 401607
270429 762324 268851 761701
-756849 356751 -755271 357374
-739491 363604 -741069 362981
-766317 353013 -764739 353636
710691 936141 712269 936764
-613251 413444 -611673 414067
316191 780391 314613 779768
180483 726813 178905 726190
311457 778522 309879 777899
361953 798458 363531 799081
516597 859512 518175 860135
35307 669497 33729 668874
242025 751110 243603 751733
-438093 482597 -436515 483220
377733 804688 376155 804065
-782097 346783 -780519 347406
178905 726190 177327 725567
780123 963553 -585405 579462
-427047 486958 -425469 487581
-68841 628379 -67263 629002
-520149 450201 -518571 450824
142611 711861 144189 712484
685443 926173 683865 925550
-220329 568571 -221907 567948
-700041 379179 -701619 378556
74757 685072 73179 684449
36885 670120 35307 669497
-775785 349275 -774207 349898
363531 799081 365109 799704
494505 850790 492927 850167
-398643 498172 -400221 497549
335127 787867 333549 787244
-744225 361735 -742647 362358
-673215 389770 -674793 389147
-679527 387278 -677949 387901
702801 933026 701223 932403
355641 795966 354063 795343
-281871 544274 -280293 544897
537111 867611 535533 866988
628635 903745 627057 903122
-480699 465776 -479121 466399
-206127 574178 -207705 573555
-655857 396623 -657435 396000
-308697 533683 -310275 533060
616011 898761 617589 899384
-15189 649561 -13611 650184
633369 905614 631791 904991
331971 786621 330393 785998
249915 754225 251493 754848
379311 805311 380889 805934
240447 750487 242025 751110
546579 871349 548157 871972
-526461 447709 -528039 447086
-16767 648938 -18345 648315
-739491 363604 -737913 364227
690177 928042 688599 927419
-635343 404722 -636921 404099
-79887 624018 -81465 623395
-116181 609689 -114603 610312
713847 937387 712269 936764
-289761 541159 -288183 541782
-663747 393508 -662169 394131
-657435 396000 -659013 395377
205731 736781 204153 736158
-498057 458923 -499635 458300
-679527 387278 -681105 386655
-370239 509386 -371817 508763
-572223 429642 -570645 430265
-258201 553619 -259779 552996
-272403 548012 -270825 548635
-89355 620280 -87777 620903
743829 949224 745407 949847
705957 934272 707535 934895
444009 830854 442431 830231
118941 702516 117363 701893
459789 837084 461367 837707
-505947 455808 -507525 455185
-381285 505025 -382863 504402
11637 660152 10059 659529
-67263 629002 -65685 629625
-715821 372949 -717399 372326
-318165 529945 -316587 530568
-409689 493811 -408111 494434
721737 940502 720159 939879
756453 954208 758031 954831
-100401 615919 -98823 616542
-529617 446463 -531195 445840
281475 766685 279897 766062
436119 827739 437697 828362
-793143 342422 -794721 341799
658617 915582 660195 916205
-242421 559849 -243999 559226
289365 769800 290943 770423
-103557 614673 -101979 615296
-561177 434003 -562755 433380
-143007 599098 -144585 598475
-354459 515616 -356037 514993
-191925 579785 -190347 580408
139455 710615 137877 709992
-113025 610935 -111447 611558
82647 688187 84225 688810
267273 761078 265695 760455
298833 773538 300411 774161
724893 941748 723315 941125
197841 733666 196263 733043
-701619 378556 -703197 377933
-120915 607820 -122493 607197
557625 875710 556047 875087
477147 843937 475569 843314
24261 665136 22683 664513
664929 918074 663351 917451
166281 721206 167859 721829
-24657 645823 -26235 645200
-665325 392885 -666903 392262
418761 820886 417183 820263
-286605 542405 -288183 541782
-163521 590999 -161943 591622
-569067 430888 -567489 431511
-695307 381048 -693729 381671
38463 670743 36885 670120
297255 772915 295677 772292
44775 673235 43197 672612
-545397 440233 -546975 439610
-537507 443348 -535929 443971
147345 713730 148923 714353
489771 848921 488193 848298
189951 730551 191529 731174
530799 865119 529221 864496
-53061 634609 -54639 633986
-90933 619657 -92511 619034
-734757 365473 -733179 366096
-326055 526830 -324477 527453
-393909 500041 -395487 499418
-569067 430888 -570645 430265
545001 870726 543423 870103
-763161 354259 -764739 353636
74757 685072 76335 685695
-114603 610312 -113025 610935
301989 774784 303567 775407
-16767 648938 -15189 649561
687021 926796 688599 927419
-403377 496303 -404955 495680
-341835 520600 -343413 519977
770655 959815 772233 960438
-785253 345537 -786831 344914
-105135 614050 -103557 614673
213621 739896 212043 739273
-431781 485089 -433359 484466
324081 783506 325659 784129
-614829 412821 -616407 412198
301989 774784 300411 774161
-688995 383540 -690573 382917
281475 766685 283053 767308
505551 855151 507129 855774
257805 757340 256227 756717
530799 865119 532377 865742
-108291 612804 -109869 612181
-5721 653299 -7299 652676
327237 784752 325659 784129
-346569 518731 -344991 519354
218355 741765 219933 742388
-363927 511878 -365505 511255
257805 757340 259383 757963
-630609 406591 -632187 405968
591 655791 -987 655168
541845 869480 543423 870103
-10455 651430 -12033 650807
-575379 428396 -573801 429019
715425 938010 717003 938633
488193 848298 486615 847675
-209283 572932 -210861 572309
-613251 413444 -614829 412821
-247155 557980 -248733 557357
-29391 643954 -30969 643331
-275559 546766 -273981 547389
608121 895646 609699 896269
66867 681957 65289 681334
567093 879448 565515 878825
-709509 375441 -711087 374818
737517 946732 735939 946109
-510681 453939 -509103 454562
-136695 601590 -135117 602213
103161 696286 104739 696909
-728445 367965 -730023 367342
352485 794720 350907 794097
533955 866365 535533 866988
-54639 633986 -56217 633363
322503 782883 320925 782260
593919 890039 595497 890662
701223 932403 699645 931780
-490167 462038 -488589 462661
276741 764816 275163 764193
-384441 503779 -386019 503156
415605 819640 417183 820263
137877 709992 136299 709369
-131961 603459 -133539 602836
-479121 466399 -477543 467022
-335523 523092 -337101 522469
-212439 571686 -210861 572309
-595893 420297 -594315 420920
352485 794720 354063 795343
-330789 524961 -332367 524338
347751 792851 349329 793474
-195081 578539 -196659 577916
444009 830854 445587 831477
769077 959192 770655 959815
666507 918697 664929 918074
-482277 465153 -483855 464530
489771 848921 491349 849544
-504369 456431 -505947 455808
-610095 414690 -608517 415313
-310275 533060 -311853 532437
469257 840822 467679 840199
652305 913090 650727 912467
-600627 418428 -602205 417805
617589 899384 619167 900007
-149319 596606 -147741 597229
-226641 566079 -225063 566702
500817 853282 502395 853905
-313431 531814 -311853 532437
699645 931780 698067 931157
-119337 608443 -117759 609066
-624297 409083 -625875 408460
-622719 409706 -624297 409083
-174567 586638 -172989 587261
751719 952339 750141 951716
428229 824624 429807 825247
746985 950470 745407 949847
556047 875087 554469 874464
-302385 536175 -303963 535552
-109869 612181 -111447 611558
44775 673235 46353 673858
297255 772915 298833 773538
672819 921189 671241 920566
-591159 422166 -592737 421543
-362349 512501 -360771 513124
732783 944863 731205 944240
-327633 526207 -326055 526830
171015 723075 169437 722452
-327633 526207 -329211 525584
-322899 528076 -324477 527453
66867 681957 68445 682580
426651 824001 428229 824624
-688995 383540 -687417 384163
740673 947978 739095 947355
630213 904368 631791 904991
518175 860135 519753 860758
-124071 606574 -125649 605951
-769473 351767 -767895 352390
-184035 582900 -185613 582277
-763161 354259 -761583 354882
-616407 412198 -617985 411575
-182457 583523 -184035 582900
112629 700024 111051 699401
-766317 353013 -767895 352390
-280293 544897 -278715 545520
-245577 558603 -243999 559226
-586425 424035 -588003 423412
-319743 529322 -321321 528699
-37281 640839 -35703 641462
669663 919943 671241 920566
-586425 424035 -584847 424658
527643 863873 526065 863250
-488589 462661 -487011 463284
717003 938633 718581 939256
-733179 366096 -731601 366719
319347 781637 320925 782260
660195 916205 661773 916828
260961 758586 259383 757963
391935 810295 390357 809672
226245 744880 227823 745503
521331 861381 522909 862004
25839 665759 24261 665136
335127 787867 336705 788490
65289 681334 63711 680711
-300807 536798 -302385 536175
663351 917451 661773 916828
237291 749241 238869 749864
-550131 438364 -551709 437741
497661 852036 499239 852659
-362349 512501 -363927 511878
-48327 636478 -49905 635855
330393 785998 328815 785375
-605361 416559 -603783 417182
324081 783506 322503 782883
470835 841445 472413 842068
-32547 642708 -34125 642085
-73575 626510 -71997 627133
-430203 485712 -428625 486335
492927 850167 491349 849544
-300807 536798 -299229 537421
396669 812164 398247 812787
453477 834592 451899 833969
420339 821509 421917 822132
-439671 481974 -438093 482597
478725 844560 480303 845183
-602205 417805 -603783 417182
106317 697532 107895 698155
-322899 528076 -321321 528699
-458607 474498 -457029 475121
584451 886301 586029 886924
-351303 516862 -352881 516239
499239 852659 500817 853282
639681 908106 641259 908729
-373395 508140 -374973 507517
229401 746126 230979 746749
-340257 521223 -338679 521846
582873 885678 584451 886301
481881 845806 483459 846429
290943 770423 292521 771046
582873 885678 581295 885055
743829 949224 742251 948601
-354459 515616 -352881 516239
286209 768554 287787 769177
-45171 637724 -46749 637101
503973 854528 505551 855151
30573 667628 28995 667005
762765 956700 764343 957323
-204549 574801 -206127 574178
-431781 485089 -430203 485712
713847 937387 715425 938010
-305541 534929 -307119 534306
426651 824001 425073 823378
-106713 613427 -108291 612804
84225 688810 85803 689433
-594315 420920 -592737 421543
-201393 576047 -202971 575424
407715 816525 406137 815902
436119 827739 434541 827116
611277 896892 609699 896269
-94089 618411 -95667 617788
-278715 545520 -277137 546143
327237 784752 328815 785375
387201 808426 388779 809049
600231 892531 601809 893154
540267 868857 538689 868234
-468075 470760 -469653 470137
-512259 453316 -513837 452693
705957 934272 704379 933649
-576957 427773 -575379 428396
193107 731797 194685 732420
-285027 543028 -283449 543651
-496479 459546 -494901 460169
-576957 427773 -578535 427150
758031 954831 759609 955454
167859 721829 169437 722452
287787 769177 289365 769800
-513837 452693 -515415 452070
-160365 592245 -158787 592868
-204549 574801 -202971 575424
8481 658906 6903 658283
592341 889416 593919 890039
17949 662644 16371 662021
-83043 622772 -84621 622149
388779 809049 390357 809672
385623 807803 384045 807180
-218751 569194 -220329 568571
253071 755471 254649 756094
-760005 355505 -761583 354882
-518571 450824 -516993 451447
376155 804065 374577 803442
445587 831477 447165 832100
71601 683826 70023 683203
-659013 395377 -660591 394754
524487 862627 526065 863250
393513 810918 395091 811541
754875 953585 753297 952962
-146163 597852 -144585 598475
677553 923058 675975 922435
-455451 475744 -457029 475121
-333945 523715 -332367 524338
-166677 589753 -165099 590376
414027 819017 412449 818394
32151 668251 30573 667628
100005 695040 98427 694417
-698463 379802 -700041 379179
-542241 441479 -543819 440856
-588003 423412 -589581 422789
-237687 561718 -236109 562341
-234531 562964 -236109 562341
-253467 555488 -255045 554865
455055 835215 453477 834592
-681105 386655 -682683 386032
-469653 470137 -471231 469514
-673215 389770 -671637 390393
628635 903745 630213 904368
141033 711238 142611 711861
47931 674481 46353 673858
-343413 519977 -344991 519354
-78309 624641 -79887 624018
156813 717468 158391 718091
-722133 370457 -720555 371080
-152475 595360 -150897 595983
540267 868857 541845 869480
563937 878202 562359 877579
464523 838953 466101 839576
-649545 399115 -651123 398492
109473 698778 111051 699401
-84621 622149 -86199 621526
724893 941748 726471 942371
-232953 563587 -231375 564210
570249 880694 568671 880071
-267669 549881 -269247 549258
644415 909975 645993 910598
578139 883809 576561 883186
11637 660152 13215 660775
735939 946109 734361 945486
-786831 344914 -788409 344291
-516993 451447 -515415 452070
-581691 425904 -580113 426527
2169 656414 591 655791
245181 752356 243603 751733
-59373 632117 -60951 631494
466101 839576 467679 840199
-23079 646446 -24657 645823
-460185 473875 -461763 473252
-237687 561718 -239265 561095
52665 676350 51087 675727
-124071 606574 -122493 607197
-198237 577293 -199815 576670
306723 776653 305145 776030
641259 908729 642837 909352
-433359 484466 -434937 483843
623901 901876 625479 902499
161547 719337 163125 719960
344595 791605 346173 792228
559203 876333 560781 876956
279897 766062 278319 765439
-445983 479482 -447561 478859
696489 930534 694911 929911
-690573 382917 -692151 382294
-163521 590999 -165099 590376
603387 893777 601809 893154
-774207 349898 -772629 350521
-553287 437118 -554865 436495
-728445 367965 -726867 368588
-97245 617165 -95667 617788
317769 781014 319347 781637
-8877 652053 -7299 652676
-789987 343668 -788409 344291
-526461 447709 -524883 448332
-234531 562964 -232953 563587
425073 823378 423495 822755
109473 698778 107895 698155
767499 958569 769077 959192
-21501 647069 -23079 646446
-494901 460169 -493323 460792
-191925 579785 -193503 579162
-359193 513747 -360771 513124
248337 753602 249915 754225
-512259 453316 -510681 453939
202575 735535 200997 734912
338283 789113 339861 789736
-780519 347406 -778941 348029
-436515 483220 -434937 483843
-565911 432134 -564333 432757
-398643 498172 -397065 498795
-771051 351144 -772629 350521
-351303 516862 -349725 517485
369843 801573 371421 802196
-521727 449578 -523305 448955
513441 858266 511863 857643
521331 861381 519753 860758
396669 812164 395091 811541
-660591 394754 -662169 394131
-45171 637724 -43593 638347
246759 752979 248337 753602
174171 724321 172593 723698
49509 675104 47931 674481
-215595 570440 -214017 571063
182061 727436 180483 726813
-463341 472629 -461763 473252
93693 692548 95271 693171
-182457 583523 -180879 584146
-272403 548012 -273981 547389
197841 733666 199419 734289
-2565 654545 -4143 653922
14793 661398 13215 660775
120519 703139 118941 702516
-337101 522469 -338679 521846
775389 961684 773811 961061
-313431 531814 -315009 531191
-633765 405345 -635343 404722
43197 672612 41619 671989
456633 835838 458211 836461
-730023 367342 -731601 366719
455055 835215 456633 835838
-687417 384163 -685839 384786
682287 924927 680709 924304
590763 888793 592341 889416
3747 657037 5325 657660
-599049 419051 -597471 419674
-349725 517485 -348147 518108
-177723 585392 -179301 584769
-214017 571063 -212439 571686
-223485 567325 -225063 566702
175749 724944 174171 724321
25839 665759 27417 666382
-548553 438987 -546975 439610
-381285 505025 -379707 505648
481881 845806 480303 845183
-2565 654545 -987 655168
-608517 415313 -606939 415936
-176145 586015 -174567 586638
559203 876333 557625 875710
275163 764193 273585 763570
604965 894400 603387 893777
19527 663267 17949 662644
-307119 534306 -308697 533683
545001 870726 546579 871349
161547 719337 159969 718714
554469 874464 552891 873841
159969 718714 158391 718091
372999 802819 374577 803442
103161 696286 101583 695663
-640077 402853 -641655 402230
52665 676350 54243 676973
240447 750487 238869 749864
-147741 597229 -146163 597852
-737913 364227 -736335 364850
-529617 446463 -528039 447086
-778941 348029 -777363 348652
742251 948601 740673 947978
450321 833346 451899 833969
-744225 361735 -745803 361112
-706353 376687 -704775 377310
-475965 467645 -477543 467022
578139 883809 579717 884432
590763 888793 589185 888170
123675 704385 125253 705008
-261357 552373 -259779 552996
-277137 546143 -275559 546766
-584847 424658 -583269 425281
-180879 584146 -179301 584769
152079 715599 153657 716222
126831 705631 128409 706254
120519 703139 122097 703762
780123 963553 778545 962930
-695307 381048 -696885 380425
-411267 493188 -412845 492565
-315009 531191 -316587 530568
401403 814033 402981 814656
473991 842691 472413 842068
-693729 381671 -692151 382294
-498057 458923 -496479 459546
2169 656414 3747 657037
333549 787244 331971 786621
732783 944863 734361 945486
-411267 493188 -409689 493811
-480699 465776 -482277 465153
723315 941125 721737 940502
-619563 410952 -621141 410329
-157209 593491 -158787 592868
96849 693794 95271 693171
691755 928665 693333 929288
-543819 440856 -545397 440233
-562755 433380 -564333 432757
114207 700647 115785 701270
-266091 550504 -267669 549881
-591159 422166 -589581 422789
219933 742388 221511 743011
115785 701270 117363 701893
246759 752979 245181 752356
-483855 464530 -485433 463907
-185613 582277 -187191 581654
-38859 640216 -37281 640839
226245 744880 224667 744257
-73575 626510 -75153 625887
402981 814656 404559 815279
-422313 488827 -423891 488204
-423891 488204 -425469 487581
-666903 392262 -668481 391639
-138273 600967 -136695 601590
-769473 351767 -771051 351144
604965 894400 606543 895023
-231375 564210 -229797 564833
341439 790359 343017 790982
761187 956077 759609 955454
-734757 365473 -736335 364850
-404955 495680 -406533 495057
655461 914336 657039 914959
58977 678842 60555 679465
-86199 621526 -87777 620903
360375 797835 361953 798458
672819 921189 674397 921812
311457 778522 313035 779145
-791565 343045 -789987 343668
623901 901876 622323 901253
-390753 501287 -392331 500664
175749 724944 177327 725567
399825 813410 398247 812787
-120915 607820 -119337 608443
-676371 388524 -677949 387901
114207 700647 112629 700024
-627453 407837 -625875 408460
-18345 648315 -19923 647692
41619 671989 40041 671366
-305541 534929 -303963 535552
-559599 434626 -558021 435249
-542241 441479 -540663 442102
-291339 540536 -289761 541159
-195081 578539 -193503 579162
-297651 538044 -299229 537421
-155631 594114 -157209 593491
485037 847052 486615 847675
409293 817148 407715 816525
350907 794097 349329 793474
90537 691302 88959 690679
-242421 559849 -240843 560472
-668481 391639 -670059 391016
-264513 551127 -262935 551750
478725 844560 477147 843937
679131 923681 680709 924304
144189 712484 145767 713107
-475965 467645 -474387 468268
653883 913713 655461 914336
-463341 472629 -464919 472006
379311 805311 377733 804688
188373 729928 189951 730551
-291339 540536 -292917 539913
516597 859512 515019 858889
-10455 651430 -8877 652053
-450717 477613 -452295 476990
-245577 558603 -247155 557980
129987 706877 128409 706254
-523305 448955 -524883 448332
560781 876956 562359 877579
122097 703762 123675 704385
483459 846429 485037 847052
709113 935518 710691 936141
28995 667005 27417 666382
587607 887547 589185 888170
-652701 397869 -654279 397246
-548553 438987 -550131 438364
418761 820886 420339 821509
145767 713107 147345 713730
-365505 511255 -367083 510632
-630609 406591 -629031 407214
273585 763570 272007 762947
57399 678219 55821 677596
573405 881940 574983 882563
131565 707500 133143 708123
308301 777276 306723 776653
508707 856397 510285 857020
-647967 399738 -649545 399115
552891 873841 551313 873218
-40437 639593 -42015 638970
360375 797835 358797 797212
461367 837707 462945 838330
-223485 567325 -221907 567948
-617985 411575 -619563 410952
-676371 388524 -674793 389147
-599049 419051 -600627 418428
-389175 501910 -390753 501287
731205 944240 729627 943617
515019 858889 513441 858266
726471 942371 728049 942994
-427047 486958 -428625 486335
346173 792228 347751 792851
675975 922435 674397 921812
70023 683203 68445 682580
317769 781014 316191 780391
-139851 600344 -138273 600967
634947 906237 636525 906860
-520149 450201 -521727 449578
-783675 346160 -785253 345537
186795 729305 188373 729928
-595893 420297 -597471 419674
-450717 477613 -449139 478236
163125 719960 164703 720583
-444405 480105 -442827 480728
267273 761078 268851 761701
707535 934895 709113 935518
442431 830231 440853 829608
-228219 565456 -229797 564833
-395487 499418 -397065 498795
-567489 431511 -565911 432134
384045 807180 382467 806557
191529 731174 193107 731797
-636921 404099 -638499 403476
82647 688187 81069 687564
694911 929911 693333 929288
-294495 539290 -296073 538667
568671 880071 567093 879448
254649 756094 256227 756717
587607 887547 586029 886924
571827 881317 570249 880694
739095 947355 737517 946732
22683 664513 21105 663890
698067 931157 696489 930534
533955 866365 532377 865742
622323 901253 620745 900630
125253 705008 126831 705631
-793143 342422 -791565 343045
-217173 569817 -218751 569194
251493 754848 253071 755471
-403377 496303 -401799 496926
344595 791605 343017 790982
-190347 580408 -188769 581031
286209 768554 284631 767931
215199 740519 216777 741142
-414423 491942 -416001 491319
439275 828985 437697 828362
650727 912467 649149 911844
611277 896892 612855 897515
-647967 399738 -646389 400361
-499635 458300 -501213 457677
-4143 653922 -5721 653299
-581691 425904 -583269 425281
55821 677596 54243 676973
-466497 471383 -464919 472006
-445983 479482 -444405 480105
314613 779768 313035 779145
-532773 445217 -534351 444594
-629031 407214 -627453 407837
439275 828985 440853 829608
-152475 595360 -154053 594737
-643233 401607 -641655 402230
152079 715599 150501 714976
-718977 371703 -720555 371080
729627 943617 728049 942994
-261357 552373 -262935 551750
-19923 647692 -21501 647069
-13611 650184 -12033 650807
-330789 524961 -329211 525584
-556443 435872 -554865 436495
-741069 362981 -742647 362358
-198237 577293 -196659 577916
448743 832723 447165 832100
-71997 627133 -70419 627756
-419157 490073 -417579 490696
-531195 445840 -532773 445217
368265 800950 366687 800327
-420735 489450 -422313 488827
8481 658906 10059 659529
748563 951093 746985 950470
-449139 478236 -447561 478859
156813 717468 155235 716845
-269247 549258 -270825 548635
-266091 550504 -264513 551127
679131 923681 677553 923058
-78309 624641 -76731 625264
778545 962930 776967 962307
-160365 592245 -161943 591622
595497 890662 597075 891285
507129 855774 508707 856397
574983 882563 576561 883186
756453 954208 754875 953585
-540663 442102 -539085 442725
-172989 587261 -171411 587884
-240843 560472 -239265 561095
-168255 589130 -166677 589753
-335523 523092 -333945 523715
-534351 444594 -535929 443971
-48327 636478 -46749 637101
-29391 643954 -27813 644577
614433 898138 616011 898761
-101979 615296 -100401 615919
-150897 595983 -149319 596606
-439671 481974 -441249 481351
153657 716222 155235 716845
-38859 640216 -40437 639593
-472809 468891 -471231 469514
227823 745503 229401 746126
49509 675104 51087 675727
87381 690056 85803 689433
649149 911844 647571 911221
-26235 645200 -27813 644577
-117759 609066 -116181 609689
309879 777899 308301 777276
598653 891908 597075 891285
-98823 616542 -97245 617165
366687 800327 365109 799704
404559 815279 406137 815902
371421 802196 372999 802819
-696885 380425 -698463 379802
-32547 642708 -30969 643331
-155631 594114 -154053 594737
210465 738650 212043 739273
79491 686941 77913 686318
60555 679465 62133 680088
-441249 481351 -442827 480728
612855 897515 614433 898138
432963 826493 434541 827116
773811 961061 772233 960438
-128805 604705 -130383 604082
393513 810918 391935 810295
496083 851413 497661 852036
464523 838953 462945 838330
136299 709369 134721 708746
-706353 376687 -707931 376064
295677 772292 294099 771669
-722133 370457 -723711 369834
-704775 377310 -703197 377933
-250311 556734 -248733 557357
-251889 556111 -250311 556734
652305 913090 653883 913713
235713 748618 234135 747995
-760005 355505 -758427 356128
-374973 507517 -376551 506894
669663 919943 668085 919320
-188769 581031 -187191 581654
690177 928042 691755 928665
-215595 570440 -217173 569817
666507 918697 668085 919320
92115 691925 90537 691302
131565 707500 129987 706877
511863 857643 510285 857020
-131961 603459 -130383 604082
-76731 625264 -75153 625887
-258201 553619 -256623 554242
-714243 373572 -712665 374195
6903 658283 5325 657660
-747381 360489 -745803 361112
40041 671366 38463 670743
-56217 633363 -57795 632740
-468075 470760 -466497 471383
-127227 605328 -125649 605951
-49905 635855 -51483 635232
633369 905614 634947 906237
215199 740519 213621 739896
-455451 475744 -453873 476367
210465 738650 208887 738027
-747381 360489 -748959 359866
-794721 341799 -585405 579462
262539 759209 260961 758586
-725289 369211 -723711 369834
-717399 372326 -718977 371703
-709509 375441 -707931 376064
292521 771046 294099 771669
-296073 538667 -297651 538044
765921 957946 767499 958569
-509103 454562 -507525 455185
751719 952339 753297 952962
98427 694417 96849 693794
-490167 462038 -491745 461415
-319743 529322 -318165 529945
-750537 359243 -752115 358620
21105 663890 19527 663267
-135117 602213 -133539 602836
448743 832723 450321 833346
494505 850790 496083 851413
502395 853905 503973 854528
385623 807803 387201 808426
-406533 495057 -408111 494434
341439 790359 339861 789736
185217 728682 186795 729305
410871 817771 412449 818394
658617 915582 657039 914959
-452295 476990 -453873 476367
284631 767931 283053 767308
-382863 504402 -384441 503779
-621141 410329 -622719 409706
-83043 622772 -81465 623395
223089 743634 221511 743011
399825 813410 401403 814033
563937 878202 565515 878825
104739 696909 106317 697532
235713 748618 237291 749241
32151 668251 33729 668874
410871 817771 409293 817148
748563 951093 750141 951716
