100 148 30
41 26 93 86 31 61 8 91 19 50 80 29 100 12 34 44 72 78 4 95 2 25 42 9 97 82 21 53 11 90
10 3
31 5
90 93
30 82
92 30
69 75
69 66
68 25
66 2
76 25
67 45
65 55
69 53
5 88
81 91
4 65
42 89
19 32
53 37
80 76
73 28
46 62
2 25
89 23
74 11
5 70
45 65
49 52
82 49
13 63
96 68
39 29
78 26
57 10
60 7
33 41
82 87
76 99
59 1
67 27
28 78
13 62
83 56
24 82
42 23
58 33
69 8
55 41
92 11
3 41
21 76
5 36
53 15
97 51
99 9
39 23
59 26
12 30
3 28
9 17
75 64
10 94
55 94
36 18
72 71
6 22
35 50
49 96
100 31
76 9
18 51
51 48
81 84
77 43
54 60
87 48
85 62
50 88
28 49
16 8
59 60
68 18
67 49
14 56
22 46
30 23
14 75
63 64
47 68
66 4
68 31
78 81
24 27
7 98
19 70
26 43
98 21
85 74
43 52
71 43
84 93
97 7
18 64
16 49
33 14
19 20
79 77
42 5
51 98
73 90
56 53
46 15
84 17
57 63
15 69
37 64
34 87
38 67
45 2
13 44
20 84
21 44
7 27
21 91
20 72
71 44
87 70
85 33
70 40
23 4
96 55
35 4
65 51
6 95
65 28
61 74
1 74
41 76
92 12
18 45
65 50
5 14
86 52
86 4
83 70
34 29
87 79
77 60
