100 150 30
77 65 91 97 75 63 96 43 46 92 78 67 79 5 66 49 87 35 100 71 19 39 40 61 47 11 20 82 69 34
37 9
58 39
61 49
51 21
30 68
29 38
17 65
12 36
52 6
100 83
48 63
4 86
40 19
20 92
6 39
5 97
23 60
82 81
24 98
98 16
33 49
25 75
92 3
53 42
68 89
44 52
62 64
66 89
90 11
26 68
55 18
31 2
22 90
16 91
40 2
78 7
84 42
13 56
14 44
73 84
69 34
20 36
4 51
87 79
27 90
35 22
8 16
88 26
12 90
32 23
70 100
72 59
15 77
2 36
85 75
45 78
92 54
88 18
22 36
50 95
58 47
71 57
67 50
78 90
70 50
26 63
13 31
67 22
49 8
12 28
87 30
83 15
86 13
17 63
30 7
31 26
64 46
6 74
59 99
79 21
65 72
14 36
61 17
32 6
76 41
85 47
79 80
46 99
97 10
36 100
49 6
85 60
55 90
48 37
63 53
28 57
78 23
11 100
44 26
97 47
84 44
56 29
98 66
43 97
25 15
45 96
96 80
76 90
82 54
44 65
38 62
36 41
16 6
40 38
85 89
66 73
19 95
21 70
40 17
66 15
94 91
19 63
64 29
40 84
80 76
50 86
75 66
45 70
14 53
85 74
4 17
5 16
46 82
83 93
34 13
12 9
59 10
37 27
58 98
64 59
66 7
89 61
34 39
58 99
100 79
66 93
39 36
1 8
15 91
57 63
