1000 1605 200
601 586 983 659 765 37 273 396 262 663 776 16 936 899 921 537 73 746 705 733 233 516 276 164 873 573 529 905 786 270 788 203 308 2 717 861 969 699 488 656 693 157 703 280 512 283 967 804 946 750 860 382 129 792 647 196 521 855 653 793 820 532 835 697 457 31 172 781 300 643 92 215 550 965 576 669 159 968 370 238 511 447 795 330 417 208 123 809 360 318 491 104 545 125 520 974 428 392 780 56 372 982 245 997 674 986 146 949 928 219 450 833 628 119 286 174 65 807 838 322 951 252 41 251 918 608 852 271 285 798 40 30 711 49 893 179 320 808 754 453 972 161 938 389 257 385 823 900 845 603 96 632 127 319 163 922 554 103 854 655 572 756 189 889 468 448 787 676 264 917 477 791 560 605 500 299 564 62 383 260 526 735 535 648 509 200 107 741 821 292 680 559 636 287 374 518 359 768 606 715
929 1
929 384
587 1
587 764
888 1
888 169
816 1
816 764
226 1
226 588
307 1
307 214
442 1
442 446
194 1
194 902
365 1
365 902
422 1
422 259
136 1
136 761
728 1
728 523
723 1
723 169
513 1
513 66
920 1
920 356
624 1
624 722
296 1
296 446
306 1
306 673
255 1
255 830
425 1
425 77
7 1
7 933
622 1
622 933
368 1
368 604
887 1
887 259
630 1
630 54
996 1
996 673
80 1
80 356
650 1
650 152
681 1
681 549
408 1
408 933
953 1
953 615
227 1
227 902
777 1
777 54
108 1
108 259
241 1
241 722
210 1
210 549
726 1
726 139
12 1
12 523
68 1
68 400
483 442
483 617
77 994
775 241
775 470
400 912
404 816
404 988
384 940
32 723
32 940
604 980
794 241
794 515
937 630
937 508
829 307
829 494
580 306
580 508
66 234
152 314
304 80
304 278
761 10
933 912
198 777
198 45
259 386
902 555
749 365
749 45
549 18
185 425
185 619
651 630
651 10
722 190
354 726
354 420
883 777
883 692
523 314
688 7
688 709
588 173
169 454
214 190
764 10
139 124
220 306
220 994
290 194
290 957
54 515
446 515
673 957
830 957
890 136
890 988
615 362
614 630
614 627
355 624
355 314
356 957
617 410
582 446
582 891
709 112
10 46
988 592
973 764
973 90
494 501
420 797
957 568
454 797
912 50
190 50
335 169
335 90
150 829
150 269
963 775
963 748
499 604
499 11
470 266
712 673
712 956
362 496
45 891
326 588
326 592
20 933
20 932
105 483
105 720
994 708
619 932
555 592
508 708
980 195
386 410
18 719
627 266
677 673
677 956
771 77
771 410
811 688
811 497
739 749
739 751
234 90
578 169
578 46
303 169
303 266
706 722
706 46
314 133
940 195
278 751
631 890
631 753
173 956
124 592
839 890
839 341
692 11
455 354
455 720
515 265
207 355
207 50
822 940
822 142
90 814
246 771
246 646
78 619
78 199
956 557
932 26
195 349
504 20
504 110
324 839
324 342
751 460
339 362
339 575
719 236
496 557
797 460
592 460
964 771
964 43
790 454
790 970
708 199
409 980
409 575
128 839
128 162
501 565
753 142
941 18
941 342
223 555
223 575
748 183
266 493
568 970
485 190
485 460
50 960
634 963
634 525
891 575
133 145
112 342
720 460
410 19
998 692
998 525
497 438
269 236
39 619
39 814
341 557
11 525
46 438
265 36
565 102
349 583
557 758
43 113
970 154
111 128
111 244
229 964
229 465
145 710
525 193
646 113
26 154
36 916
182 78
182 99
19 113
718 719
718 640
493 710
162 154
460 476
267 128
267 736
183 69
110 130
142 115
236 15
438 583
199 244
757 501
757 721
575 311
342 766
429 339
429 772
814 188
960 154
851 409
851 875
553 39
553 327
130 593
610 142
610 397
69 657
98 438
98 452
696 646
696 192
698 26
698 700
113 503
99 158
583 158
14 960
14 755
193 461
373 110
373 562
23 182
23 991
211 429
211 702
102 784
766 594
640 427
244 958
327 991
710 21
783 19
783 991
916 846
42 36
42 397
772 437
758 109
660 757
660 657
115 682
465 930
188 452
736 868
875 857
476 461
154 760
106 43
106 478
141 342
141 700
472 814
472 378
685 460
685 158
25 19
25 192
430 525
430 375
100 142
100 109
116 429
116 143
282 429
282 132
690 460
690 857
881 111
881 954
721 33
311 503
914 553
914 197
249 557
249 702
15 158
117 575
117 397
594 345
682 886
347 476
347 147
132 732
562 9
958 637
689 698
689 678
143 474
427 474
593 149
114 583
114 482
702 856
321 916
321 439
21 393
598 660
598 623
197 407
391 25
391 903
700 345
755 433
478 147
548 736
548 439
868 439
954 985
846 934
911 100
911 482
397 63
857 623
135 249
135 985
378 678
109 856
33 607
652 916
652 484
657 732
541 914
541 607
991 658
533 736
533 623
452 149
952 15
952 263
437 886
901 327
901 995
784 482
212 23
212 623
461 333
158 272
930 903
760 407
192 536
503 934
375 903
458 868
458 359
147 288
948 593
948 44
934 546
175 760
175 546
149 165
433 228
482 343
63 367
678 239
903 923
334 682
334 405
742 911
742 463
567 760
567 539
484 222
407 752
393 762
376 197
376 877
118 533
118 823
333 201
856 695
623 927
691 541
691 262
263 418
637 168
886 230
345 837
607 628
658 505
732 507
140 541
140 820
474 82
817 347
817 787
9 850
439 500
844 114
844 218
71 21
71 752
995 974
272 93
985 756
536 320
73 742
73 714
289 482
289 621
432 345
432 204
294 263
294 161
867 118
867 325
181 934
181 336
591 658
591 413
904 934
904 707
546 572
705 333
705 965
411 407
411 187
471 149
471 919
456 658
456 550
608 71
608 801
322 856
322 35
922 658
922 625
540 474
540 801
28 732
28 965
131 393
131 919
64 71
64 808
5 458
5 435
850 260
606 484
606 450
600 439
600 431
792 691
792 392
31 536
31 809
554 742
554 450
257 147
257 919
487 71
487 858
398 175
398 858
418 325
938 149
938 858
961 856
961 965
51 948
51 325
60 742
60 746
978 118
978 801
795 334
795 625
835 474
835 714
489 742
489 392
129 407
129 746
951 985
951 967
216 607
216 35
871 140
871 550
95 567
95 187
741 474
741 300
344 844
344 642
235 175
235 724
584 678
584 621
367 204
743 985
743 204
287 458
287 325
170 334
170 204
449 433
449 431
488 637
488 965
731 567
731 801
559 458
559 808
840 149
840 858
873 637
873 967
383 607
383 300
382 458
382 35
900 817
900 337
852 458
852 858
521 567
521 413
167 658
167 325
679 433
679 801
516 376
516 801
798 934
798 161
17 263
17 337
877 965
298 407
298 967
945 439
945 572
629 691
629 450
563 334
563 919
785 263
785 713
716 886
716 809
649 263
649 204
979 903
979 707
704 995
704 204
981 333
981 450
288 204
221 856
221 572
738 948
738 550
291 439
291 337
854 637
854 431
837 919
423 985
423 965
750 856
750 300
402 742
402 325
215 623
215 57
944 995
944 450
359 707
990 433
990 707
233 567
233 550
810 948
810 746
490 567
490 392
462 903
462 336
123 817
123 435
328 623
328 746
654 334
654 621
907 333
907 713
511 147
511 260
910 678
910 642
666 948
666 808
818 439
818 965
343 858
491 732
491 204
125 118
125 713
52 886
52 392
4 474
4 801
579 63
579 435
466 623
466 35
363 433
363 714
628 325
165 431
974 336
833 63
833 919
264 140
264 858
603 691
603 572
683 886
683 572
806 147
806 714
645 407
645 724
744 333
744 808
2 407
2 204
153 63
153 724
663 742
663 714
441 439
441 746
507 724
97 934
97 713
982 903
982 707
943 474
943 435
759 536
759 724
969 393
969 809
498 334
498 707
268 140
268 161
752 808
674 333
674 625
834 623
834 572
308 147
308 707
866 140
866 161
319 985
319 967
917 856
917 260
684 393
684 35
276 147
276 714
975 147
975 809
924 817
924 337
989 691
989 919
292 856
292 161
819 637
819 746
58 334
58 965
316 474
316 746
396 817
396 809
547 345
547 724
762 808
372 407
372 572
599 376
599 550
927 801
217 691
217 413
242 886
242 435
767 9
767 621
870 658
870 808
313 263
313 300
824 334
824 625
641 334
641 809
13 433
13 919
219 658
219 801
87 63
87 435
415 985
415 858
369 995
369 724
859 433
859 392
644 985
644 808
821 678
821 858
444 678
444 550
693 376
693 57
639 732
639 57
923 809
573 484
573 161
893 934
893 707
93 57
468 856
468 809
201 35
239 572
687 637
687 621
768 376
768 713
178 886
178 809
394 886
394 967
205 886
205 413
443 691
443 187
8 474
8 392
329 856
329 161
320 642
231 439
231 801
939 9
939 621
725 147
725 435
399 71
399 967
556 9
556 808
445 9
445 724
543 175
543 621
968 482
968 450
782 817
782 808
237 886
237 337
101 433
101 336
695 325
620 147
620 809
505 161
984 607
984 965
860 393
860 413
947 484
947 300
697 118
697 572
793 637
793 919
730 140
730 809
49 985
49 809
251 272
251 801
377 995
377 808
802 272
802 435
374 484
374 858
842 393
842 161
602 263
602 336
542 678
542 724
545 458
545 809
918 263
918 713
506 567
506 300
524 678
524 746
889 147
889 336
915 140
915 809
453 407
453 572
44 625
119 149
119 965
353 817
353 35
596 607
596 260
560 376
560 431
638 334
638 746
942 118
942 431
535 393
535 204
711 439
711 337
561 995
561 967
529 433
529 161
222 336
921 140
921 801
827 903
827 858
632 393
632 746
993 856
993 919
699 742
699 550
669 9
669 550
729 333
729 714
240 691
240 724
331 147
331 204
310 678
310 707
477 658
477 572
966 934
966 550
577 439
577 392
872 856
872 337
469 844
469 625
863 995
863 204
330 623
330 707
230 450
293 934
293 713
519 433
519 392
191 407
191 724
168 204
770 886
770 801
323 637
323 572
151 637
151 713
295 474
295 204
412 433
412 809
527 623
527 724
82 724
880 732
880 450
661 886
661 435
38 458
38 392
238 732
238 707
421 71
421 325
862 263
862 431
424 63
424 204
92 147
92 337
59 567
59 858
357 691
357 707
633 995
633 707
662 407
662 336
177 474
177 435
532 678
532 642
946 272
946 642
262 550
84 9
84 431
913 474
913 858
96 948
96 713
252 678
252 204
558 272
558 625
787 300
727 948
727 714
492 118
492 642
832 567
832 550
202 140
202 35
228 450
635 334
635 187
537 439
537 392
380 484
380 707
789 817
789 336
812 175
812 325
405 336
352 948
352 336
530 333
530 713
879 856
879 161
138 886
138 57
254 140
254 300
526 345
526 642
971 948
971 724
500 714
601 637
601 336
146 345
146 161
94 623
94 161
675 482
675 724
925 118
925 967
774 376
774 550
463 161
256 175
256 572
284 149
284 161
539 746
70 637
70 300
611 844
611 621
486 334
486 337
763 63
763 642
16 147
16 431
656 334
656 965
447 844
447 713
936 623
936 642
845 995
845 161
121 393
121 392
475 474
475 413
164 691
164 621
41 272
41 550
436 71
436 204
172 691
172 161
647 376
647 809
983 817
983 572
309 484
309 642
467 345
467 336
514 376
514 204
512 817
512 450
275 995
275 808
518 658
518 57
670 567
670 337
926 623
926 572
299 948
299 967
664 886
664 325
800 484
800 572
597 334
597 300
29 263
29 204
180 658
180 550
805 637
805 413
48 607
48 413
67 934
67 550
605 345
605 260
612 856
612 336
103 482
103 161
6 856
6 450
776 567
776 204
160 607
160 621
756 967
653 474
653 919
655 458
655 187
855 995
855 260
403 934
403 337
417 903
417 713
796 817
796 325
820 337
364 140
364 967
950 658
950 35
225 903
225 801
157 439
157 808
686 439
686 801
473 742
473 642
977 623
977 450
390 856
390 621
897 474
897 336
176 149
176 967
218 572
385 817
385 621
379 637
379 714
510 732
510 337
517 439
517 550
528 9
528 808
520 407
520 621
847 856
847 858
286 886
286 621
823 809
250 844
250 746
302 175
302 801
703 474
703 808
531 856
531 204
30 71
30 713
786 567
786 621
179 474
179 187
479 147
479 57
35 502
801 931
625 388
336 735
572 735
714 576
325 898
808 144
300 590
858 144
746 665
809 898
965 882
337 733
161 574
724 534
967 502
57 61
450 388
392 366
713 931
260 671
621 618
431 590
642 200
707 733
550 626
919 388
413 81
435 733
187 836
204 895
576 91
590 312
440 746
440 56
618 358
245 808
245 285
931 274
388 285
895 799
574 843
781 336
781 799
189 713
189 643
571 809
571 813
671 843
416 435
416 884
502 701
351 187
351 258
733 312
898 909
144 358
803 967
803 538
419 621
419 312
773 919
773 134
534 825
88 714
88 271
735 127
360 809
360 285
836 769
581 325
581 825
665 312
200 799
387 35
387 34
366 285
224 204
224 694
882 285
853 965
853 312
61 813
791 919
791 538
522 161
522 457
906 325
906 283
81 370
626 258
85 621
85 318
717 625
717 206
83 919
83 56
134 213
370 986
643 253
34 747
959 419
959 253
283 270
955 571
955 277
636 626
636 401
91 676
566 502
566 609
127 126
318 745
426 388
426 213
825 648
813 949
701 828
285 122
538 332
737 836
737 838
274 648
780 733
780 163
56 987
261 898
261 401
589 440
589 232
865 836
865 163
247 522
247 86
459 387
459 55
864 581
864 317
312 381
799 281
451 735
451 281
694 949
848 836
848 163
570 388
570 987
271 281
358 281
884 332
206 815
769 122
457 676
258 876
843 788
248 351
248 401
909 332
401 935
72 318
72 894
778 312
778 395
815 826
297 825
297 53
243 884
243 826
126 53
428 56
428 65
928 843
928 849
203 258
203 935
779 694
779 3
381 564
89 864
89 564
253 807
317 564
277 831
976 538
976 137
281 896
232 874
949 62
648 196
163 24
434 451
434 279
315 426
315 613
332 62
609 348
788 74
899 701
899 395
389 56
389 585
213 65
804 459
804 896
747 667
676 279
209 285
209 715
876 279
55 894
987 279
86 715
495 283
495 305
668 636
668 997
734 737
734 348
273 955
273 480
838 826
986 65
346 769
346 715
361 34
361 997
878 274
878 137
551 799
551 196
37 258
37 826
586 864
586 740
104 884
104 62
745 406
270 137
338 843
338 480
122 53
828 62
831 47
807 544
280 270
280 350
826 22
3 350
305 569
24 616
564 27
155 734
155 166
62 174
65 166
53 47
613 76
659 815
659 186
481 551
481 616
935 174
348 992
395 999
874 186
301 361
301 569
896 908
137 448
406 569
715 47
196 680
894 509
667 448
340 281
340 569
585 27
997 159
552 734
552 905
74 869
861 381
861 107
480 999
841 203
841 672
740 27
279 448
849 908
75 104
75 27
208 381
208 174
184 778
184 595
544 1000
672 1000
76 1000
371 894
371 1000
350 1000
999 1000
595 1000
972 137
972 1000
159 1000
448 1000
47 1000
186 1000
616 1000
107 1000
765 935
765 1000
79 613
79 1000
166 1000
869 1000
171 65
171 1000
754 997
754 1000
22 1000
905 1000
174 1000
992 1000
885 305
885 1000
120 659
120 1000
509 1000
464 301
464 1000
27 1000
892 395
892 1000
569 1000
156 807
156 1000
680 1000
962 826
962 1000
148 874
148 1000
908 1000
414 826
414 1000
458 40
73 40
