13 12 332
0 0 0
1 0 0
0 2 0
0 0 3
2 0 0
10 0 0
0 20 0
0 0 30
20 0 0
100 0 0
0 200 0
0 0 300
200 0 0
1 2
1 3
1 4
2 5
1 6
1 7
1 8
6 9
1 10
1 11
1 12
10 13
2 1
2 3
2 4
2 5
2 6
2 7
2 8
2 9
2 10
2 20
2 30
2 40
2 50
2 60
2 70
2 80
2 90
2 100
2 200
2 300
2 400
2 500
2 600
2 700
2 800
2 900
2 1000
3 1
3 2
3 3
3 4
3 5
3 6
3 7
3 8
3 9
3 10
3 20
3 30
3 40
3 50
3 60
3 70
3 80
3 90
3 100
3 200
3 300
3 400
3 500
3 600
3 700
3 800
3 900
3 1000
4 1
4 2
4 3
4 4
4 5
4 6
4 7
4 8
4 9
4 10
4 20
4 30
4 40
4 50
4 60
4 70
4 80
4 90
4 100
4 200
4 300
4 400
4 500
4 600
4 700
4 800
4 900
4 1000
5 1
5 2
5 3
5 5
5 6
5 7
5 8
5 9
5 10
5 20
5 30
5 40
5 50
5 60
5 70
5 80
5 90
5 100
5 200
5 300
5 400
5 500
5 600
5 700
5 800
5 900
5 1000
6 1
6 2
6 3
6 4
6 5
6 6
6 7
6 8
6 9
6 10
6 20
6 30
6 40
6 50
6 60
6 70
6 80
6 90
6 100
6 200
6 300
6 400
6 500
6 600
6 700
6 800
6 900
6 1000
7 1
7 2
7 3
7 4
7 5
7 6
7 7
7 8
7 9
7 10
7 20
7 30
7 40
7 50
7 60
7 70
7 80
7 90
7 100
7 200
7 300
7 400
7 500
7 600
7 700
7 800
7 900
7 1000
8 1
8 2
8 3
8 4
8 5
8 6
8 7
8 8
8 9
8 10
8 20
8 30
8 40
8 50
8 60
8 70
8 80
8 90
8 100
8 200
8 300
8 400
8 500
8 600
8 700
8 800
8 900
8 1000
9 1
9 2
9 3
9 4
9 5
9 6
9 7
9 8
9 9
9 10
9 20
9 30
9 40
9 50
9 60
9 70
9 80
9 90
9 100
9 200
9 300
9 400
9 500
9 600
9 700
9 800
9 900
9 1000
10 1
10 2
10 3
10 4
10 5
10 6
10 7
10 8
10 9
10 10
10 30
10 40
10 50
10 60
10 70
10 80
10 90
10 100
10 200
10 300
10 400
10 500
10 600
10 700
10 800
10 900
10 1000
11 1
11 2
11 3
11 4
11 5
11 6
11 7
11 8
11 9
11 10
11 20
11 30
11 40
11 50
11 60
11 70
11 80
11 90
11 100
11 200
11 300
11 400
11 500
11 600
11 700
11 800
11 900
11 1000
12 1
12 2
12 3
12 4
12 5
12 6
12 7
12 8
12 9
12 10
12 20
12 30
12 40
12 50
12 60
12 70
12 80
12 90
12 100
12 200
12 300
12 400
12 500
12 600
12 700
12 800
12 900
12 1000
13 1
13 2
13 3
13 4
13 5
13 6
13 7
13 8
13 9
13 10
13 20
13 30
13 50
13 60
13 70
13 80
13 90
13 100
13 200
13 300
13 400
13 500
13 600
13 700
13 800
13 900
13 1000
