100 1000 12722
9 -5 4
2 -10 -1
3 -4 5
5 8 9
6 -2 -1
4 -5 -3
-8 2 -3
-8 6 3
-4 10 -3
6 -6 -1
-7 -10 -7
-10 5 4
10 8 -2
-4 2 -8
-4 5 -2
-5 -3 3
2 -7 -7
10 5 -7
2 0 -5
7 -6 -4
-8 -2 -6
-7 -5 -7
-2 3 -8
-1 9 -10
-9 -4 -4
4 -9 9
10 -8 3
-1 5 -5
-4 -8 -4
3 -6 -1
2 3 5
-7 -6 2
9 -4 -1
7 -3 1
0 2 -3
-7 -4 -10
2 2 8
-6 2 -5
9 -10 10
7 5 -8
-5 -4 0
-8 3 0
-8 -3 -7
-2 8 -1
7 -8 1
-7 -4 8
2 3 -10
-2 6 -10
-1 5 10
-3 -8 7
8 -6 0
10 -8 4
0 -6 7
9 0 -1
6 2 -3
1 -4 6
-4 -4 1
-3 -8 4
0 7 2
6 2 -6
-8 0 3
4 -3 6
7 0 9
3 7 6
-2 8 -5
1 -7 4
-10 5 2
6 -5 -9
6 3 4
9 -7 7
10 -2 -3
0 -9 1
1 -5 7
-9 -1 9
10 1 2
-7 3 -4
-3 -9 -8
-1 -8 10
10 10 2
5 1 -3
-7 7 4
-6 -1 -9
-2 10 10
2 -8 -5
6 -2 -2
6 2 -5
3 5 -9
-7 -5 -2
2 -10 -7
1 -3 -10
2 5 -3
5 -1 -9
-5 -4 1
-3 -7 -1
-10 -2 -10
1 -2 7
1 4 7
2 -7 5
7 -4 -10
-6 -4 -6
63 12
99 65
16 53
74 43
30 69
7 2
62 72
21 66
54 30
89 28
30 15
4 5
86 11
40 48
92 88
23 35
33 63
51 72
15 32
56 43
62 10
17 21
13 27
50 65
31 41
57 85
18 77
53 71
69 18
94 3
89 81
78 92
21 10
81 85
41 87
20 43
24 3
5 36
98 12
55 43
21 94
98 87
17 48
90 43
15 82
80 99
16 27
89 1
91 12
58 29
53 78
94 88
13 25
46 95
39 83
69 61
99 70
28 69
49 62
4 45
47 16
7 4
89 3
1 98
19 79
56 99
93 50
98 17
50 29
31 45
35 25
91 70
21 40
15 84
86 51
31 65
74 76
51 43
93 92
39 67
45 1
83 34
67 15
85 20
77 45
57 8
5 20
58 69
96 53
74 72
52 83
43 7
19 92
98 60
31 19
42 13
22 65
99 25
74 41
2 57
36 51
96 37
15 94
69 98
17 96
81 7
74 21
75 5
79 99
66 10
86 4
78 57
14 88
66 80
31 62
63 20
85 44
33 95
74 90
38 67
17 66
85 21
43 31
24 61
47 59
67 34
86 16
95 82
90 97
100 54
29 88
41 98
72 48
88 17
100 59
76 17
90 22
43 32
14 44
39 75
3 45
17 45
40 79
8 46
70 36
46 47
62 57
30 34
2 88
15 25
11 52
14 95
37 34
14 84
18 100
35 34
18 11
98 78
1 68
8 61
72 34
84 61
54 61
10 25
26 21
74 42
89 21
14 11
45 39
83 78
14 52
44 22
21 8
3 66
16 70
6 86
18 9
78 4
78 55
28 12
59 11
93 16
6 68
54 77
28 97
7 40
50 32
2 59
46 88
95 48
19 61
22 93
51 5
44 11
10 44
35 94
85 1
77 55
6 1
3 10
69 12
74 70
83 21
52 39
55 49
26 97
95 49
10 38
96 78
57 21
13 64
74 78
38 81
82 100
49 4
4 21
76 5
76 61
25 65
26 91
89 12
31 46
64 81
46 27
60 96
26 1
45 29
96 9
66 59
2 41
28 61
14 56
82 69
62 43
49 15
25 75
7 94
96 21
54 90
75 4
48 51
22 6
31 75
35 43
94 37
18 38
28 93
20 74
96 89
74 1
24 69
81 40
88 73
28 52
37 70
61 79
58 9
96 22
79 47
95 36
70 61
47 3
45 38
63 71
90 59
51 87
29 87
86 14
62 4
100 57
90 27
70 96
7 36
84 76
31 69
60 39
61 2
71 10
63 75
97 52
7 42
30 21
98 42
64 16
65 36
28 71
75 17
7 58
83 15
82 60
8 6
54 45
56 29
32 82
30 23
19 69
19 87
14 74
72 85
99 12
31 88
91 74
62 27
13 1
43 82
13 22
81 54
87 85
30 18
45 13
49 28
77 10
95 39
52 66
17 81
2 24
79 44
50 67
100 2
8 92
81 74
91 41
43 77
64 69
28 64
98 11
83 2
7 69
67 12
23 51
97 50
86 52
19 11
72 22
29 37
98 74
81 56
90 98
83 82
17 57
70 13
13 86
45 66
88 22
57 33
93 14
41 43
90 95
46 3
65 12
74 87
54 71
29 21
22 35
90 23
14 68
64 5
59 70
51 93
52 67
72 36
48 9
43 8
8 5
96 55
79 8
41 70
18 76
87 50
60 79
36 56
15 96
17 95
68 45
80 6
24 54
32 6
25 39
77 36
8 78
56 62
62 78
26 3
28 73
26 5
6 91
56 9
7 71
81 82
9 15
19 30
79 76
40 62
26 75
25 33
84 26
69 96
85 24
33 50
94 44
43 85
60 41
13 76
76 50
21 73
7 35
43 89
59 33
65 17
83 43
67 94
88 30
9 78
69 90
2 89
1 34
35 86
92 62
80 11
31 82
58 68
99 37
21 16
92 23
68 64
75 12
85 45
29 9
69 66
36 12
60 54
54 73
76 28
28 77
32 68
59 71
1 17
73 76
78 52
100 10
80 93
30 4
62 73
70 39
70 2
81 6
35 97
73 97
36 35
99 32
62 63
2 50
62 91
21 71
16 10
75 15
34 98
27 58
45 100
17 3
92 28
92 87
68 70
84 94
19 45
85 4
64 75
32 81
95 61
18 44
55 50
8 44
25 95
78 79
57 23
78 99
3 34
9 63
30 51
56 28
10 54
9 19
22 3
20 45
4 64
21 46
72 17
53 86
88 8
51 22
58 14
60 49
71 61
26 56
85 33
69 59
2 75
73 75
65 10
39 54
85 27
5 29
52 38
20 27
76 78
63 69
49 12
13 91
57 9
68 88
95 66
30 90
54 93
24 65
21 22
96 24
66 47
27 29
37 89
79 83
91 19
6 93
39 26
12 70
52 1
77 21
23 54
39 51
16 82
75 66
49 1
66 91
60 38
51 26
36 97
44 16
77 4
75 72
22 58
10 26
31 98
95 18
41 36
32 26
86 90
76 90
41 77
28 62
53 37
65 53
96 46
13 78
7 91
62 24
80 42
74 26
87 69
75 47
64 91
28 59
8 3
99 76
53 93
55 24
31 25
11 72
19 51
34 54
2 1
89 77
90 66
98 57
62 67
54 48
92 75
49 38
57 6
41 7
46 26
10 4
20 49
5 54
59 72
68 11
27 88
65 100
97 49
44 42
44 84
22 83
69 100
92 39
88 34
69 60
31 94
90 80
9 33
91 21
14 75
70 78
87 16
59 94
68 27
89 50
31 7
20 69
17 46
51 99
53 61
34 91
33 21
26 61
18 19
20 28
61 91
53 29
4 11
20 92
33 13
84 53
22 59
92 85
37 98
18 67
11 9
100 60
7 16
5 69
34 11
44 57
15 86
96 44
14 76
22 75
13 12
50 92
2 44
92 44
89 44
5 87
89 52
33 65
7 85
51 68
50 96
14 24
66 89
45 47
86 73
79 89
58 84
58 54
81 75
48 71
15 28
55 40
17 32
41 38
47 49
92 6
3 9
80 63
65 4
93 33
42 84
98 80
99 18
62 22
91 82
39 93
18 54
86 85
75 86
33 6
10 49
23 9
54 69
56 34
87 37
5 79
33 27
74 38
19 8
61 98
16 43
43 26
28 86
37 60
57 74
49 25
50 16
35 3
35 99
77 62
7 17
89 63
2 31
3 54
84 47
98 81
68 21
83 97
53 28
30 89
60 7
27 21
57 15
39 34
94 42
20 51
69 78
26 53
62 45
2 80
15 70
92 40
8 51
29 77
58 99
63 40
88 43
78 93
34 92
66 78
10 28
100 81
15 44
12 45
85 40
25 14
55 28
88 54
75 95
62 59
46 52
72 81
12 95
51 27
49 68
81 55
1 3
1 76
67 23
37 1
86 88
7 70
53 77
5 44
14 37
73 78
65 84
7 32
44 45
64 98
92 33
38 77
71 66
26 23
74 4
39 24
37 35
53 2
99 47
86 67
28 32
25 8
73 15
93 42
40 57
39 12
94 95
30 8
85 100
99 5
58 18
8 1
39 68
24 53
98 23
40 100
53 60
20 34
63 97
83 69
20 1
79 11
76 39
82 34
77 61
56 48
95 50
45 36
69 93
21 15
29 54
68 10
96 28
10 69
47 32
12 33
44 37
57 27
42 21
95 99
100 50
78 31
35 88
60 22
96 75
15 68
18 36
12 41
59 48
24 51
91 84
76 81
13 7
55 66
65 94
89 68
43 60
16 68
27 15
77 92
42 70
98 50
28 29
7 28
74 45
72 57
12 71
13 63
52 6
23 17
45 80
97 76
73 41
34 36
15 58
53 81
62 65
66 1
90 49
9 59
98 49
64 38
80 13
3 97
91 93
32 75
51 82
49 37
57 58
37 18
39 59
63 45
25 73
98 89
4 20
51 60
13 24
24 64
97 21
24 90
7 11
16 63
20 36
51 71
30 1
16 62
65 83
66 94
82 86
81 66
93 79
45 28
97 11
68 12
72 29
35 76
13 87
15 6
79 17
89 34
24 29
53 90
100 19
10 5
55 2
31 96
97 91
40 20
62 76
34 24
93 45
76 77
56 91
35 69
27 60
98 35
19 14
50 1
14 69
36 55
35 77
17 43
36 83
8 82
40 59
54 46
25 89
71 94
98 94
4 73
25 36
49 3
84 74
79 26
78 27
4 35
29 47
15 61
95 15
25 78
58 44
75 46
12 66
94 8
79 57
42 30
58 52
7 83
14 90
6 53
35 83
86 46
17 18
42 4
27 8
10 83
71 6
25 44
40 31
27 92
80 54
83 6
64 7
31 85
38 63
83 38
39 49
51 29
98 36
85 18
54 38
93 84
36 44
25 69
38 65
83 8
63 91
10 82
96 68
70 95
16 38
35 33
41 15
89 86
61 47
5 63
17 69
48 16
100 58
80 3
79 65
18 3
26 100
34 49
31 24
56 49
66 72
94 14
89 74
18 71
39 1
76 46
28 68
94 24
39 86
5 95
95 28
96 63
67 65
23 34
16 91
77 90
40 25
10 72
80 61
73 63
27 26
74 22
3 8
8 90
53 14
27 26
28 60
72 29
62 27
99 94
86 37
90 14
6 9
33 112
5 63
82 45
92 19
93 36
11 27
29 41
76 130
22 162
42 80
7 138
16 22
19 16
86 44
62 49
8 20
95 42
41 104
11 24
100 43
80 15
88 60
39 8
4 27
11 127
72 15
89 62
39 18
85 14
39 27
99 149
57 15
89 10
77 28
26 9
91 56
35 11
98 36
52 27
76 30
4 52
45 21
48 67
83 126
55 14
32 141
9 64
78 47
86 53
13 10
57 16
55 39
93 26
27 16
13 76
96 195
62 27
13 39
93 45
19 26
73 47
84 197
8 32
67 131
93 83
66 12
72 86
17 138
52 13
48 26
89 19
65 103
76 21
52 36
93 40
63 38
39 10
86 31
11 14
29 99
98 107
84 174
67 15
76 34
30 45
10 68
51 41
90 38
43 23
32 20
12 45
65 67
63 86
45 34
31 81
94 47
4 32
67 83
5 23
88 37
7 22
9 176
18 92
13 18
99 40
43 166
80 13
35 82
11 33
37 15
13 17
5 45
29 34
28 13
100 16
56 17
83 97
10 29
92 38
62 68
67 42
15 16
60 31
97 138
87 27
19 42
94 13
89 18
5 27
68 18
46 28
50 17
39 13
56 31
66 8
84 40
74 41
86 19
61 112
2 43
22 33
59 66
44 15
37 15
40 23
97 143
44 56
87 21
73 179
52 15
28 36
83 72
39 15
10 16
53 15
80 40
97 89
72 62
99 222
25 104
45 6
32 37
6 9
92 30
4 93
31 314
4 18
87 55
12 408
87 255
2 7
84 381
43 17
7 159
34 31
28 27
13 92
73 14
51 214
97 123
59 162
22 37
39 8
8 20
87 12
99 204
82 37
97 18
35 67
61 35
93 123
41 22
89 25
21 23
69 157
11 13
5 23
38 109
42 38
35 18
37 19
88 14
46 221
89 55
54 90
98 22
24 308
66 20
90 20
84 69
63 18
55 238
45 9
53 13
87 105
70 146
12 55
73 48
47 72
57 17
85 124
91 21
66 42
9 22
8 24
67 33
59 17
68 10
98 10
49 16
5 179
24 278
99 30
85 6
18 74
76 128
10 32
24 51
11 55
42 88
91 35
89 32
4 130
86 16
45 5
9 100
89 15
52 86
92 229
16 24
51 44
72 114
96 83
10 11
22 26
11 31
61 33
5 17
13 11
73 15
87 81
76 10
37 231
24 73
59 22
36 26
99 31
76 109
98 8
76 81
18 78
91 32
68 25
17 31
15 45
24 34
48 46
40 30
55 101
100 54
21 38
43 34
29 122
84 86
74 98
71 78
75 442
5 14
23 14
13 97
93 31
74 14
33 107
60 88
7 25
28 263
86 65
77 44
5 55
45 30
61 81
53 16
2 79
51 15
49 126
16 27
84 42
56 154
34 31
27 16
81 98
42 16
4 15
81 31
40 112
72 24
46 14
19 82
91 112
33 127
18 73
61 21
89 8
79 52
70 46
26 38
10 92
75 333
90 59
47 43
74 25
60 100
60 227
82 26
68 16
85 33
63 41
72 53
54 176
35 13
100 24
14 425
97 196
86 12
15 37
63 44
26 7
42 57
27 16
12 75
56 10
43 21
3 8
37 8
35 160
26 97
89 9
13 21
42 15
92 11
88 212
39 10
32 91
56 33
62 104
25 95
20 10
100 26
9 17
5 46
10 373
7 56
10 80
10 18
60 61
18 17
49 65
3 59
9 100
95 17
6 36
75 123
85 80
4 13
23 29
50 22
38 125
19 156
66 26
21 133
28 150
49 92
44 18
32 99
52 13
77 133
44 31
82 29
35 375
43 129
50 13
64 15
52 17
97 35
43 19
68 20
21 36
55 115
57 32
69 18
86 19
30 44
79 34
41 267
50 27
69 46
28 64
27 27
87 31
85 8
73 23
34 5
74 17
78 33
30 7
38 54
40 13
26 12
100 4
65 17
98 22
2 8
87 15
45 80
45 29
34 26
71 19
62 103
55 17
29 18
18 92
71 50
45 32
93 111
33 13
36 87
85 21
19 22
26 8
78 138
100 25
70 10
2 132
53 15
33 38
25 188
46 46
25 183
74 9
38 28
82 69
61 20
79 130
62 30
48 61
48 21
88 104
6 165
100 98
98 42
61 303
20 26
87 236
52 48
53 12
33 142
48 19
64 72
10 50
24 22
20 17
33 14
6 15
3 175
77 53
87 17
87 14
22 27
95 644
57 140
55 175
43 17
20 9
3 11
69 263
42 54
89 31
69 67
21 82
58 260
34 6
40 14
47 16
33 203
29 76
36 93
87 23
23 26
32 15
24 110
29 12
53 72
90 13
20 41
77 54
33 21
66 8
91 40
100 26
32 68
86 45
36 36
39 10
39 7
39 66
73 32
28 240
92 33
28 13
60 16
30 15
18 62
87 17
78 17
72 16
11 13
37 53
32 16
30 6
31 26
67 37
86 95
70 82
36 123
61 27
73 94
30 10
38 25
40 168
92 38
74 11
93 102
82 31
93 46
69 30
66 8
86 28
18 45
16 39
84 36
35 116
32 158
15 78
78 75
95 17
25 17
89 16
21 36
79 18
30 10
13 37
35 15
68 10
44 27
78 19
73 64
82 47
4 23
87 77
44 33
71 58
61 52
67 255
53 27
33 17
30 18
41 13
85 19
74 16
75 85
78 84
62 133
43 79
3 12
15 33
98 63
61 50
19 65
80 18
8 14
89 8
71 19
86 110
92 16
71 32
15 174
83 44
24 100
93 241
15 130
22 30
73 136
58 109
8 53
25 18
24 128
51 26
52 12
34 13
49 44
84 20
85 15
45 37
44 29
60 80
86 48
79 106
54 91
98 31
27 19
64 486
40 53
21 28
25 76
13 45
8 23
89 22
35 92
48 39
36 24
61 167
75 14
10 13
17 12
97 208
15 75
53 48
75 24
32 122
75 55
20 32
51 14
79 27
34 14
81 41
55 44
23 52
17 25
86 221
14 99
40 30
94 76
60 25
64 24
10 16
38 124
87 33
36 25
17 74
54 18
69 15
59 813
7 21
69 45
5 98
60 27
2 22
27 41
71 14
82 15
65 120
37 81
95 41
50 29
80 20
87 284
27 40
23 102
22 24
3 11
90 18
22 417
58 41
62 21
4 147
85 8
58 259
72 99
80 14
64 15
37 28
2 24
85 126
64 14
5 16
42 30
82 132
49 25
74 18
77 35
8 158
44 149
68 27
63 223
39 79
78 37
78 72
33 33
66 38
85 15
33 32
11 23
84 123
81 67
84 14
92 13
39 19
80 90
8 19
40 18
66 16
46 112
57 12
93 168
39 8
24 53
8 85
13 105
100 41
36 65
28 71
13 88
85 14
46 13
30 9
64 17
52 5
69 67
50 10
64 97
58 40
36 30
95 297
34 8
18 65
60 33
74 21
25 121
53 12
15 22
5 205
70 27
30 7
15 84
42 40
66 12
29 77
83 145
89 39
64 94
43 99
20 36
6 13
17 53
34 14
27 32
92 53
97 29
14 314
44 422
39 23
85 63
6 7
70 197
46 17
79 16
72 37
24 26
72 12
10 15
79 25
83 14
68 48
91 37
60 158
97 25
11 26
12 16
63 18
66 20
98 11
60 57
71 41
48 17
22 174
85 23
7 118
68 57
9 91
90 24
41 17
4 42
55 243
89 149
42 72
97 65
25 61
59 100
66 18
89 29
60 52
27 15
55 23
65 60
3 12
7 74
37 87
3 11
87 19
81 44
51 15
90 58
4 18
38 240
8 24
41 78
2 10
14 245
88 44
86 61
87 88
74 28
62 13
22 14
73 24
14 18
12 200
8 10
35 40
18 15
98 36
8 352
78 43
8 23
24 1
21 103
13 66
84 19
8 25
84 216
90 28
100 14
84 19
55 19
20 56
49 31
36 68
42 98
24 16
33 10
27 108
41 182
27 49
51 142
87 57
48 16
25 210
5 36
90 36
82 150
75 55
6 7
37 32
8 10
22 68
49 118
43 22
6 37
60 18
55 81
10 115
92 14
61 29
87 33
18 27
100 77
67 18
75 35
32 134
55 24
13 18
67 15
65 22
95 669
55 156
38 186
100 63
23 37
87 135
12 56
93 56
89 22
98 10
30 94
18 52
69 15
81 72
64 20
87 113
90 131
56 31
84 22
12 73
79 25
49 42
80 106
68 10
65 20
96 47
41 14
34 15
6 14
22 81
22 223
30 67
91 127
68 160
26 7
8 139
35 64
29 63
37 14
17 9
91 25
56 29
71 42
25 91
52 19
89 31
68 219
78 140
90 57
95 18
5 21
90 53
66 18
92 83
88 63
60 39
4 93
28 183
2 51
4 165
20 18
90 71
75 55
77 14
10 31
10 19
36 14
34 13
93 50
50 31
24 136
71 12
50 21
35 26
49 196
64 68
53 18
97 24
90 38
90 115
85 22
8 25
14 355
89 124
76 11
49 38
28 16
37 9
26 8
85 13
15 31
57 50
21 23
72 182
45 8
91 48
35 41
67 26
84 157
98 6
95 59
35 25
52 12
48 60
73 72
28 41
52 7
17 41
32 39
7 31
88 16
91 95
56 75
94 41
5 27
99 68
58 28
65 24
36 93
96 77
52 5
52 19
54 73
73 25
14 45
65 81
32 168
27 158
36 149
29 272
36 15
51 37
37 38
79 146
30 13
84 121
8 78
45 13
12 20
6 7
79 17
66 8
31 40
12 15
50 16
36 42
94 68
31 202
2 38
8 43
14 13
36 178
82 54
14 295
87 40
19 39
15 18
74 22
51 23
80 46
67 81
73 37
27 60
43 362
89 10
71 22
11 43
68 68
56 17
21 129
4 84
3 63
89 12
35 26
58 65
24 26
87 67
60 113
9 15
56 30
60 574
52 5
57 25
33 13
42 18
67 179
45 24
6 29
61 48
62 20
25 402
3 8
66 25
82 165
37 7
22 15
93 114
49 36
98 76
52 33
57 14
59 17
41 22
7 165
78 151
54 37
82 208
90 61
77 34
31 16
43 58
11 53
54 13
82 82
99 70
62 45
52 17
70 120
30 9
34 63
47 214
9 69
36 31
99 91
52 206
93 118
46 117
54 14
35 41
82 110
59 32
100 19
28 92
55 70
40 75
52 49
79 34
12 37
70 66
56 11
40 27
74 64
73 31
89 20
34 8
62 384
81 79
94 11
93 117
24 52
41 16
37 12
23 15
48 16
72 193
26 8
58 119
70 37
47 34
19 97
29 82
94 19
10 50
51 73
44 157
77 86
33 14
18 80
25 25
18 50
78 11
21 60
56 17
17 104
34 23
34 64
21 36
14 17
33 24
69 53
78 15
52 8
28 17
23 170
65 110
13 8
88 71
69 37
97 29
33 26
82 140
38 91
63 166
72 11
61 39
90 79
73 81
54 19
96 89
21 241
12 69
34 5
22 17
43 18
93 91
62 12
95 34
36 43
26 100
83 13
100 54
78 14
24 47
29 23
41 89
70 45
64 56
9 105
92 66
48 86
97 99
58 19
5 161
7 99
54 75
82 40
83 37
84 38
81 157
100 14
79 37
14 74
63 200
91 66
32 34
8 14
61 49
29 43
29 13
64 36
63 40
72 25
17 12
73 185
73 77
76 29
62 58
47 32
42 108
21 24
52 5
83 26
41 76
55 21
38 15
83 294
5 44
7 16
98 6
4 31
76 14
19 134
49 118
14 14
84 14
90 20
59 15
77 14
100 181
74 43
90 27
96 297
28 52
90 109
36 59
10 105
61 27
22 33
38 16
19 31
31 18
16 74
57 32
60 120
51 90
57 54
41 35
57 222
19 152
98 25
44 14
95 24
58 114
34 33
73 70
74 10
39 58
20 12
43 314
31 91
77 19
19 23
63 80
8 15
82 94
72 51
5 89
54 17
20 8
42 23
93 26
15 74
89 34
45 20
51 11
2 11
52 4
52 36
88 148
47 72
55 50
64 250
59 88
47 28
17 22
38 37
4 75
76 23
4 122
26 10
88 22
63 16
27 76
58 24
65 34
65 43
24 15
69 56
66 19
90 39
93 14
12 214
9 28
44 26
26 32
83 67
9 180
47 156
13 14
67 132
71 28
38 23
12 16
90 58
82 180
65 17
88 17
88 55
8 12
17 73
76 33
66 9
40 24
34 6
54 121
71 45
77 23
99 38
83 143
15 92
70 27
67 675
56 14
86 39
2 44
93 52
95 92
51 12
56 18
94 23
26 23
12 130
95 48
92 262
34 5
37 78
98 11
16 53
44 18
19 28
46 29
33 113
78 64
19 19
89 24
67 47
75 15
35 13
95 110
84 18
80 20
85 52
37 21
73 66
19 30
67 13
68 10
70 35
99 47
57 44
76 59
97 12
31 77
75 26
67 86
91 54
41 62
5 211
44 512
8 90
53 39
89 11
66 80
38 51
26 27
49 15
25 59
36 18
70 125
68 8
52 7
94 11
84 30
84 85
18 12
58 76
74 75
48 24
54 26
5 291
51 290
66 101
97 25
35 83
100 70
64 157
88 260
88 50
41 25
70 66
79 17
18 89
94 54
72 23
66 13
39 21
8 13
60 35
34 27
87 112
52 6
20 9
54 74
3 9
72 68
6 63
43 23
94 18
93 104
65 111
61 147
57 17
92 14
74 10
78 32
25 66
56 281
51 64
98 9
39 8
67 25
60 48
54 10
72 48
86 15
85 10
50 34
85 68
82 54
90 118
77 33
9 112
20 56
17 21
78 14
35 20
5 13
39 23
29 97
85 40
26 27
92 58
64 102
51 160
72 26
96 17
85 8
38 74
46 322
77 17
32 43
83 14
37 26
10 14
46 12
27 101
22 90
60 25
73 68
9 33
95 67
85 13
55 147
68 20
23 17
52 27
86 205
81 217
72 12
86 11
90 16
16 36
12 14
28 31
55 43
75 190
79 19
58 24
98 60
92 61
65 138
59 53
52 5
15 171
82 56
61 28
68 8
93 38
83 112
10 72
14 32
67 15
25 52
30 16
36 19
50 12
72 25
53 21
77 100
84 26
63 14
15 37
71 54
3 59
26 21
30 6
74 23
69 32
30 12
11 22
44 128
53 23
76 33
80 208
34 11
26 37
80 365
26 20
98 78
70 27
75 172
59 15
76 38
80 42
13 63
92 71
32 25
95 40
16 14
83 25
11 107
44 16
27 72
60 14
69 51
40 26
62 71
17 8
2 7
10 91
62 143
24 94
32 60
97 54
44 13
53 70
33 296
86 11
60 92
3 6
22 21
20 23
11 106
19 36
95 54
34 16
5 43
70 31
52 14
29 21
35 234
98 132
59 128
78 18
5 70
88 15
98 28
9 100
2 33
5 41
5 27
51 73
12 115
94 14
26 69
77 45
76 30
56 13
89 57
86 25
56 29
38 34
55 18
94 52
79 17
99 123
49 56
38 213
82 26
53 38
14 32
14 204
79 15
78 44
95 36
30 15
42 178
4 70
84 41
33 35
92 50
54 81
2 8
85 11
48 44
82 29
3 70
3 14
89 38
12 22
49 197
28 15
71 34
93 48
44 38
37 27
72 38
53 16
92 13
22 14
22 25
34 19
99 47
51 55
8 17
52 7
22 59
60 39
42 221
52 23
60 22
30 6
35 27
95 96
20 26
89 15
9 32
78 44
65 23
39 81
19 162
10 91
33 10
92 37
25 157
8 11
48 56
39 74
19 27
83 24
74 10
61 23
16 21
37 18
62 13
82 129
64 24
92 80
71 67
17 17
56 42
15 17
70 132
19 50
70 58
92 12
93 155
26 8
91 53
42 176
87 69
55 198
43 60
19 39
88 27
53 90
99 24
38 305
14 65
22 39
86 126
51 32
34 46
33 34
64 28
55 25
80 14
18 24
66 61
4 81
45 15
82 211
20 35
83 68
23 39
3 23
47 28
81 87
29 16
23 27
10 65
7 20
5 13
85 11
22 80
41 23
86 47
13 37
18 13
17 104
29 98
62 153
35 183
7 45
3 7
11 37
91 192
63 41
98 77
3 60
44 37
75 87
36 33
52 16
11 103
87 60
90 146
50 96
97 25
35 36
90 76
90 16
55 17
36 15
10 12
52 10
13 14
52 52
56 21
85 6
74 81
69 61
11 46
37 8
21 28
25 155
69 36
22 223
14 155
66 17
99 56
91 21
40 74
19 61
4 16
84 365
24 76
41 16
92 17
5 106
22 14
16 49
68 99
42 162
2 83
54 125
43 91
62 20
98 32
25 31
100 24
43 21
47 14
62 71
38 132
68 96
2 89
8 14
52 20
92 45
17 136
38 27
51 25
71 24
12 89
52 18
62 18
24 258
44 15
32 164
24 129
98 66
18 144
57 47
69 239
57 38
78 105
82 37
95 78
86 90
4 181
19 14
5 24
46 117
17 200
41 44
74 32
8 43
42 113
62 19
34 27
10 14
20 67
11 56
28 37
14 28
54 35
79 79
7 118
81 66
67 16
11 35
53 27
82 14
18 18
12 25
34 11
2 9
19 118
60 14
18 91
17 101
19 121
2 36
78 157
54 9
54 79
28 55
24 23
37 11
79 47
80 11
52 11
41 16
67 14
95 63
5 20
85 18
83 44
76 32
49 9
13 46
70 39
79 52
10 18
27 20
50 21
24 263
11 73
24 62
81 42
97 11
29 23
9 114
14 34
16 35
53 17
61 59
94 43
98 27
62 11
28 14
21 99
86 11
70 91
32 270
96 158
52 34
19 57
4 38
72 43
37 17
61 30
49 98
79 19
69 203
47 86
18 52
47 14
59 17
54 19
77 50
15 73
88 180
21 42
100 22
19 16
46 26
17 19
12 59
69 43
84 253
29 16
9 25
49 82
14 89
4 65
18 137
29 15
33 52
22 15
59 63
70 49
9 15
76 253
71 19
9 73
38 49
51 95
47 373
5 13
63 22
69 118
26 32
91 23
85 142
49 14
19 61
16 14
4 34
28 22
70 26
64 25
14 47
41 26
43 23
78 23
24 113
37 31
66 6
100 54
55 15
86 86
33 107
100 14
13 116
25 56
84 136
76 12
68 32
33 14
13 14
32 24
33 73
75 259
66 14
47 125
24 13
81 32
43 17
68 25
39 6
84 16
77 29
71 14
46 21
4 26
38 75
91 25
90 308
38 166
99 64
95 69
8 33
74 82
38 14
34 5
7 98
60 63
9 147
83 32
72 11
66 49
37 9
31 61
15 333
15 95
42 108
48 140
96 199
85 8
75 85
27 30
4 14
32 77
96 21
6 28
44 31
35 15
12 40
95 48
86 68
50 10
16 22
80 43
4 52
85 10
87 39
44 36
66 44
43 45
88 89
19 32
21 16
10 53
97 107
31 153
94 98
51 237
17 149
93 180
14 30
36 33
39 95
88 30
52 6
80 14
72 103
20 15
85 44
36 113
9 33
77 44
54 22
70 13
34 37
9 19
30 67
67 74
30 164
55 19
19 313
24 64
26 7
9 83
56 10
98 994
32 37
89 18
63 29
19 35
72 16
34 5
17 15
23 13
10 27
8 64
26 26
30 50
91 21
12 35
34 7
25 96
35 87
69 70
73 196
43 40
87 13
35 274
38 33
64 15
33 50
88 16
67 117
50 14
61 54
26 32
52 5
19 72
12 325
72 42
7 104
13 97
73 125
86 11
80 54
16 20
81 72
15 123
88 90
25 231
29 21
14 40
60 98
20 56
29 17
67 27
8 174
77 105
48 45
88 60
69 18
21 28
76 16
40 227
62 11
35 43
47 16
38 32
73 254
39 89
81 46
55 15
24 232
69 34
25 112
80 13
72 159
85 146
35 26
26 21
29 106
29 44
88 33
39 7
34 48
18 30
51 28
17 86
40 15
37 28
23 30
76 14
60 116
65 62
60 18
86 37
14 39
99 16
43 14
8 20
84 217
18 13
6 63
92 19
65 32
7 65
79 28
29 12
35 101
60 76
73 80
4 35
9 134
98 8
65 18
29 12
70 18
32 55
80 16
68 40
12 21
94 28
17 88
30 14
72 32
19 24
94 17
54 127
67 43
7 171
14 622
90 47
12 17
75 92
56 11
73 25
72 82
12 21
85 24
100 203
4 355
82 119
40 137
50 11
27 18
13 47
53 285
31 58
40 15
2 8
56 23
69 28
6 20
75 60
6 16
72 29
87 19
72 106
31 12
20 11
99 34
25 301
55 84
91 82
9 30
45 25
86 141
13 140
91 26
53 38
97 18
6 10
19 12
75 505
99 50
24 37
61 63
10 68
50 21
46 17
56 32
81 18
38 33
56 12
58 87
81 271
6 9
94 53
2 26
47 22
54 17
75 16
100 176
66 8
5 51
61 29
12 17
69 320
84 38
5 115
64 42
44 84
47 339
99 52
68 9
90 42
35 69
97 12
32 42
38 116
57 208
76 70
96 149
63 161
76 61
56 478
10 117
16 16
3 48
19 48
64 137
86 103
44 108
59 186
51 28
4 156
29 45
16 86
23 116
47 26
12 14
98 8
9 73
36 18
78 48
29 36
42 566
94 49
5 37
76 65
11 26
15 61
15 109
91 48
60 14
73 77
24 72
45 35
6 46
60 23
60 249
34 62
17 8
47 133
54 30
97 93
83 28
23 27
55 210
40 72
45 6
69 18
43 139
60 22
9 44
36 26
37 19
25 113
11 14
32 19
98 13
70 65
5 67
72 59
11 21
59 20
69 50
20 101
52 8
67 56
25 24
75 337
91 77
20 31
8 51
14 196
23 60
50 8
54 90
31 43
63 37
31 33
3 59
27 80
92 96
63 59
19 147
15 73
34 52
11 14
16 82
11 105
100 188
43 78
91 141
89 147
84 107
90 52
53 32
4 46
67 54
85 38
48 122
68 91
17 8
46 15
29 106
16 102
76 44
84 28
37 23
32 32
60 65
16 57
12 29
80 15
69 23
23 72
72 85
4 17
78 50
9 16
61 19
44 26
93 16
73 58
24 262
30 7
87 199
28 21
10 91
87 72
70 63
8 106
95 111
31 69
58 68
36 23
85 12
5 31
37 8
54 16
48 175
5 21
81 193
27 53
40 40
85 7
18 66
18 51
62 11
13 42
80 17
33 93
80 121
87 116
62 18
6 7
72 11
12 109
8 20
51 14
67 125
76 132
99 38
91 287
27 120
49 17
60 18
3 6
25 31
91 14
31 14
21 137
86 61
19 78
9 32
61 47
61 13
38 31
55 19
95 16
85 108
45 16
97 210
34 19
13 46
40 25
99 96
22 36
62 28
45 14
30 86
64 98
8 121
45 9
65 16
10 17
67 55
66 9
43 150
82 242
29 87
8 103
47 84
10 66
19 18
47 16
91 39
50 59
49 25
27 70
43 17
71 13
56 84
91 106
25 146
69 36
87 33
40 56
84 128
23 49
69 51
27 46
31 57
33 11
79 342
73 20
48 22
71 28
82 52
55 26
60 32
80 40
63 14
96 300
15 16
85 36
48 50
85 24
26 48
6 28
7 17
79 156
24 16
98 161
80 138
67 30
96 44
53 28
47 50
78 12
71 112
67 159
61 15
82 75
40 170
70 13
79 60
33 48
41 24
79 79
78 160
74 17
99 114
63 59
5 15
88 124
35 16
32 44
7 32
47 16
62 78
75 36
64 120
35 46
91 61
95 19
25 43
24 35
70 28
94 94
81 62
52 4
49 28
70 73
76 12
77 38
4 15
87 30
47 141
71 53
30 28
37 12
22 69
64 18
92 58
40 13
80 15
71 167
37 23
4 185
82 81
76 64
78 152
7 79
79 353
36 28
89 47
83 13
34 23
6 10
87 21
29 26
98 40
67 55
47 40
27 15
22 60
68 122
11 38
44 16
52 4
62 46
44 16
73 24
87 73
32 23
61 67
70 47
84 194
48 94
64 199
85 30
77 26
20 13
92 31
94 22
45 15
39 18
29 121
5 157
39 15
21 17
15 43
86 13
61 99
52 5
88 60
92 36
95 42
10 96
73 16
24 156
35 32
25 50
87 74
3 12
54 27
69 31
74 76
66 7
31 15
76 138
20 10
97 51
14 22
54 15
78 71
4 76
40 30
65 259
9 34
60 83
8 125
28 54
65 248
27 40
69 330
83 90
91 18
29 84
73 47
79 25
41 17
54 25
67 32
59 343
43 258
24 68
58 56
86 16
94 22
70 37
100 216
50 68
77 14
18 13
13 19
60 21
45 12
72 127
43 91
75 176
92 28
8 14
86 43
9 55
84 91
3 57
53 12
18 26
77 15
23 249
15 19
40 52
53 13
21 32
41 109
76 16
14 128
21 29
25 92
21 56
88 12
76 16
6 9
91 173
10 55
56 36
93 124
63 31
89 12
37 11
44 18
37 90
46 33
74 14
73 29
62 153
74 14
31 17
70 15
77 101
72 211
91 12
67 70
78 73
82 64
56 48
31 20
58 16
37 74
33 87
23 119
4 106
64 122
25 69
52 4
21 49
21 99
25 53
39 6
9 251
47 41
41 33
67 21
37 247
13 29
92 73
65 274
53 61
81 53
52 17
100 293
63 16
27 43
49 63
73 50
44 127
34 27
87 46
29 206
40 26
19 43
33 12
40 136
63 19
23 204
66 36
6 14
62 101
34 16
85 8
2 28
63 27
83 20
15 93
55 200
57 26
76 100
88 16
43 92
32 146
60 24
94 83
24 38
55 15
84 61
78 33
36 126
96 13
95 17
27 39
95 183
45 12
36 82
62 60
84 14
73 26
86 17
4 75
45 10
94 14
64 46
65 44
99 178
12 47
18 32
16 87
57 134
94 33
65 46
11 46
16 14
52 22
78 16
60 82
44 69
97 16
17 23
38 16
31 57
71 28
94 24
26 33
11 24
39 19
76 109
58 65
58 25
80 20
17 41
79 85
85 39
14 53
66 25
21 70
35 62
50 39
94 101
99 69
83 48
76 15
18 19
18 31
30 12
2 12
37 79
92 42
37 110
30 37
93 22
37 18
22 59
65 322
42 146
26 22
42 32
100 35
18 15
67 20
66 32
60 20
13 11
94 81
7 23
55 49
100 81
52 18
69 163
26 16
48 267
10 45
92 81
34 5
29 26
48 49
30 35
22 101
5 28
72 154
56 77
89 14
22 189
36 49
41 33
31 12
28 46
43 23
63 145
34 6
42 30
75 23
100 33
94 39
34 6
32 18
4 702
77 66
15 531
93 32
78 13
14 81
23 25
86 12
46 364
28 177
11 44
75 48
64 46
3 9
91 85
36 41
70 29
48 79
15 32
9 34
63 12
20 28
27 15
9 31
82 158
31 49
92 36
53 35
9 79
94 17
65 20
20 50
43 31
49 14
48 101
44 68
2 172
97 57
81 15
71 16
84 47
23 179
80 73
31 17
27 72
42 381
61 15
65 391
49 13
32 22
25 42
17 30
55 281
73 130
88 72
8 10
26 30
21 37
10 22
36 94
54 134
5 17
27 23
94 22
79 18
78 269
24 30
52 44
62 76
17 122
90 20
54 16
74 35
90 148
44 42
66 19
55 16
48 196
95 27
8 23
6 41
62 29
38 52
89 59
35 41
20 31
17 155
69 271
13 11
65 264
14 119
22 34
12 15
87 25
40 22
73 25
43 205
52 15
26 18
48 31
57 117
32 52
2 30
27 45
55 95
63 151
22 191
83 133
65 58
12 22
43 173
6 12
55 31
47 17
93 28
11 57
28 25
15 66
8 32
7 44
42 169
49 67
61 38
91 38
29 15
16 84
28 38
13 90
96 47
28 42
61 35
37 12
100 14
98 29
61 183
19 28
99 117
41 29
13 30
89 11
34 15
51 14
37 11
36 21
38 14
32 39
69 230
41 27
54 23
3 10
59 285
15 265
51 36
96 111
26 16
54 18
98 9
38 27
50 13
56 192
20 41
5 41
33 38
41 67
57 57
35 23
7 19
6 12
72 134
21 89
46 14
7 109
67 134
58 31
41 31
3 33
22 94
56 22
98 10
92 95
44 175
62 18
38 52
70 165
55 79
26 50
65 36
77 76
52 6
77 143
27 40
98 16
71 24
36 22
63 24
17 41
9 38
87 34
72 24
11 44
97 23
16 140
39 33
80 12
63 112
73 22
47 25
75 120
61 28
34 13
61 96
8 181
51 32
76 84
86 17
74 48
11 20
27 45
28 18
63 17
99 25
19 109
19 206
91 63
56 85
71 29
75 76
70 40
28 14
94 13
54 21
56 39
5 12
95 47
73 54
44 35
64 66
44 30
68 9
18 223
81 25
71 29
87 68
77 207
78 44
5 104
37 7
94 17
37 28
28 49
2 7
76 17
84 14
78 35
62 15
65 23
81 31
25 15
54 16
71 41
72 33
94 13
40 54
47 61
29 246
41 29
25 56
81 44
14 86
4 20
13 22
40 118
3 18
70 61
80 20
80 33
12 32
36 103
13 42
66 41
83 17
94 72
7 96
100 15
38 20
65 201
15 95
64 81
62 16
3 26
19 32
6 7
51 24
28 17
61 25
32 77
42 224
69 83
25 147
3 9
88 34
12 205
31 46
47 30
56 20
2 15
63 202
18 18
61 26
95 388
41 25
14 15
54 27
14 14
42 17
64 133
82 342
82 24
54 10
90 17
36 43
3 64
71 45
29 18
42 14
60 28
69 20
18 60
41 13
5 21
93 54
64 21
8 69
37 14
7 34
47 36
38 121
49 9
18 23
6 28
54 15
73 15
70 133
39 8
60 18
38 203
49 16
10 35
37 46
87 13
64 62
35 26
58 53
46 23
69 65
62 17
84 29
95 203
27 15
78 12
33 15
21 119
23 17
99 237
58 67
46 24
68 21
34 14
24 358
84 290
10 220
33 43
32 14
26 39
94 579
59 154
24 45
39 8
57 65
42 60
17 12
96 14
16 14
83 17
28 29
57 94
44 17
78 30
45 17
81 25
5 13
41 59
48 15
64 130
55 64
33 81
20 12
38 37
32 78
46 16
35 46
27 23
75 20
77 26
29 288
16 57
31 140
24 112
62 53
100 56
17 8
96 50
40 12
89 76
50 29
51 28
65 59
47 20
51 37
87 15
31 287
70 147
61 204
92 32
44 201
76 57
24 29
75 207
9 53
33 15
59 24
90 13
76 38
69 57
60 35
53 45
14 154
5 13
63 133
65 25
36 66
55 107
58 18
29 91
61 55
64 81
45 11
57 140
28 54
49 70
7 23
91 12
11 13
4 39
36 33
78 17
69 17
40 97
53 183
71 32
48 18
6 104
68 11
89 69
53 92
45 14
50 35
34 5
10 68
43 28
84 44
63 113
99 31
91 20
74 18
15 77
10 28
10 60
14 512
49 19
45 51
4 87
45 7
32 42
64 24
58 43
86 65
15 20
37 15
87 47
51 50
3 39
46 110
57 47
60 17
96 14
31 233
47 117
37 11
60 31
80 55
15 22
15 17
65 36
19 38
100 31
8 24
68 41
88 126
98 82
85 17
75 158
2 43
52 5
4 35
5 20
89 18
31 67
97 119
88 14
12 330
7 42
42 24
27 71
51 33
79 29
84 25
27 45
14 67
33 22
12 22
34 25
34 71
59 99
99 72
60 28
81 25
42 45
14 14
73 137
44 23
40 13
87 13
7 15
92 17
72 15
87 39
62 68
13 149
96 16
56 51
46 20
5 30
64 50
60 22
22 37
56 90
93 15
45 60
96 52
24 21
40 23
47 94
91 288
53 39
37 31
83 14
18 77
80 62
83 97
62 12
62 11
20 39
5 17
5 226
29 60
52 4
63 23
20 18
15 22
40 33
43 50
11 111
55 38
77 18
71 40
31 133
26 17
16 88
82 22
22 89
17 32
56 56
28 71
33 58
11 77
76 50
32 69
31 56
6 6
69 39
54 280
51 47
15 52
9 39
38 15
86 179
28 135
41 43
26 26
17 10
51 132
84 22
18 93
43 45
67 21
3 7
65 67
79 82
74 22
75 60
68 94
95 444
57 22
57 137
60 601
85 8
13 12
43 27
16 20
92 183
22 25
3 10
90 28
35 32
26 8
62 104
47 38
29 39
2 10
25 17
17 11
24 42
73 16
2 17
13 92
75 335
85 67
17 17
16 140
50 14
23 39
65 26
73 93
33 26
52 76
80 33
28 213
94 22
10 29
86 25
7 34
38 77
42 41
78 199
22 70
9 77
74 71
31 34
61 16
71 131
20 7
84 32
82 132
41 15
12 18
15 23
68 27
15 14
45 57
3 9
49 38
11 69
43 78
95 254
81 15
13 66
48 22
95 92
57 94
3 6
94 237
80 27
64 39
86 42
48 33
58 29
18 17
12 16
74 54
91 17
36 25
65 259
84 80
91 15
30 52
45 13
89 17
39 8
15 30
4 65
81 59
17 54
49 15
78 24
19 48
75 22
27 21
62 53
98 25
98 17
92 50
91 210
18 43
98 26
80 38
79 298
85 55
83 70
67 53
31 42
36 14
70 63
61 17
100 30
89 11
66 44
33 120
30 26
33 107
10 142
48 21
71 20
96 20
55 42
69 66
2 70
43 132
59 16
6 22
45 104
59 72
94 18
22 45
73 17
4 26
52 67
99 149
99 27
71 100
30 9
29 93
87 35
66 76
71 14
76 99
83 78
6 13
67 21
44 284
50 20
18 69
29 20
23 42
76 23
82 23
4 53
21 48
24 172
55 51
65 16
20 16
57 142
22 129
72 28
79 161
5 15
99 453
31 34
91 22
60 74
40 83
65 67
18 62
36 91
42 75
19 12
46 219
75 58
38 14
58 38
57 238
88 21
38 43
50 17
55 34
80 90
89 9
44 87
14 20
27 29
89 18
49 13
92 11
28 22
87 31
44 64
41 60
88 169
77 39
30 81
17 16
32 21
69 53
41 21
29 63
63 58
42 37
88 75
31 18
28 13
44 78
78 11
3 46
4 14
16 77
57 206
77 106
9 164
80 133
5 42
98 62
13 118
25 16
71 37
96 61
22 100
82 16
78 50
51 11
89 86
33 152
90 27
92 68
14 97
80 136
73 27
52 17
19 21
16 128
69 16
52 11
89 156
44 72
47 16
60 32
82 78
50 23
91 61
6 8
39 19
18 38
41 34
72 16
33 13
48 152
63 130
11 89
96 36
60 22
32 46
36 23
60 35
25 53
50 51
18 85
17 82
21 73
13 27
100 80
3 6
54 290
77 57
39 62
15 425
12 162
23 97
13 12
4 18
15 20
11 94
77 42
96 50
18 100
100 17
88 144
6 13
55 38
72 72
13 14
67 89
12 74
83 61
75 53
55 17
56 107
83 66
69 94
26 24
29 93
50 133
34 13
8 42
12 64
29 95
85 19
83 22
40 66
23 23
55 166
93 39
16 449
28 448
96 29
21 115
16 65
77 32
14 188
4 73
99 253
97 17
38 52
38 18
2 28
84 38
43 91
80 424
42 21
82 26
62 21
56 25
47 37
57 47
91 62
42 193
40 42
20 65
41 192
20 26
19 63
53 18
22 28
61 84
89 67
71 91
24 26
93 43
16 39
36 22
2 24
53 33
97 19
91 29
79 332
91 50
20 24
17 12
6 23
18 86
91 75
78 15
53 68
78 22
64 48
51 19
86 34
12 28
34 12
7 70
38 49
86 173
100 13
31 17
100 53
69 14
92 107
56 120
20 9
54 145
17 111
20 42
18 16
83 34
15 28
63 58
95 18
99 262
54 14
30 46
33 11
52 10
21 29
34 6
91 20
72 84
6 10
49 11
72 36
59 18
16 19
47 110
91 19
45 63
56 197
19 19
26 6
68 12
46 34
35 85
89 23
98 10
10 38
96 81
63 13
9 32
70 17
92 39
42 28
47 137
19 364
61 200
65 153
49 38
50 57
71 13
60 69
84 192
96 13
80 126
11 61
59 60
93 18
43 24
74 10
20 26
42 91
76 10
88 12
85 17
49 85
75 25
52 46
65 60
32 74
59 31
31 24
70 49
75 53
25 36
68 18
84 43
79 22
74 101
75 40
56 13
59 148
98 39
59 16
82 19
6 23
79 206
99 22
66 25
24 335
13 15
34 8
100 16
72 11
89 37
28 31
9 74
36 30
63 80
62 35
18 71
88 18
62 17
64 14
58 60
89 77
77 175
35 14
21 33
97 41
62 28
77 144
77 86
100 62
87 27
97 40
41 14
94 82
92 31
52 20
94 89
30 70
47 14
20 28
47 76
61 20
92 36
18 21
89 10
65 73
59 44
59 122
16 17
69 106
67 43
82 23
34 5
62 40
20 33
58 26
82 31
39 9
44 87
29 57
63 13
75 64
60 301
47 103
53 28
98 18
11 31
44 47
56 62
43 207
90 17
50 22
13 33
42 15
9 41
71 75
13 31
74 20
14 15
23 22
29 13
42 241
53 76
97 12
74 28
9 142
83 24
52 17
30 14
66 12
4 114
76 40
76 14
75 95
64 163
79 107
21 15
55 63
68 163
39 11
27 28
16 13
58 18
36 161
18 93
61 23
78 98
62 64
63 15
25 29
94 150
92 103
63 25
61 184
72 33
93 34
58 26
4 39
49 38
63 74
17 32
52 14
94 39
91 15
11 51
61 207
34 35
70 44
14 39
80 52
56 72
5 22
2 44
79 127
85 54
37 86
78 79
59 28
96 15
47 115
47 58
58 15
40 13
25 20
87 20
20 16
85 51
37 19
54 10
65 82
19 31
67 268
93 64
41 17
90 62
27 56
49 94
39 22
34 16
9 27
67 188
84 27
98 18
27 43
8 1
46 55
53 64
41 12
81 55
89 43
33 31
32 102
32 47
33 35
22 33
41 127
53 43
92 19
78 16
61 162
81 100
97 50
68 32
12 92
95 24
72 13
76 11
72 49
72 75
65 120
69 32
16 54
10 93
60 16
54 121
40 119
89 10
83 47
27 103
69 25
100 229
3 26
5 17
2 17
4 64
43 25
44 155
81 146
75 108
38 323
73 15
36 37
100 17
76 9
76 21
87 33
9 82
16 51
38 26
46 165
65 153
5 35
51 44
27 15
5 38
41 12
62 11
38 22
83 30
61 67
43 20
100 74
11 92
85 27
72 37
21 43
3 31
4 108
30 42
3 23
86 89
72 29
57 12
11 44
74 96
79 19
89 30
32 193
95 21
54 56
72 69
82 41
36 20
65 198
94 28
68 17
52 5
27 131
40 22
55 103
49 27
98 7
94 42
71 71
40 32
41 77
88 27
98 57
43 33
87 59
32 86
9 21
65 36
71 200
85 12
86 23
72 127
16 185
21 42
17 40
71 22
68 119
30 21
38 36
62 12
49 87
49 62
36 75
18 108
67 126
11 42
37 27
34 7
79 31
20 22
68 27
34 38
76 10
39 14
46 118
94 24
45 20
53 132
44 14
53 66
89 56
83 83
16 406
89 14
63 142
25 176
26 8
84 36
2 17
58 11
70 37
91 190
64 30
75 56
60 85
86 215
44 65
75 24
61 25
33 20
4 78
3 138
72 35
31 21
95 206
17 21
64 53
82 130
23 277
64 14
47 179
36 44
63 44
11 131
34 44
17 78
87 19
58 64
2 36
29 20
18 161
98 9
88 261
12 33
55 32
20 14
88 47
82 16
13 95
86 19
70 18
16 17
37 69
85 34
5 11
49 110
36 21
44 14
71 20
66 136
60 18
85 13
62 87
64 58
52 63
18 206
23 48
12 29
39 66
89 14
49 30
23 28
69 173
33 126
15 53
10 28
49 39
92 48
9 32
58 11
73 22
78 22
91 388
77 135
25 30
11 22
17 45
20 8
24 28
72 115
21 29
19 161
100 26
33 13
35 32
39 39
52 45
20 7
51 15
31 135
36 25
74 22
3 18
92 32
66 60
21 246
32 27
97 21
22 18
49 11
31 224
69 53
88 12
71 118
21 60
60 49
62 156
39 22
62 59
71 98
50 55
62 162
63 34
30 64
45 7
45 63
50 25
72 118
56 716
44 17
24 28
7 32
30 11
56 41
48 30
94 38
55 341
89 57
56 133
39 72
46 55
67 66
72 10
45 6
86 120
2 7
34 5
21 14
90 46
51 84
38 27
43 27
13 14
14 50
15 50
100 137
16 14
100 64
61 25
60 324
72 21
51 94
31 49
62 20
17 73
43 98
69 27
89 108
24 155
24 31
38 40
46 26
39 7
8 112
12 18
82 85
5 84
5 34
56 19
11 24
37 8
24 88
57 55
18 37
25 37
25 172
9 122
87 18
31 47
22 15
9 151
82 15
96 40
45 27
84 86
21 37
49 15
96 113
92 18
33 25
34 63
59 301
96 28
85 24
50 30
92 15
66 29
74 49
50 57
68 26
7 16
10 25
72 26
45 12
99 202
85 28
9 33
20 17
41 133
8 16
95 80
35 19
82 31
33 18
51 15
57 54
70 30
70 70
49 17
41 24
58 31
32 43
42 102
99 17
55 21
79 25
60 79
72 125
31 22
62 15
88 23
93 48
62 28
28 34
28 19
27 127
19 14
3 30
26 25
72 44
20 40
79 67
59 82
31 99
23 26
30 141
91 57
21 84
31 14
91 22
57 17
56 12
79 45
22 260
8 14
37 141
67 98
35 47
10 67
61 184
71 166
74 14
51 31
47 21
45 21
64 59
86 44
57 18
72 59
24 30
58 49
81 121
94 92
89 53
31 38
88 82
86 13
50 96
68 42
82 14
29 31
100 19
55 74
86 82
51 23
55 186
19 14
31 80
35 37
23 166
92 39
23 31
71 16
3 10
74 30
37 72
3 22
84 29
70 59
54 98
32 32
59 33
96 16
42 20
35 12
22 26
24 91
89 30
86 34
77 39
37 8
3 61
60 34
47 61
37 13
89 41
77 65
61 92
100 34
17 20
30 30
58 56
65 267
50 13
27 33
81 42
99 32
93 141
50 97
11 109
25 71
23 53
83 107
90 136
57 142
70 17
43 15
13 15
41 119
86 44
96 87
48 20
90 13
32 16
37 24
99 55
57 44
73 84
33 27
72 18
58 13
26 14
28 47
22 95
21 42
18 15
60 41
12 48
31 55
25 159
91 45
35 225
60 103
45 15
28 39
47 70
83 38
78 47
8 25
99 64
91 42
94 151
71 49
89 70
76 12
24 64
46 135
15 50
14 77
81 20
76 21
7 275
97 81
37 34
72 50
82 48
91 22
53 50
63 55
22 58
66 19
46 18
75 48
74 17
52 14
81 131
24 13
75 110
41 102
6 7
39 31
97 19
63 14
35 13
75 73
93 163
82 33
62 58
64 192
75 18
46 12
45 85
80 12
93 24
77 133
69 59
98 12
93 572
11 52
65 156
80 19
54 57
6 89
78 15
17 10
83 72
94 31
19 15
27 67
20 22
92 11
16 57
82 32
73 23
74 15
74 38
66 10
26 6
97 213
74 10
36 206
35 86
67 38
54 86
22 45
7 37
46 36
66 7
61 56
99 17
30 70
9 47
25 22
84 59
62 176
70 88
90 34
47 17
41 47
39 22
44 207
73 608
41 118
8 103
88 44
16 71
96 24
31 168
69 459
54 28
32 54
27 126
77 58
31 28
94 34
37 192
81 72
11 31
4 18
75 43
8 10
57 30
23 16
64 34
71 30
12 35
100 31
76 17
98 8
55 36
17 16
81 228
53 200
90 107
26 186
24 23
70 15
15 26
52 16
43 199
45 23
53 38
13 30
43 39
3 10
71 92
19 52
5 178
2 103
16 23
27 13
59 26
48 317
13 15
42 34
42 40
2 139
44 40
16 14
17 12
11 14
75 15
85 57
55 129
49 20
40 232
54 9
36 14
68 59
87 38
15 76
47 253
63 77
38 70
33 105
68 19
18 81
56 154
41 45
14 16
65 137
91 11
36 35
100 102
5 38
16 32
71 63
60 35
23 154
80 35
3 20
19 138
24 70
17 61
96 37
97 143
76 32
5 201
40 13
56 46
17 18
88 180
94 62
9 17
70 11
40 107
56 12
13 30
15 92
47 96
12 17
61 77
51 25
76 38
96 73
51 30
46 334
19 53
40 57
52 15
44 15
50 14
33 37
69 137
15 31
24 85
18 169
91 285
36 92
55 348
63 17
72 83
97 11
91 13
71 132
72 17
19 183
50 36
17 31
15 34
37 19
42 39
89 112
7 19
2 7
72 211
2 91
27 25
88 15
70 25
72 41
56 146
30 9
85 35
74 23
17 21
62 76
5 16
55 25
62 288
55 18
66 10
64 77
25 17
88 195
48 42
79 56
85 13
80 18
25 22
99 239
57 23
86 82
66 55
29 18
53 21
85 9
100 82
86 12
16 20
74 119
78 62
12 36
21 22
16 30
65 39
59 28
26 29
45 9
45 44
38 127
70 49
23 27
72 146
21 44
35 11
77 29
65 17
94 14
74 15
51 13
36 21
99 41
84 23
79 24
7 49
63 46
83 23
97 26
49 59
3 7
27 132
55 14
78 25
80 24
41 74
83 15
63 38
89 34
15 60
50 18
15 56
55 57
30 17
10 59
50 66
94 26
53 53
52 8
80 75
11 13
37 15
7 35
36 17
4 17
38 15
83 160
12 54
89 10
8 56
28 582
6 31
86 16
50 50
78 124
29 75
24 100
96 30
14 79
94 14
18 174
62 33
64 173
35 50
7 102
53 75
9 90
97 84
69 29
33 139
38 67
92 47
84 122
16 21
59 140
51 21
58 13
25 199
5 92
37 9
37 25
46 18
67 20
46 22
99 301
39 12
99 217
58 19
28 136
7 398
10 30
34 6
75 20
67 15
64 14
43 16
98 22
95 29
66 45
65 60
75 14
16 35
35 19
52 34
95 112
97 85
6 9
10 51
90 47
34 76
23 331
65 67
77 91
54 20
29 119
82 29
30 22
36 22
93 13
89 71
74 44
86 46
81 63
52 33
27 230
99 121
100 64
89 72
37 27
15 26
64 192
22 37
39 75
88 63
51 17
48 253
86 204
42 51
28 71
24 64
55 95
92 23
93 25
59 180
48 20
80 80
44 20
39 6
49 92
86 11
65 78
73 173
33 42
85 6
72 31
70 27
53 30
82 27
53 20
94 122
63 87
75 47
40 29
24 33
69 60
78 16
83 73
41 35
100 70
78 80
84 19
46 21
3 28
85 10
80 197
87 102
62 41
31 168
60 17
33 47
4 24
57 19
47 71
31 15
79 349
63 13
45 8
13 8
27 28
76 54
18 13
71 21
16 20
77 333
60 27
10 19
34 6
60 17
100 61
9 107
14 36
23 58
77 96
93 13
99 290
34 79
90 19
39 17
61 77
25 19
57 134
18 53
48 73
38 17
4 29
88 51
70 16
72 43
99 77
8 55
51 84
8 31
43 114
65 46
52 12
13 37
5 13
89 88
100 119
82 22
9 40
91 29
4 20
58 96
72 73
100 276
16 28
71 21
40 37
44 30
21 78
7 98
13 31
61 17
79 32
23 39
78 127
100 106
5 85
92 2
72 23
10 19
28 54
31 171
90 24
14 227
50 62
3 7
40 64
77 36
68 112
43 69
43 18
4 23
77 18
4 204
21 17
64 39
79 290
71 88
30 9
17 37
62 25
10 16
97 42
36 65
33 71
33 50
22 73
49 40
59 32
11 71
68 77
48 91
81 25
32 54
70 46
83 31
61 14
59 111
27 16
5 15
89 18
3 150
65 19
32 32
41 165
64 102
2 24
85 11
82 14
42 107
39 147
71 80
10 69
24 19
61 110
77 97
37 8
83 40
78 141
85 34
37 42
77 24
39 7
13 24
82 19
33 22
77 45
12 18
30 160
55 46
40 89
65 18
28 42
5 11
40 23
99 188
80 105
9 57
3 11
80 93
19 259
80 107
64 150
78 36
7 23
71 31
53 11
38 40
84 19
56 142
34 10
36 23
11 18
48 207
16 233
57 112
67 14
53 158
74 92
46 92
21 73
80 15
90 62
39 48
96 20
46 43
55 172
54 20
34 6
45 44
94 25
37 72
6 8
57 191
100 94
59 44
88 14
100 66
7 115
36 101
40 127
92 72
15 17
48 94
67 89
46 108
30 30
92 29
8 14
42 140
30 25
4 141
77 12
58 15
69 19
3 7
93 25
56 39
37 51
30 27
56 124
16 179
24 14
62 23
73 15
67 13
20 64
77 16
81 22
62 30
45 5
80 29
85 58
62 143
16 44
76 124
38 34
54 104
14 162
4 16
40 47
78 106
78 71
35 26
92 11
64 102
74 103
33 99
65 31
45 26
28 21
87 18
100 14
8 93
21 268
12 27
71 13
76 26
45 62
66 12
69 128
2 11
85 49
35 23
88 17
56 31
36 35
98 24
31 56
39 44
46 12
78 11
9 43
46 27
85 9
92 64
44 59
53 88
23 40
19 105
39 7
42 29
47 34
31 77
37 8
86 14
62 106
95 205
81 15
49 25
90 19
29 130
15 393
31 58
89 15
84 15
29 18
78 18
30 11
96 157
87 32
46 12
77 133
55 148
62 53
5 52
36 15
67 246
53 93
11 15
70 56
8 30
79 99
24 54
50 9
91 44
50 8
53 15
31 128
63 16
4 15
11 35
70 11
66 48
25 49
89 54
15 279
84 25
79 21
4 102
64 26
96 31
15 262
96 90
42 57
89 37
38 105
41 20
62 104
89 42
67 30
100 25
74 12
49 95
65 62
61 14
4 35
35 23
58 22
2 59
42 20
62 21
20 43
70 115
86 20
62 24
6 23
89 22
19 90
90 16
41 46
81 92
74 27
20 7
30 8
91 82
80 116
15 178
85 194
100 78
45 17
63 38
83 132
2 44
3 6
40 88
77 123
81 186
33 36
28 117
87 242
61 161
87 14
88 21
70 92
32 46
50 63
68 12
86 16
93 18
43 144
56 47
11 29
93 62
86 93
79 84
89 118
37 38
26 23
88 91
99 249
76 9
16 247
49 9
10 50
70 34
7 72
47 15
88 31
76 40
3 49
49 41
7 99
85 6
12 24
17 8
47 13
8 12
4 19
60 41
66 30
83 17
72 38
82 13
57 21
9 375
12 16
89 14
100 32
86 105
51 120
38 97
44 78
75 58
69 99
13 47
75 20
79 54
17 215
9 17
19 230
27 470
31 14
73 19
96 21
30 90
13 10
81 16
50 13
48 23
99 141
18 43
99 21
74 18
25 48
42 72
81 98
46 15
53 110
36 44
34 15
17 10
85 75
34 10
28 111
3 28
97 212
79 49
2 37
98 37
13 12
20 8
5 94
96 108
75 121
43 14
86 65
79 29
70 11
19 82
65 22
65 63
49 27
67 41
32 17
24 28
12 186
95 15
62 44
52 9
50 10
40 40
2 10
69 41
23 14
11 21
93 32
41 102
64 31
63 221
59 55
75 76
65 134
35 202
77 68
28 214
93 19
63 24
21 49
33 20
12 91
78 11
5 14
30 7
83 22
58 240
20 12
57 116
27 432
91 16
47 56
49 28
29 12
78 41
88 13
6 16
48 46
74 12
58 12
55 185
72 18
90 238
8 13
57 13
39 6
51 14
35 21
40 105
12 43
33 13
7 36
67 207
44 30
25 91
42 14
26 10
85 18
49 93
46 83
28 204
96 57
92 69
64 94
83 20
27 95
8 53
60 38
19 72
87 332
94 11
38 21
24 21
6 69
18 21
44 71
63 95
20 31
16 38
48 167
64 167
40 75
75 15
72 99
33 25
25 37
33 135
7 27
95 21
26 91
35 120
11 23
79 15
24 104
51 363
10 68
62 16
56 192
3 43
34 8
72 10
98 10
56 138
32 107
46 102
87 31
10 21
38 27
68 46
42 20
11 71
27 39
73 28
5 322
28 14
80 129
56 190
72 18
5 15
19 75
95 16
92 18
68 61
77 158
13 47
13 9
77 49
6 119
54 12
11 253
56 23
11 193
39 20
47 82
38 33
37 110
15 22
68 20
52 13
48 41
76 93
13 40
52 57
92 13
92 80
100 16
6 20
24 213
4 261
66 42
64 14
64 20
28 128
15 37
70 10
29 36
72 93
3 49
37 18
83 67
90 39
10 13
50 33
14 96
32 36
22 18
17 8
36 60
54 10
32 120
29 22
77 79
32 62
48 26
62 17
78 49
37 51
88 36
65 114
12 14
44 41
88 13
80 78
37 144
64 56
67 287
81 23
34 21
35 36
95 22
79 100
63 189
90 92
92 47
68 34
37 13
28 42
87 24
12 75
65 25
12 34
15 54
48 50
3 13
97 56
58 87
5 25
53 30
8 19
100 238
13 83
10 15
8 50
93 155
91 46
14 15
91 64
34 5
45 131
28 130
75 62
45 21
59 24
5 12
73 22
38 66
50 11
38 164
98 6
33 146
27 55
63 82
37 37
83 193
96 26
40 78
8 103
27 65
35 29
10 250
31 58
99 21
54 52
74 11
55 54
39 6
4 21
92 43
36 37
76 10
16 35
15 240
94 89
89 8
96 83
64 59
21 46
33 18
67 68
80 12
11 54
53 11
9 100
98 20
69 69
72 99
71 47
23 14
46 15
96 21
40 30
39 183
9 15
21 75
5 20
24 14
11 79
19 15
58 31
42 56
10 11
36 184
62 101
92 88
19 52
86 41
92 290
73 92
49 97
83 15
7 794
56 25
26 73
29 52
11 232
24 72
83 17
7 14
93 61
76 33
35 45
58 228
69 16
16 19
47 50
5 219
4 14
11 162
87 54
85 8
13 344
68 36
100 52
57 12
7 62
7 174
42 104
19 95
86 19
5 167
6 15
6 15
75 186
82 22
25 21
94 248
99 72
84 49
91 75
58 32
38 185
58 13
81 16
96 117
99 51
25 179
94 90
31 305
68 15
32 54
3 7
64 34
63 18
60 16
15 95
64 63
29 283
57 30
89 10
93 50
40 146
65 19
77 17
4 187
85 17
79 52
57 81
35 154
86 83
33 22
28 130
35 32
96 119
77 14
92 12
79 24
61 82
20 16
37 70
85 6
86 95
4 14
76 13
81 17
97 30
4 145
91 19
47 88
52 8
89 216
9 57
41 36
52 9
83 88
79 69
68 100
44 23
41 15
30 65
59 48
52 13
24 16
66 10
98 37
42 283
16 38
21 162
20 56
91 2
95 74
5 21
18 17
99 55
57 35
4 15
45 12
34 6
59 27
98 30
95 98
10 53
97 80
50 85
28 93
64 112
89 32
87 19
41 96
14 302
81 156
39 33
27 135
79 16
40 13
50 20
4 99
63 15
84 31
99 390
18 16
24 218
98 22
34 21
24 21
12 51
90 90
70 60
71 142
94 53
17 20
93 237
36 136
87 15
86 131
71 21
98 9
76 18
2 202
87 42
30 31
88 26
39 9
69 140
96 17
73 114
84 157
42 19
57 51
30 56
5 18
19 73
10 86
38 20
69 90
6 30
95 28
16 19
38 18
41 135
29 24
71 28
94 18
81 16
91 15
22 73
100 45
82 218
20 24
36 109
65 17
50 16
77 21
93 101
60 38
17 23
40 57
36 40
81 52
61 111
31 58
59 29
81 59
28 16
24 49
47 160
84 16
71 51
76 21
26 31
76 66
70 97
72 12
70 168
84 117
51 10
47 18
49 12
29 26
52 45
23 45
29 24
93 65
51 165
99 54
40 132
43 62
40 61
84 60
26 173
46 46
79 308
80 27
30 130
94 133
46 231
52 14
67 97
65 38
95 173
71 29
64 30
20 26
89 166
37 13
30 18
20 9
67 39
3 45
12 22
87 66
94 155
62 22
29 119
98 15
91 21
29 99
88 159
77 13
19 172
58 29
45 24
46 30
90 59
33 69
12 20
78 20
18 55
59 98
81 25
59 106
33 18
73 60
30 37
82 82
80 125
25 71
24 171
92 14
44 18
42 19
53 60
67 17
5 29
86 130
96 108
15 47
67 130
86 72
32 64
25 286
57 108
88 100
6 12
29 31
37 67
64 15
43 215
76 54
26 28
100 40
64 21
7 23
15 15
34 13
44 18
57 17
40 22
61 74
52 11
19 115
68 45
66 18
22 150
75 44
12 19
76 11
9 121
68 72
12 38
28 26
79 28
46 135
47 51
47 16
70 12
65 24
23 42
95 19
87 12
51 52
76 11
14 15
24 92
58 20
68 95
5 13
64 46
78 31
90 136
35 55
17 197
12 19
48 114
83 43
7 19
67 182
64 78
10 19
20 18
50 14
90 77
64 217
98 15
47 14
7 29
5 139
20 11
26 37
36 120
4 38
81 64
57 43
21 41
83 21
24 158
70 95
24 44
22 26
34 116
60 17
48 84
14 58
66 21
91 49
59 33
69 117
19 18
82 86
33 102
83 16
84 33
52 14
19 16
96 11
14 24
18 55
97 66
75 14
99 129
50 9
81 36
2 46
14 75
30 14
27 20
17 11
31 163
56 87
56 16
58 13
43 330
89 8
26 21
66 82
87 66
97 122
47 27
27 44
49 54
86 57
93 28
63 14
61 37
53 61
72 22
4 41
37 87
60 17
49 25
45 68
49 12
83 41
7 190
52 32
78 82
95 171
74 37
39 9
43 32
67 592
46 72
22 42
27 102
74 40
24 212
35 97
28 40
4 55
99 21
14 48
76 30
30 11
52 10
60 56
49 122
84 117
89 26
47 20
37 7
99 20
10 18
66 23
13 57
6 49
17 40
45 27
25 65
80 12
68 35
77 15
17 60
37 26
11 143
26 55
46 25
29 264
38 20
91 43
90 78
68 27
14 84
18 21
48 46
29 31
59 79
10 11
71 49
58 14
78 14
4 13
87 90
98 49
30 10
83 66
7 37
80 35
100 17
14 212
73 37
35 16
80 25
81 310
96 15
12 252
56 51
83 44
71 73
11 41
79 196
29 28
54 12
55 14
37 11
27 47
53 22
29 135
61 45
65 238
31 19
15 38
31 15
43 39
49 23
9 237
17 153
3 8
80 86
32 21
37 39
8 13
70 43
44 46
11 165
30 14
83 60
37 9
5 34
2 17
29 99
88 24
94 15
58 54
11 42
82 63
69 39
6 22
93 42
10 24
71 139
56 22
89 129
24 60
12 113
88 19
7 234
41 25
72 46
94 27
7 570
38 38
90 41
27 45
32 68
14 38
76 113
8 26
36 40
26 84
26 20
57 33
47 338
85 7
16 16
78 20
23 21
3 26
98 18
79 136
43 19
85 17
69 21
66 18
19 56
26 13
4 15
18 20
65 149
25 134
77 28
77 24
67 61
48 19
22 110
24 124
100 13
92 100
40 80
71 13
13 200
86 26
70 55
20 44
16 49
63 304
83 16
18 19
97 79
20 15
24 268
33 13
73 89
80 86
18 47
72 19
75 30
8 27
60 47
20 31
18 89
29 16
40 56
78 71
29 67
38 34
36 86
54 40
14 30
90 36
80 60
96 23
55 21
100 25
44 81
52 49
28 21
96 53
3 51
67 187
13 22
40 41
42 14
80 67
55 56
41 27
83 22
85 6
2 13
97 184
24 265
38 13
69 19
14 133
92 21
6 23
42 15
23 40
95 83
19 82
88 17
95 466
58 81
17 45
72 71
76 49
98 45
11 28
5 26
76 16
86 23
54 9
68 8
32 18
83 28
69 189
31 33
26 13
65 243
36 13
25 42
72 11
80 12
24 24
74 112
49 33
32 35
2 17
85 9
89 11
32 69
72 37
82 43
77 18
59 36
44 22
82 20
8 111
64 146
25 16
35 36
80 27
43 62
23 20
15 23
27 40
34 20
86 61
50 39
3 24
68 20
47 43
46 73
8 25
15 19
47 33
31 148
37 106
99 116
75 19
94 46
20 51
34 14
8 105
77 170
97 21
93 67
58 12
3 51
87 19
94 12
56 18
68 24
15 45
56 86
19 31
44 158
51 161
12 79
38 21
35 12
27 16
56 19
80 92
85 81
86 109
58 13
99 22
23 76
30 12
62 59
13 83
79 211
73 120
92 82
18 20
24 20
53 26
45 35
21 21
7 151
2 10
48 378
40 113
51 18
10 36
2 10
58 36
61 14
64 22
30 7
94 56
96 49
68 15
3 8
43 19
74 35
26 7
42 15
77 86
74 26
63 33
76 61
95 17
17 14
82 43
51 54
92 283
73 74
38 50
69 13
35 11
16 108
26 15
92 48
97 34
65 19
4 216
87 98
90 18
2 284
86 43
50 53
67 86
51 23
23 20
98 13
22 164
42 30
15 82
76 15
64 82
78 20
60 38
70 80
3 64
66 11
87 76
75 14
89 25
100 15
64 91
13 48
78 16
19 43
85 11
100 13
4 281
66 17
31 13
43 35
79 23
89 42
100 37
50 20
67 27
25 161
70 19
52 55
78 50
79 34
73 19
29 79
53 72
43 24
27 30
72 12
80 42
25 36
32 14
59 25
49 15
55 43
8 42
92 34
71 21
65 29
60 27
2 45
98 29
26 61
58 49
38 135
17 8
85 29
30 17
78 14
88 19
60 14
40 17
34 11
32 14
32 34
72 32
8 55
61 56
21 20
7 544
6 7
57 36
84 32
39 28
30 79
98 31
54 12
72 10
58 34
96 13
45 19
100 27
77 32
73 39
93 63
81 14
95 230
19 28
34 8
89 14
69 177
73 22
3 25
84 27
27 91
61 40
20 53
38 215
93 13
99 115
7 39
48 33
42 15
49 31
49 45
27 47
83 50
5 16
80 15
92 13
55 19
9 189
45 86
40 17
98 7
6 7
8 27
23 24
17 40
49 35
77 18
6 45
81 16
91 36
35 29
97 15
26 7
35 15
57 25
24 26
15 16
47 91
61 90
38 14
24 54
45 21
57 59
2 35
27 47
67 16
4 18
53 32
81 200
35 18
29 138
19 24
91 14
78 64
36 21
80 377
38 19
30 25
18 60
7 72
100 52
19 34
42 51
87 21
52 122
11 43
72 21
71 91
90 508
4 68
5 11
38 50
49 9
87 35
98 47
36 38
58 34
21 57
35 120
67 30
75 46
91 19
72 65
61 131
74 10
6 56
89 19
29 56
84 18
9 60
9 31
71 40
49 18
30 21
98 6
73 24
55 22
21 16
94 28
57 364
72 11
61 84
80 44
33 34
37 8
20 146
90 19
31 34
6 50
74 15
77 19
2 9
60 150
76 18
90 15
35 46
35 15
60 93
95 16
86 113
58 67
2 19
84 203
36 142
5 35
62 33
65 86
81 231
91 14
61 16
41 20
8 33
81 18
28 13
92 78
45 19
2 30
85 8
11 842
16 15
37 78
51 53
2 8
57 15
95 63
89 24
23 20
41 230
36 240
98 100
96 70
24 379
28 58
14 54
58 12
89 45
48 104
44 56
71 69
35 26
28 31
71 61
91 15
28 44
90 13
18 42
19 70
49 18
35 27
26 36
9 72
81 35
6 9
8 22
69 56
34 5
91 30
33 24
60 41
84 15
76 10
26 16
43 22
54 23
23 18
41 136
34 34
41 96
89 36
82 43
99 70
71 111
53 91
74 30
17 47
26 9
13 62
33 18
58 89
58 165
8 75
46 29
98 9
82 58
58 906
61 14
45 10
33 71
22 14
69 13
50 16
26 35
66 37
3 11
25 63
55 290
83 46
44 75
67 43
100 53
85 26
47 29
69 37
84 16
87 33
20 73
72 34
95 77
13 71
40 87
32 24
44 65
62 122
19 31
11 128
95 38
95 15
61 31
69 79
54 29
62 37
70 54
66 40
16 19
46 120
62 150
34 42
50 18
79 35
14 40
88 143
32 14
31 120
79 40
89 10
55 20
55 45
84 20
77 44
37 14
98 6
98 60
95 32
16 20
73 15
3 51
46 169
39 95
73 15
91 43
71 160
51 178
93 203
37 27
84 50
42 25
50 50
68 40
49 88
44 37
34 13
14 66
7 17
100 56
100 19
32 39
46 22
24 44
75 71
31 12
98 7
51 284
15 15
32 55
37 8
78 162
32 33
84 38
80 12
35 48
66 8
53 24
90 119
54 49
5 14
31 13
33 34
16 110
59 54
33 42
100 108
39 23
24 15
76 163
80 37
39 22
7 210
63 25
89 90
10 113
14 101
35 11
42 19
83 34
96 34
53 17
40 14
100 27
32 66
56 25
3 61
70 14
58 179
45 9
78 42
18 44
75 86
89 20
3 12
88 25
33 60
31 22
19 50
82 16
22 248
96 25
13 82
12 192
4 78
100 33
25 72
76 121
65 18
15 38
27 16
5 26
18 53
19 26
46 88
49 11
27 51
26 23
26 65
60 76
70 64
15 155
67 97
92 64
76 11
7 21
44 130
83 14
39 84
68 109
37 42
49 20
24 16
61 246
26 9
43 25
80 14
76 24
75 73
67 105
16 66
58 57
96 62
89 12
3 33
62 226
46 13
76 67
84 34
63 93
77 39
84 17
29 21
60 36
34 22
35 17
95 85
69 28
82 42
27 33
5 18
95 34
83 58
49 202
83 124
60 142
100 47
57 84
15 33
48 18
14 14
86 16
6 20
93 56
92 31
75 259
2 37
65 19
85 22
73 118
69 106
32 153
99 42
18 17
86 27
84 86
47 30
59 26
44 20
55 17
25 31
2 36
97 21
95 18
42 15
8 32
41 27
47 70
68 16
27 39
57 110
56 82
83 19
2 63
36 21
22 23
59 20
46 73
97 198
89 9
56 16
2 101
25 47
67 545
29 47
32 81
86 18
81 112
47 356
5 45
51 51
85 24
77 96
83 46
96 158
8 107
94 141
63 87
80 45
68 12
91 50
51 333
23 26
90 42
28 51
17 21
83 111
83 83
23 40
82 49
23 140
3 31
85 16
27 243
56 25
96 180
86 27
30 10
72 50
62 17
7 350
40 48
45 30
73 144
29 69
43 25
6 179
6 15
60 19
99 384
35 31
98 12
17 17
40 25
92 30
15 121
99 19
99 19
29 19
84 70
82 108
5 43
14 16
38 81
58 113
97 49
55 47
45 7
54 27
35 12
15 90
46 17
29 25
71 41
17 32
7 114
76 32
25 51
37 14
77 228
86 135
86 85
58 40
92 48
64 84
66 8
91 17
62 43
99 16
20 100
32 19
35 12
6 43
81 128
49 9
18 68
54 23
98 8
46 17
6 10
76 56
38 14
53 122
61 28
67 39
37 15
46 49
11 65
55 26
85 6
28 18
35 264
93 99
32 14
3 12
25 49
51 12
57 24
8 19
92 67
9 69
9 86
46 13
54 100
52 34
36 21
87 205
47 17
86 10
68 10
36 42
30 101
7 89
77 28
92 93
40 83
48 26
29 12
43 130
49 91
31 14
37 11
83 27
39 6
11 15
47 16
99 91
72 21
40 88
60 148
38 13
62 67
80 33
38 19
66 19
93 15
78 224
24 52
5 14
78 393
69 18
72 33
66 24
74 50
99 38
95 44
93 68
93 38
91 61
36 18
12 75
13 44
19 41
80 54
90 14
5 212
55 16
54 34
32 38
31 39
29 12
16 14
46 121
85 6
91 49
43 14
64 142
17 25
25 17
89 10
18 125
18 60
53 17
59 17
14 28
60 14
18 38
93 15
87 18
42 21
13 20
51 69
23 20
50 138
31 31
2 25
90 13
81 25
43 107
35 59
91 12
47 28
8 10
63 105
47 30
20 57
68 83
10 61
57 86
59 77
75 24
68 18
11 16
2 28
39 23
97 87
57 20
91 48
93 103
54 13
53 12
58 13
25 101
66 22
60 108
98 13
38 121
16 175
70 13
92 66
7 14
60 137
29 75
77 15
15 41
67 170
59 291
45 21
28 233
21 32
73 16
79 64
78 104
91 128
92 154
50 8
22 110
50 53
4 67
64 298
93 118
48 16
96 97
87 23
95 85
75 27
81 64
55 92
13 10
21 38
34 29
57 16
15 30
86 13
26 75
67 41
85 25
13 41
52 5
80 12
19 38
99 42
84 75
24 24
91 15
95 19
48 19
10 42
57 264
78 17
88 66
89 24
40 79
57 50
82 140
34 44
23 153
36 75
7 53
35 39
77 14
60 162
53 142
26 104
46 435
23 48
65 24
5 35
46 57
47 77
16 216
79 155
81 226
15 60
3 25
66 46
42 82
59 18
75 35
77 65
30 35
32 54
69 85
51 24
24 87
50 26
15 128
27 43
46 59
61 77
36 54
74 17
47 48
91 74
25 74
63 105
73 31
47 42
16 13
15 33
39 8
90 18
56 79
13 14
99 166
71 52
4 141
85 6
16 15
9 56
67 36
13 128
9 53
25 108
85 26
68 10
74 12
18 39
98 10
62 151
95 59
100 42
50 46
68 16
28 15
48 20
53 13
84 15
8 13
38 72
3 17
37 60
97 58
10 15
78 16
43 21
3 40
31 30
24 59
74 105
27 64
80 15
16 118
83 57
54 87
47 79
8 12
69 163
36 49
63 229
28 32
17 25
28 128
46 113
54 52
24 18
30 24
2 21
46 36
88 129
28 46
71 31
45 70
26 9
60 200
9 32
13 17
71 137
29 15
38 74
79 46
42 96
79 357
51 32
85 50
94 42
83 59
52 13
91 13
18 58
40 13
15 36
73 117
7 160
11 53
55 94
16 109
38 258
90 94
58 28
9 114
25 62
80 23
47 283
46 47
91 22
26 17
96 132
33 56
10 51
29 123
48 144
96 63
34 12
3 7
15 30
47 37
81 136
18 24
84 26
71 17
91 32
54 10
98 17
32 34
68 29
85 18
83 60
29 53
99 37
28 163
70 50
57 174
78 128
18 16
31 24
3 26
27 48
97 24
19 51
38 20
96 16
10 38
85 53
89 126
18 25
99 35
2 60
68 14
97 63
5 89
23 15
73 20
16 35
54 79
57 34
90 82
8 34
52 5
31 21
41 131
88 146
75 160
33 119
35 12
39 13
43 81
49 8
31 100
60 45
56 11
84 58
72 22
55 67
74 66
100 16
72 49
68 45
55 30
44 79
36 42
93 22
13 63
25 83
81 62
64 14
74 29
74 14
69 141
3 6
75 21
68 64
54 102
29 14
90 62
68 13
22 89
44 16
52 54
95 47
25 368
34 5
39 7
43 28
15 35
40 19
43 19
82 262
36 24
35 21
92 38
21 38
52 25
66 40
79 27
47 13
22 120
36 123
47 189
24 32
32 53
24 15
56 81
19 101
3 44
23 54
22 54
73 142
53 64
71 39
98 20
18 72
95 211
99 22
81 456
60 84
91 270
60 140
81 15
83 17
59 36
4 14
28 216
98 50
51 63
65 53
65 59
65 27
61 51
83 64
89 14
77 27
94 99
57 15
64 157
3 6
74 73
81 17
78 46
10 18
60 39
94 74
10 197
96 14
12 15
35 41
60 198
79 98
15 187
72 18
37 55
2 21
23 27
16 220
6 12
13 14
33 15
20 59
47 20
52 72
33 59
9 46
89 120
5 57
38 38
76 13
52 33
95 31
65 35
34 15
68 67
79 23
70 26
87 32
4 23
89 125
62 14
99 112
8 34
45 103
41 65
91 26
58 28
59 89
81 169
59 27
50 10
44 31
21 16
70 48
52 7
80 60
67 60
88 37
43 52
46 122
81 35
58 62
30 9
100 17
65 17
69 66
100 117
35 12
43 50
28 7
89 27
85 27
13 44
17 11
8 66
40 34
11 26
4 213
17 48
4 97
31 189
84 14
97 25
31 118
63 70
34 9
61 31
11 48
31 175
82 101
12 28
35 36
48 54
84 713
25 255
23 19
59 47
6 20
95 45
38 23
54 26
96 187
40 108
2 9
60 124
74 21
88 19
99 25
12 91
56 76
34 21
24 18
43 99
17 78
19 52
51 22
66 9
61 37
81 103
3 46
77 31
38 74
23 28
41 359
25 31
65 96
50 9
51 90
16 29
71 18
31 22
94 13
7 28
50 9
74 31
83 58
17 39
67 20
89 106
98 8
70 46
19 174
76 40
93 14
58 31
79 151
7 43
35 153
18 55
11 94
61 87
48 17
95 91
57 78
15 54
93 21
17 48
90 19
28 38
7 118
23 30
56 32
82 26
90 38
61 70
11 27
37 31
89 82
51 113
75 100
75 211
79 71
41 45
54 27
21 113
26 67
8 51
10 56
40 117
65 16
15 18
29 54
55 49
59 68
34 24
17 9
66 135
42 235
10 33
6 38
90 111
100 21
67 15
22 38
5 39
64 29
9 19
71 60
100 43
52 21
97 13
46 51
69 62
72 184
2 49
12 150
86 30
29 40
54 199
51 190
18 32
85 17
42 411
77 301
84 173
99 46
78 14
11 34
74 31
8 58
100 89
77 43
83 87
12 18
31 44
51 13
4 59
68 32
3 52
54 69
12 16
96 55
92 57
41 13
69 15
42 18
17 16
36 30
31 53
34 34
75 48
80 80
46 29
58 24
98 32
25 23
94 33
82 14
81 291
81 199
51 28
90 16
64 186
64 22
7 35
43 26
79 45
28 100
71 54
27 94
52 13
20 45
97 83
82 137
52 7
18 14
62 12
85 17
94 22
18 330
78 18
12 70
73 369
34 15
79 23
34 16
66 14
34 27
5 11
30 40
88 309
84 19
30 61
12 22
53 13
32 174
28 85
37 43
79 27
11 49
41 22
4 16
71 426
21 20
45 5
82 56
90 29
25 351
5 31
82 16
16 409
25 21
8 96
80 77
55 36
34 35
42 69
54 67
35 13
93 53
47 86
83 25
11 26
44 25
57 34
54 13
59 15
86 28
86 13
43 75
51 29
77 111
39 9
20 23
47 121
26 8
22 87
76 19
50 39
10 245
94 162
60 240
89 50
5 13
17 36
41 171
41 61
85 20
61 14
54 30
58 35
64 28
88 20
35 11
12 121
87 33
73 22
3 17
92 12
79 49
87 228
94 31
18 13
98 53
12 112
84 98
51 25
24 283
87 41
18 33
60 78
86 250
3 6
85 37
41 29
13 37
42 91
86 29
11 163
71 26
84 29
40 28
34 12
81 42
69 63
64 73
84 197
2 7
32 149
53 29
21 45
60 22
24 82
72 64
56 40
35 78
96 81
78 21
97 39
79 101
96 18
53 159
19 20
63 41
31 105
27 25
99 104
20 19
46 13
19 17
62 12
44 88
96 72
83 38
23 28
67 353
94 32
5 30
14 43
26 15
84 150
91 12
100 13
82 88
81 15
48 27
56 30
97 33
40 23
6 28
97 16
37 16
96 163
46 80
46 107
26 57
86 122
26 21
90 26
61 64
74 35
19 107
52 14
92 14
62 18
47 60
84 18
66 59
69 16
29 74
69 153
99 113
52 9
93 128
90 6
13 18
88 57
43 36
58 20
63 29
8 202
57 40
73 270
39 16
17 24
37 9
83 49
42 46
50 37
46 76
11 71
23 147
10 18
9 494
77 16
20 31
100 104
37 13
8 12
12 59
36 17
7 39
37 8
70 102
13 17
70 246
70 86
64 41
77 22
14 336
90 20
55 41
51 37
91 18
31 123
52 13
64 25
12 83
3 15
8 11
58 165
97 12
66 6
89 16
62 217
73 61
73 30
28 26
69 77
16 87
8 13
70 67
100 15
96 11
10 19
52 68
57 21
28 95
32 31
88 42
56 17
65 146
90 46
64 225
38 35
78 28
25 173
32 40
40 57
15 15
64 43
17 10
75 78
80 115
29 76
26 49
20 19
6 41
10 156
97 29
43 373
30 74
77 17
61 59
100 30
74 30
15 99
45 11
14 37
95 15
11 53
95 56
33 13
63 22
66 16
37 25
31 152
79 49
5 15
36 14
30 29
36 13
22 16
17 8
40 13
58 106
42 14
60 85
30 121
74 33
42 18
35 125
96 63
33 36
49 144
54 9
43 135
98 37
75 63
59 36
91 41
99 73
85 77
69 19
89 139
44 198
28 15
72 26
59 148
73 42
53 13
82 14
30 23
36 318
87 18
63 26
63 12
76 30
61 32
24 18
22 324
56 110
57 49
99 149
67 30
78 39
28 28
77 14
64 64
26 18
59 78
10 36
36 281
43 36
54 16
99 19
43 25
70 42
81 16
92 66
53 30
13 31
15 28
70 29
100 19
7 22
23 128
35 72
5 98
14 233
55 15
71 22
91 52
95 37
25 15
51 12
90 206
80 12
13 94
73 64
23 17
34 51
51 78
6 26
63 175
64 24
61 35
67 48
58 93
84 25
52 9
95 36
66 30
5 80
73 16
50 14
8 18
22 59
37 9
65 77
59 24
30 8
54 72
39 96
68 8
84 23
63 19
50 14
69 213
44 40
40 16
31 15
5 229
67 295
57 15
41 74
31 12
78 29
34 6
23 15
98 49
43 33
59 19
72 32
48 52
98 18
3 13
52 15
87 14
4 37
73 59
17 181
61 89
95 137
25 53
24 65
85 6
95 159
58 98
59 61
44 197
40 17
90 107
64 35
37 36
8 49
8 51
41 121
81 16
33 24
8 75
71 244
19 184
34 134
31 51
9 14
97 227
39 100
46 29
55 84
100 57
89 11
48 23
60 99
71 160
55 50
94 44
30 10
15 30
13 29
94 25
14 474
34 11
40 45
69 321
40 15
70 83
40 18
59 14
81 16
10 37
84 15
69 101
36 111
61 19
66 1
69 41
76 59
9 24
76 26
22 164
27 73
42 15
95 21
9 65
9 17
40 50
3 29
80 101
35 23
46 177
9 14
41 45
95 27
20 24
95 44
63 202
77 247
49 69
79 110
13 58
52 14
28 78
60 55
55 21
33 41
40 60
22 28
75 123
94 20
28 54
97 30
43 33
6 20
29 57
85 12
69 21
12 32
29 16
31 65
52 20
91 29
60 75
16 33
23 79
72 12
91 20
27 164
13 30
80 15
52 57
23 19
59 18
48 29
78 52
41 40
91 31
68 10
95 25
83 58
71 113
23 75
21 17
49 89
30 8
58 14
69 23
29 41
28 68
11 30
27 20
47 143
86 47
92 72
61 48
7 68
89 14
57 52
58 34
9 21
59 83
17 54
33 20
26 9
47 111
31 73
22 16
58 13
25 140
96 43
25 22
36 38
70 14
11 21
63 309
38 77
65 126
3 8
48 141
41 102
87 13
3 24
39 21
90 56
99 48
5 50
54 57
37 24
65 65
57 89
62 12
96 93
70 27
66 69
21 289
98 33
93 20
39 39
57 18
74 15
20 28
83 47
71 129
60 82
48 45
28 73
16 171
19 50
81 65
9 179
76 41
27 43
60 250
96 83
54 12
12 48
87 32
58 81
100 49
32 25
13 28
34 14
96 47
20 59
78 74
13 60
76 82
11 67
71 156
93 25
81 96
85 43
32 116
77 27
69 90
9 158
6 37
39 16
86 15
77 47
72 12
33 63
43 52
60 72
41 15
61 27
82 19
52 9
52 7
95 34
87 64
64 131
59 15
29 17
64 66
67 75
92 48
74 18
14 43
58 66
22 27
19 12
74 258
12 39
29 70
8 12
57 127
11 78
71 127
13 9
12 60
100 228
14 99
85 49
37 8
28 26
28 136
53 17
32 67
23 146
32 55
72 31
41 36
3 5
66 8
93 46
38 190
21 27
57 48
34 28
84 96
92 30
75 22
78 16
62 11
96 30
12 326
57 135
42 26
56 11
83 103
62 50
85 14
8 91
3 25
98 24
18 39
98 113
25 126
62 14
2 51
68 18
92 94
73 423
36 15
13 86
99 30
81 86
18 15
22 178
34 5
3 153
25 36
27 56
14 139
3 54
16 18
24 51
23 76
29 37
75 66
35 30
49 56
67 147
31 54
90 80
13 74
5 28
14 52
85 6
84 161
8 88
14 185
25 50
2 9
27 49
83 40
91 29
95 18
11 41
15 131
75 80
24 108
18 30
63 112
91 35
81 48
38 22
10 56
19 22
70 63
57 20
71 12
47 27
53 17
20 26
14 26
51 21
17 78
73 72
94 51
38 98
31 15
32 15
28 44
78 22
6 12
96 99
7 151
85 46
80 78
11 18
51 124
97 38
94 24
49 18
51 16
17 40
6 13
38 193
33 24
17 51
49 73
89 40
68 39
49 44
26 46
64 65
58 69
11 26
51 121
43 42
25 28
15 248
32 32
31 28
68 175
64 33
40 38
24 112
86 43
79 23
99 29
19 61
21 150
94 27
50 22
29 378
64 18
89 74
26 44
19 21
28 92
11 128
93 21
46 105
73 15
47 19
2 7
62 44
71 13
42 85
51 25
24 108
14 102
64 298
46 41
45 91
100 25
83 14
29 12
4 68
49 16
85 97
24 18
7 131
82 17
62 41
10 506
88 23
16 79
61 17
56 14
5 28
70 16
62 23
65 53
74 92
87 48
23 230
70 36
21 17
55 44
84 38
51 130
74 11
93 13
34 6
95 25
6 15
38 109
45 24
54 10
47 53
93 42
31 13
93 43
37 19
99 17
74 252
55 53
21 31
2 16
87 14
95 21
42 213
40 12
5 41
87 29
21 97
57 49
44 94
52 24
29 30
48 17
64 24
42 25
11 43
84 56
95 43
51 51
6 77
22 75
45 10
71 57
23 55
12 65
75 36
54 30
25 180
63 24
30 7
18 18
45 15
14 24
88 108
24 14
100 59
55 31
82 26
5 14
15 59
88 206
65 37
45 65
42 34
55 61
85 148
2 15
18 46
7 55
41 42
65 50
14 45
34 68
43 323
68 25
59 14
85 12
42 36
15 25
4 224
64 109
88 160
42 185
86 82
91 136
11 262
82 42
85 31
41 432
40 75
21 38
75 114
25 33
74 21
36 14
89 13
43 44
31 142
4 32
66 7
7 34
55 23
17 11
75 39
77 115
45 10
14 16
88 41
90 126
23 17
97 93
8 296
8 38
92 93
47 91
80 97
78 45
92 242
70 137
41 73
71 163
100 263
91 44
54 12
19 112
44 57
74 11
24 35
82 73
51 23
21 153
85 51
2 134
19 133
5 67
95 38
27 39
3 12
36 146
42 25
49 20
96 277
35 27
54 14
95 24
26 97
43 68
97 20
27 13
21 43
63 61
66 58
83 45
67 83
46 26
13 16
96 51
14 21
96 12
63 26
11 13
17 27
47 78
72 11
7 22
25 36
80 54
2 27
42 16
54 36
19 74
91 225
62 59
59 24
74 22
74 149
69 265
92 31
25 174
2 18
10 11
36 61
33 21
83 21
14 212
14 21
12 228
41 22
83 22
86 14
15 27
74 22
24 80
87 15
48 94
50 18
58 27
26 6
67 15
84 17
40 74
87 71
50 8
92 99
95 27
33 125
100 25
40 67
59 70
4 117
60 58
21 18
75 59
4 48
36 97
72 81
37 7
37 9
66 7
41 20
25 61
5 76
27 26
24 177
84 207
21 210
59 25
44 52
94 69
54 213
41 42
84 100
59 127
56 79
66 16
28 136
79 101
54 14
48 27
13 8
18 21
9 22
54 28
76 13
7 18
19 47
49 40
51 11
21 139
63 35
27 49
71 76
55 33
46 65
57 65
52 27
20 6
74 48
72 12
57 12
66 12
47 21
98 36
97 58
12 41
59 165
96 24
23 13
33 38
6 9
60 99
87 47
55 30
12 25
54 30
69 48
88 13
52 7
39 11
52 10
84 37
89 58
32 130
38 184
29 18
53 24
6 67
14 122
17 27
2 60
36 96
64 15
88 30
88 23
30 39
50 221
88 13
96 15
80 37
30 26
44 39
7 100
47 116
86 246
29 37
37 12
68 21
59 21
78 158
11 39
61 16
95 77
92 16
2 14
50 8
75 24
78 82
32 229
3 31
93 42
3 29
33 12
96 115
34 11
23 149
68 68
35 12
35 21
26 9
56 64
39 137
6 9
38 281
85 38
89 39
23 56
71 70
12 42
30 7
15 58
61 403
88 109
10 30
42 39
97 18
20 35
17 89
92 37
55 72
87 46
21 16
14 226
96 24
43 155
86 26
32 391
92 48
73 21
24 38
4 14
19 88
60 67
61 22
31 63
30 10
77 18
43 235
78 196
45 32
17 140
79 209
50 12
29 51
27 18
76 10
21 15
54 26
15 60
83 73
41 20
76 13
18 22
72 27
31 18
65 49
64 32
5 177
32 134
23 46
92 24
99 294
58 35
34 5
35 251
40 12
49 10
30 52
91 228
40 34
38 298
24 26
83 76
18 41
33 35
63 34
72 24
85 21
55 30
92 12
27 42
65 45
82 193
74 154
87 34
37 25
59 14
58 12
59 99
100 21
50 17
73 76
14 38
85 6
85 39
57 12
85 51
19 32
36 34
48 67
70 14
79 113
99 33
72 44
79 62
5 12
43 73
25 227
34 26
94 58
37 15
80 13
4 23
11 15
83 40
20 220
94 60
3 10
42 27
88 12
90 15
48 70
60 48
49 71
13 25
35 13
13 24
15 28
54 27
47 15
59 136
3 44
74 10
7 208
8 112
88 143
61 18
52 83
11 14
62 78
91 38
73 43
72 59
65 44
30 127
39 64
31 175
64 30
66 12
20 36
79 27
41 26
18 132
71 61
39 63
45 5
95 187
72 139
25 50
62 11
38 68
56 27
22 189
93 95
22 51
71 12
42 16
41 34
68 14
48 125
100 117
89 8
50 15
89 18
39 9
70 262
23 28
96 181
28 13
17 25
100 148
86 53
56 61
91 23
35 50
30 7
46 14
27 53
50 9
83 22
14 179
19 23
7 248
83 17
67 14
37 10
79 22
24 87
49 121
38 45
44 80
88 188
96 81
69 150
97 15
88 15
14 24
84 191
88 59
38 69
50 102
71 26
87 89
46 194
87 31
41 29
42 80
41 12
5 19
82 16
81 21
62 77
64 79
56 12
42 31
11 33
59 228
82 51
91 28
3 11
55 15
58 54
13 23
50 216
59 24
36 37
24 65
12 226
3 15
74 52
56 20
55 28
96 28
29 182
26 14
11 160
51 14
100 31
56 57
6 26
2 279
29 53
21 157
43 17
60 69
48 50
80 13
50 8
90 23
11 18
47 39
14 110
92 25
40 20
61 277
14 339
38 325
13 11
84 110
90 30
32 50
47 14
35 46
81 250
38 232
40 31
93 14
13 26
98 15
12 50
88 45
76 167
87 27
75 76
52 6
38 57
11 22
17 14
69 57
83 66
10 29
64 234
30 7
30 68
92 338
9 56
72 10
21 130
41 14
18 64
82 31
23 13
28 23
57 27
47 35
81 66
92 17
26 13
3 28
45 12
99 52
43 304
63 25
40 16
9 284
22 15
78 153
22 272
76 19
30 8
27 24
26 28
55 32
24 25
39 112
98 46
96 50
17 20
50 10
45 14
83 80
27 14
35 111
47 224
33 58
8 87
84 105
76 31
20 8
83 22
45 7
51 18
55 60
96 13
32 38
4 20
71 43
55 22
44 18
91 11
21 78
88 46
16 36
67 23
25 24
36 52
55 16
17 60
15 14
52 19
68 69
89 30
5 59
80 51
18 13
15 65
98 14
27 13
42 52
19 35
31 14
13 9
72 15
58 166
87 30
8 13
72 214
61 41
62 153
69 94
65 17
75 96
60 18
22 13
32 29
53 238
40 88
35 11
90 34
69 120
9 48
80 20
61 36
71 75
2 14
93 94
71 55
93 24
46 122
78 68
19 124
78 11
65 144
37 53
67 222
90 248
45 17
47 81
69 94
53 346
34 26
20 9
24 17
13 98
22 94
62 24
81 28
7 129
66 21
58 25
92 43
20 13
7 19
32 55
21 51
44 14
85 6
54 165
52 8
29 20
94 128
15 126
68 51
32 125
36 264
68 40
97 18
7 61
78 83
70 17
61 29
74 11
6 8
50 14
15 181
22 211
46 26
72 29
87 20
50 19
23 25
17 69
14 29
90 15
69 24
2 82
52 25
34 7
64 18
46 71
83 15
84 15
5 34
34 44
98 6
58 38
65 129
85 12
61 41
66 29
9 187
36 83
29 12
64 162
12 109
16 29
66 129
48 25
7 29
78 91
39 24
58 272
89 106
20 75
33 26
36 37
16 13
15 68
71 22
36 102
62 69
15 599
3 21
59 31
39 8
95 90
45 134
52 22
33 161
16 110
74 14
62 59
27 49
28 32
88 38
25 56
2 14
44 25
35 18
88 102
13 13
30 7
90 326
42 60
88 102
6 7
43 24
76 36
91 109
25 48
79 20
31 192
15 24
54 56
100 88
96 94
62 123
8 19
28 272
41 31
92 72
43 29
54 11
4 43
83 22
15 59
47 41
89 43
96 151
18 16
10 36
48 33
45 28
88 86
84 32
83 87
28 116
86 47
90 81
96 30
85 87
45 5
17 32
17 39
19 96
22 146
73 159
61 26
56 15
46 21
95 40
88 19
80 23
31 52
26 12
54 65
26 38
67 18
86 53
88 69
69 19
63 12
92 306
96 103
96 12
44 120
2 21
22 61
94 18
68 296
24 207
27 20
35 45
97 17
66 8
48 35
79 159
7 57
71 21
59 42
13 8
3 11
19 39
2 7
68 25
99 104
24 137
28 20
86 51
34 7
89 124
51 108
31 28
48 19
43 41
97 15
73 90
94 85
96 52
58 35
31 55
40 21
59 23
60 16
100 25
39 53
38 17
5 87
70 11
55 115
38 20
43 95
35 11
75 34
65 97
55 21
89 262
49 217
98 6
39 10
87 20
42 45
75 62
33 39
27 18
34 9
34 28
4 54
47 146
58 68
18 20
10 11
88 130
25 81
97 33
67 41
45 5
39 8
21 140
2 36
40 81
8 25
75 18
29 43
83 18
89 33
99 98
41 40
4 58
89 34
76 10
24 61
92 176
92 117
72 18
34 20
91 64
26 15
42 290
17 23
44 29
28 60
42 16
54 67
24 130
5 145
88 103
82 196
22 23
95 77
55 18
70 62
86 52
69 46
34 21
8 71
61 32
89 10
21 17
47 175
28 239
16 81
55 76
17 89
7 14
86 23
52 12
9 118
34 8
73 37
65 16
85 24
89 19
80 59
56 12
94 143
66 19
26 41
42 160
44 141
27 25
34 5
8 39
9 50
65 167
87 187
63 28
87 38
77 15
79 47
30 22
7 33
26 6
96 57
63 236
6 72
50 75
95 108
56 23
35 97
75 14
60 38
53 201
63 146
96 26
59 18
63 15
8 18
89 28
55 103
42 105
23 25
28 61
39 10
38 15
93 237
69 86
99 301
100 116
53 17
40 12
87 14
76 31
19 21
27 16
79 35
7 54
9 46
36 78
91 12
56 28
33 11
48 16
76 19
30 14
84 25
57 14
97 149
89 10
9 519
31 59
60 21
16 16
18 32
54 113
65 113
47 27
57 75
90 122
19 19
17 12
13 10
50 10
48 77
42 32
2 7
45 9
63 54
53 61
76 29
59 15
58 336
58 20
87 95
16 27
10 100
25 18
89 23
16 111
81 55
63 12
84 81
74 58
54 54
16 119
9 59
55 69
58 123
20 12
86 31
65 49
92 85
37 14
11 35
64 86
55 20
86 19
51 122
45 75
10 114
78 26
5 227
53 15
72 15
100 20
11 100
79 36
41 13
46 80
78 39
46 117
84 207
94 31
39 16
79 17
38 16
70 198
42 22
94 117
19 12
7 217
19 27
70 44
36 152
76 23
66 24
21 85
9 89
71 138
69 167
86 84
99 27
84 19
16 57
32 77
89 45
68 20
80 46
15 42
94 40
72 29
69 16
13 57
31 48
51 63
22 180
36 130
47 84
90 32
26 6
72 14
35 89
63 14
42 144
52 189
93 13
66 200
92 19
32 55
26 34
90 69
37 80
99 129
69 34
76 157
65 294
34 26
67 25
32 112
89 60
94 308
31 109
93 43
18 107
45 19
52 54
94 99
64 38
73 15
86 11
4 366
13 40
91 24
40 55
35 129
3 10
90 302
31 106
90 17
93 33
14 13
64 31
91 70
40 90
42 49
16 125
68 32
63 17
82 85
73 65
79 18
67 154
16 59
52 7
43 143
55 39
98 6
4 99
67 459
87 78
3 29
29 66
32 43
19 73
29 70
98 14
36 14
4 26
92 18
31 124
32 42
80 74
86 123
54 22
15 26
93 19
49 11
45 57
94 15
68 196
85 6
5 18
37 15
74 43
79 21
32 17
5 25
93 13
3 47
100 55
5 39
31 59
27 115
50 23
46 30
29 22
41 49
16 23
74 190
50 23
57 155
44 309
13 151
66 7
100 105
28 208
11 40
62 61
42 40
6 10
36 23
52 5
14 23
79 211
10 15
58 24
75 16
98 181
75 249
25 69
55 16
39 35
24 26
20 62
23 96
51 135
9 410
28 45
80 22
34 58
83 64
60 68
99 131
45 32
91 12
50 45
38 152
76 100
58 40
37 91
75 120
37 25
17 17
61 47
53 34
66 9
64 136
9 127
34 9
95 21
79 33
46 57
50 9
7 14
92 88
61 65
77 70
75 99
57 45
23 27
41 18
48 67
25 20
65 37
55 19
61 105
41 14
30 10
58 61
14 66
85 36
40 44
28 60
67 17
41 14
64 196
88 14
72 22
99 39
78 25
34 9
31 42
72 18
81 23
91 12
18 14
67 46
6 39
60 26
17 34
46 81
85 14
71 199
58 14
48 15
25 36
60 115
66 12
44 19
55 222
45 16
86 29
62 73
63 14
28 152
42 38
48 25
91 169
34 26
94 17
63 49
84 18
12 45
2 33
89 188
63 33
89 57
37 9
16 30
86 12
71 37
13 83
12 71
73 80
56 39
26 21
41 69
21 109
9 15
3 133
93 311
81 22
14 44
76 15
69 19
68 35
27 63
43 51
43 45
79 27
86 36
38 73
25 117
35 77
87 14
45 9
39 49
20 179
10 19
42 67
42 22
20 94
48 218
41 123
26 65
69 27
38 240
7 17
88 39
83 26
29 79
8 10
75 20
79 125
27 21
67 47
61 147
42 20
48 353
97 19
87 48
77 252
62 79
9 257
5 35
80 26
86 33
64 43
18 20
82 31
27 130
10 74
25 173
53 70
25 632
90 77
26 47
75 23
27 46
80 765
8 59
86 28
67 39
83 31
32 25
55 14
80 29
15 73
37 49
35 45
92 12
48 235
50 20
17 21
56 86
95 33
98 77
75 104
37 10
19 578
43 27
67 49
43 15
26 28
68 11
40 17
33 11
20 7
43 87
3 16
60 26
100 22
86 14
75 71
95 53
33 18
9 230
96 120
69 21
93 120
39 7
69 20
62 10
27 13
6 15
20 14
50 9
80 42
86 43
67 38
35 22
42 25
43 78
69 35
6 48
32 205
42 80
31 56
86 19
68 28
14 114
46 111
87 154
10 12
16 13
8 13
55 23
51 26
71 132
23 30
39 58
92 13
58 106
52 12
31 32
59 43
75 106
52 6
4 465
81 24
64 61
84 497
75 14
100 37
85 29
42 24
7 24
64 48
80 15
77 12
97 13
35 11
14 198
16 41
6 13
62 21
14 31
72 75
82 64
75 13
43 54
21 19
15 68
53 20
96 62
24 70
70 88
29 110
18 22
3 75
15 51
25 36
39 49
89 319
73 18
84 118
27 155
57 12
13 112
88 72
74 34
36 110
56 214
99 415
72 13
89 66
12 87
51 69
19 61
86 54
23 152
10 113
53 137
85 11
90 27
77 13
77 296
3 123
79 20
51 63
15 34
82 17
36 53
72 45
23 12
90 24
8 42
73 77
89 35
39 94
26 39
19 69
55 34
27 76
10 12
64 22
32 69
17 37
51 40
81 215
57 38
65 29
70 21
77 131
81 19
28 59
11 18
75 60
35 19
92 12
25 54
18 168
20 8
50 162
38 15
78 14
30 32
12 23
82 30
69 170
23 129
65 23
33 30
22 22
48 23
20 86
49 85
78 16
95 106
9 38
86 14
80 59
55 86
21 177
27 44
52 11
11 78
66 103
27 231
70 131
12 83
39 120
80 173
91 242
91 93
69 70
14 34
10 336
75 307
93 26
62 33
26 8
64 54
59 32
73 63
93 92
53 30
9 34
64 37
20 7
25 90
50 53
89 29
49 24
60 32
67 30
41 109
84 54
2 76
61 27
78 105
13 17
99 416
26 22
76 97
99 128
48 123
72 68
25 16
62 12
85 12
24 26
15 235
99 50
22 172
63 87
36 75
50 160
87 175
85 22
18 16
22 79
29 13
13 26
38 50
50 25
27 31
47 52
5 64
49 12
50 36
97 33
89 103
50 47
14 52
37 46
10 138
40 14
98 12
17 46
50 120
24 153
80 88
66 8
63 16
24 13
19 256
100 97
43 238
76 37
9 37
6 18
75 14
32 41
72 46
54 31
60 35
91 16
49 27
59 359
63 28
37 39
100 115
82 15
61 126
67 121
92 53
21 226
62 16
21 24
29 70
64 96
15 41
48 42
42 139
63 60
20 9
21 21
80 14
48 20
72 53
23 162
75 20
7 23
27 75
75 18
30 99
81 15
27 13
13 13
49 34
65 88
24 23
75 25
100 20
55 90
78 25
22 93
86 22
73 20
18 66
9 29
11 148
82 25
83 65
92 237
58 340
31 104
44 147
28 34
10 12
8 10
66 9
61 53
22 20
35 14
82 28
93 119
43 30
72 25
98 49
26 6
7 18
84 49
25 21
69 18
48 21
81 28
88 56
76 101
83 85
87 181
85 24
39 41
65 152
58 75
2 7
66 12
55 23
58 18
43 175
57 227
11 757
37 9
22 38
56 29
76 30
29 13
85 48
77 25
75 36
94 145
34 19
89 47
11 27
90 30
95 82
76 19
78 183
76 34
94 381
67 118
58 16
87 48
14 77
32 33
73 114
80 60
91 71
50 28
40 12
10 22
9 43
71 27
31 14
36 115
34 14
59 15
89 20
92 23
12 40
47 35
21 22
21 76
82 17
39 14
93 18
36 26
86 46
36 13
95 129
54 24
8 57
52 8
93 162
67 33
27 57
13 17
9 14
73 24
44 17
59 38
65 61
31 69
96 32
52 75
45 19
60 47
28 65
56 51
4 59
48 51
54 108
52 32
63 15
65 51
15 24
85 13
57 103
57 52
69 13
54 19
55 22
61 90
77 32
63 65
78 103
64 231
6 20
62 13
59 14
53 42
45 6
3 7
56 191
62 15
51 220
17 20
82 38
8 183
28 28
66 75
71 42
14 17
32 104
45 12
48 144
70 22
42 111
25 35
79 129
10 31
32 159
86 51
20 68
15 31
30 23
82 17
85 36
50 109
14 40
88 75
79 16
82 42
78 34
45 7
37 19
47 153
95 24
99 113
20 55
26 10
88 57
19 20
84 455
55 47
44 57
69 19
75 127
26 7
38 174
50 57
5 152
32 112
72 50
31 203
43 102
44 43
88 57
61 281
97 52
72 24
67 112
64 115
19 15
90 38
30 8
88 69
49 27
47 60
86 33
68 32
65 33
7 44
71 24
66 18
60 20
48 48
83 231
76 19
20 7
22 78
84 189
73 14
91 94
23 13
16 30
82 113
44 36
69 18
84 17
90 29
71 101
21 34
82 95
4 52
30 21
46 517
62 75
32 13
99 31
5 51
72 44
87 12
81 36
7 256
27 19
62 20
37 66
78 75
79 18
76 49
46 26
15 106
68 37
84 201
3 100
13 49
96 14
40 38
54 10
85 43
97 13
50 8
10 171
25 34
95 107
87 340
85 20
63 67
7 28
24 96
21 254
71 48
68 17
40 21
56 24
34 20
61 24
22 36
85 8
4 55
83 18
78 16
40 42
42 34
72 39
44 19
56 17
52 16
7 64
10 61
78 32
72 46
24 65
97 27
47 66
65 223
17 12
73 114
6 7
56 250
8 26
19 29
95 128
44 25
84 393
3 6
39 30
28 55
97 79
18 24
95 215
23 51
63 39
86 41
34 39
100 13
27 26
55 149
99 43
24 141
9 28
64 118
42 77
96 43
10 80
68 24
89 54
60 71
22 58
6 7
5 46
55 48
27 140
5 13
89 117
53 77
55 101
95 20
33 15
11 20
37 59
5 123
25 372
33 60
57 146
47 20
46 14
46 44
20 32
8 23
90 121
99 87
75 184
26 24
39 125
36 45
34 6
33 16
80 69
87 252
37 39
75 80
31 75
39 11
13 73
72 20
47 55
41 25
50 28
70 17
2 15
71 80
94 11
27 21
74 40
3 10
58 20
3 181
31 30
70 15
44 15
43 48
75 59
61 41
30 7
90 214
84 16
97 232
84 265
31 297
100 83
55 43
3 14
36 87
76 11
12 64
49 35
25 91
11 177
30 46
88 57
60 42
87 26
47 364
60 158
46 49
12 15
65 56
82 56
56 13
79 159
14 134
92 173
96 125
13 35
71 18
32 15
93 19
4 71
70 11
23 178
83 18
37 48
18 21
52 6
65 22
18 16
47 168
57 18
95 78
30 61
9 119
26 19
34 22
38 18
92 28
27 105
36 125
21 28
89 9
88 837
69 27
34 10
71 24
80 18
43 237
71 81
31 25
19 40
78 38
51 48
22 42
44 18
53 67
95 16
38 61
30 46
95 30
68 16
21 183
80 12
8 83
92 11
32 55
10 83
48 158
15 105
28 24
61 29
63 85
21 13
88 17
75 29
69 21
59 176
2 25
18 77
81 15
61 97
24 47
54 11
39 10
85 13
17 30
96 24
94 19
57 13
7 103
3 8
74 18
19 20
73 133
58 50
84 23
92 14
57 108
23 20
84 59
93 30
23 63
54 18
42 16
17 19
38 104
69 14
59 41
16 30
28 19
95 17
69 17
11 26
2 23
7 153
71 15
22 121
78 12
24 164
91 13
48 31
21 77
34 26
73 87
26 18
2 30
83 24
61 17
71 250
11 27
33 48
77 493
4 97
94 31
64 128
37 48
11 15
55 98
29 57
62 13
9 34
86 25
49 133
36 33
90 237
28 39
47 22
81 27
100 16
46 72
95 289
94 15
38 52
6 7
5 17
74 13
72 30
24 17
37 85
68 76
56 14
20 12
81 15
57 107
14 156
32 79
7 60
74 352
49 19
7 167
52 8
33 48
80 39
77 245
9 41
47 134
90 58
47 134
45 9
36 37
81 85
39 41
34 16
9 157
52 6
11 33
81 44
6 12
11 15
70 22
75 34
53 184
6 7
48 234
51 31
72 12
31 207
95 75
61 46
44 131
22 65
100 414
15 30
38 86
54 13
48 154
97 98
68 18
93 49
41 43
81 154
59 29
37 33
78 39
54 21
86 136
69 52
10 36
98 111
62 115
89 31
15 15
47 203
55 101
81 120
7 23
24 28
80 20
36 18
19 12
83 95
50 34
37 34
52 5
35 41
71 34
57 43
14 106
43 27
91 46
34 109
5 54
72 13
48 44
31 26
53 62
20 13
15 269
3 35
51 33
16 102
65 283
21 202
84 115
16 41
84 163
52 14
66 8
31 57
75 79
46 56
30 91
48 15
43 43
12 25
96 15
76 79
42 231
34 37
28 15
52 4
78 41
83 18
44 29
59 18
56 63
2 23
97 51
81 105
46 17
90 26
63 43
11 16
7 22
98 43
67 33
80 15
46 13
74 129
57 24
89 25
100 52
86 44
17 28
51 57
26 7
42 73
68 62
84 14
26 15
60 136
63 27
4 137
38 49
7 40
2 15
37 18
15 100
65 295
93 63
34 15
26 25
30 33
9 21
56 41
28 17
53 18
8 12
29 125
86 31
2 10
19 16
4 191
90 115
89 45
66 17
67 15
22 56
57 108
11 57
46 55
55 34
8 64
4 99
2 204
16 48
3 59
83 78
25 91
40 76
80 12
26 7
10 49
87 36
95 23
23 25
37 61
57 35
28 26
14 14
78 26
94 21
98 22
11 25
77 26
31 13
52 36
7 68
14 47
99 59
22 14
80 15
2 137
48 29
57 15
82 189
76 13
73 38
28 60
20 62
34 15
87 21
95 68
75 89
79 19
47 16
2 50
65 46
29 73
41 14
34 12
87 56
16 382
5 115
40 27
33 127
42 301
9 36
47 16
33 79
14 147
93 12
52 60
79 94
95 24
8 17
42 24
90 15
25 24
86 40
29 25
27 14
76 22
90 282
10 34
90 17
55 85
66 16
73 29
38 146
19 25
48 100
44 20
11 233
42 57
66 7
74 14
31 558
35 50
54 11
74 175
99 29
47 46
98 25
23 13
25 33
50 24
39 7
92 134
63 161
82 92
65 58
64 25
30 158
58 169
65 144
90 46
23 16
42 168
68 84
64 163
24 58
97 212
92 72
45 7
36 60
90 5
13 20
86 14
71 15
62 35
42 145
90 337
89 25
97 95
85 16
78 60
57 23
84 61
73 117
89 58
38 89
94 162
58 24
68 97
45 25
53 30
15 81
72 74
44 106
32 139
94 98
91 48
95 24
39 73
97 61
25 273
62 99
60 38
41 35
25 17
21 44
72 22
49 35
26 27
89 22
35 56
65 55
21 46
50 8
94 32
86 341
29 19
98 19
69 48
30 15
24 22
52 32
53 55
26 8
75 52
21 28
43 184
96 48
28 72
50 11
47 33
86 97
26 47
53 19
81 137
45 7
90 50
27 104
66 11
63 26
74 9
77 56
59 21
98 12
78 122
61 58
42 43
9 14
66 47
61 41
86 11
6 18
89 38
100 49
8 79
43 44
2 19
99 94
68 11
94 199
2 9
3 15
66 89
31 14
50 19
79 126
49 75
36 563
80 11
18 20
57 36
2 65
89 13
31 55
6 54
46 16
24 311
63 19
19 15
17 20
80 15
4 51
37 11
35 133
36 16
76 36
95 28
67 145
94 16
78 68
97 16
47 21
39 88
83 38
13 35
6 103
60 24
94 68
60 100
48 75
90 61
79 26
8 103
31 19
80 54
87 65
15 73
100 37
62 438
99 44
4 105
20 10
24 59
79 51
82 246
79 19
64 15
97 17
84 28
66 7
39 10
27 27
97 27
87 33
20 9
77 70
56 350
29 117
98 85
82 47
19 47
53 141
84 36
72 20
19 20
41 35
46 17
3 9
78 49
53 21
3 8
8 10
73 58
23 12
43 27
7 73
47 67
45 33
8 72
71 13
38 46
26 7
74 90
86 314
74 21
14 26
33 59
95 96
70 16
80 92
66 41
41 89
56 48
28 19
20 9
39 56
35 208
82 40
81 15
87 58
41 14
72 32
33 16
94 12
50 62
74 48
71 70
97 66
7 24
16 13
52 14
37 28
49 32
54 37
26 8
63 17
88 170
78 32
39 20
54 16
63 38
58 72
96 27
13 21
68 8
34 39
17 14
49 129
54 18
98 149
96 21
66 20
71 102
11 41
53 17
13 15
83 31
21 168
98 15
14 201
70 10
24 265
84 65
92 81
15 22
29 50
78 20
77 120
83 79
14 90
5 15
44 208
99 225
63 108
89 85
20 45
84 26
44 16
34 14
54 24
6 20
10 17
21 23
96 15
82 34
47 44
11 31
88 34
29 37
21 110
74 10
54 11
29 45
5 227
88 156
56 45
17 178
78 79
5 13
21 15
91 37
77 21
4 102
25 143
53 25
35 93
53 38
7 16
58 17
35 26
37 32
4 220
18 54
20 12
12 142
11 24
59 34
38 128
84 27
12 15
81 143
85 6
91 23
16 22
44 29
43 15
62 38
94 12
63 101
86 204
50 12
30 11
78 11
52 6
14 132
19 21
51 29
46 52
67 66
16 201
33 30
40 17
38 18
42 40
22 14
53 47
94 52
65 137
17 47
18 20
69 17
66 34
38 56
57 65
36 122
35 27
59 86
7 31
58 11
20 13
43 61
81 285
46 29
6 8
58 39
95 18
78 334
18 121
49 59
93 18
16 28
63 79
92 40
13 39
16 13
50 51
98 13
56 16
94 15
5 98
90 19
14 70
66 7
96 61
39 15
28 14
78 72
10 52
37 92
12 15
58 89
20 22
97 16
63 66
84 19
79 39
74 94
49 23
61 19
87 38
63 28
2 13
15 48
32 117
28 243
97 26
15 146
31 175
94 120
8 12
87 138
9 35
100 66
69 67
37 9
40 15
24 21
7 115
98 7
74 40
72 89
83 17
17 61
71 36
63 12
17 21
57 335
33 16
7 55
62 84
37 34
15 113
93 16
14 15
98 63
44 24
23 64
38 20
59 139
9 67
73 15
79 20
11 63
64 19
13 26
34 7
55 43
88 139
48 105
9 61
12 100
90 29
98 52
78 31
52 5
88 43
39 27
59 33
95 31
50 10
25 602
76 11
92 16
96 61
48 29
60 60
45 8
59 23
89 33
74 67
88 39
57 177
65 50
67 38
92 29
48 65
31 24
33 51
61 31
3 23
95 63
75 184
76 31
57 33
37 36
14 13
93 33
60 86
69 18
48 191
45 8
17 14
27 80
76 340
40 55
37 15
12 197
12 78
4 23
16 34
100 233
20 6
65 55
53 13
88 16
75 14
4 53
79 80
8 28
60 127
41 48
71 13
56 72
35 44
75 78
13 44
27 23
9 82
74 170
16 22
14 108
99 145
85 8
36 100
91 14
31 30
42 43
37 8
78 105
85 12
12 179
9 24
46 70
58 103
31 102
54 75
22 23
4 25
39 60
3 79
30 12
18 29
90 55
100 40
34 12
61 146
70 13
27 56
40 21
49 60
45 65
37 11
41 225
94 63
60 47
26 49
42 40
38 78
61 260
79 19
30 21
65 139
8 68
23 16
57 146
14 200
60 142
39 11
50 42
87 110
15 21
66 13
89 29
33 17
17 43
36 73
36 45
21 37
5 43
43 17
20 85
23 24
62 164
77 55
75 23
76 11
34 45
24 170
33 16
44 17
25 31
7 34
95 37
70 46
3 24
92 38
71 21
22 70
62 46
95 32
98 23
88 135
69 92
38 136
89 9
61 15
46 98
60 72
81 114
64 38
78 20
34 12
29 19
42 120
76 24
15 26
45 5
83 72
37 8
32 42
66 10
11 17
17 44
59 119
63 54
37 10
25 29
43 22
94 112
24 43
4 16
26 39
76 20
12 200
63 109
52 15
43 34
77 107
83 47
41 90
86 24
34 10
93 28
84 321
96 14
69 14
56 105
64 14
47 20
15 21
52 76
51 22
35 60
36 125
93 93
10 77
84 53
27 105
55 38
22 17
81 82
77 114
71 26
92 79
63 75
67 134
76 17
75 28
30 12
76 81
10 13
6 15
68 16
39 69
28 227
19 15
71 12
68 215
53 16
20 40
92 245
73 49
29 48
10 66
67 17
51 18
2 98
37 10
19 38
58 108
47 44
66 19
15 160
44 21
27 37
22 45
31 87
50 8
20 21
7 85
43 17
43 31
24 41
5 33
49 27
78 61
22 208
74 53
53 12
5 42
38 18
62 50
85 171
36 72
79 138
23 61
11 201
53 15
31 18
79 204
59 110
85 9
62 121
79 27
35 21
26 25
45 21
20 24
82 33
83 14
53 98
65 99
31 211
66 12
36 25
36 54
77 71
89 161
82 29
74 24
99 45
46 40
42 138
84 14
77 114
41 33
15 138
24 15
35 151
15 27
15 45
4 296
68 44
55 16
70 47
60 82
99 17
95 60
74 41
42 60
86 17
15 19
79 80
27 58
81 265
91 13
91 98
95 24
78 53
14 20
89 8
21 76
87 173
32 18
59 129
92 118
25 32
46 159
96 29
97 33
94 18
69 143
47 96
15 156
39 13
3 8
90 229
78 36
69 47
99 287
46 29
76 78
32 25
40 177
51 164
17 16
68 118
30 14
81 58
52 20
37 36
61 132
61 120
10 49
15 22
8 19
7 140
67 54
67 26
82 19
53 12
69 15
86 11
40 26
5 83
53 47
96 47
60 167
98 6
93 172
81 85
54 35
44 23
78 57
64 65
25 32
79 65
90 32
96 20
5 52
71 92
44 17
53 28
21 131
84 20
84 96
3 31
92 590
80 37
95 294
36 52
71 25
55 30
21 45
77 49
18 59
55 101
9 129
52 19
10 194
32 438
98 34
95 66
18 68
72 12
93 86
91 89
60 64
9 33
5 25
60 34
84 167
51 25
41 15
25 253
65 27
86 11
31 13
71 82
72 47
10 15
80 13
79 17
3 25
73 70
42 51
79 127
76 86
35 61
39 12
74 142
3 44
42 93
76 12
94 13
16 22
64 37
13 13
38 66
14 184
25 82
58 14
81 19
71 136
13 18
15 270
88 141
22 28
28 36
38 60
57 208
38 134
35 31
67 40
96 245
56 76
60 66
73 128
67 127
74 60
89 80
69 29
29 142
29 31
49 42
44 61
42 52
30 7
77 23
90 19
66 61
84 57
12 84
18 100
66 37
97 62
41 17
74 62
8 140
4 207
94 40
70 97
57 14
94 367
69 47
64 16
31 220
87 29
79 184
35 34
69 143
73 304
36 90
98 6
55 92
72 13
97 76
27 330
98 71
20 6
49 21
48 28
10 26
14 56
51 29
91 23
17 97
46 27
2 20
21 70
83 19
47 95
71 31
4 41
76 168
91 18
35 154
5 23
76 43
72 18
9 27
57 43
48 20
94 63
31 56
27 62
58 36
11 55
42 197
12 60
49 16
67 20
22 47
45 103
48 56
58 24
25 52
16 49
100 207
77 19
46 18
71 85
18 36
61 44
18 28
92 45
94 47
84 96
81 121
22 119
79 21
46 106
58 117
17 12
69 119
13 13
61 185
86 16
92 26
15 15
57 17
46 71
49 70
27 73
62 68
40 143
86 41
87 81
4 40
73 82
69 38
88 20
79 240
82 118
66 9
72 28
44 21
83 19
28 109
7 40
100 21
58 24
24 37
38 40
44 170
54 35
51 21
72 32
53 18
71 19
95 17
16 263
53 14
47 106
67 15
92 19
33 102
12 185
3 17
80 12
24 25
27 78
50 30
58 25
84 29
99 17
70 11
85 15
88 21
50 13
68 64
55 79
95 85
90 63
6 8
88 19
84 53
16 58
89 72
74 25
29 44
5 11
44 41
63 120
84 24
23 126
83 17
47 41
34 69
14 28
16 276
81 24
100 149
19 120
6 11
75 39
85 37
98 60
37 14
52 6
36 142
9 57
31 46
29 51
91 11
85 26
