100 1000 7623
7 0 -1
-8 0 -1
-2 7 -7
5 6 -9
10 -4 -2
-10 9 9
-2 -6 10
-3 -8 -5
8 1 -6
3 6 -4
7 -3 1
2 -9 -8
-6 -10 4
6 7 10
1 -4 4
-7 3 9
1 -9 9
0 2 -2
-2 3 -8
-4 1 -4
-6 -5 -2
5 3 -3
10 4 -9
8 -4 -6
-7 -4 -8
-3 -7 10
-5 5 8
7 5 -7
-1 -9 10
-9 -8 -3
9 3 -5
10 -7 4
10 -2 0
-10 6 5
3 7 -7
6 3 0
3 -5 -8
-3 8 -1
2 -7 -3
-8 2 8
2 -9 -4
7 -10 10
-9 8 3
5 -10 4
9 -4 1
3 7 4
6 0 -10
0 3 4
5 2 6
2 -8 -6
-7 -1 -8
9 -10 2
-7 -4 5
6 -6 -2
-2 -6 -5
5 2 9
-7 -4 -4
4 -10 -6
-7 -3 8
6 -5 -1
7 -2 -10
7 3 1
5 1 9
4 -3 -9
-2 7 6
-7 6 4
9 -10 1
-6 -2 10
-6 -3 -6
-1 1 9
-5 1 -8
-10 7 -1
6 5 2
-3 10 8
-7 9 -7
1 1 -7
-6 10 9
-2 2 -3
-4 10 -6
2 -5 -3
0 0 0
4 -6 10
-5 4 9
-10 -7 -2
8 0 -3
3 -6 3
-6 8 4
10 -7 6
7 3 5
2 2 9
6 4 -6
-4 -4 -2
-4 -1 0
6 -5 -8
-10 10 2
-8 -8 -8
-2 -2 -7
-3 -4 4
-2 -5 -6
1 -9 0
51 34
79 64
68 28
33 93
27 14
41 9
79 25
65 78
50 61
23 94
94 25
41 8
30 64
1 5
51 13
75 38
38 33
81 76
34 99
91 22
34 43
59 5
71 2
4 24
36 15
13 67
39 22
50 100
49 16
27 46
25 37
41 89
74 27
39 29
17 94
48 7
16 61
33 67
25 77
94 82
92 94
65 14
83 86
67 11
15 37
82 43
90 79
52 72
60 12
66 18
58 89
14 59
12 15
45 74
24 72
17 44
50 84
42 18
64 73
52 9
34 41
17 48
18 13
64 65
30 71
45 76
35 54
88 59
94 45
83 17
20 67
30 58
97 60
22 37
60 51
19 11
51 22
11 87
96 59
37 99
59 35
85 65
96 69
95 55
62 53
61 40
6 11
94 13
11 85
94 76
39 13
37 26
41 14
78 96
95 88
64 81
86 33
51 74
19 50
85 31
51 2
41 58
52 12
87 64
18 90
78 90
82 38
83 80
41 72
16 54
6 25
28 64
56 62
84 34
49 95
64 26
27 92
73 25
36 76
71 94
80 22
93 81
6 55
31 71
36 27
77 73
15 35
23 36
79 98
88 38
28 65
69 46
47 57
36 86
98 2
15 88
13 76
51 19
53 73
41 83
83 70
64 6
19 24
49 21
44 82
55 100
89 1
43 72
22 24
26 90
17 24
79 4
68 18
49 59
39 70
55 15
70 48
77 31
4 93
14 71
77 85
72 87
10 69
21 34
14 88
46 84
56 86
99 6
41 84
62 51
22 1
8 13
48 94
97 36
41 2
53 87
80 34
55 74
53 8
86 42
67 57
90 48
40 69
95 33
29 49
34 5
61 27
44 75
4 13
78 21
99 3
5 95
9 94
39 41
55 81
97 77
78 53
62 14
13 19
34 11
36 34
58 43
10 42
14 20
27 71
25 75
35 12
16 9
8 86
33 7
57 52
17 21
88 13
25 45
26 43
33 55
89 48
72 1
38 57
88 68
58 29
13 92
77 47
80 8
95 50
86 77
70 85
35 41
26 15
78 93
5 90
47 3
38 14
12 42
28 4
30 63
4 41
3 65
35 7
7 66
41 52
57 88
50 37
68 4
6 20
59 99
79 100
48 30
40 90
37 73
48 50
65 71
97 31
94 42
100 72
11 36
20 5
72 75
92 50
1 48
69 89
9 95
12 2
9 19
4 84
26 49
89 6
54 20
48 46
46 57
54 11
59 18
83 6
51 71
87 29
13 93
66 93
49 47
26 18
26 51
12 13
34 31
40 45
75 59
95 24
13 5
23 67
89 26
79 95
10 9
24 93
68 48
45 27
94 16
54 93
21 14
55 1
42 33
64 14
11 78
48 93
51 32
25 56
91 42
14 97
5 71
83 27
97 6
74 82
94 87
69 23
5 43
8 27
36 21
93 52
4 85
5 75
92 69
23 27
6 42
40 59
13 54
38 20
24 57
53 20
19 63
6 92
80 79
77 11
9 20
95 26
22 62
46 77
56 97
45 95
68 72
63 26
76 9
31 98
46 19
76 98
44 40
17 34
3 70
1 12
65 67
36 90
60 5
78 80
42 98
13 73
29 67
6 74
95 20
19 78
81 3
85 75
66 28
91 69
52 74
97 96
12 65
63 5
84 35
22 35
97 87
45 24
55 62
10 54
20 80
44 91
1 68
23 29
55 19
72 16
53 49
28 31
100 44
64 69
41 85
96 91
57 8
73 39
33 52
61 88
34 30
35 66
26 62
70 86
90 89
75 45
29 37
89 76
97 37
96 11
61 57
87 25
14 25
72 70
61 6
32 16
52 62
87 42
67 28
25 5
99 36
27 81
82 73
5 39
1 85
56 19
5 10
7 40
33 64
99 52
54 87
43 40
15 84
11 44
47 66
25 47
90 38
34 1
10 33
59 33
76 95
74 66
61 53
1 87
61 11
98 55
91 70
79 27
24 40
75 3
25 97
4 27
93 30
70 45
45 86
92 7
63 85
91 27
12 16
29 55
90 34
61 24
33 16
41 95
37 9
53 75
60 89
44 2
52 60
50 38
31 40
53 72
32 34
27 96
84 40
10 87
60 47
56 78
37 40
88 41
99 42
46 100
59 27
39 42
81 23
12 6
90 15
10 78
46 40
25 30
91 74
90 65
96 22
52 59
80 72
94 26
55 90
8 32
36 55
43 15
26 17
24 85
93 10
2 35
58 82
68 56
10 91
21 22
33 90
10 90
34 91
36 48
35 71
78 3
93 70
60 46
63 3
80 14
26 96
66 88
14 4
4 49
75 90
29 96
6 49
95 10
42 61
19 28
3 73
11 74
88 17
46 41
76 77
19 84
58 83
84 38
57 2
85 80
70 35
37 60
16 3
90 35
92 25
85 2
82 2
47 71
66 19
19 3
18 44
58 50
46 6
99 44
32 46
57 53
16 4
24 71
39 83
95 1
81 44
95 65
85 10
82 87
70 28
4 87
44 23
58 84
51 56
58 9
6 15
52 98
75 34
17 78
57 77
38 4
2 9
16 100
95 82
58 8
98 5
72 45
59 48
43 62
9 3
70 24
31 27
35 74
87 15
3 84
31 66
2 52
48 65
100 68
63 44
52 15
72 77
37 59
19 57
78 20
52 39
53 1
95 52
45 69
17 49
76 63
94 75
35 88
20 52
41 32
6 82
47 30
76 51
19 74
21 4
22 20
52 5
9 90
56 12
55 96
23 58
48 22
97 68
84 82
65 43
28 50
71 11
58 88
79 53
91 75
54 17
35 67
37 14
84 57
59 45
55 17
39 9
23 18
32 94
30 78
56 46
52 90
46 20
17 61
45 65
41 40
16 24
77 82
13 83
61 71
19 77
21 45
63 53
17 62
95 54
17 71
97 99
5 23
29 90
4 15
22 63
29 62
33 89
16 96
73 10
29 74
18 39
26 28
76 56
18 34
11 12
94 63
14 58
71 68
35 86
99 16
4 92
69 33
12 38
24 47
90 80
98 27
87 67
76 66
39 90
50 63
74 3
83 21
85 13
52 94
45 68
79 9
66 48
85 20
50 91
61 70
83 30
29 5
58 81
36 53
11 50
34 54
28 69
31 57
83 93
73 33
93 62
42 74
2 75
68 53
67 38
51 72
13 21
56 53
99 95
8 28
100 49
49 23
97 7
36 77
51 8
96 99
89 83
45 77
11 48
8 42
60 80
3 15
25 11
14 92
37 77
79 61
54 32
73 55
73 23
59 64
47 22
68 83
26 40
7 10
22 98
91 2
66 26
90 44
57 5
90 58
96 92
31 22
79 76
17 98
12 67
38 87
58 4
9 91
94 8
81 4
80 58
86 17
29 92
54 65
11 92
88 86
20 18
55 4
11 80
9 89
91 40
20 29
98 65
52 32
54 46
98 100
59 67
86 90
6 47
94 61
36 67
16 71
63 73
33 19
97 73
48 63
61 38
43 77
58 27
12 78
80 66
92 44
26 8
4 72
65 91
32 77
86 57
42 7
98 71
76 73
49 73
42 51
56 22
40 76
88 48
68 59
22 100
63 15
46 1
77 48
33 98
43 33
90 69
72 14
95 89
49 84
31 14
7 46
11 94
44 67
31 63
31 4
34 95
68 7
34 35
49 22
51 7
85 8
23 52
1 42
43 38
35 51
1 25
76 10
91 52
13 15
86 64
16 2
80 33
81 38
35 4
94 77
37 46
34 22
99 64
48 84
91 90
83 87
56 35
2 67
32 4
10 68
53 37
76 26
21 50
67 25
24 30
24 96
9 96
67 74
52 53
52 97
99 75
15 93
92 53
35 57
24 43
30 49
63 12
63 38
35 23
66 92
26 99
34 13
79 73
92 9
34 73
13 50
87 16
37 11
10 45
14 100
48 58
78 74
32 100
92 45
24 83
78 98
16 75
81 13
96 17
43 85
56 79
68 62
1 39
19 5
19 6
90 25
10 63
22 97
4 23
67 99
43 79
97 72
65 58
72 38
35 81
34 69
39 14
7 86
37 19
49 25
56 40
75 56
26 97
39 58
29 63
37 96
41 45
53 27
20 66
69 49
32 87
24 51
67 73
87 89
22 16
16 20
17 33
54 36
18 17
60 36
26 41
35 42
95 47
86 50
77 4
92 87
78 26
15 14
92 54
71 13
9 72
42 97
89 8
26 81
47 50
42 46
56 11
20 11
97 65
50 60
51 66
2 34
1 88
62 100
29 46
2 93
81 28
29 22
42 23
29 17
67 4
59 4
84 59
32 80
38 31
47 4
65 92
8 99
47 14
4 99
91 86
15 51
74 64
44 49
60 48
96 100
89 29
47 99
59 61
49 36
92 8
75 68
1 83
76 39
35 72
12 25
26 30
73 38
85 38
87 80
44 34
14 89
64 92
14 7
67 7
8 43
57 13
71 52
1 86
100 23
67 92
66 6
48 3
72 18
7 18
95 93
92 86
40 42
71 43
59 2
34 74
76 100
19 61
95 29
96 43
19 73
19 90
73 6
35 18
32 37
42 9
47 38
32 20
71 40
27 75
12 37
22 7
57 16
71 35
7 41
44 43
29 15
63 53
47 530
15 16
25 24
3 48
94 18
61 59
38 120
54 25
66 17
89 31
91 11
18 54
48 12
42 112
85 4
37 83
93 23
28 14
61 267
87 55
17 77
12 17
45 21
56 46
38 11
52 14
68 26
66 33
55 22
92 19
34 154
8 41
54 28
20 92
62 509
56 28
22 20
78 19
71 21
2 18
28 74
41 38
35 206
98 80
22 42
40 42
44 656
11 83
43 123
39 41
55 63
3 20
67 308
2 21
75 12
43 29
29 102
65 36
77 74
17 107
19 224
60 29
43 97
69 67
25 63
79 26
54 117
74 18
38 12
30 18
80 18
25 72
92 19
92 104
94 98
15 50
98 12
91 12
26 140
56 124
58 20
43 13
22 22
58 19
46 9
5 16
74 168
52 184
78 37
57 24
6 69
95 28
65 26
30 19
51 15
72 61
80 11
81 35
94 33
31 36
56 18
78 28
19 23
44 171
28 79
12 20
86 27
96 15
31 146
89 8
5 11
45 17
17 14
25 15
58 177
51 49
77 13
56 12
74 53
67 17
20 37
65 249
82 96
75 23
14 81
78 116
83 49
96 191
99 208
54 494
26 14
91 8
56 103
41 10
12 98
44 325
35 20
8 31
30 16
8 108
10 9
57 28
47 13
98 35
55 85
40 26
72 14
16 23
35 10
5 26
47 21
23 37
2 364
66 83
48 10
7 19
94 27
38 49
85 21
70 204
60 10
95 53
44 29
62 156
4 25
33 30
94 249
5 41
56 16
82 271
97 183
100 16
15 29
83 18
97 13
98 23
47 15
3 114
13 366
54 69
83 132
83 85
16 29
72 46
46 29
70 43
99 39
44 94
92 244
94 15
28 67
81 38
61 82
36 27
92 17
54 20
16 174
59 139
7 16
65 70
89 14
12 10
61 21
2 16
95 72
78 296
38 279
92 27
20 41
30 60
84 336
49 128
5 18
20 149
91 13
55 21
74 45
19 58
73 38
29 45
79 69
57 20
33 17
66 120
72 11
51 39
19 107
33 17
36 14
59 35
36 13
81 93
30 58
53 19
21 175
69 45
55 11
58 184
66 59
92 18
89 17
24 24
96 56
90 40
30 24
73 73
82 19
14 23
60 19
76 31
2 64
9 93
76 247
6 237
43 58
8 105
22 68
23 15
20 24
33 31
12 15
37 67
84 35
30 14
95 16
25 163
78 17
5 16
73 43
20 238
89 17
44 14
55 38
69 69
53 15
44 151
84 174
83 54
62 13
49 76
68 39
93 260
36 286
38 54
85 10
43 17
3 115
56 856
55 34
5 16
89 20
93 107
82 19
51 33
35 147
24 46
32 16
67 21
61 187
5 14
60 40
39 8
23 91
82 144
3 25
65 32
90 21
5 103
91 111
50 51
71 16
35 31
74 138
97 15
88 124
15 59
65 59
82 18
72 23
61 51
17 12
78 34
72 28
76 22
67 14
83 11
29 16
54 35
79 102
57 49
16 137
85 7
21 20
87 156
76 61
51 25
56 19
67 53
49 102
89 9
9 41
91 13
9 25
18 93
38 118
38 13
72 11
17 39
6 32
30 35
42 51
74 366
8 34
72 67
74 134
12 47
38 24
88 29
48 8
26 26
100 68
12 12
9 50
35 30
74 35
73 40
68 55
20 142
95 11
83 9
73 59
5 8
85 63
20 13
79 42
72 33
81 14
69 28
5 25
75 80
28 57
29 39
92 18
24 11
75 98
43 167
72 10
67 173
61 36
47 89
10 17
63 20
70 232
69 113
6 23
69 38
77 55
15 49
53 63
85 4
33 313
80 41
56 77
42 67
97 129
42 35
8 38
76 13
24 8
83 43
24 23
62 19
59 104
34 38
70 27
5 58
96 18
13 15
39 40
71 28
47 185
75 154
57 122
52 180
30 20
93 203
70 37
82 18
43 27
91 29
19 19
75 140
95 35
26 14
23 18
36 23
97 17
81 53
87 10
68 60
41 47
43 87
38 11
26 73
99 15
21 78
78 25
38 23
35 38
4 48
45 13
6 18
43 103
38 18
30 140
99 92
71 65
25 114
92 96
12 9
74 206
7 80
13 15
95 2
40 41
69 198
95 22
60 117
39 25
64 448
76 32
78 74
3 89
70 70
100 70
11 9
27 15
15 160
52 59
40 30
55 33
40 26
15 54
68 139
86 26
86 9
53 115
62 34
4 25
87 93
74 16
28 28
62 17
17 89
4 10
96 18
25 160
51 16
7 82
100 142
78 23
35 22
27 41
82 21
4 177
50 74
100 25
57 159
13 17
33 12
50 33
13 32
11 49
34 156
36 63
65 73
5 15
17 133
93 92
11 67
53 39
43 15
19 136
59 14
53 46
11 18
58 52
91 23
51 61
17 36
79 46
62 79
25 79
3 18
98 18
58 12
49 93
44 40
10 56
82 87
64 102
8 68
11 20
75 97
11 34
43 51
74 46
51 104
96 41
42 9
95 23
3 15
47 66
41 39
42 37
32 28
21 38
15 59
22 52
66 14
99 16
70 13
16 141
63 259
18 120
49 15
24 53
57 23
43 90
49 158
69 48
11 39
84 46
29 122
80 47
42 12
57 18
58 33
30 14
45 207
36 86
37 15
61 87
17 62
28 664
31 41
5 14
64 170
27 82
12 24
79 323
75 24
54 43
91 34
27 547
72 20
50 86
68 9
49 85
28 78
43 51
55 100
87 27
100 83
20 47
66 16
44 64
89 68
47 38
94 116
65 26
89 8
20 126
32 25
68 10
84 39
9 13
90 217
99 19
28 26
10 19
36 100
5 33
31 80
56 18
44 23
80 16
84 55
37 24
62 135
96 62
42 56
73 43
44 16
100 22
45 19
6 74
68 9
8 75
96 204
90 68
94 37
52 24
22 8
86 137
81 49
8 14
90 48
58 376
86 10
63 22
19 259
71 59
40 15
78 114
91 9
33 95
21 291
54 22
52 18
42 43
30 46
19 58
82 21
33 61
84 20
10 96
21 240
61 95
7 248
65 84
98 65
32 96
37 19
20 12
98 35
60 9
34 19
85 9
32 48
9 168
78 17
31 15
48 7
55 17
22 10
33 125
86 104
9 155
36 33
47 90
83 15
88 160
46 7
58 58
14 13
3 73
76 55
95 23
90 40
96 46
42 43
18 52
51 41
25 13
54 194
39 15
36 28
83 27
74 117
96 33
95 14
12 102
83 12
17 189
47 121
92 44
94 39
43 37
76 23
84 50
15 63
14 51
65 74
47 53
18 32
54 279
62 49
35 33
6 33
96 125
37 13
2 63
42 14
6 47
91 37
23 12
92 96
84 21
85 7
25 32
66 13
46 24
40 240
45 22
3 19
13 65
85 13
43 49
77 357
64 77
18 23
87 63
83 14
20 89
42 54
84 193
22 13
91 17
4 18
74 71
83 16
19 72
51 311
75 47
25 47
48 15
85 23
58 81
37 25
48 108
86 55
81 311
69 32
94 136
87 51
57 17
69 16
4 12
83 90
21 95
57 33
93 139
82 18
56 33
53 130
4 136
17 63
65 21
17 79
72 41
38 14
27 33
30 237
4 105
68 82
31 52
45 69
80 24
84 30
52 11
87 112
54 150
47 70
95 57
7 13
99 139
50 30
71 50
100 15
43 14
30 123
11 16
11 13
47 149
47 43
36 58
40 47
71 17
2 17
18 13
22 36
21 94
67 267
96 35
33 20
16 16
4 45
46 17
33 29
39 34
91 92
13 27
77 18
76 15
23 45
58 21
58 14
55 52
4 12
100 22
10 51
76 15
65 11
38 67
3 26
49 64
74 70
2 15
94 34
71 26
58 19
96 17
74 28
28 50
55 35
95 32
37 15
82 180
40 180
40 36
54 14
37 444
57 16
77 96
32 43
77 24
28 207
52 282
92 14
66 12
66 67
47 15
72 12
39 33
48 8
70 57
22 5
32 21
81 125
99 34
22 30
86 113
21 34
46 32
20 32
56 20
62 11
55 57
6 54
28 34
42 301
92 260
99 102
56 60
58 222
59 15
91 12
36 208
86 10
19 78
57 50
95 25
94 112
49 21
73 88
83 22
20 95
57 13
85 23
72 64
98 136
14 14
33 226
71 25
77 57
92 20
24 39
56 81
81 79
68 11
53 9
45 35
19 13
88 22
16 310
42 11
9 51
22 48
86 44
30 30
42 14
15 16
63 53
76 38
44 15
46 122
92 143
86 10
86 80
16 102
83 36
41 39
56 158
59 27
24 71
59 81
16 22
72 16
41 100
83 20
53 10
79 20
34 21
85 11
12 21
76 342
4 68
100 22
24 12
4 39
68 26
25 65
22 6
4 94
47 103
50 72
100 101
26 67
87 6
61 22
100 28
9 20
99 154
32 28
59 43
60 33
40 14
48 126
12 34
56 21
11 8
6 40
11 19
58 80
75 148
59 20
37 22
65 29
56 69
88 50
10 16
6 319
27 20
56 18
26 40
44 32
43 24
10 46
52 12
79 346
47 25
15 47
45 14
35 13
39 8
70 28
4 60
46 36
31 8
59 41
95 10
17 20
77 15
80 21
73 122
23 24
10 59
40 74
18 244
77 17
74 96
46 58
18 13
48 17
37 12
47 22
21 27
15 47
65 72
80 66
7 42
24 27
60 90
60 13
10 23
55 29
78 18
5 25
85 15
88 7
100 24
10 14
22 15
60 12
5 8
78 22
28 13
15 34
56 61
79 37
52 15
55 33
52 108
64 31
88 62
18 13
90 62
26 187
20 25
87 13
46 43
90 21
37 21
73 26
2 55
90 53
73 33
14 84
47 38
46 13
13 91
63 13
90 71
77 24
54 42
31 47
71 20
75 65
88 8
41 121
47 249
51 18
46 31
38 58
43 285
43 15
35 70
17 31
85 7
26 9
29 19
19 17
45 71
76 20
99 96
70 20
93 26
58 11
77 56
13 33
34 18
66 93
13 18
64 103
57 131
53 18
78 15
53 86
92 18
73 803
2 80
95 112
83 83
65 140
98 4
11 33
64 13
54 21
43 101
50 93
50 529
44 147
86 53
98 68
35 82
15 32
42 13
3 48
86 22
31 40
33 31
55 53
97 40
89 15
77 29
20 11
7 131
19 227
35 10
11 15
40 65
70 19
23 48
86 47
66 40
92 197
39 7
45 42
100 57
36 20
60 16
5 6
100 123
50 69
37 19
19 18
11 14
8 44
65 34
4 26
33 12
16 25
19 94
12 22
99 126
88 8
84 136
43 84
60 43
43 165
81 87
63 69
3 82
89 51
63 28
67 122
5 45
23 29
76 120
53 69
22 20
98 239
62 46
34 59
46 19
34 12
2 32
45 17
51 40
79 110
43 62
41 16
79 185
95 25
89 25
11 147
7 78
74 53
51 147
85 24
46 31
19 82
77 62
78 15
31 15
3 18
14 46
71 32
36 55
84 260
100 110
24 218
23 99
26 26
84 16
69 121
2 28
80 20
51 31
16 55
26 108
65 12
17 77
48 8
78 26
36 46
10 18
45 30
81 47
16 62
95 17
27 43
64 30
33 120
41 74
73 15
45 28
26 14
11 55
82 60
81 131
13 38
42 46
64 101
16 125
52 28
42 295
69 386
30 59
62 9
46 8
98 13
76 16
63 42
13 34
18 445
70 49
97 16
65 48
84 48
49 127
56 128
31 75
45 43
16 16
32 48
59 61
21 45
4 59
98 145
27 85
58 61
46 49
91 36
28 103
28 183
92 67
36 174
95 175
77 49
7 47
75 21
85 24
12 85
75 27
49 28
81 49
67 25
83 49
6 89
4 77
9 192
43 8
96 14
37 30
3 21
69 41
29 159
91 19
10 258
5 20
54 33
43 43
82 47
86 79
14 154
51 56
91 16
99 16
23 36
21 48
61 43
95 38
91 15
45 20
62 12
26 165
75 67
5 96
87 55
2 35
80 18
75 15
2 25
93 13
4 158
42 11
64 109
73 30
100 170
10 15
40 74
30 54
81 13
14 12
6 53
58 32
12 57
75 35
36 137
82 32
36 23
67 32
76 15
94 41
81 28
5 52
37 38
95 33
3 259
58 17
94 91
35 11
54 16
91 9
35 20
53 434
55 42
42 38
97 13
85 20
61 25
12 86
71 36
46 21
78 35
48 60
69 59
50 32
72 26
66 15
88 35
39 73
85 23
61 34
68 118
57 92
83 9
88 30
72 30
12 33
50 20
45 122
11 42
67 52
64 39
66 54
56 34
28 103
8 14
88 9
80 59
49 53
46 33
24 8
79 106
8 96
100 59
3 36
8 152
28 34
24 15
18 351
62 41
93 41
60 81
10 9
87 93
19 150
80 15
33 26
8 35
78 67
25 20
2 61
50 14
31 8
26 33
22 8
66 16
86 26
46 95
34 156
21 35
87 55
44 201
21 14
86 58
48 7
56 20
95 24
5 71
61 91
3 198
96 31
95 162
39 33
23 79
30 16
21 33
78 24
78 83
85 18
84 18
65 18
57 40
17 15
99 40
24 14
29 17
61 318
14 32
25 107
42 17
93 12
3 15
14 23
21 59
62 17
89 36
7 36
86 46
62 148
96 60
73 88
14 55
18 31
8 20
56 129
15 15
70 21
61 74
6 50
51 68
51 12
59 63
70 29
2 177
33 13
25 108
52 16
3 20
91 9
33 85
34 227
78 25
54 218
66 190
23 12
99 79
81 45
48 62
54 12
52 64
33 18
95 25
70 68
82 95
23 70
63 17
25 28
88 9
27 162
65 17
82 202
46 44
49 166
64 19
90 22
62 24
81 161
28 413
46 16
18 48
57 29
95 61
20 14
24 19
70 28
13 44
61 33
89 6
100 19
79 71
98 39
11 20
73 28
55 60
50 286
34 69
68 31
2 18
98 81
100 15
31 15
95 155
60 61
71 15
84 32
99 17
30 122
82 50
4 230
14 650
80 32
76 260
54 38
39 9
5 19
40 31
32 34
4 162
70 116
2 26
32 108
77 19
4 19
54 202
47 114
65 15
19 13
52 12
97 16
60 17
17 132
85 4
24 113
67 15
79 16
9 203
30 453
90 44
15 42
83 127
40 148
6 115
76 35
41 349
56 16
99 36
35 54
43 159
94 84
6 15
32 15
14 21
60 51
6 192
24 8
33 76
95 13
38 61
18 196
47 412
62 53
7 13
90 46
39 9
47 29
20 80
32 309
57 25
5 6
63 23
82 282
42 50
60 164
72 11
90 31
60 17
88 265
49 96
59 343
56 31
98 234
60 28
93 13
82 77
52 167
60 26
2 22
82 31
23 33
44 14
91 9
67 24
32 98
67 56
73 103
68 49
68 104
50 138
51 76
47 24
60 120
88 33
89 12
42 10
38 146
68 39
5 14
20 54
43 39
36 12
45 304
88 18
61 155
52 57
31 103
74 41
97 14
26 50
67 48
30 14
24 10
89 11
53 64
18 90
24 34
88 8
8 27
28 117
15 15
92 40
46 69
92 49
56 90
55 105
72 11
17 72
89 49
11 31
86 23
52 49
78 138
72 82
74 93
80 9
65 12
17 32
83 11
43 32
100 12
15 134
25 47
94 95
22 5
70 25
31 29
88 7
51 68
8 103
62 82
61 31
51 21
98 59
96 60
6 234
87 105
100 17
15 77
74 16
86 99
15 15
54 93
31 10
86 16
55 35
100 89
70 748
87 15
55 34
97 48
40 14
60 76
20 18
23 135
79 52
37 20
63 51
4 70
88 11
20 142
20 74
82 84
8 144
54 57
43 70
56 93
36 20
12 11
75 64
85 5
59 18
68 68
89 33
61 33
4 42
72 26
74 50
86 15
65 57
77 33
71 14
62 17
64 94
18 53
8 192
76 13
54 26
78 107
40 148
94 69
52 20
79 53
47 48
92 15
64 27
55 11
31 11
42 21
92 91
36 50
16 38
40 298
3 337
91 56
14 193
38 200
12 75
36 184
43 18
44 56
51 19
86 82
3 56
8 17
5 23
59 75
23 77
70 97
49 52
27 50
47 30
61 89
86 33
92 44
15 13
76 24
9 20
35 95
5 11
69 18
93 84
38 31
13 14
84 75
68 22
30 33
68 18
97 110
64 47
94 118
78 191
53 10
6 155
24 19
23 15
56 14
2 190
21 62
25 18
18 33
31 78
50 28
50 40
94 54
65 17
61 13
81 78
31 21
63 14
5 12
45 124
49 13
56 45
89 35
94 33
66 44
54 20
38 53
39 16
6 65
61 14
30 33
63 57
58 11
27 53
51 237
41 20
66 27
91 10
97 13
88 26
37 19
22 29
33 17
26 431
21 77
74 310
25 121
10 29
35 186
76 115
9 109
35 142
82 257
60 22
66 17
6 37
66 56
43 103
99 23
68 21
69 149
94 27
100 31
48 29
40 104
97 87
2 88
8 13
6 40
3 20
83 10
93 22
49 13
6 95
71 169
66 35
48 11
73 14
13 101
99 21
14 19
98 39
29 124
15 16
82 126
27 35
96 18
51 14
46 11
88 20
88 9
5 16
9 16
22 17
14 53
98 69
46 8
52 11
70 21
74 30
79 43
7 168
21 48
15 140
86 21
3 36
56 23
20 18
75 78
45 34
6 20
25 81
68 14
73 118
24 128
42 9
42 51
30 89
13 36
66 16
46 11
73 34
8 36
66 43
58 25
97 46
3 23
5 11
5 50
12 51
98 311
96 14
77 186
14 74
27 82
52 55
66 156
45 14
65 105
95 35
34 36
36 16
79 163
56 12
27 56
35 14
81 124
84 175
79 50
64 26
80 10
96 38
69 16
63 12
73 72
87 60
71 394
91 57
44 89
74 28
73 18
42 12
96 172
49 65
63 22
92 14
54 16
29 133
81 38
99 193
13 145
30 75
81 37
24 45
51 78
72 40
67 106
33 15
23 23
6 152
82 41
47 61
36 153
87 25
98 16
92 109
82 85
96 214
46 17
21 31
22 28
14 86
54 36
59 74
9 84
46 13
24 18
78 20
73 170
17 366
66 87
84 25
36 24
8 443
10 58
69 80
19 204
84 173
98 20
88 34
85 20
55 11
70 192
31 50
66 70
70 31
28 134
79 294
80 107
55 83
33 18
2 46
41 31
25 27
71 33
25 46
46 13
86 60
13 71
19 19
71 396
95 113
99 18
66 143
92 15
79 48
62 20
38 14
27 12
50 81
75 13
55 32
75 91
75 12
85 25
12 32
93 17
90 37
83 49
26 385
36 52
62 105
4 148
7 13
18 47
27 13
21 20
61 173
48 7
54 78
4 14
10 30
26 297
90 26
12 16
66 12
92 208
84 91
37 217
44 34
2 56
8 37
65 58
18 29
8 16
51 29
52 166
92 20
70 16
60 11
71 40
97 78
24 81
26 33
54 71
90 110
41 94
6 218
95 27
41 36
96 247
27 13
10 28
8 213
92 115
3 40
68 10
86 12
35 95
21 13
77 56
26 113
86 22
15 34
83 39
3 14
61 116
31 22
15 28
55 21
24 13
15 518
98 15
66 37
27 327
78 51
5 6
54 98
92 51
61 94
12 41
47 63
18 66
42 133
64 37
74 103
34 140
47 39
66 22
32 40
60 15
12 52
72 18
76 30
2 22
43 49
61 29
65 48
63 163
72 9
79 79
6 164
24 8
76 33
2 12
54 34
97 93
62 15
50 30
65 35
4 80
47 11
86 44
32 31
42 9
40 43
30 154
4 62
80 23
72 22
97 20
97 31
64 103
10 11
7 109
74 56
75 26
48 58
30 53
44 31
24 47
95 14
46 39
68 19
47 36
26 221
92 76
13 105
55 11
8 32
22 33
37 26
11 13
75 66
72 76
99 44
17 160
78 24
42 13
78 20
62 81
47 33
89 84
10 62
4 15
70 165
94 15
61 93
53 75
78 14
13 26
22 14
61 129
93 372
63 38
4 12
24 117
37 98
7 14
87 12
38 17
52 56
54 17
14 176
6 208
48 10
100 78
45 31
65 11
37 96
17 138
78 26
83 46
31 22
9 35
64 29
25 78
42 83
11 15
38 133
24 56
22 78
92 38
88 104
86 13
80 40
57 61
99 26
2 79
6 22
34 12
35 17
53 86
87 14
7 12
87 17
92 58
74 35
62 39
39 16
49 13
98 25
76 32
24 29
62 10
97 39
4 42
18 30
10 9
59 46
56 116
49 19
44 19
45 131
32 102
45 103
46 13
53 18
69 17
43 47
71 99
92 68
65 13
70 68
30 16
33 18
40 59
77 16
35 71
83 132
80 14
12 38
27 48
85 5
98 33
37 23
19 246
53 25
86 13
57 357
90 21
85 4
3 22
50 61
86 36
66 18
11 42
3 22
68 53
8 22
27 22
49 12
93 61
60 10
40 106
15 23
71 396
100 119
19 460
74 89
54 111
65 18
45 24
66 17
44 17
90 184
3 412
36 110
48 25
57 252
14 33
98 91
99 241
77 39
61 153
19 41
2 62
13 272
72 101
24 28
87 18
65 135
86 30
90 12
30 36
100 14
4 21
66 122
19 31
77 13
64 146
7 103
84 77
61 22
70 32
5 8
95 14
59 70
66 302
35 30
17 12
50 204
53 23
56 207
12 8
19 45
61 324
8 21
23 29
7 142
57 109
17 454
11 8
37 333
79 66
60 32
47 16
62 16
49 28
76 19
88 21
99 16
75 33
43 55
11 70
32 16
7 44
52 71
79 85
16 78
5 9
54 86
3 42
16 17
17 22
61 113
60 25
56 14
55 20
37 241
92 20
89 10
86 20
25 45
58 112
88 18
47 370
75 150
25 9
88 25
22 63
53 25
70 119
76 201
46 53
82 17
47 165
73 240
49 28
11 21
7 178
5 39
72 113
54 19
3 96
21 41
65 17
85 12
8 31
96 274
60 262
38 32
26 65
35 10
11 62
95 230
86 12
41 207
69 17
14 63
8 18
8 60
97 99
53 11
67 29
59 75
75 59
71 15
90 70
46 54
60 41
23 48
8 15
81 71
60 12
79 37
19 51
19 20
73 15
19 91
51 61
70 67
27 34
10 14
56 24
68 46
13 24
77 237
49 14
42 28
80 53
2 16
83 14
6 18
30 25
49 22
45 11
22 5
36 15
21 169
27 45
20 188
73 41
91 9
11 107
14 58
55 44
96 16
73 27
43 106
53 51
76 110
12 12
32 137
95 68
30 266
78 101
83 165
69 61
98 228
37 22
58 20
75 12
21 83
49 72
62 17
32 78
68 19
6 21
54 23
17 39
61 16
62 19
19 14
73 20
72 90
37 160
18 17
95 15
9 269
13 22
93 25
44 222
33 15
76 22
29 40
82 126
68 33
91 14
14 12
31 207
28 26
71 78
12 23
65 13
4 28
66 43
32 61
73 53
20 48
14 25
2 39
6 46
46 7
71 164
62 35
26 20
58 43
12 16
13 12
99 31
51 262
91 8
26 30
5 28
50 14
17 172
27 15
64 15
71 38
98 30
22 6
47 130
39 8
99 110
63 21
8 55
8 37
17 27
86 52
23 16
81 138
58 37
91 16
81 20
41 25
87 58
49 184
52 38
88 9
94 108
74 29
23 63
6 36
97 84
7 48
73 67
54 58
41 92
61 37
75 281
79 29
47 174
52 41
61 50
98 210
17 124
92 75
47 84
63 37
51 14
28 12
78 85
41 92
26 84
90 163
71 36
84 81
42 20
86 12
72 20
87 132
54 74
51 12
80 33
17 274
24 48
32 20
13 17
99 15
85 6
48 68
56 12
34 328
35 18
51 111
4 411
86 36
19 13
23 123
66 29
22 56
67 197
18 55
91 39
19 177
3 240
81 20
23 15
87 16
73 70
9 43
52 322
50 56
61 296
90 62
32 155
95 10
13 225
21 150
60 11
57 20
96 15
94 64
39 65
40 27
25 10
65 19
73 35
20 54
13 32
74 66
54 172
57 39
80 17
51 14
76 175
51 42
71 202
29 34
95 11
15 33
47 39
66 12
54 35
71 136
81 20
17 48
20 60
91 69
8 22
15 29
43 40
74 278
81 24
16 251
51 25
27 65
55 48
92 28
21 14
7 57
80 12
2 115
80 26
15 26
38 20
34 14
85 63
51 21
62 13
9 54
13 145
66 16
71 128
13 124
35 19
27 93
61 14
63 51
37 45
61 24
92 36
55 84
57 202
64 24
10 66
66 28
47 24
46 13
95 18
6 34
13 59
21 48
16 171
84 239
51 47
98 42
97 173
7 13
36 45
31 42
91 93
75 22
42 10
7 37
36 81
61 17
17 35
69 21
30 177
16 78
3 164
49 35
95 183
22 13
79 105
94 23
15 176
50 143
31 14
29 13
73 17
52 24
6 33
19 49
18 249
2 13
28 19
87 36
93 30
90 178
54 14
57 53
86 38
85 5
69 17
89 7
29 19
78 21
79 87
66 114
17 15
3 94
42 38
97 30
70 29
39 34
28 116
13 64
88 35
64 246
37 12
57 24
64 205
95 79
43 165
99 22
54 14
90 17
25 129
58 15
30 85
45 135
57 50
86 17
24 43
83 140
13 20
61 37
72 29
85 12
60 134
88 10
25 78
78 194
62 105
73 277
46 20
37 24
74 67
91 20
59 17
72 28
37 48
95 102
50 39
88 32
13 39
25 12
83 27
38 59
59 53
45 16
94 75
26 26
13 92
80 86
14 72
37 14
76 169
20 12
56 124
33 20
57 64
78 14
37 34
57 42
93 22
93 24
15 46
96 64
10 39
31 18
76 44
16 160
98 12
64 145
69 28
3 67
23 68
50 12
52 92
23 23
91 65
21 12
15 285
14 14
45 34
81 15
53 88
22 7
20 77
18 72
7 18
18 16
81 27
23 49
45 187
2 70
22 5
39 10
29 124
6 77
20 157
50 64
99 86
75 31
58 231
73 152
32 47
16 17
86 48
94 39
56 15
56 13
20 68
71 61
67 53
78 119
50 95
85 18
61 15
46 18
78 14
30 41
72 19
32 76
90 153
33 47
6 206
2 12
68 92
88 8
42 22
95 40
66 129
98 147
67 84
18 222
72 9
20 21
29 24
81 43
91 86
93 30
30 167
28 12
85 4
40 37
6 83
21 16
74 97
74 107
40 45
90 86
2 31
22 66
77 24
3 26
15 66
19 33
89 8
2 136
16 95
94 53
61 15
75 33
70 11
4 50
97 14
73 75
85 23
51 44
83 35
14 113
55 21
30 79
3 111
51 41
17 14
43 120
97 56
4 89
20 78
55 20
47 34
99 44
57 21
85 21
79 196
90 52
60 44
39 12
33 16
58 16
84 150
85 32
77 26
27 17
49 35
94 58
7 61
37 64
36 50
36 47
75 21
74 32
75 18
81 123
31 39
23 37
43 16
87 9
83 106
20 52
89 119
61 46
80 29
70 18
30 23
74 71
81 25
66 116
55 85
25 40
23 37
46 84
7 18
29 22
55 21
46 40
87 164
29 27
39 11
99 119
44 17
54 51
3 60
56 62
94 191
78 22
60 24
56 13
50 23
60 47
59 82
28 19
37 11
83 64
78 77
91 54
42 11
10 12
32 28
62 24
60 219
59 73
2 119
30 32
11 33
76 175
28 20
42 33
97 129
4 50
83 124
15 189
58 196
38 45
56 14
5 11
39 28
33 31
81 85
22 7
26 82
77 137
55 41
50 40
49 21
48 119
61 17
95 36
76 105
38 14
52 14
30 110
32 270
17 35
34 13
11 30
95 3
69 91
79 42
27 346
99 41
70 14
24 50
81 28
42 42
25 21
92 13
23 367
5 31
28 34
99 46
23 12
65 68
82 68
4 44
30 51
81 14
40 38
58 58
98 46
76 133
98 14
83 12
77 105
35 20
5 13
73 30
54 45
66 24
70 33
34 37
13 33
4 16
52 31
20 119
10 14
88 22
82 115
37 95
76 125
48 11
56 35
63 30
50 370
46 14
45 220
97 90
46 12
80 22
2 12
73 64
78 45
22 16
65 58
64 58
18 81
77 13
3 14
33 50
53 68
61 36
18 27
96 99
68 27
54 29
40 81
37 295
73 22
13 25
94 20
97 11
57 40
9 136
95 76
6 23
65 107
65 48
7 56
91 29
31 15
63 12
45 20
85 6
40 24
72 45
57 75
68 118
98 16
78 272
8 63
31 73
81 78
62 9
54 133
95 60
9 181
61 128
20 126
32 122
18 291
21 51
98 15
33 424
52 16
95 54
79 71
86 15
47 36
35 13
87 105
24 24
87 12
74 46
2 26
63 23
33 40
19 152
59 23
21 123
81 92
44 149
4 8
39 36
43 38
41 22
19 143
52 13
19 72
8 22
47 22
11 13
17 128
36 57
87 9
44 15
37 20
68 55
27 29
81 86
88 10
98 76
55 13
71 21
3 70
58 49
95 21
100 17
9 19
45 28
71 269
100 12
53 25
100 44
89 39
97 65
6 61
70 59
76 107
15 42
68 46
27 154
80 72
52 20
4 14
4 72
74 17
11 55
15 623
18 37
19 37
70 79
49 64
37 17
10 18
64 38
16 269
48 55
72 12
14 23
50 22
9 117
74 52
82 33
26 70
56 47
32 61
46 68
99 26
3 105
46 8
52 19
93 19
52 18
74 105
100 123
64 18
70 13
45 23
43 62
41 64
76 74
48 34
60 65
77 13
66 42
42 41
93 44
2 45
17 18
48 14
14 11
46 138
32 61
22 13
35 10
65 22
84 23
82 30
33 17
14 89
92 30
69 48
54 113
86 10
24 64
38 32
97 15
55 94
46 31
45 393
21 13
70 203
99 56
21 38
58 59
15 52
33 148
19 50
64 107
34 32
79 18
74 61
65 165
63 19
73 110
32 119
23 13
24 65
19 142
72 14
36 86
87 73
50 79
13 49
96 75
53 22
41 11
95 172
33 15
10 46
81 134
32 219
45 39
79 19
59 32
33 35
98 14
90 23
32 14
15 14
68 57
76 117
57 26
96 39
36 49
4 92
84 84
43 79
22 24
62 140
90 81
26 25
96 19
35 92
33 44
26 44
2 125
68 34
22 12
12 46
60 17
75 200
31 9
92 15
55 61
67 85
53 9
79 172
49 100
58 40
92 15
57 50
92 154
93 34
56 13
57 57
69 37
63 77
87 48
25 9
64 14
98 44
63 13
80 15
83 131
92 86
34 28
3 36
66 52
10 22
61 34
78 45
50 97
77 15
11 13
76 101
58 29
74 17
18 141
85 13
51 56
69 22
40 36
42 35
2 188
11 137
3 106
78 26
66 355
20 23
28 21
7 150
41 109
3 16
37 35
25 50
31 70
17 31
24 48
71 95
18 18
64 52
36 51
55 15
44 30
79 237
78 58
76 27
9 237
13 128
33 20
76 48
54 113
95 26
62 23
88 36
20 45
34 250
87 49
33 38
77 14
25 16
26 388
85 58
72 13
43 67
59 20
93 12
57 16
21 161
73 56
62 78
21 173
92 28
87 33
81 116
23 25
72 57
4 19
94 17
9 13
22 6
5 8
27 33
82 24
20 25
30 69
93 153
33 30
72 18
91 41
34 10
58 36
44 22
85 30
98 58
89 17
9 15
3 48
50 14
18 26
47 58
20 44
27 30
3 235
85 69
75 14
83 10
36 25
72 15
20 68
38 98
72 190
9 58
94 299
73 72
5 11
7 122
39 29
98 23
83 94
46 17
79 22
17 84
56 99
79 99
23 43
50 18
20 22
85 4
52 29
52 47
22 37
18 102
73 45
84 55
99 58
18 17
34 26
89 74
44 36
63 11
13 31
31 21
80 209
92 17
96 146
100 55
28 19
13 17
26 37
17 143
60 214
11 31
42 12
35 30
60 70
65 30
34 64
81 208
39 34
86 6
53 11
71 47
28 17
38 27
3 105
20 15
13 60
92 324
72 142
77 20
52 13
58 66
33 39
10 24
62 37
30 31
8 12
28 13
73 20
27 27
54 24
40 40
52 38
33 165
76 85
20 51
95 59
12 30
75 438
24 95
29 73
43 20
41 272
71 91
35 22
9 137
7 23
56 13
40 141
59 54
35 19
83 101
30 56
36 170
8 16
65 55
97 115
52 64
50 68
75 22
96 322
36 98
92 185
83 59
28 85
41 20
13 35
8 27
44 18
8 49
27 15
26 20
91 50
93 29
41 14
99 32
38 15
32 406
77 128
80 9
64 33
63 80
73 49
54 20
22 13
4 37
87 9
9 34
12 10
15 23
99 75
57 20
78 83
78 89
73 30
35 11
14 89
33 57
66 13
34 13
26 16
66 17
81 78
57 176
65 164
83 15
62 64
47 13
9 46
43 16
33 65
73 15
94 36
74 105
43 16
82 48
20 17
87 10
28 13
49 133
74 422
19 121
83 9
32 103
77 48
21 43
27 61
39 9
12 26
73 17
64 44
78 14
29 41
56 14
6 22
89 21
33 173
62 10
63 40
18 229
24 156
23 33
25 53
58 161
8 74
72 57
34 16
42 20
39 22
72 28
71 338
17 32
90 25
84 173
5 6
20 296
91 29
83 21
39 14
24 57
22 54
15 50
37 17
32 48
97 13
25 28
21 21
4 19
100 12
11 69
78 71
24 79
62 17
26 21
99 139
79 41
16 199
26 27
85 18
24 5
84 138
11 41
29 69
21 239
71 14
34 179
10 21
26 15
30 19
58 35
86 8
38 16
46 137
76 14
66 81
50 172
11 12
82 17
47 68
42 53
4 11
70 17
32 174
7 113
22 111
36 118
35 49
91 32
95 28
51 125
86 30
69 196
82 30
29 27
50 25
49 15
59 60
99 39
43 23
23 151
66 69
22 12
43 38
44 71
84 81
35 45
30 19
82 18
94 30
64 47
47 118
68 36
62 72
98 101
80 30
3 19
52 29
70 121
95 12
22 6
27 33
24 41
21 33
20 12
50 95
2 54
26 95
19 20
7 23
9 32
59 21
19 16
53 36
19 15
50 86
74 39
58 25
27 136
10 43
29 94
91 34
72 123
92 181
40 19
63 11
71 359
62 81
55 121
52 42
41 38
4 30
84 48
9 33
92 16
57 290
11 171
80 28
51 13
6 19
79 31
37 27
82 96
93 20
61 16
45 61
21 84
52 107
31 26
89 9
3 17
87 42
8 30
40 17
13 70
61 32
47 10
34 105
15 16
72 17
10 99
66 59
12 68
30 15
73 31
46 28
53 13
95 87
98 39
31 10
6 14
50 19
92 23
25 33
79 21
22 22
29 30
57 104
60 32
59 20
85 7
11 27
75 14
67 36
12 34
21 40
34 173
40 63
68 147
38 134
83 9
77 86
9 121
5 35
50 13
97 13
37 28
63 46
18 43
27 66
55 50
99 17
19 282
77 243
60 19
26 183
13 134
15 21
5 27
48 12
20 101
13 43
17 53
82 54
93 24
39 59
45 55
83 28
79 42
15 98
23 58
50 145
25 28
89 31
44 52
92 18
17 12
7 56
2 108
41 21
92 27
77 36
65 31
19 61
61 24
23 32
7 29
34 139
6 56
58 50
83 9
88 46
61 135
46 16
6 46
66 14
39 18
93 99
30 128
11 8
80 82
27 48
45 13
63 14
2 146
82 120
100 27
21 12
94 128
62 45
52 19
46 53
55 15
46 58
58 150
88 26
43 47
2 67
79 17
24 75
44 165
87 98
65 60
67 19
97 323
47 18
46 127
66 33
2 51
52 59
69 87
70 18
9 13
88 42
18 123
39 16
30 16
82 21
33 67
29 19
59 67
21 39
45 12
27 37
39 10
75 53
8 64
98 50
52 13
63 42
70 30
30 149
91 91
61 37
32 44
64 154
63 54
39 9
66 22
84 44
76 31
44 53
79 17
43 20
62 9
85 9
77 38
54 97
25 15
76 62
33 49
74 60
68 13
7 98
71 24
81 31
30 60
22 5
77 91
35 14
94 15
56 28
19 110
69 25
23 13
51 18
29 34
61 79
55 29
73 140
12 52
54 50
96 81
40 369
90 25
5 35
2 33
11 33
75 49
60 13
55 171
89 42
67 175
77 48
53 57
41 112
32 50
63 31
82 111
63 38
59 32
12 31
89 76
98 30
70 30
15 284
75 60
14 13
90 16
89 28
64 162
88 109
43 30
13 77
72 49
90 18
88 122
69 63
74 18
22 16
94 41
2 13
86 30
38 34
38 12
54 32
48 7
61 16
55 44
70 54
14 136
7 24
15 14
96 61
6 16
6 15
92 61
25 51
36 45
58 147
87 119
29 64
49 22
55 10
24 87
84 20
35 10
10 38
51 36
52 276
40 14
39 125
45 13
83 18
14 35
17 152
55 24
76 121
90 19
83 44
11 257
85 4
30 26
48 44
32 16
14 48
63 46
28 15
66 17
59 20
24 43
98 40
33 21
12 92
7 33
34 20
11 17
48 103
50 43
30 97
47 818
70 36
38 43
8 138
34 9
40 14
65 163
27 71
64 27
98 176
67 731
88 13
91 103
26 147
25 9
26 54
14 279
29 50
53 46
68 60
81 14
10 16
44 30
6 120
62 26
30 87
66 75
35 79
89 190
32 70
14 12
17 290
98 22
77 107
20 12
53 34
70 56
6 235
20 18
92 375
88 10
30 75
67 19
89 26
68 62
14 16
70 46
50 82
50 27
25 16
95 11
67 214
41 24
31 37
45 40
86 14
50 55
80 10
11 13
26 54
43 29
86 19
18 68
70 29
57 16
65 12
88 17
57 23
88 12
26 50
50 17
41 71
29 20
11 27
56 20
15 45
20 32
47 39
12 64
63 24
45 25
91 69
49 34
95 18
51 319
7 14
8 91
35 35
76 45
56 36
84 19
34 12
84 22
77 57
17 297
99 24
93 35
39 43
77 17
40 122
4 22
99 102
79 60
64 22
60 21
40 29
8 31
8 18
53 14
96 18
28 78
26 53
47 120
42 10
7 19
24 53
31 19
99 25
39 18
26 170
16 118
59 95
36 442
13 24
5 17
93 36
71 72
98 25
2 36
58 123
79 107
16 13
54 27
43 119
13 120
48 127
13 51
43 85
78 34
49 83
100 24
87 61
8 16
53 11
76 77
41 156
58 18
11 32
18 24
51 49
90 85
51 17
11 20
18 93
14 26
27 37
50 221
82 20
46 32
20 15
86 21
59 132
77 26
62 75
17 143
68 9
82 35
8 16
36 136
32 22
78 28
7 31
95 40
18 18
15 17
88 36
18 76
92 15
55 26
100 203
92 51
97 15
15 207
22 21
99 34
21 94
57 36
16 47
36 53
19 16
11 179
71 15
5 14
31 27
47 90
27 188
51 157
41 23
54 31
47 79
13 383
19 35
8 19
44 48
58 225
90 17
13 88
55 21
77 45
19 19
4 27
30 39
40 76
4 18
91 13
60 152
98 31
2 137
21 121
65 114
28 32
48 14
15 35
48 27
21 31
39 68
93 16
8 23
83 153
49 60
13 55
83 19
42 8
34 59
15 171
85 42
64 229
90 23
24 49
86 13
30 94
71 17
93 27
61 17
55 67
14 14
99 113
77 243
39 13
24 26
44 48
13 51
75 59
30 25
51 29
59 103
21 124
89 43
25 19
91 125
54 18
70 52
79 56
74 21
70 70
10 9
19 58
33 45
75 102
37 31
94 159
21 16
7 124
98 25
72 83
81 26
67 79
4 24
61 55
56 79
50 124
21 48
90 64
56 31
76 17
2 16
67 29
75 43
52 36
51 84
33 67
64 22
28 27
43 50
8 113
67 353
23 14
5 36
89 37
31 47
96 25
58 42
77 104
6 345
61 54
54 107
56 18
67 17
56 54
66 13
69 364
99 18
75 19
84 81
79 48
22 56
39 47
11 181
76 74
88 26
21 122
82 47
57 26
89 111
58 219
64 84
28 65
67 144
29 16
77 105
27 287
82 19
49 88
27 84
12 30
36 83
43 144
57 60
2 151
22 6
30 83
46 33
69 105
46 51
43 158
68 42
4 14
95 29
69 25
30 40
75 66
16 62
6 17
74 99
99 39
48 17
32 19
55 47
14 203
20 11
62 90
77 15
40 16
46 70
84 118
21 17
33 20
48 10
3 43
39 26
48 10
59 15
89 14
51 175
29 27
51 368
25 23
72 18
38 15
18 123
97 91
71 26
47 52
2 16
41 99
47 23
71 16
82 87
39 85
21 21
9 91
62 17
70 21
99 90
13 81
54 20
40 87
71 25
91 24
9 12
97 98
82 56
79 17
91 37
19 27
18 218
20 39
41 10
43 59
52 20
45 16
81 17
87 21
68 113
29 64
38 108
91 9
95 19
94 50
53 103
43 42
14 200
56 35
53 41
92 69
50 144
17 15
65 157
10 168
63 71
42 23
95 70
93 70
80 10
71 18
45 43
59 40
14 226
14 69
94 61
26 18
40 53
38 31
30 29
35 33
96 14
42 58
43 52
95 20
80 214
53 46
45 271
15 40
51 76
18 13
31 33
6 28
90 30
31 11
21 40
93 14
66 14
59 15
55 167
85 90
68 23
7 16
41 13
77 104
75 16
81 153
58 14
98 199
60 36
45 82
76 39
42 76
90 14
29 60
73 16
56 43
55 18
16 25
18 96
30 18
80 13
64 163
69 51
56 72
49 71
57 22
37 26
100 358
85 22
43 17
33 59
40 30
66 61
34 149
31 33
2 74
50 32
18 342
62 110
20 132
65 29
43 45
44 155
95 50
78 69
48 16
77 106
90 21
98 49
11 46
92 14
16 18
95 13
40 81
34 10
11 17
56 217
56 26
48 9
14 35
45 109
9 68
80 21
10 10
12 8
78 172
23 41
50 22
36 18
79 232
100 39
99 149
98 80
90 32
94 110
10 12
17 37
22 5
11 41
39 7
97 29
71 48
98 51
43 37
44 19
91 10
14 119
100 21
47 22
10 79
7 18
32 197
41 101
25 79
50 16
25 11
36 144
82 67
83 29
92 40
54 64
92 15
78 15
4 13
100 77
23 45
64 125
68 58
7 14
91 17
100 34
90 19
56 21
83 9
29 95
81 147
2 306
54 90
4 34
23 45
26 55
93 184
12 36
70 114
58 259
92 26
70 163
31 25
17 17
74 187
25 35
43 51
37 33
81 42
65 74
56 20
58 80
36 109
61 20
69 68
48 11
100 65
68 27
59 209
65 42
53 9
70 221
90 128
86 28
72 11
85 23
16 21
70 82
77 60
74 29
33 34
29 18
76 16
73 21
36 64
2 14
75 60
86 21
7 16
36 34
55 47
41 117
78 17
19 44
14 69
74 29
53 14
4 49
10 12
5 10
25 22
87 250
34 87
84 19
44 163
19 13
66 23
16 87
61 33
15 14
55 66
24 42
35 32
97 138
78 39
11 38
5 18
75 62
14 17
21 239
52 11
31 23
71 64
33 28
28 23
77 39
95 70
20 15
94 41
9 15
33 28
60 16
38 28
3 117
9 92
81 126
77 150
82 61
50 82
91 11
30 119
68 223
5 7
44 38
31 20
6 25
27 34
18 351
97 42
54 47
72 117
78 34
11 95
56 26
8 42
3 39
83 60
30 50
45 21
21 135
97 106
11 193
16 24
67 63
41 14
82 134
69 32
63 11
86 7
29 23
83 9
98 39
85 8
73 31
70 173
9 78
67 133
24 31
35 137
15 36
11 20
35 29
65 32
11 71
90 187
72 81
33 46
18 73
44 26
39 36
19 163
70 42
47 19
19 40
70 65
86 81
67 19
81 166
24 15
18 90
21 81
28 17
72 86
33 47
4 62
36 20
72 132
90 92
36 39
66 50
63 70
46 12
22 37
51 38
2 36
16 19
57 14
21 16
99 76
96 91
7 27
18 27
64 27
26 70
40 23
98 29
51 52
45 26
70 36
53 10
23 44
53 185
68 255
43 25
45 13
39 9
22 5
79 81
44 193
47 33
81 25
75 137
36 99
100 75
12 69
26 23
38 85
67 15
96 97
97 29
45 17
40 171
51 94
68 41
25 12
33 56
89 7
33 17
7 90
53 113
8 109
88 20
88 8
68 49
24 25
81 14
19 205
26 20
29 35
53 14
55 25
12 11
65 49
10 16
97 74
89 8
76 22
40 138
53 42
16 35
79 57
96 15
2 91
16 36
2 20
25 53
50 78
54 77
40 67
40 100
77 61
35 67
27 17
55 59
51 77
23 100
20 113
79 64
36 17
64 34
86 20
90 40
44 64
58 133
76 104
59 16
31 14
94 121
100 38
100 16
85 11
35 90
74 283
40 238
51 27
4 46
38 22
14 11
2 23
7 13
9 99
53 147
93 24
42 9
60 77
20 45
9 34
24 35
93 37
11 21
95 44
51 15
35 51
61 31
60 80
43 41
93 175
5 26
3 228
94 15
48 20
79 47
97 21
3 194
6 169
90 95
85 9
4 69
57 14
68 34
80 12
93 22
84 45
61 165
28 62
50 84
60 42
86 7
3 43
24 24
7 113
97 19
36 26
54 15
69 63
35 111
72 9
63 173
60 53
23 254
53 29
63 111
3 34
97 30
50 251
71 20
71 192
96 16
47 56
6 24
9 38
18 52
40 14
42 48
68 34
54 83
94 48
20 23
21 55
87 40
23 17
38 74
77 18
49 47
38 176
18 16
72 25
91 70
33 108
30 24
54 15
99 109
82 210
72 19
21 61
49 18
63 80
39 7
69 40
80 14
44 38
29 80
90 103
54 59
87 64
46 22
11 10
57 52
89 8
26 35
88 26
73 83
87 24
13 20
48 73
53 10
22 31
11 25
36 25
84 68
27 25
61 14
36 17
85 18
52 16
88 67
26 142
63 85
22 64
32 53
55 59
29 21
88 14
15 15
34 104
24 82
20 20
7 253
10 55
12 9
16 16
67 290
84 125
79 205
26 249
12 32
86 24
35 18
75 30
10 92
60 16
88 12
38 81
42 12
63 26
3 83
61 62
50 14
17 108
82 124
72 37
43 34
81 104
35 45
70 64
72 74
30 50
70 28
44 75
62 37
99 41
99 21
57 19
46 14
98 19
84 17
17 44
20 61
8 14
96 29
97 23
12 9
77 13
48 11
18 86
34 12
5 35
62 22
64 80
92 150
78 67
73 230
3 88
99 114
65 83
71 96
19 22
34 139
21 20
18 34
83 25
87 66
19 13
61 80
87 10
9 28
45 2
100 89
28 46
81 23
33 63
39 85
99 16
16 58
19 40
90 51
18 34
86 22
16 28
26 38
38 32
12 39
35 26
57 106
71 65
51 106
85 23
68 18
96 56
76 101
74 16
72 96
85 5
77 88
43 14
31 32
45 13
85 21
12 18
72 117
29 38
2 66
33 120
12 19
25 351
20 27
39 17
40 90
8 20
59 87
69 112
10 38
96 427
84 25
63 53
25 51
18 32
37 51
62 19
38 17
22 65
49 16
78 130
87 46
91 9
9 330
50 22
84 83
64 83
70 25
89 31
39 12
6 19
57 66
40 31
61 53
32 113
92 25
31 148
84 41
41 29
32 117
38 78
70 60
91 15
69 28
15 15
12 42
66 155
39 20
94 18
33 27
3 27
63 61
79 98
96 422
71 83
6 29
92 61
8 42
8 16
31 17
42 11
41 24
95 10
70 49
92 137
73 14
5 81
35 65
20 45
42 41
69 125
70 86
67 19
23 39
48 89
86 13
54 64
78 42
74 74
47 11
84 268
25 39
98 20
2 13
61 28
10 11
23 61
35 22
17 12
57 19
27 23
32 35
55 40
3 135
35 10
65 16
96 14
70 17
39 28
12 8
39 11
61 50
95 17
11 11
65 22
54 118
76 14
53 23
84 42
38 155
87 29
28 18
86 103
82 28
55 107
45 19
96 14
79 38
5 29
50 13
89 10
71 14
76 13
45 32
62 21
28 41
52 179
80 86
45 69
82 71
61 26
100 26
49 158
66 179
38 142
66 57
31 17
5 23
98 58
31 22
45 27
21 31
6 48
82 33
4 12
23 58
45 40
7 15
73 48
24 42
86 104
3 48
64 82
100 52
9 29
29 16
59 66
53 67
80 28
48 63
14 46
74 120
33 23
40 158
66 56
15 58
43 17
35 32
16 64
91 42
54 52
86 6
72 57
90 273
59 14
7 56
83 11
25 9
14 55
83 207
62 21
20 27
29 40
95 94
78 20
48 13
83 74
88 15
96 37
16 14
80 84
35 80
73 15
73 79
87 51
54 95
85 51
82 45
57 20
76 94
71 205
85 18
57 14
57 68
23 23
42 27
63 39
26 191
58 15
59 22
35 11
14 133
96 68
79 21
49 15
59 24
69 20
68 26
92 29
32 17
92 75
30 43
75 19
21 13
33 43
42 8
90 102
89 66
2 118
65 31
43 42
54 35
62 17
66 64
89 8
71 14
4 135
61 151
21 78
18 48
63 25
96 153
80 130
95 13
55 96
51 36
55 94
12 36
26 20
68 9
2 170
37 24
77 54
52 46
89 17
34 37
67 145
45 19
90 11
59 156
31 63
41 85
72 80
7 45
99 372
80 42
57 19
16 83
9 63
55 74
60 373
17 40
26 15
62 86
56 81
96 86
82 19
71 15
61 63
8 11
9 206
26 72
6 26
5 12
84 52
10 40
29 73
71 15
70 21
84 27
80 10
54 29
89 6
5 99
41 25
86 12
27 67
64 25
32 28
16 26
28 15
62 13
54 15
60 14
88 22
38 51
90 25
87 12
24 30
73 34
72 9
96 94
31 28
62 41
11 19
28 19
85 5
24 27
56 51
83 9
100 49
47 40
76 121
51 47
9 259
71 47
94 59
31 11
17 13
45 13
36 56
9 25
71 93
11 30
74 185
38 117
55 31
71 42
7 34
36 49
12 22
5 19
42 49
79 23
71 19
14 108
36 183
59 34
41 75
100 316
22 15
21 23
13 47
56 84
76 29
52 369
31 21
96 42
17 40
33 37
64 46
90 11
92 31
41 9
11 75
43 17
15 36
52 254
83 45
65 42
96 64
81 23
6 27
66 167
19 35
3 26
6 20
63 100
5 8
89 12
55 24
13 99
73 80
8 11
94 20
17 210
61 19
16 15
27 14
4 21
90 18
25 24
64 33
7 24
21 79
88 120
31 20
9 21
62 26
6 74
63 89
96 135
92 196
63 200
17 28
24 28
98 31
3 60
59 50
36 179
96 35
6 25
42 17
38 12
69 94
99 406
68 112
31 11
77 15
72 72
69 21
45 57
10 23
53 19
71 22
49 17
29 21
46 24
18 14
61 51
34 36
79 81
24 117
9 354
21 36
67 28
33 34
25 9
12 28
16 71
57 75
10 16
99 34
58 94
53 54
45 75
55 15
94 79
80 14
2 288
72 18
78 539
35 16
58 63
29 110
17 115
32 32
80 15
31 43
31 48
23 22
48 13
55 158
45 14
30 16
26 54
46 26
97 52
7 72
24 10
9 24
20 49
11 21
49 65
92 31
85 36
61 78
50 231
83 9
52 96
14 40
61 26
29 170
90 134
56 19
17 27
88 48
3 247
34 49
77 32
67 89
81 96
78 103
99 29
88 63
38 27
100 43
79 294
61 35
99 21
6 115
90 14
38 30
29 24
53 10
76 74
21 23
15 82
25 10
44 115
44 209
38 160
85 8
78 101
89 10
44 14
25 168
70 43
22 23
16 13
27 12
24 45
59 125
31 73
39 7
67 22
66 115
70 13
25 9
33 12
83 25
5 40
18 70
96 13
35 19
90 108
49 61
73 172
75 78
70 29
50 15
92 168
77 100
38 48
4 11
99 135
34 16
4 16
71 16
50 22
72 188
22 7
79 186
92 21
77 16
92 85
15 14
12 19
73 96
42 78
97 33
76 94
59 208
24 25
64 57
88 15
40 81
3 21
77 14
26 48
58 169
40 30
12 8
39 38
75 13
98 67
32 161
88 140
49 34
47 22
68 39
84 65
12 66
58 49
45 54
57 26
66 39
85 23
46 22
55 30
84 181
4 10
43 13
64 497
67 14
99 99
2 129
14 16
81 59
14 71
12 13
39 13
28 128
67 31
98 169
8 59
85 13
12 49
60 58
27 23
89 110
81 27
93 64
21 171
31 53
82 34
95 27
54 13
57 283
32 94
83 27
12 118
68 9
24 9
7 61
86 5
39 21
65 32
56 30
55 16
50 44
13 12
58 121
87 11
15 35
53 10
14 144
99 50
8 12
73 212
33 29
6 14
48 15
86 8
32 56
57 76
55 12
43 37
83 15
55 23
38 96
72 73
26 326
38 48
6 16
84 26
56 158
99 23
50 89
63 51
96 31
84 132
54 35
81 16
64 16
38 772
69 361
72 11
38 89
87 22
53 19
9 61
69 263
16 20
59 42
46 66
83 28
40 50
90 34
35 34
89 26
16 23
53 80
48 50
70 82
91 64
59 54
77 43
49 232
71 155
23 51
26 14
92 75
47 98
6 16
98 153
13 29
91 36
41 56
22 18
99 95
99 243
33 17
89 14
34 29
21 77
21 55
65 39
19 78
81 38
58 97
79 82
79 26
37 34
16 167
8 19
94 100
71 19
23 18
9 12
5 13
16 65
55 35
82 83
95 34
46 32
44 52
99 14
37 29
19 19
52 12
62 70
52 68
17 29
69 65
9 62
68 277
9 12
56 23
39 31
87 67
95 31
60 29
16 221
78 27
60 147
82 27
4 69
77 181
91 9
73 170
81 18
76 68
7 13
3 19
6 341
32 184
34 29
35 26
14 16
95 40
10 10
8 133
38 26
77 36
22 38
78 137
57 16
5 65
39 98
42 65
99 62
8 12
91 9
98 50
3 16
80 26
87 238
76 74
84 291
90 204
7 52
39 30
67 253
49 114
93 105
65 18
86 139
52 44
94 229
9 76
6 24
7 148
62 16
81 82
42 14
63 96
40 81
37 79
57 63
79 24
44 15
33 31
74 132
34 32
60 12
70 64
70 91
15 65
9 63
57 59
18 31
100 17
17 32
94 22
97 32
82 29
34 31
46 11
6 60
53 66
27 18
10 19
34 17
22 27
63 12
7 33
20 129
51 66
51 101
4 113
24 9
62 14
62 17
11 25
97 41
23 373
57 24
56 13
89 30
81 214
65 49
20 116
22 16
37 169
65 46
82 204
56 154
74 97
51 23
40 67
40 18
53 13
16 17
17 80
81 20
8 15
90 16
55 17
15 18
47 283
97 11
49 171
71 32
22 23
50 19
34 37
59 15
93 23
88 15
69 29
49 38
14 18
5 25
33 48
23 47
10 111
44 74
87 15
58 17
69 27
89 19
75 76
10 120
27 50
80 52
92 17
24 27
64 148
55 11
68 10
57 101
5 6
29 94
66 24
31 27
6 199
56 96
42 69
22 8
29 29
21 15
91 26
61 107
39 156
24 8
87 12
89 31
29 105
21 44
51 100
28 64
7 26
75 20
76 112
19 261
54 94
21 135
3 38
84 42
15 90
98 36
76 218
5 44
94 82
57 23
89 16
37 186
29 23
46 7
89 19
68 24
49 21
8 71
91 8
61 13
84 22
47 13
30 32
51 47
57 14
7 23
94 103
35 100
91 13
74 180
67 15
100 227
64 25
27 27
12 138
28 68
62 30
26 97
77 21
96 41
11 25
64 29
59 13
32 32
76 190
81 101
2 12
6 18
45 27
46 61
2 147
15 108
39 212
63 22
54 21
93 15
26 144
89 25
96 50
60 28
12 12
5 16
38 17
52 83
62 34
40 77
22 26
52 56
69 72
100 16
24 54
21 116
85 7
98 229
35 55
99 96
16 30
73 19
74 128
71 164
35 77
28 18
93 14
74 17
87 694
75 16
66 15
98 55
52 79
66 19
41 19
53 18
46 8
35 108
75 359
30 21
31 7
63 31
100 59
8 28
69 43
44 56
58 18
89 58
16 23
18 245
47 52
48 11
50 81
99 167
80 12
73 210
82 44
68 171
61 76
41 48
5 18
41 19
13 21
75 39
11 17
90 11
11 11
84 23
62 28
98 18
51 18
33 36
78 41
28 112
56 37
100 41
44 200
23 58
31 38
71 14
9 14
51 173
48 99
87 56
20 26
84 62
18 21
95 25
41 13
53 51
92 36
34 66
84 58
3 121
78 25
56 20
84 27
75 14
39 10
53 25
57 17
20 47
12 36
48 16
16 18
86 7
85 4
49 40
41 10
20 59
56 93
34 20
40 34
25 41
38 24
73 29
76 21
78 151
61 103
25 26
45 12
70 12
77 190
93 53
55 12
26 81
76 29
94 24
86 17
5 5
92 22
96 92
39 6
83 22
86 98
59 73
5 7
72 39
61 22
52 33
77 30
51 122
75 34
51 84
67 43
26 79
19 194
95 149
29 139
4 78
60 15
64 14
64 157
95 195
12 10
83 12
30 49
3 106
13 13
29 43
73 20
5 30
94 71
97 133
70 20
33 90
44 73
48 8
25 15
41 127
92 49
38 14
12 47
2 41
32 41
25 27
8 14
65 49
32 44
48 47
62 162
93 42
20 101
98 15
74 65
49 46
87 19
10 227
34 10
4 44
41 50
53 159
96 13
72 9
20 183
68 69
44 103
71 42
78 770
12 15
3 43
18 13
65 23
80 30
43 13
16 19
87 20
52 86
15 48
87 85
97 14
61 29
21 14
45 39
86 25
69 48
98 378
96 55
24 106
11 13
47 23
39 36
78 27
30 26
34 10
30 142
50 13
58 273
2 64
19 166
77 89
73 114
72 66
3 46
70 99
98 38
23 49
76 89
33 15
85 15
68 15
34 11
38 38
53 82
56 151
48 51
75 25
93 130
64 31
7 18
97 62
29 27
18 22
5 13
87 30
57 50
48 14
47 12
41 10
61 43
5 18
75 40
7 30
31 32
33 26
18 333
60 11
80 192
19 40
52 18
83 27
74 15
65 386
13 27
81 14
80 9
94 68
6 51
17 30
97 45
73 59
58 12
22 22
92 170
61 17
7 67
41 15
26 95
10 26
12 28
44 57
89 10
61 19
10 35
84 113
40 110
3 26
34 43
90 118
58 66
93 24
98 39
3 159
90 41
22 7
55 16
17 23
93 44
92 185
15 15
52 49
57 18
53 88
36 20
65 20
46 15
28 16
73 51
40 57
31 27
8 25
99 55
55 69
23 317
92 89
25 151
46 64
42 29
73 60
5 7
76 84
7 122
4 15
98 44
23 150
2 79
21 125
93 22
100 164
74 105
97 180
49 14
66 19
56 251
57 210
18 41
10 22
54 14
27 96
57 34
21 69
50 23
24 65
88 40
37 20
75 109
96 65
78 15
19 150
23 89
84 170
38 61
11 22
77 28
23 30
14 95
74 17
2 48
18 18
100 193
6 19
26 95
40 78
97 25
73 119
10 11
14 17
83 14
22 6
39 10
82 18
30 73
4 11
77 266
87 9
5 5
93 19
8 21
61 18
37 109
61 13
20 27
95 90
5 20
55 28
39 12
58 11
44 227
52 29
51 25
32 302
41 17
2 39
41 16
16 182
81 23
96 19
97 41
33 101
92 155
5 6
60 123
3 78
3 50
35 20
97 32
54 18
50 152
44 27
53 42
28 225
97 66
83 18
37 73
88 11
53 21
42 21
49 11
78 107
6 38
36 46
8 17
67 40
59 68
3 120
72 16
16 50
76 27
10 30
46 7
77 113
44 47
35 37
48 13
19 43
98 16
7 19
95 14
72 10
76 54
5 6
53 49
41 68
3 158
3 67
64 69
67 19
67 62
81 127
78 21
50 34
41 105
94 122
29 42
81 81
29 34
66 49
33 156
21 13
47 10
34 10
97 44
4 31
51 12
69 141
18 83
100 20
11 117
98 28
49 227
12 9
53 9
84 53
39 9
86 10
23 17
33 18
46 12
16 52
8 40
72 54
5 31
84 71
25 19
64 245
26 55
41 48
71 19
19 65
81 120
55 47
20 55
51 54
57 197
12 51
61 16
44 144
97 23
56 129
43 130
61 97
59 55
78 7
18 140
88 50
25 9
22 8
7 58
31 101
76 74
14 13
35 115
46 15
54 39
70 21
66 17
31 13
23 13
85 10
16 59
61 53
84 88
55 9
77 244
71 51
7 13
88 17
39 12
83 45
72 19
17 30
87 42
36 131
74 28
49 140
39 30
77 15
4 121
11 97
91 18
68 32
56 44
99 73
46 13
12 8
81 19
97 71
58 29
47 25
54 280
47 57
90 16
91 12
26 296
9 251
51 46
59 16
42 59
13 241
57 32
54 446
82 27
99 103
31 9
76 20
4 11
40 16
82 17
86 7
35 76
78 15
50 42
71 19
52 23
60 23
50 45
97 88
55 25
72 92
75 13
41 58
64 20
3 32
53 9
19 17
7 72
13 61
53 112
20 88
4 83
79 118
4 18
42 10
18 26
61 136
52 60
99 33
71 24
45 132
50 12
58 108
24 53
79 50
2 145
65 91
87 30
90 15
83 61
54 81
5 68
53 158
77 44
33 33
99 54
35 129
59 12
25 121
25 227
15 179
33 167
96 193
15 63
64 27
97 203
52 302
8 67
56 31
16 200
77 16
99 129
100 15
42 64
26 136
80 175
69 19
80 11
13 31
64 20
47 26
7 14
24 12
12 17
63 44
38 31
26 182
44 27
99 25
20 32
35 10
29 287
25 10
63 36
19 36
45 56
7 18
56 12
17 66
59 140
74 59
14 14
55 14
15 35
59 13
58 13
12 12
63 43
94 280
52 35
3 15
99 88
74 61
84 209
37 173
65 159
94 189
63 23
79 46
64 79
42 30
19 163
17 47
23 14
17 129
78 34
54 28
69 20
55 14
6 212
6 15
96 117
26 24
47 40
55 9
91 45
42 28
57 16
63 101
55 53
88 48
61 119
64 103
69 209
24 17
85 35
58 22
93 13
54 89
15 342
34 71
90 38
61 234
72 71
82 101
53 58
56 66
79 20
4 15
54 32
56 36
98 19
2 103
83 103
45 26
70 11
12 201
89 8
24 10
53 68
98 46
69 132
81 20
11 36
65 51
94 17
38 21
51 63
80 27
29 15
88 12
78 45
67 19
2 108
7 59
81 589
61 28
81 27
5 13
32 192
35 28
35 39
49 13
60 61
48 67
39 6
55 12
64 44
18 62
57 37
22 6
83 11
33 66
91 413
29 67
57 116
55 50
82 46
10 12
31 19
90 20
55 57
70 13
73 90
50 113
93 26
66 240
46 12
55 97
77 49
53 12
33 71
34 174
9 80
97 90
21 67
86 31
25 76
72 147
75 110
19 19
71 37
95 14
7 19
51 59
27 101
42 25
61 20
81 227
53 82
76 131
98 194
79 21
5 38
9 15
53 48
21 25
100 146
88 16
13 18
15 39
20 41
4 62
67 159
13 35
81 13
4 12
2 193
6 56
18 20
50 92
40 54
87 143
27 12
52 67
89 17
95 56
72 42
51 24
89 8
14 150
32 16
47 11
78 180
71 51
77 33
86 94
72 33
29 35
20 146
23 39
2 16
71 25
73 91
3 86
81 21
51 234
59 26
96 20
63 38
75 23
17 25
48 8
37 125
80 40
54 13
84 246
29 30
91 13
61 57
40 59
75 13
24 79
54 29
44 25
89 16
81 13
2 213
15 28
64 41
79 73
53 24
22 5
69 23
96 121
93 14
57 124
90 103
26 15
50 18
71 273
11 12
31 21
50 20
35 10
49 11
62 19
54 13
6 68
25 61
87 16
47 11
88 35
56 60
18 192
45 30
79 52
88 15
76 31
82 66
32 20
86 19
36 18
61 28
88 119
73 172
28 41
25 23
53 21
31 56
54 33
15 117
63 28
32 89
62 24
43 117
27 110
23 80
62 114
34 30
31 19
22 77
49 27
89 8
5 8
100 93
72 172
91 9
50 42
9 39
47 57
89 25
78 25
56 200
10 20
38 70
66 115
44 46
2 153
85 6
44 128
23 33
96 51
45 38
68 34
95 11
78 91
92 56
5 82
82 99
38 68
87 10
78 29
84 18
14 21
80 50
92 14
10 26
92 62
38 130
33 12
67 186
85 9
79 21
8 12
54 33
24 14
51 15
39 43
20 59
46 137
61 69
16 34
88 110
14 95
40 98
60 43
73 17
2 14
17 124
57 106
98 15
16 68
5 5
95 167
51 62
4 58
27 42
75 28
61 19
21 21
44 35
7 82
85 36
15 97
10 59
53 9
20 45
87 33
65 13
15 43
89 58
4 10
4 42
72 25
29 33
50 35
37 138
17 12
27 16
30 18
38 132
14 11
72 120
71 43
100 115
20 20
11 176
64 18
76 16
18 304
93 73
83 28
12 50
40 81
71 78
74 47
92 54
63 70
63 67
88 51
92 34
72 24
77 18
90 126
11 8
47 68
46 62
16 18
46 101
46 30
46 8
45 17
26 15
64 14
28 58
46 26
38 21
44 27
39 18
4 141
37 284
31 86
76 23
62 135
66 29
46 227
91 30
64 158
27 57
97 108
26 18
83 18
90 13
28 252
100 24
89 24
55 26
71 123
10 10
81 15
99 15
98 68
52 21
31 30
97 101
61 106
14 69
57 21
41 94
67 22
62 50
75 121
44 14
8 76
57 174
45 147
11 59
4 24
24 20
91 34
72 21
95 91
90 140
25 9
66 31
37 12
29 102
49 316
100 15
21 332
51 20
57 91
52 114
55 34
84 78
83 291
17 127
74 17
72 12
58 11
22 23
86 21
23 59
48 25
44 113
36 63
22 24
12 11
65 23
76 22
8 132
71 207
67 115
68 19
13 73
29 61
5 26
51 139
73 88
17 20
39 40
90 58
30 76
18 201
45 81
11 45
89 44
42 19
37 114
6 102
44 126
38 15
45 27
49 25
68 24
48 25
63 25
14 30
34 26
72 49
79 34
95 34
24 44
8 100
7 31
9 14
40 18
2 13
11 19
76 42
41 40
41 68
91 20
4 98
28 54
54 58
40 25
25 21
55 13
9 14
86 43
59 76
34 56
49 102
94 43
99 18
65 17
62 209
83 54
62 32
97 96
39 7
8 19
4 41
84 20
3 33
64 93
83 142
8 39
93 89
5 7
51 44
3 87
32 19
38 97
61 53
4 13
78 25
56 54
43 52
7 25
36 80
59 34
34 261
80 49
81 130
86 86
66 32
95 51
66 28
47 54
23 19
13 42
76 26
87 118
42 11
88 18
57 131
6 70
32 47
61 56
22 7
96 108
98 49
60 10
84 501
95 15
44 251
94 50
95 51
84 15
25 18
25 13
81 58
99 120
98 14
85 4
37 11
32 251
86 22
72 40
64 37
5 55
61 61
6 15
94 187
9 20
14 25
66 32
10 17
42 56
58 32
11 86
79 46
33 184
22 6
38 22
12 41
3 76
41 23
78 70
14 204
42 55
77 29
65 15
36 22
100 69
84 91
26 38
8 90
31 12
66 33
60 10
10 29
16 15
30 132
89 45
94 20
39 73
30 27
99 250
2 19
88 13
2 14
30 21
8 25
90 14
10 10
9 145
59 13
34 12
44 253
92 44
23 153
7 19
75 100
77 15
76 61
14 117
28 53
54 14
13 100
51 14
20 39
34 82
54 58
63 108
88 24
98 15
6 133
4 53
76 41
39 13
83 14
20 41
51 42
73 158
91 83
100 127
16 19
59 13
48 15
85 6
20 25
65 26
51 296
3 72
49 22
3 14
30 20
100 134
17 12
52 85
42 10
95 209
30 15
36 16
4 153
72 216
90 36
93 23
58 33
41 59
52 11
83 60
13 25
18 14
99 30
26 27
64 123
80 10
25 103
16 49
71 223
45 27
28 148
88 10
94 28
92 63
19 14
59 14
59 48
83 46
81 21
37 16
57 50
5 23
40 146
62 221
15 41
22 12
66 25
48 22
62 75
21 19
80 122
84 133
25 44
7 26
81 33
16 214
90 81
48 42
69 70
27 48
3 22
48 36
2 32
36 33
39 72
88 112
40 61
91 54
39 7
72 10
15 218
50 26
2 144
40 96
43 106
5 44
44 237
58 70
70 64
67 139
91 178
45 38
100 199
60 76
94 66
39 9
29 29
21 81
14 184
48 17
63 12
67 56
28 99
25 28
63 13
19 18
79 43
7 25
18 19
84 84
17 14
67 22
89 47
44 50
90 27
39 12
100 58
92 21
49 21
