2.6622912520
4.3593400242
1.2336840858
5.5059238977
2.0833977112
0.7258950351
0.6792015285
1.2984583227
6.3697430989
2.4013998901
1.6779099827
2.0501403645
7.0269291635
0.9589078360
0.0870241390
6.2160084393
1.3863310736
1.7738921206
6.2055055611
1.1806848254
0.4520628669
2.8975268111
4.5317198926
0.4358513243
3.1477696503
1.3580154707
1.6289698832
0.2657808681
1.3437379478
0.6380706051
2.9678380654
4.8334453694
0.2584149270
0.5872212951
0.7947877128
1.5338950732
3.0468653732
1.3348939931
7.4349932988
4.1135648145
1.3542237452
2.0895161986
1.0746624968
4.0194663595
0.2469512497
1.3426012858
2.5535990548
0.5388602926
0.0675227248
2.2517632719
0.4166505036
5.2124468948
4.3066261911
3.7690242128
0.7604906912
1.0652286970
0.1949533664
0.7873607586
0.1967994348
2.1599098420
0.1311937558
0.3401762461
0.5743661066
0.4331051652
0.3671831256
4.7404767547
0.2704003099
3.1248588297
8.4499324763
2.5418096953
0.7944178488
1.5541482468
1.0043718283
0.5705192170
0.3377561156
1.3156350361
0.7293615156
1.4111155759
0.5149776161
4.9475689543
0.5847118242
7.4494328372
6.0242763802
5.7826842303
2.1765196588
0.4501710532
4.0194663595
0.6587382109
0.9479000790
1.6292806456
7.6823367911
2.7990477958
0.5979973326
0.4889814850
2.8412786488
7.7051124470
0.3780764617
3.0180815167
2.4385468014
0.6506051603
0.6341896699
0.2672005311
2.3864676661
3.6839509751
1.3036598554
1.4632283307
2.1983886469
5.3521868192
5.2947297449
0.6057875723
4.1165030611
2.2970882932
2.9315763787
0.6595269178
3.7531865105
3.2392120354
3.5629390238
0.5039853716
0.7119056063
1.2863578743
0.6179008607
6.1123249555
0.1612224486
1.9035104962
0.9698493558
3.9495194369
5.3840624573
2.3359555309
0.2984954269
1.3534652811
8.3781246041
7.2071204267
2.0459573002
5.9317334058
1.3609753700
0.2199431164
1.4378188478
3.0600155611
0.6538968622
0.7390065086
0.6626237988
0.3826063348
0.4568174587
0.1381576584
8.6224217651
5.8418708416
0.5892012793
5.5080815676
0.2544098099
0.2648910201
2.1193618719
1.7988138464
6.9854115669
0.5025150397
6.3558906113
3.0853085915
4.2386082211
1.8391463381
0.2717889389
3.6564822869
2.9337949252
3.5653353947
5.5595923758
0.3952363427
2.3248296955
1.6844932791
0.1669054747
0.8084067022
2.0276561989
3.9591634764
3.6738323107
1.1177561848
0.2140497429
0.2817203232
4.9577719753
0.7582518418
3.1370727843
0.2204556899
1.6726050031
1.9818465097
0.3715420571
0.2494917584
4.3822680955
0.5059961769
0.2856696378
4.6449237371
2.9092642714
1.8909361534
4.9671599223
2.9091509491
3.4777612460
0.7354731186
0.1841965273
0.9961815700
0.2445373504
0.3802508984
2.7377421321
0.8064064855
0.6618160766
1.3570237077
2.5147616237
0.9199752677
0.2800451581
8.6667465652
0.8409059630
2.1045903478
0.8453747020
2.5281535923
4.6542967736
3.7667218016
0.4352968247
0.4692438386
4.9896974007
0.7864413355
0.9935714253
2.9147758251
3.5910021179
4.4016953025
0.5563141304
0.2888290568
0.1941369469
2.6603946590
1.2238755460
1.4742551981
0.2866307177
0.3974793302
0.5757662451
0.3321148446
2.5282512700
1.1286701597
2.4287131102
1.3184391588
2.4108744506
1.8309154769
1.7080624968
4.6135823539
3.8084525166
0.5577210162
4.1108132006
1.7147177733
0.7088934134
3.8084525166
5.8838884557
1.9126851702
6.7653174419
0.8399195199
1.5264415446
1.7370936106
0.3747881007
2.1292435336
2.3472692391
0.2871215227
1.1427791124
4.3099894758
0.8084224280
1.1897804506
1.3191919619
1.3412844312
3.9684547621
1.2254511866
9.6722937300
2.4209745267
2.0759324200
2.3931985754
0.9562003695
0.7138931976
0.2889360249
0.3762597097
1.2282126915
0.5169426520
0.1213761373
4.8419974920
2.1564637346
1.9136299101
1.7636711431
0.7920894934
2.8679861375
9.3888391247
2.7259557547
0.1983476057
6.1327730939
0.6506051603
2.1149678077
0.2077796130
0.8084224280
9.1121575143
0.6119036374
1.3693726186
2.2717661473
0.5709768556
0.5541401046
0.6005436543
2.9866875874
0.6713647988
0.8894465115
0.2457170483
0.2275883389
1.0121780710
0.4576874873
4.8330022520
0.7290367168
0.0706970231
0.6852922927
0.6506051603
0.6824643324
0.5984609520
9.6722937300
2.0453190822
0.2733247842
0.6094049842
7.8711475558
4.4317615481
0.3691525839
0.7484369999
0.9433224217
2.6452865124
0.6717928056
0.9545313397
3.6024989853
1.7590227836
2.6834422058
0.0990577208
0.2676311033
1.3919163308
6.3217393544
1.3231197753
0.7727633906
4.0215429265
0.1669523985
1.3742549648
0.9352369935
10.9285005650
1.6584701871
1.3706416800
7.2846654689
2.6137510902
1.3455276781
3.5243650246
8.5680090758
3.4832228972
6.2752964794
2.0072838180
1.1476085909
1.6952238354
0.5532844356
0.6710405207
3.5998588153
0.2060640256
1.1806963619
2.7695643155
3.5089801948
1.5946838800
0.4992449226
1.6401641139
1.6461500136
2.5282512700
2.8025787815
0.7818969226
0.4597546677
5.2083844564
4.1108132006
1.5936585625
2.9174542212
2.5922415984
0.5863537818
0.2906694280
1.6316624959
0.5510655108
0.7959667748
0.5328029508
2.3734128263
0.7223820263
2.7504032837
3.4407813151
0.9407891715
2.2943108638
1.3407202196
1.3692958545
3.1831103428
2.2828174784
0.6270813069
0.3485260346
4.5812578626
4.9377422517
1.5231711264
1.3966734182
0.0710263226
4.6250327416
2.8693872660
1.1337028389
7.6375763971
3.5684269847
0.4113049971
0.8254903430
0.9908425006
2.1276545557
4.3099894758
2.9187800493
0.6727017768
0.4225830606
4.8559845688
0.4818660969
1.9695253154
0.5197084888
2.3374178789
2.7004256232
0.2476807571
0.8309233345
4.2704920252
2.5471896742
1.3589547811
1.6636873969
0.5019365339
1.3437379478
0.1837329597
0.9078245775
0.7899501732
0.4452426568
0.4055735278
0.8600567515
1.4526434228
7.8668637515
5.1179667089
0.7566343906
1.2444003555
1.9041986011
0.6279999098
1.0135159822
2.2182027592
0.1760955837
4.6586819355
5.5025229486
0.4440528298
3.0667144338
0.2494601201
0.4272062525
0.6709356832
0.2731472465
4.9912424026
0.3148068758
1.5861965544
10.9285005650
2.7505498166
1.0418612661
4.5155483572
0.4700642177
1.1591925240
8.6224217651
3.7808222828
3.0282382700
3.4159461237
1.4880554230
4.0208289552
0.5742960731
0.8569904406
0.8139464055
7.4349932988
1.1535084526
9.0693491607
0.8445424427
3.6904570526
2.4888012837
1.0714579239
0.8495243148
5.9066902698
5.9254619560
0.6865803807
3.3129556146
0.6254585492
1.0375208156
1.2609324737
0.2837829405
0.7140283769
3.4142680329
0.5168754679
0.8468145724
5.5025229486
impossible
2.2155600299
0.4730353597
1.8952679544
0.3191358300
0.7168174134
0.1825721083
2.3124758906
1.1639057841
0.9440345594
0.8253118946
0.9135486732
4.0354795768
4.1998764664
0.5016411029
0.8386588817
3.1070123676
0.7065060791
3.6564822869
1.5049860381
0.2469305305
0.6422565082
2.0707031385
0.2742054418
1.0262767424
1.6726050031
0.3460713926
9.4186272361
2.0765410526
2.1586245425
0.6867259143
5.6219459413
4.6586819355
0.2020712828
4.8110648083
0.8259477214
0.4481093135
4.0765589644
1.9072844078
1.3434410426
8.0769158380
0.2284882756
0.9523308699
2.6854810283
0.5142219378
4.5821873769
6.6132639746
2.1947737334
2.1805085499
0.5784504272
0.2437802205
1.0413745585
0.7537772406
0.6960172698
0.4585559919
0.6967278145
0.4218769938
0.8161298844
5.8328939027
0.5570255074
5.8901046466
0.6898693777
1.6400958734
1.0252835377
1.3284167292
1.0817868197
1.7328965371
2.6040917489
0.4362270161
0.4100641156
5.4759012430
3.9059510578
5.8014744973
0.5478324685
2.2125549400
0.6647371520
1.5891921110
0.8048977293
0.8009726798
1.4622961769
0.6796855309
0.8390822951
1.4012516872
2.3730075818
0.6307963138
1.8210417737
4.3593400242
1.8056552206
7.3938807744
0.7025116417
1.0371585468
0.8124921415
3.6262796837
1.7651461866
1.3742549648
0.1588235329
6.0969620501
7.8653445446
5.6421827637
0.5375274733
0.1945223269
0.6049476101
3.8912970481
0.5280444819
3.8756216315
0.7865714469
0.3218363841
1.9901993049
0.7293002019
2.1426595100
0.6634026414
0.7898005835
2.8056688655
5.3215991552
1.6404445438
9.3888391247
0.2868774293
0.7599198346
4.0689701470
0.7963271823
0.9898829722
0.0843233333
0.5778645087
0.7484369999
0.4817156659
0.6633989625
1.0609415710
0.3605652544
2.9143892803
1.6174031619
0.8841801934
0.0990558901
1.9317711229
0.8180654990
5.4766085653
0.5997435947
0.7211172195
1.4012516872
0.2309178672
1.2172443990
0.7689975925
1.0637389791
4.9339253193
1.3590309449
0.1975871796
1.2336840858
0.7996957510
2.1983886469
1.9035104962
0.3929139078
4.1414707599
4.3951550243
2.5518681568
6.9398425144
0.2432324253
5.9167045673
2.2507742485
2.0591820015
0.6527742380
0.3104921734
0.2946109872
3.7531865105
4.1084409282
2.4950923695
1.7790801014
2.3092781668
0.2548092677
1.1888927276
0.5334720303
2.1149678077
6.8407967505
3.1072035702
3.4335282441
1.2140503327
5.4766085653
0.7254466672
0.3581802092
0.7802388473
2.5890991244
2.1426991447
1.1074259164
0.1204355830
1.6134994529
4.6346771129
1.1118747503
0.1404228726
1.8137215418
2.4225825601
0.2920578347
1.3921122664
8.0550173653
0.7520568812
4.3462357748
0.6071140127
0.2252338478
3.3581298936
2.9753003132
0.6970955488
1.9402359900
1.3184391588
8.0769158380
0.9498798918
5.5963089849
0.3862388855
0.2731457870
0.7287254395
0.2718692531
0.6542340427
0.9715515135
0.9943252113
3.0160263499
5.2813634881
1.8391463381
6.4654263765
2.1180569839
0.5114354517
2.0208934182
0.3941364130
6.1327730939
1.6602459665
3.4562356620
1.4157210747
0.8617519459
0.4607815786
0.1587020738
0.4272808392
2.0343534445
0.5139005996
2.3310640536
0.1293532938
3.6754446797
0.9174131770
5.0315441001
1.1539628812
1.3124866683
1.8056552206
1.3412844312
1.6154219610
0.6970955488
1.4116759006
1.6275188650
2.7834437155
0.3520738013
1.2278194706
2.4290933559
1.2220649001
0.9124706635
2.2918452574
3.2203779924
0.2444084995
3.0836140722
0.3224062594
0.3817510246
1.5804716180
2.4471601778
1.9566577764
3.3442352541
1.9639061241
1.2851193726
1.0450574074
0.7434869585
0.8774330457
2.3490550709
0.2446963355
0.7064556543
1.2396911245
2.8206284198
0.5854077381
5.0321010519
0.9716139831
2.3151497652
1.9356630030
0.8108093284
7.2899028723
0.7140283769
5.2371856936
0.6710405207
1.0261719784
7.0453372188
0.8040376773
0.3685480080
2.8867835536
5.0768879314
1.0453123662
0.3486867049
1.4601658165
0.2068362031
1.0694480227
3.3995271693
0.5119972604
2.5325705577
0.5571366555
0.5534311203
0.4994381440
0.6506041647
1.8455445012
2.4061756666
1.5139260898
2.1615774738
1.0577746374
0.2103729679
1.4192696480
0.6925705495
1.2683480352
0.1952696115
0.6543609248
2.2077334684
0.1688437154
0.3006841451
0.2501320449
3.0707456024
0.6814495382
0.6338358977
5.7865327405
7.6992915965
4.0522105375
0.3590387266
0.6921814966
2.5739938871
0.4601591174
10.9285005650
1.8877565161
0.2425033495
0.2975042332
0.9739217769
2.7923998560
0.7744646567
0.9068472834
4.6346771129
1.6847853537
0.3689310242
0.3856254746
0.4192774781
0.4543984643
0.8654636551
1.5861085461
3.4017610572
6.2311845625
0.2871964080
0.4556275848
0.6619730169
0.7043496296
7.1496356243
0.6845177886
2.4325923356
1.6505560619
5.1036493122
6.5813859651
0.7123767317
1.8703693243
2.3864961943
0.3098456995
1.0862554059
1.1328630350
1.9197073679
5.7452796958
4.0570222956
8.0828326055
0.2297948357
0.6996000497
0.3119677875
2.1520051191
3.1175557158
5.7673958192
0.9072868000
1.1553583796
2.0552987582
0.5235462372
0.3230807593
2.6237396153
4.7198745422
5.9253601864
1.3744912356
2.6854779367
4.4909664840
0.4454681951
4.0522105375
3.1072035702
0.7308114800
5.9253601864
7.6063731784
0.8130732487
3.4422286191
0.7987082310
1.5360352634
4.8254891097
2.8373605247
3.3357389460
3.0180815167
5.0421252851
4.0978145883
1.1325699080
0.6653272970
1.2721583799
4.0689701470
0.7627100622
0.4916916023
2.5450633867
6.2851233927
0.1188363834
6.3697430989
0.7720538278
2.2682158252
3.3030984885
0.2706461970
0.1742708682
6.2917973461
8.7661155188
1.0041061214
3.4777612460
3.6059011945
0.5396710347
2.7504032837
1.0166321620
2.0832248120
5.1545513772
0.6236339408
2.9166826195
0.2761446394
0.1460450184
1.9849311905
0.5985244283
1.5838845909
3.2975542329
3.7704477682
0.4060979467
1.6760621801
1.6886130939
0.0987940785
0.2627936006
0.9348100512
1.0171915334
0.2379164095
5.2649908760
2.7990477958
0.3130450255
1.8137215418
0.9753329160
1.6601422429
1.6504764368
0.8284654281
2.5770989995
1.0138754894
1.5182535409
0.5217481291
10.6037846548
0.1952696115
0.5771264073
0.4616577658
4.4870462301
0.2545306656
3.4902643176
1.3101289984
3.7698925403
0.7206829229
0.7505657677
0.9905106150
3.7602287880
4.7564240306
1.7386854901
8.7810736681
0.9613765120
0.2441183959
3.1555290165
1.3137291724
0.1721046094
0.3764380753
3.0692962473
2.3151497652
6.2160084393
0.9589078360
1.9257836156
7.7273798281
0.1556211059
0.4783651927
1.8137215418
0.2064215930
0.7443523140
0.9072380965
1.0371585468
0.3834663032
2.5302144953
0.3932997805
0.8079155861
3.7597645761
2.4921913414
0.3999129960
1.6832880130
3.9165850867
7.0692284478
1.8950268255
0.4143621784
1.2212133434
0.2086175929
0.5969781290
3.1072035702
2.6028666131
1.0504630155
1.3542237452
0.4990075866
1.5832616675
0.4309487205
0.4487348401
0.9791441523
0.6309920497
1.2587013539
impossible
3.3969570431
2.3692029594
3.6376802149
0.6175609159
3.6262796837
1.5419440561
1.1499754560
9.6144802136
0.1446931366
0.7404088779
3.1122473574
5.2347761334
2.2933100236
1.5458754722
0.6626083211
0.4445765842
3.5753111858
2.5452470165
1.9534345433
0.8826623054
0.4154895328
2.5095843482
0.2794414083
2.9224513369
3.7531865105
2.1460920423
2.8128280890
3.1424873439
0.8116019928
5.2367462951
0.3365728734
1.9183625818
1.7371400499
5.2071027000
3.5810181087
2.6452865124
2.1323082885
0.6774296128
0.5309618388
3.8830791027
1.6201777220
5.5055311074
3.3196408989
6.2044481597
1.8327745850
0.7292868935
2.6883830986
0.6305618113
1.2041705604
0.2969459872
5.1104359973
1.1142030257
0.3280599591
8.0828326055
1.1079181451
5.7961774971
2.2070218031
2.5466846649
1.7371400499
0.7643579168
0.5600845805
1.6363187590
1.0518571784
0.4152688040
3.2827954919
1.6694745855
0.8065654873
5.6267780822
0.4113049971
0.3011657574
4.2388990839
2.8118486664
2.9550321658
0.5602085369
3.6678896159
1.3966734182
4.3054635374
5.4484621569
2.4448658558
1.0002358788
3.2923620980
3.7420427840
0.7065060791
0.4558620813
2.7608653889
0.3345828015
8.0828326055
0.8567559789
0.4472772976
2.0622565064
2.7652314934
0.4435355313
2.6834422058
2.6836844959
3.6709638057
1.1156732263
1.0048435965
2.8075198540
0.6303635043
1.2336840858
1.5521762733
0.7436868117
4.7371146917
0.7469125986
3.3030984885
1.6574750286
0.5032362667
4.5834916688
1.0187294638
3.2435645417
0.3302965480
0.1852858332
4.1006377584
0.6182181550
0.9411770821
0.2474129456
5.8328939027
0.5758167504
2.0304577230
0.6710405207
impossible
4.8730803583
5.2612036650
0.8407878969
3.9578964052
0.9938285195
3.1139858320
2.5844600367
7.0729504195
1.3340898532
2.1098386158
2.2519842520
0.7207606835
4.2449256512
0.7970219437
0.6246118012
1.8442599362
7.6449595087
0.3670160685
4.3099894758
0.1104771780
0.7628832437
0.3568172676
0.3894562540
0.3915593418
impossible
0.8651830092
10.6657498889
3.5495180277
0.7002700193
0.7559651504
0.1323776545
0.5865750549
0.3120966920
0.9280817660
0.4909991481
2.6107759398
2.5340683639
1.7738921206
0.7628826110
0.5925256116
1.9136299101
0.4369925744
1.3279620434
0.9228133397
2.6682371996
6.2946757201
0.5154156104
0.3332857710
5.5595923758
2.0136046944
1.3742757700
3.3112309443
1.2861368012
0.3522224003
1.7056399866
0.3469644573
3.3023038883
1.4375168052
1.1256968103
3.5722409745
2.5306249791
2.0498200110
0.5176022567
1.0223421606
3.0160263499
4.8546837469
2.1827895410
1.2482833938
1.6500895982
1.6039479149
6.6132639746
3.2352075976
0.8077291864
1.1625241066
0.7555485485
3.2435645417
0.7096961536
0.8433055359
0.8760867980
0.4277185119
0.8984295492
0.7337911290
1.0256025050
0.2637488154
1.8604653137
0.6842692583
0.2271966262
2.1823749196
0.5958581634
0.4579841483
0.4166505036
0.2623988233
0.7532716600
0.6476221564
1.0263340390
3.7537887488
1.9580181769
3.9495194369
1.6699560302
1.0632988707
1.1474254103
2.7268191000
0.6302496261
1.6504764368
0.5425433810
0.1918038288
0.8687692090
2.0459573002
0.4455996201
0.1870680493
0.6182181550
0.9271972891
1.2022884298
7.6449595087
1.6602459665
5.4759012430
1.1614419341
2.6458055957
1.1959920954
0.3705210981
0.5790798936
0.1277757127
0.6171508089
3.4407813151
8.0334251490
0.7756191116
2.2605230850
1.9339398288
2.1869427043
1.3930397400
0.7763162931
6.1249082557
0.7947877128
2.7504032837
3.5256452678
1.4368844604
2.1888863625
2.0479867822
1.6846556440
1.2323590361
2.5362435506
1.2789900848
2.8624112423
0.4800563713
0.5413222879
8.1017496879
2.2062983865
8.6224217651
0.5147133344
2.3284636562
0.5949370841
1.8171025159
0.6509567354
0.8129313555
0.6066473307
1.8133316232
0.1008041296
0.2424313639
1.4998886556
5.4976542901
2.8958185693
6.3937744827
5.3534471426
1.2167280173
2.0437475548
0.1627505085
1.1864300174
3.6903891323
1.1543310112
2.0493056107
0.4006189538
0.4736431376
0.3143317786
1.4029442998
5.7673958192
2.0208934182
1.0769626717
1.4802960617
0.6890459918
0.4329144806
0.6398040048
0.8716230187
0.3887598587
0.8338583085
0.5450063501
0.3061968106
1.0271541606
0.3743358066
0.2281480025
1.5304125552
1.4563202702
3.4044613773
0.1870680493
0.2934453445
2.5540805159
1.8771502076
1.6134994529
3.5872345224
0.6626237988
1.0068498747
0.5266885944
0.3447743766
impossible
6.9295850406
1.8133468882
4.4514940350
2.3489746578
0.5084549304
1.6317093108
0.1434675746
0.5165731468
2.1370882601
1.6716098281
3.0112957197
0.2090414134
0.3429263280
1.1803660107
1.9765367521
7.8653445446
1.7336168388
1.3849312896
1.6348793395
1.0649184294
2.1291988802
3.2275510754
3.3243775168
0.5070872418
0.9878573335
0.1062884129
0.5872212951
1.7807183724
2.1765196588
5.3251367233
2.5607337050
6.5744640866
0.2560069057
3.1555290165
0.7528350321
3.1190428487
0.3741241528
2.7121476873
1.2041705604
1.6429297552
9.3284289327
5.7954621905
1.7087291152
1.6945265932
0.4385254647
1.9303314286
0.4757484305
4.6137606770
3.0282382700
2.7167876523
5.9253601864
2.3204175427
2.9304879564
0.1964873590
1.4146557533
1.2320877200
0.3228787665
3.4566725504
1.0216131559
4.6189953872
5.0675107562
4.3462357748
2.1193618719
0.0725775697
0.5528076992
0.7906500324
4.9671599223
0.2248709716
2.9302649029
0.2900215750
2.3300025375
0.9238283511
2.5331458156
0.3044535524
1.6074764451
2.2685021344
1.4549211703
5.4366319302
0.5961676805
0.2423683966
0.1952696115
2.0927405242
0.2909761862
0.8915928798
4.9377422517
0.6977188897
1.2517671020
0.7633686374
3.8766639514
0.4873873093
0.6763207951
1.6263310310
2.1564290061
1.2509904469
1.8290240340
0.5450063501
4.6346771129
2.7052658302
0.6272107047
0.9672864318
0.5800575559
5.1179667089
1.1038377588
0.5656808439
1.0868084377
2.4015915604
0.3566378875
1.6886130939
1.9882316386
0.2063590440
0.8469624378
1.5882313036
0.4616609095
6.3558906113
0.3460713926
0.5048517864
2.6962391884
2.3142041508
1.5827997465
1.2877741921
1.6866709112
1.0039945342
6.5192269561
3.8830791027
2.6368916665
1.1074259164
4.9339253193
0.6422565082
0.1999331853
0.2437802205
1.9248638570
0.5872212951
0.4285887666
5.9399360500
0.2850525860
3.4562356620
3.2975542329
1.7244472431
0.1437799347
0.7610216854
0.4225391152
2.4519568499
0.2464830348
0.5396710347
0.7747801860
6.9854115669
2.0489962864
3.8729877869
1.0360041199
0.2501907591
6.5341238949
3.3536112641
2.0956223111
4.8395679353
2.4477348303
2.1549117398
5.7053172438
0.2169400247
1.6932962956
0.3023991726
1.8495635373
7.9642210448
7.3938807744
2.4209745267
1.1211210295
2.1586245425
0.3746272403
1.9232225214
0.3599391434
0.2323904725
1.2293375255
1.0138754894
0.9676366478
2.4311614659
2.9205013897
0.4699580075
6.9547224498
2.9407233123
0.9378811746
1.8149974683
0.9687216986
8.3678834375
1.0421885260
2.0530618719
0.3434952461
5.6503792610
0.2995913549
3.4404776891
4.7404767547
4.3462357748
0.6790837039
0.1674626514
3.6904570526
0.3132541447
0.3517518962
7.2899028723
1.2107165518
1.7625112420
0.2945847945
9.2578619536
0.7723035318
3.5425823534
1.6504764368
0.8498884999
1.4531876318
0.8755830769
3.2786562751
1.1787766440
2.7052658302
0.3347821319
3.6016156570
0.6793450630
0.4333537201
0.3062967965
4.9483551290
2.5450189044
1.4774240933
0.4837066398
0.1355843333
1.2333934813
1.5330382402
2.9665244737
0.6576413236
4.1440334528
1.5269889289
2.1323082885
1.5594289583
2.1605251786
2.9722641677
3.7049760727
1.6587795540
1.6417048624
1.4622961769
3.3710362100
0.3856581885
0.2449266149
0.5529401654
1.1266960782
3.7690242128
0.7775454403
5.1036493122
1.6602459665
0.2576326579
0.6143720456
7.0836416753
3.1648423820
7.0414549568
0.7182503234
2.8194308612
0.1757903150
0.0811617675
1.1717251519
0.2744735538
1.8403633720
2.2418229873
0.5445422179
2.9958434550
2.9182007912
0.2496758664
0.4961581830
2.4517373920
0.8828760559
4.3930929977
2.2617994593
0.3381064230
0.4052730718
4.2521303039
8.7810736681
5.2367462951
3.6903891323
2.3567741446
0.4620420573
1.3437379478
0.2467024168
7.3510441628
11.1828584270
0.3260611012
0.1929077360
1.2157004331
1.9534459552
0.2541837455
0.5983962645
0.7774345019
2.1009257312
0.1143778669
4.3822680955
2.7408265380
0.7485472511
0.4439031945
1.1078405453
8.1593517137
9.0773112475
2.6834422058
0.7364539308
0.4646391160
5.1179667089
0.7602703021
3.5554115692
0.8941827043
0.3697913532
0.1119545484
0.6524458501
7.1496356243
1.1614419341
2.2418229873
1.6364844016
0.6202791856
0.3074697339
3.5118207384
2.0498200110
2.3051872775
0.4862239530
0.5982214388
0.2275234862
4.1108132006
1.7511318265
2.3567741446
0.0780800344
0.5306160003
0.1898916271
2.0177348262
0.2680119975
1.3649842603
6.5744640866
1.8002253710
0.2944464012
1.4760512263
2.9600243735
4.7891987101
1.9004016915
9.1121575143
4.3462357748
3.7637324242
0.9738270256
1.5068212948
0.8648647263
0.7049248142
0.3302633976
0.5083203778
0.8655054537
2.0054100765
0.3111364268
0.6329847179
1.1756208367
3.6332327661
0.3713308693
0.8894465115
0.7484369999
0.9232623781
1.8511664490
8.2755850661
0.1952682348
1.1885848820
0.4455655529
0.8685328833
0.2286565346
2.6814083315
4.4330506579
1.6997065467
1.7668244071
9.3888391247
3.3437160599
1.2960222450
0.4940322725
0.8081924436
0.8291375468
3.2435645417
2.0859623349
0.4795051341
6.9547224498
1.7453742908
0.2755307909
1.4141156628
0.6749100498
0.2198981217
4.1108132006
0.8506192596
0.2745735342
0.9226586442
0.7286023116
1.0131101166
0.6206106411
0.4496419704
1.1505880941
6.2829188256
6.1249082557
1.9627834222
3.4832228972
2.2840811315
7.8844493762
0.5993759728
0.6925705495
0.9781403126
2.0832248120
2.4137768876
0.8228986999
4.2388990839
0.9687216986
0.5270315021
0.4201837127
2.3107475305
3.3877238631
1.0720946729
1.2293375255
0.3810913711
0.3063971086
4.2745233120
1.0478671079
9.4186272361
0.1667305256
6.9547224498
0.7366848576
2.7233910594
1.0663080588
0.6653272970
0.7167187009
0.0767837040
2.3212584858
0.6852922927
1.1008899902
9.6144802136
0.4922251457
2.9953315072
0.4519230351
2.2887854410
2.8393644160
0.9972473396
0.5797770290
2.0767899123
0.3485260346
0.6710147583
1.6470637788
0.3765016692
1.2100428297
1.0142345538
0.6529822106
3.5722409745
2.5619669586
1.0349066591
0.9930400439
4.0798562276
0.5061907491
0.4090935341
2.1605251786
0.9735773270
1.4549211703
2.1741234533
1.1430466915
0.9686096638
2.3183812002
8.1975238799
2.1586245425
0.8740169256
1.3843189022
0.2822145111
7.8668637515
2.7724447893
0.8016166760
0.5983962645
1.3530481169
2.6292889991
2.2436717942
0.9706263501
5.5970011085
3.2208342539
2.3472692391
2.4006373681
1.4670605128
0.7535796380
1.3186764087
2.0457764884
0.2967370286
0.2480838218
0.5323741137
0.2735194909
0.2709102990
0.3327354083
0.3539511272
4.4709263363
1.5583706694
3.8279114581
0.2013743698
1.5128175653
3.5571850872
0.4477512885
0.8732814523
0.7951116072
0.5938929607
0.9862441956
1.0955761884
1.5788461546
0.7782724763
0.5036132009
1.5804716180
10.0459365512
3.1829616000
3.6376802149
0.4234848397
0.9698493558
6.2994974467
0.7636647144
1.7988138464
6.1768247916
1.2947334659
1.6182854695
2.7632209947
2.0183140063
0.4759089528
1.7733626766
0.7860498956
0.4479162522
3.9165850867
0.5759265238
1.5269889289
4.8419974920
5.3413803291
0.3199518351
1.0658992773
1.8947827610
2.2725117332
0.3021941257
2.6235943181
1.7905513605
1.7399760900
3.6016156570
7.4256653080
1.0033738784
1.1518505227
4.2390946312
0.8822699284
0.4794954555
4.7900498616
1.3654758866
0.3854483740
2.9315763787
1.5446350995
3.7667218016
1.0316512406
1.1449349872
1.3855797089
6.3794221178
2.7632209947
0.8905063860
7.0729504195
1.0322920619
0.2761265298
2.1065003087
2.5979917048
3.6236749248
4.9671599223
0.8082617061
3.0160263499
0.2857600223
3.8084525166
0.1938738276
0.8556329669
0.3432311939
0.2673282731
1.3053919605
0.2159392739
0.6219029370
0.6084620058
0.2829677849
0.5336160347
1.7657700059
4.5317198926
2.4921100475
1.2053103956
0.6865803807
4.5833602582
1.7019615711
0.6291748355
3.6738323107
2.1220195142
0.6352636944
0.8533433223
0.6025086029
0.6929517630
5.2083844564
2.2933100236
4.7404767547
4.0416497238
3.1244202268
4.7900498616
0.9426001371
0.4809544024
1.9627784334
1.8044431553
9.6888682033
0.6695356816
5.1515735993
3.0157487060
1.6417048624
0.6526455145
6.2160084393
1.0920094459
1.5837963206
4.6586819355
5.9258269325
1.8866763430
1.0626380330
2.7052658302
0.6506051603
4.8768031236
0.4921964666
1.0048435965
0.9144492893
2.8958185693
6.2311845625
2.9407233123
3.7833170013
2.7979496427
0.4015908091
1.3849312896
0.5735803699
0.8006149847
2.4015915604
2.8016907984
2.9953315072
0.8468861327
1.7926244017
5.1072343409
0.3998881991
2.7122062739
0.7541648613
0.2177394319
4.3593400242
0.5863537818
0.9871440946
1.9235848373
4.9339253193
1.8866763430
2.7176430337
1.5368418049
1.5819120572
2.2091746879
1.1499551872
3.9775645704
0.9698493558
0.2043784862
0.4905909596
0.2016051914
6.9295850406
0.3973013877
0.7163299948
0.6633989625
0.9006321601
0.4286079999
5.2071027000
0.5226498087
1.1591925240
1.0715016069
4.7807635465
0.7156666436
7.2071204267
0.9759809870
3.2428061341
0.6286887721
0.5509635600
2.3848253922
3.3626696896
4.8636072864
1.9723610585
7.6992915965
5.4216055441
1.2427681621
0.5378230605
0.2060580340
0.5229469478
0.9722145901
4.0978145883
5.8927353474
2.8056688655
0.4249704424
0.7862687482
2.4225825601
6.2917973461
5.0675107562
0.6082711852
2.1045903478
0.4924089305
0.4655678728
1.1741047828
2.1649539386
0.6231353531
0.8430672543
0.9300512573
0.7882776236
4.5111046813
2.8211740938
0.5873371578
3.4899199646
0.7607936149
0.4258499398
1.3198292577
4.5701174291
0.6283413980
1.6273060033
0.3414154131
1.1553583796
2.1908932648
0.2960728867
0.6155969194
1.9482846091
0.8852244574
0.7910731427
1.5521762733
1.6199476225
4.8640619508
0.5226095983
0.1663842951
0.7708981327
4.2041755427
2.8843359896
0.1222411627
0.6415541140
1.1780375783
0.3709270772
0.5573535495
3.4276671653
0.6140197348
0.2248709716
2.3472692391
0.2993545277
0.4727444968
0.9604605401
1.9115577165
0.4184678790
0.3961770465
0.3445616478
0.2783598469
3.5425823534
1.3399432170
1.3153687710
1.2244685348
2.5587659724
0.7078591551
1.5521762733
0.2755062391
0.9557135068
4.5155483572
0.2050167964
0.3536496347
6.4167094754
0.4676948589
5.5970011085
2.4895083202
1.7992740400
4.6346771129
6.0298518995
0.8690948177
6.8678731729
0.7290910010
0.7248484940
8.4499324763
0.1795300590
0.7878164556
4.3000979620
1.4543070200
0.6626237988
0.2170503418
1.2666651343
0.3278144612
0.2733356589
7.1496356243
1.5667683828
5.2126597389
3.5998588153
0.3990926812
3.4562356620
0.8798384269
3.2683944658
1.2599353783
0.2814155674
2.1149358504
1.6403202818
8.7661155188
0.3285855296
1.0640988545
0.2432528994
2.6329630956
1.0953492693
1.4935319585
0.9516283931
2.6148046210
3.8464296283
2.3505671594
0.2962233361
3.7698925403
4.1198706033
4.1864793643
2.0833977112
0.6726017526
0.3445220962
2.6368916665
0.9677265751
0.4806122669
0.4255519321
0.4091121646
1.5205916351
1.1262658839
0.2957422992
5.2126597389
1.3543377928
0.2543554552
0.5953830121
2.1469545522
4.3951550243
1.4636270475
0.4234848397
6.8384554795
1.3340898532
0.7417337223
0.7628826110
2.4448658558
0.8358553350
8.6284965164
0.5960433639
1.0966740045
3.0254831707
1.1286701597
2.3554654451
0.1547272680
5.0179052506
1.8509173827
0.1657259889
1.7039898102
2.0498200110
0.6988215844
1.3571114040
0.7365387343
0.6118779638
0.7363510072
1.1064060543
0.2237380967
2.2804273704
1.0376811393
0.2716922023
1.2010319466
3.2794762670
2.4489914642
2.7352511867
0.4810675420
2.1740436385
2.4800238418
2.9600243735
1.4601658165
2.4844723368
1.1543310112
0.3092649423
6.2685361513
1.4873890716
0.5442124947
5.1179667089
2.2372126142
7.2544050050
2.0700873621
0.5633918855
2.4993429984
2.4325923356
1.6006481649
0.5068093649
5.6369797779
0.3764380753
3.2317043724
4.3593400242
2.1070570416
0.5683774295
0.6553396183
1.6603062321
1.7401654805
2.8091152143
1.7335256699
0.7970219437
4.1449788870
0.6199890970
1.9323158675
2.6632697358
0.3150083151
1.6749300574
2.9127964339
0.5962704528
3.2203779924
0.4895771501
1.8998746437
1.3047267498
0.3783366311
0.9039522468
0.6438690333
2.3472692391
1.7393114292
0.2508385222
2.1151216531
2.3864961943
1.0030540762
0.4853597323
2.2127696613
0.3809711227
3.8729877869
2.5340683639
4.8640619508
0.4253983847
1.4284624083
0.1598712771
0.5997449968
2.9930288024
0.3484361614
8.6667465652
0.7445220745
0.4211294199
8.9903472547
2.7362498650
0.6019562063
0.5357123273
0.1716961933
1.3492800396
4.0522105375
0.2382506302
0.5398162651
6.1752467561
3.0696872181
3.5571850872
0.8842889851
4.6501287025
0.2999821018
0.4288207169
2.0276561989
0.8187992000
1.9773357024
7.6063731784
0.5511267031
0.4418872631
3.5256452678
0.7064912155
1.0966740045
1.9436010922
2.9721548418
0.4153493124
0.3589948935
2.0136046944
0.4077329827
0.4994944537
0.1057924009
1.8417867124
0.1991152337
1.3374464634
0.9310541464
1.3531907980
3.9506775755
0.7726347634
4.5130200156
3.7537887488
2.5529511710
0.3670160685
2.5217385296
8.9624412222
2.0083194277
1.1896454143
3.1831103428
0.8913864662
1.1449349872
4.7900498616
2.6473219594
2.3124758906
0.9766862079
4.4083611104
1.3632291540
0.9735773270
2.5194880836
6.3558906113
1.4380161725
0.5228520676
2.8939985945
5.2562376270
0.4537819662
0.9352769654
0.5777609944
1.5521762733
1.8442599362
6.9053598380
1.5243380015
0.8232780690
1.0118190413
5.2852930708
0.8498884999
6.9854115669
3.5425823534
1.5175436868
5.5903058558
0.5676408185
0.2445373504
2.9373362110
0.6610069551
1.1423147356
0.9930400439
1.9574128722
2.4211901790
0.3075106166
1.2932934171
1.3374464634
0.2287261452
2.6834422058
1.3437379478
4.1996334399
1.1588605946
0.4610754947
4.1993475213
0.6763207951
4.1996334399
0.6510335613
2.6167785758
2.6184967471
5.4882198076
1.0559635012
4.9577719753
0.8371130874
3.7977477660
0.2050167964
0.5350779474
0.1643779138
1.2029928331
0.6164898136
3.3536112641
2.6150743997
4.5317198926
6.1883856818
0.2869185675
0.2028982015
0.5930931495
0.7397801806
0.3241333620
1.6392555983
0.6914056383
0.3941550598
1.9411045473
0.4514070623
1.8873506472
0.9875367498
0.2479032825
0.3647134711
1.0128527649
1.8832234494
0.4061045106
0.5548789271
5.7954621905
2.5147375011
5.6971235745
2.0219242983
0.5485364072
2.5430265244
8.3781246041
0.5611856361
0.6563301258
1.2605366083
3.3969570431
1.8480933525
1.3966734182
3.2203779924
0.9364755993
0.2211770040
1.3692958545
7.2846654689
0.3435197070
1.4127830185
0.2925456240
4.2316579762
1.7125960654
0.2129199501
2.7596800253
2.1823749196
0.4753492732
0.7514810818
0.1341229176
5.2347761334
0.1584650113
1.7878138284
1.1872743261
3.2030477885
2.3154676561
1.8771502076
4.2233600658
1.0094102571
7.8653445446
2.0548391598
1.2967800388
0.4036893001
7.8711475558
1.5591380468
0.6953657240
1.3805952369
0.9759376018
1.2151479175
0.7971871294
2.0393562405
5.2651719944
2.9675440434
0.6119525605
1.5388818797
5.3413803291
1.1885739610
0.2190052898
3.7698925403
1.4462181306
0.8423604013
0.7238436366
0.4723275666
1.1885848820
0.1246669675
0.4386313936
4.9530230648
0.8416954596
0.1310284998
1.2932934171
0.4835982892
0.3551668053
0.3592109854
13.1262286775
0.2797462790
0.3698978480
1.8771502076
1.3875941549
0.3789799508
0.2623707237
0.3258641269
4.0160311978
0.8745404759
1.6304098208
3.6016156570
0.3786520537
1.7988138464
0.2665698755
0.1423591654
1.7393114292
1.2982076573
5.5595923758
0.4561419552
0.1735431883
1.4636270475
0.1928982573
6.9053598380
0.8429707159
3.3129556146
0.9093131468
0.5290574854
3.3837058219
3.0287365459
0.8732814523
1.1242453231
7.0836416753
0.7576986992
0.3525148019
0.9197796481
1.2861368012
4.1967934029
1.1037881277
3.6678896159
3.2923620980
1.5045523367
4.2266256180
8.1017496879
0.8346000985
1.0817868197
0.8627376248
1.6326913639
2.9550321658
2.6699344913
0.7516377401
2.9951893524
0.3116780824
4.2838649004
1.0827987151
0.6991153984
4.4016953025
2.5325705577
5.9254619560
3.7806031043
2.4448656033
9.4784734875
2.0832248120
5.2598117780
0.3881242887
1.2205222925
0.2631094415
2.2239009522
4.3462357748
0.2636591266
0.9167599953
0.5273678089
5.5123516603
3.5141349453
0.6670239944
0.6213543552
0.6503356761
2.2943108638
0.6949074977
0.5893164949
0.3286564106
0.8496299526
0.1955645681
1.5533704908
0.2750733547
2.5452470165
2.8412786488
8.4499324763
0.7931594642
0.7090238440
2.1586245425
1.2270995594
1.8998746437
4.7890632912
3.1878996301
1.5936585625
5.1338503941
1.9041986011
7.3067691364
5.0806884419
0.4094821158
0.3300672836
4.9925633383
2.9500933353
0.2459758278
3.3130508017
2.7000557899
0.3879718874
4.5111046813
3.5243650246
2.0715165270
1.0920094459
1.0560758954
2.3099392019
5.7954621905
0.1136808833
2.2507742485
1.0476203804
1.1093535589
5.2852930708
1.4826970199
1.5819120572
1.5771235797
1.7010150454
1.0410809688
2.2075387589
1.5898319724
1.9796130301
3.6754446797
0.4956614364
0.9960822041
4.7383373228
1.2456982048
1.6403202818
8.9665085559
3.2300050526
0.2497521095
5.8418708416
2.9275352494
0.3666158072
6.5192269561
0.3543348064
4.1998764664
7.1610763761
2.1995987575
2.1676049255
1.5832616675
0.3552469789
2.6452865124
0.8662626894
2.5534481917
0.9934330587
1.4935319585
2.3578738795
0.3181351440
4.4161744250
0.5646317933
1.4553559814
1.9765367521
4.3641298898
1.6509672320
0.5565453130
0.2762854684
1.3156491038
2.7052658302
0.8593909898
3.9337983042
0.9743197139
2.5665665990
0.6241850432
1.4250414565
1.3373328491
1.1887394871
0.4348465233
1.9133471637
0.2338998750
4.3381903962
0.2652539476
1.2163148932
1.3988353302
0.2986833241
0.4919663352
0.9161529876
0.5508419102
1.3871473535
5.9258269325
6.3408725235
1.0113304033
0.4348465233
1.0004918829
0.3239529327
2.3300025375
1.1973288990
1.5463899193
1.4636270475
1.9317711229
0.2435941353
0.9279853770
8.3678834375
1.1349324478
0.2222902066
0.5836935655
5.5059238977
4.5821873769
9.0693491607
0.7984879035
0.2684839555
7.2071204267
0.1158741262
2.3885548437
0.5907962590
0.0983483151
0.4610754947
8.7810736681
0.4961836719
2.4019171962
0.1474478873
0.4230264619
1.3327051624
0.7683701438
0.4276371020
0.3484758036
4.3641298898
4.8419974920
2.1526000136
1.2789271230
1.5666135978
0.1526113192
1.2646187066
0.2330762116
0.8567559789
0.6138664191
5.5055311074
0.2997506224
0.4374223581
4.1864793643
4.6135823539
6.1123249555
1.4611312937
0.2723169229
3.5003663050
4.0520573040
3.1407218637
2.6335689739
0.9232623781
2.1805085499
1.6314170775
0.3972047982
2.1524512623
2.3240833299
5.9258269325
0.4080497625
1.5872263916
0.4022105054
2.4631983460
4.5812578626
2.5249857939
1.2010319466
8.7661155188
2.0072838180
0.5981213974
4.3641298898
1.2856084302
0.8295675478
0.4313663439
2.6167785758
2.9092642714
1.8026724207
0.3827914782
3.4943804263
0.3015632511
2.7695643155
0.8389318329
0.4829530629
2.5556216788
5.9399360500
1.1947425118
3.6105703348
0.5293894842
1.4565175636
3.2903876991
2.9205013897
3.0455488499
0.0710263226
3.3877238631
2.9866875874
1.2389773720
0.4655678728
4.9339253193
0.6356850247
0.5447365628
2.2453821330
0.5844024618
6.3794221178
0.9972473396
1.1880448548
3.0698015476
1.9497960630
0.2750350874
0.4045093560
3.6911663658
0.5630737698
2.4959217215
2.0054100765
1.5521762733
2.3730920964
2.7302947092
1.1536339055
1.3849312896
0.4429532728
0.4031301235
1.4128058472
1.5198540568
0.3022104377
7.1496356243
1.4698809260
0.5639162363
0.3195947276
3.2222743810
3.6332327661
1.8684363666
0.8072866989
4.7088158724
1.7850277775
5.0657049105
0.4942980960
0.9759376018
0.5103885573
1.4827912667
0.2181621423
0.6506041647
1.1144627345
4.4497951745
0.4559129710
0.4904846498
1.7955320610
10.2486624046
6.4365792771
2.1426991447
2.8206284198
1.5679502931
0.2909761686
6.1064760930
3.2194510934
0.9036969699
2.2099386151
0.2966058584
6.2851233927
1.5632247513
0.4365183324
0.9930400439
6.9053598380
2.2917960675
4.8730803583
4.5653834657
1.3483517209
0.5872229031
4.8395679353
0.8933243549
0.7906500324
1.7949203207
2.0530618719
0.5235462372
0.4836560317
1.0619187587
0.5961676805
0.3326461990
5.7961774971
3.6839509751
0.3992944206
0.5066865865
0.4277185119
4.8485388559
6.2851233927
3.4539197762
0.2507164202
4.0719755487
1.0341569171
0.4402919038
1.6601422429
0.9995264134
0.6525547891
0.2305400382
3.7149740454
1.9133471637
1.2969154288
0.3786520537
0.2785579518
2.3433898970
0.4153493124
0.4409738074
0.3278144612
0.3204274664
0.9723183735
2.3092781668
1.6064646356
1.5430901431
4.3995872034
1.3455276781
1.1119693989
0.3919282211
1.8387033954
0.6531711609
1.7682652789
3.0905655446
1.2220649001
0.9249685942
1.2431608129
4.2818498504
1.2428979754
3.4407813151
0.7355377469
0.4290789455
0.7364308400
4.4875127518
0.4225724252
5.2813634881
0.4889814850
3.1175557158
1.2884233336
8.9903472547
1.5887764247
1.9907279749
3.1244202268
2.8271987735
1.7764034608
1.1510479984
0.9606609619
1.3582141080
1.6520474197
0.4734937751
7.6823367911
0.5650709711
3.5684269847
1.2591979842
0.9016765116
10.0095313781
0.5355719382
2.8211740938
0.4580948417
8.3993568799
0.2813204392
4.4870462301
1.7926244017
6.6645075669
0.3586402604
1.2984583227
0.6446460516
1.0128283759
4.2440280849
5.4558767465
3.0525484842
1.2591892093
0.3176091782
0.8731552011
2.0832248120
1.9580502032
0.6526455145
1.1660071671
0.3151568384
1.1035615847
1.1108215414
2.1971706351
0.2286375687
0.5847238309
2.0658454841
5.2651719944
0.3448307631
2.4471601778
4.8033488534
6.0738398369
0.7308385917
1.3454215577
1.5946838800
0.7202611576
0.7399237994
0.2501907591
5.6686974512
1.0869083820
8.9903472547
2.1893982961
2.0453282321
1.2599288062
0.3451727280
1.2395703144
0.4329927518
7.2544050050
0.3735066304
3.2435645417
1.3957352713
1.0102545452
0.5186472330
0.4270072094
0.9969486983
0.3264144396
6.2685361513
2.5029711419
3.6390113559
1.8480810399
0.3457092641
2.2099386151
0.5239872996
6.3408725235
1.3437379478
2.4712759605
1.0805611044
4.8212419796
1.1025836247
0.9985166733
2.0089220443
0.6155969194
2.0255168837
0.1250610816
3.3030984885
3.4422286191
1.2255722460
2.3764904135
1.9035104962
0.4473509228
0.7996486826
1.7739314502
5.6686974512
2.0548391598
8.5226073218
0.8149681576
4.4330506579
1.1922371470
0.1952696115
1.5124456961
0.9338593613
0.4677988777
1.1286701597
1.1137829612
0.7554851719
1.6275188650
5.3840624573
0.5887951899
0.9406999707
0.4552804661
0.6363129331
1.1885739610
1.3846357386
2.2127696613
4.3344112621
0.2140497429
0.5947675907
1.0245520919
0.8557760129
1.5753677986
4.1249452630
3.7353467881
0.6431577903
0.1400607645
3.0138795754
3.5596626403
1.4827912667
1.6164022160
1.1148869640
0.8296951595
1.3186764087
1.4053592338
3.4044613773
3.5164175804
4.1218524499
0.6338264303
0.6079560628
1.6844932791
5.2745240572
4.9072641933
0.3046740011
0.9594271527
0.1127963813
1.5244650706
1.2983298318
3.5384138324
4.1781296196
1.5139260898
3.3325028187
0.5770473050
0.2717889389
0.8160999604
1.6844932791
0.2261814880
4.2440280849
4.0397700860
1.1286701597
0.4771880039
0.1959997852
3.1762753004
1.7440313022
0.8002850284
6.1883856818
1.3560746811
1.4094457299
0.9838407092
0.4846197834
4.3054635374
1.6074998392
6.0738398369
3.2778813173
0.8001724738
0.7979655264
3.2194510934
7.0645948560
0.5058905251
1.1178768047
0.5522917099
3.1555290165
3.6339188111
3.6262796837
1.4774240933
0.1703309342
0.8975007185
0.5115167121
2.8578860647
0.8651830092
0.4080497625
3.0286793739
0.9136208803
0.4055735278
0.8149681576
0.2603461375
0.4244806693
0.2695176565
1.2197616181
5.3413803291
0.9698493558
0.6381112396
1.9136299101
0.9197976091
1.2984583227
1.0251993045
0.5398895934
0.5664774028
1.7905513605
2.5770989995
0.1532151647
4.7088158724
1.1259372796
0.6815016991
4.6346771129
4.1135648145
0.7971483677
0.3519363280
1.7850277775
3.3563492390
0.9544071668
impossible
1.0338854901
2.8693872660
0.1566211877
2.3842956897
4.9923657666
0.5600756889
2.9304879564
0.7139766384
1.5995355129
7.3064608411
0.1659980114
0.3307332669
1.6886130939
2.1118168595
7.2899028723
0.8098466812
2.0454239324
0.9283462433
1.7428908216
7.6375763971
2.4017867893
0.9174131770
1.3833863277
0.5373672021
5.5951076399
3.0836140722
0.7054089026
2.1193618719
0.8096791697
3.1190428487
1.5429025237
2.9653141493
1.7888245258
1.0416908073
2.1098386158
2.7649194434
1.6275366937
0.4161053238
2.9550321658
0.9613765120
1.1975127501
0.5569620689
0.5719119823
1.8044431553
1.7739304972
1.7285431288
0.1892890067
1.4281000609
0.2699041029
0.5822919120
1.7018123887
1.7420995632
7.2544050050
1.4013909310
1.9407777517
0.5239676436
0.9516283931
1.4274914505
0.8989479770
8.3781246041
8.6284965164
1.1633649295
0.4647652184
1.9695253154
2.8302144158
0.7401874228
1.3014730538
2.4572171567
1.0986058708
0.1788891317
4.4904067047
2.8594925455
5.3333678348
6.9347177572
2.0956223111
0.4871758513
0.5268242975
4.2704920252
0.5128331535
1.1543310112
1.2165466283
1.0418612661
1.6602459665
5.4216055441
3.2275510754
0.7984879035
4.0191896111
0.8246573895
1.0964016574
0.2909761862
4.5701174291
0.3143422618
0.8653939195
0.3229813650
1.0033738784
5.4976542901
0.5140787817
0.6687245154
0.3657687238
0.5399152391
0.3929139078
0.7808668483
0.2489406121
1.3012612748
5.0179052506
0.1356149368
3.4404776891
0.7440120679
1.6587795540
1.1430466915
1.3047267498
3.5810181087
0.3063971086
1.1897804506
3.0696872181
2.3730075818
2.4517373920
2.3051872775
1.4640826630
0.4981870095
3.0307635939
0.5338225024
0.8491336624
0.5786706563
impossible
0.4940433654
1.9024123493
1.8958379632
0.5296545263
4.5891973821
1.0577746374
2.6167785758
2.2070218031
2.3864961943
0.4765340036
1.1531445236
4.9072641933
7.7273798281
2.8393644160
0.6270813069
1.9326272361
0.9089873482
2.3433898970
0.8292462750
1.9153371896
4.3066261911
1.2042657596
1.0894404290
1.9947309773
4.2745233120
3.8763262152
2.2062983865
0.3019003991
7.8844493762
1.2932934171
1.4683910845
0.3455412110
0.8086725506
1.4786217483
0.9815764219
0.6686824696
1.9534459552
0.7516377401
0.3522122895
0.5130604228
2.6292889991
3.2683944658
0.5635432196
8.2641847858
0.5147133344
0.1286437065
2.0117371797
2.1030181908
0.7303540670
0.7987082310
3.4542473946
2.1888863625
2.2166418068
0.2813624098
0.3322922953
3.6059011945
2.4209745267
3.4537883832
0.5666477819
2.0869308952
4.4516882415
1.2037911824
1.3056710892
1.5771235797
0.2795993213
3.9506775755
0.7989776937
2.8958185693
2.7906940100
3.7262476197
2.9753003132
1.0177204161
0.5176022567
5.3331644212
5.6421827637
2.7437653319
1.1474254103
0.6266828136
0.9702178030
0.5401992582
0.5762150797
8.3781246041
1.6210697413
0.7317032268
1.4760360294
1.3706443795
3.7790865364
1.3683625098
7.0634673342
0.1375588926
1.5771235797
0.6506041647
5.5595923758
2.6475659669
4.6569818498
4.9798860063
3.8084525166
0.5947044039
2.3700092625
1.9901993049
0.6055191699
1.8137215418
0.4365976690
1.7393114292
4.0215429265
0.2456947675
0.6182181550
0.1510276927
6.8384554795
0.2831100414
1.7213428742
1.7651461866
0.9016203461
1.5646305569
0.3889674685
1.5355868766
0.7670073679
1.2103913633
8.4498768105
1.7689737768
0.3321017836
2.8669508890
0.8094058201
0.8006842572
6.1308650506
0.4298357142
0.5333985020
2.9337949252
0.7599198346
0.4413996388
0.8913451317
1.3953566305
0.9797948686
1.4815220592
4.5830434626
0.2321326597
4.5111046813
0.8116019928
0.5815588680
0.4340414382
1.5525028483
7.6772418142
2.1040069132
1.6830835009
5.5951076399
2.4209745267
11.5345908942
8.0228358849
0.6048380869
0.6112157992
3.3561962564
1.9191320531
1.3463404700
0.4403617452
1.1539601740
0.8972738363
0.3460874801
0.2456926407
0.6538968622
3.6009732073
4.3374365237
0.4373590384
1.3266251041
1.9414889984
0.4868654645
1.0240347040
0.7080746771
0.5445228646
2.3567741446
0.3287627638
3.1734197273
5.5970011085
0.3792960316
0.9850815307
4.7564240306
0.6780666320
0.5092804264
1.3422489220
5.5970011085
1.6601422429
0.4440936071
1.9330776067
6.0738398369
1.4505459254
2.6212018825
0.6568583721
0.6739977773
4.9530230648
8.3036218892
1.4483582504
4.7371146917
2.6962391884
0.2464075522
0.7977911780
1.3917306087
2.4015915604
1.3003154957
1.7517577440
2.0927405242
1.9407777517
0.7245515963
6.2044481597
2.3864961943
0.7086789012
1.8813400330
8.2641847858
0.5144899458
0.3486867049
1.1803660107
4.7691625276
2.5450633867
0.8600567515
0.3233614116
0.2058244550
0.7913831966
3.5256452678
0.1881371644
2.2601813755
2.8609337673
0.4499188789
0.3667761171
6.5738104372
1.5412580385
0.6504506372
0.3368889750
2.0304577230
0.5836935655
0.8582519329
4.6142413295
1.5971357601
1.2921407965
1.6257804108
3.0205447763
0.4916389365
1.4925082787
2.7853538588
0.2792245941
0.5276419362
3.1175557158
1.5096882378
0.6055191699
1.5827878203
1.5461792337
0.5793326112
1.1121876077
0.1520462361
0.6600528922
1.5443156009
7.0457399980
2.1660554319
0.2153711818
0.0771571132
3.2295908603
1.0603621924
3.5753111858
7.9642210448
6.3697430989
0.4074577358
1.6071157469
0.4418513277
0.3791303727
2.5556216788
0.9882757980
0.6722911261
2.5682141827
0.6487720209
2.2617994593
6.7965643497
6.9398425144
1.5832616675
1.3966734182
1.6847853537
6.6216771736
2.0622565064
1.2780478381
0.4179318800
1.9818465097
2.1740436385
0.7301909433
5.1010205144
1.4975114172
4.3395638739
0.1494434208
1.0909302871
0.8084224280
5.3705914641
1.7738921206
6.5192269561
2.9526891984
0.8006819455
1.1381279389
1.8638547711
0.3559013108
0.0648440338
5.9624021360
4.0416497238
2.7542977949
2.6930550194
0.7308385917
0.5540700040
0.1936226183
1.1517325792
0.3093404556
1.2427681621
0.9698493558
0.5536053918
0.6156212586
2.9091509491
0.3437031588
1.1553583796
6.1505566995
0.7279495885
0.6131528374
1.1827987881
1.4405845210
4.4367420826
2.3750139725
1.3437379478
1.7467139472
1.0571920680
0.2235458819
0.7123969324
2.0164466642
1.7790801014
1.6602039463
4.9925633383
1.5051025722
0.1815254542
2.4755163475
6.4971926959
2.2562690254
1.1518505227
0.1761926166
4.6542967736
0.5008908354
1.1675027800
3.2194510934
4.5821873769
2.3313059422
0.4263896096
0.1743138361
0.9226586442
2.8056688655
1.3692958545
0.5347276443
1.8838711234
0.5965300634
0.3741816775
0.5235462372
4.2635798334
3.3837058219
1.7598769992
3.6948985801
2.0859623349
0.7989776937
3.7687900661
1.1340330043
0.2108457836
0.2591770351
4.1141027268
4.5891973821
0.8047415957
1.5031077953
1.5948373258
0.9407927781
2.9596218888
6.0242763802
5.4484621569
5.0806884419
2.0872990557
3.0352839021
2.2742424357
1.3156491038
0.3488022363
0.8433063402
0.9786038122
0.6801898955
0.8418038691
0.1500222914
0.2935793312
1.1141887535
3.9054097847
0.1467724466
0.8963445296
1.9072844078
0.4836071794
3.1448554946
6.0738398369
0.6282336658
1.2196020985
2.2453821330
0.3198036453
1.5825137973
0.3831633752
3.8464296283
1.0044751576
0.4551331586
0.7723035318
1.0376078285
3.2222743810
0.2268022851
0.6661864171
0.3695139254
0.5491493816
0.6612442361
2.1065003087
1.9817918363
2.0859623349
5.6755931516
1.1177561848
4.1998764664
4.7383373228
0.5969887409
2.2925569967
3.2214411352
3.1179533381
4.1967934029
0.2339612017
0.5780170764
6.2829188256
2.5788112727
0.6320261464
1.8450866042
3.7667218016
0.6506041647
1.1089515709
4.9072641933
2.0042892132
2.9147758251
3.7977477660
1.2763767889
4.6135823539
1.0360041199
0.9653669251
3.1190428487
4.6189953872
0.5947044039
1.0177088267
7.0453372188
3.3563492390
6.5703474257
4.5317198926
1.0033738784
0.4644142973
0.3341309161
2.3310640536
0.5392528765
4.2386082211
1.4609664592
5.2745240572
0.8905862996
8.1017496879
2.6666818473
1.0177204161
5.2745240572
2.9444109543
3.2108710725
4.0208289552
5.4484621569
0.3824925537
0.2520723614
0.6264176017
4.9377422517
0.9261138094
1.5633578715
1.5516631108
0.8947367667
2.2418229873
0.9760034845
6.4365792771
1.8995401025
8.9903472547
2.0183394586
5.3413803291
4.5130200156
0.6489021360
0.3326408234
4.4083611104
1.2795238457
0.3164226815
0.1786082853
1.9004016915
0.6131884697
0.3282174170
0.7353477263
0.6487720209
2.5835921350
1.5463899193
0.8180983730
1.3455276781
0.2402203797
1.9627834222
2.2075387589
0.5573535495
2.0498200110
0.1670402464
1.0418612661
1.5963421486
1.3243163287
0.4906546146
0.1529241509
1.6292806456
3.4542473946
2.0208934182
4.9671599223
1.1787766440
3.3941875826
2.2617994593
7.8844493762
0.4095745528
1.2139224442
0.3532828664
2.1586245425
4.4495212253
0.6845177886
2.9447132065
0.3804989727
3.2951830281
0.2501907591
impossible
0.6993579226
0.6930965834
1.1798712876
0.2742899668
8.1975238799
0.2124165385
1.8429826314
7.3895895201
5.3521868192
1.5422397879
2.4308748447
3.8464296283
0.1385639850
6.6959540154
0.8285711189
0.4075701981
2.6380310280
13.1262286775
0.6816370824
0.5639844667
4.6622277304
3.8038841138
0.5466107507
0.5979236699
0.0743150686
0.5526872738
0.8261770266
0.9410637422
1.4632283307
0.5243306074
0.5548789271
0.4778739886
4.9798860063
3.1762753004
2.9781480040
3.8912970481
1.0952429540
2.5147616237
3.3013748145
0.4039010633
0.9745782164
0.7080746771
1.9024123493
1.2225609229
1.1973288990
0.9010519415
5.3521868192
10.9285005650
3.2584574291
1.7733626766
0.3914884632
0.9655271596
0.4789092262
0.6225014479
1.2531300816
5.0768879314
1.7467139472
0.4755731211
3.9874941106
1.5832616675
1.6847853537
0.6849145370
2.0489962864
5.2813634881
0.7399237994
1.1367739174
0.8834852554
4.2266256180
3.1448554946
2.1382266309
3.3713187492
5.7628451514
0.8857872506
6.4093458111
0.8180654990
2.8293700987
2.2091746879
0.3989577166
0.8693542126
0.8626290979
0.8841801934
0.2993036093
0.3776968695
5.4267622213
6.4971926959
0.2261593578
0.4253983847
0.1907712564
1.1865022244
1.0652286970
1.3789001375
2.0493056107
2.0690202426
5.0722194315
0.2816163099
0.1648558902
1.3469977281
6.8200104593
5.4798495209
4.0147289631
2.0302700526
1.4378188478
3.4988633187
5.1338503941
0.9807110761
0.7836276273
0.4601407891
0.9211436131
1.6401641139
5.9612931158
0.7719696519
1.8626711861
6.4060024638
0.9695569307
2.2330181702
7.2139659185
0.3625306116
6.2160084393
2.3214137344
0.3744895351
1.1427791124
0.3671647673
7.9103734501
3.0073963810
0.6860352919
2.7039844110
0.4598344661
1.6417048624
2.7233910594
9.7816509181
4.1352105519
3.1904975289
0.9940939464
6.5706946482
0.3780764617
2.8233582177
0.7878793553
1.1872743261
3.5753111858
0.6710405207
1.0645712773
5.9624021360
2.3918681656
0.7404088779
1.6729256155
0.2197928002
1.4188926391
0.2334701398
0.4046809473
4.9377422517
0.8626889538
0.5478289579
0.2925955746
7.6183677815
4.9671599223
1.9522090448
1.1081825539
1.7183026610
0.8260583642
0.4634503662
7.0414549568
0.2682138285
0.3039725661
2.0759324200
0.4570780675
0.5039248879
4.2451054656
0.3803846394
1.6289698832
0.4905970738
1.5970765484
1.1614585493
2.5995515169
2.8271987735
0.3001451745
1.0897501125
1.1764667127
2.8693872660
0.8211623302
1.0598119519
0.4836965414
1.1787766440
0.4358513243
1.6821005589
4.3099894758
7.2846654689
1.2165466283
0.5638763178
1.9953339623
2.6603946590
2.1125136345
1.8192408768
1.2522022214
3.0698015476
1.9636051605
2.4250726562
0.2736506643
1.6143909754
1.0671713631
4.9377422517
0.4519629592
0.5118101570
1.2333934813
1.9796130301
6.0969620501
1.0096216483
0.6471275876
0.6843968533
5.2347761334
0.4501224396
1.1423147356
5.9066902698
4.2390946312
0.4166195204
1.1471241229
2.4655801590
8.3993568799
0.7242752954
0.7702992835
2.7906940100
0.3592109854
1.6257804108
0.3280599591
0.3523414202
0.8082617061
1.5243380015
0.9127798144
9.5030104085
0.3722161934
0.5223692894
0.3283537234
0.9194050216
5.0534403740
0.1617641609
2.7762689887
0.1494869223
2.0895161986
1.2052144110
0.8386588817
1.0820056100
3.5384138324
6.9398425144
0.4954980964
0.5901207615
1.1449349872
6.9854115669
8.0769158380
0.8636489893
4.8730803583
0.9790154372
1.7177705753
6.9685943387
1.4944698907
1.9580502032
1.2544400028
0.8516882824
1.2696992049
4.5891973821
1.2167280173
1.9796953178
0.5875247676
0.3266438171
1.9133471637
2.2138989369
0.5319293026
0.9408323320
2.2418229873
3.2794762670
2.2451641740
2.3931985754
1.6493329725
9.5030104085
3.9054097847
5.4976542901
0.5114354517
1.9949762925
0.7060784833
2.3359555309
1.1612862747
1.1876906539
1.7993602487
2.9793070498
0.6900479739
3.6611522174
2.6190128061
1.4742551981
2.0832248120
0.8148474960
3.2428061341
8.6667465652
2.2517632719
0.6894362864
4.0738976395
6.1308650506
4.1006377584
2.4631983460
0.8778315249
0.8065654873
0.6350623099
0.4810675420
1.3839602491
0.9063625018
0.2395997619
2.2075387589
0.2925955746
1.8950056766
0.8651830092
1.3596496715
3.2827954919
0.1349370128
0.3206623821
0.4763439376
1.5633578715
0.5552665255
0.3569199135
1.9367266818
1.6695504020
1.2411456681
1.3492800396
2.1040069132
0.8139038362
0.1767371826
2.1676049255
1.9796953178
0.2823119880
1.1051532015
5.0315441001
3.7323070861
0.4833289755
0.5055768035
0.1899651766
2.4493950303
0.8803437321
0.7562346540
3.2183800134
0.1696931044
1.5028312847
7.4494328372
0.5239676436
2.3204175427
6.1064760930
0.5548789271
1.6316624959
6.0242763802
2.2087375047
3.4562356620
5.1338503941
0.5273678089
1.0742267465
0.3884360040
2.9946015670
8.0228358849
1.2087734889
7.1798827119
8.1593517137
1.1300042746
0.6375335958
1.4698809260
0.3595495151
0.2702628387
1.2738502811
2.4448656033
2.6603985380
0.3206707693
5.5963089849
5.5595923758
0.9866062829
1.8650872167
0.1780617850
9.6144802136
0.1413881363
5.9066902698
1.8909361534
1.5411254010
0.4010739493
0.9811001648
0.5909094472
3.0157487060
0.7391408082
0.1096606273
1.3437379478
3.6111008619
0.4160778993
7.8711475558
1.1118747503
1.1081825539
4.3686443106
4.5317198926
3.5753111858
0.6525547891
1.5989294995
2.9440612261
0.2710492723
2.1094389282
2.0000000000
1.7472473621
0.1770537979
1.6604068073
0.9049283021
0.0563821473
1.6323193322
1.2781918803
0.3929170690
6.7639320225
9.6144802136
0.3361850226
0.7672251129
3.2208342539
0.3564911089
0.1138894975
1.7029349710
0.2884742521
0.5694077466
4.9530230648
1.5698717561
0.1891388604
1.6412380373
0.6898693777
0.5742960731
7.6375763971
2.5095843482
3.0205447763
0.7448346235
1.3572236655
1.0101005663
0.8956275997
0.5097635379
0.0706257993
1.3699902225
5.7954621905
0.2100167712
3.0621486017
0.6921370162
5.2813634881
0.9393294531
1.0351250844
0.3794670772
2.9953315072
0.1821557234
2.3433898970
1.1741047828
5.0534403740
0.5212405273
0.5556000338
3.7323070861
1.2659249064
0.8583832714
2.7314614092
2.1660554319
4.5812578626
0.3893576495
1.7249617014
0.6413828966
1.5121442150
1.2322611636
1.2881580530
4.8636072864
2.3864961943
1.5698717561
2.5418096953
0.8888113312
1.0733346476
2.0530618719
6.3697430989
6.1249082557
1.2639370150
3.8756216315
1.8696654414
1.6997065467
4.7950024443
0.5643745594
4.5542931996
1.0645712773
3.2975542329
1.8175210200
1.5838845909
1.2010319466
0.3902491625
2.1991909871
2.4985546480
0.4313663439
1.5284234865
2.3730920964
0.2050937190
6.1752467561
0.5969620379
1.1663300857
1.6139528449
1.7221398771
6.0205425823
3.7537887488
4.9276154314
1.3101289984
0.2050634196
4.3487247391
1.8746696352
0.4127606373
5.1104359973
0.7266196406
1.9209722013
0.9348100512
1.9723785346
4.0989183684
1.8577936629
3.2272860607
1.7988138464
3.3129556146
2.4670932975
4.6586819355
0.7211172195
1.6004051799
0.3849424784
3.6332327661
3.9591634764
0.5280444819
1.2813928969
4.1392085630
1.0096216483
0.4921289507
0.6428264301
0.6879095628
0.1472289703
2.9951893524
0.6108596337
1.8197789391
1.1362664748
2.6473219594
1.7287194307
0.4299313927
1.0934144969
8.7921278156
2.6582802361
0.5937677561
0.5629786442
0.1435525262
1.3391293840
0.8332854734
2.6137510902
0.6143017188
2.8118486664
0.5289285163
3.8464296283
3.3837058219
0.9319443673
0.2560520238
3.2209026525
0.8929837009
3.2351610845
1.3534652811
0.6228923853
4.4225491166
1.4622961769
0.7818969226
2.1149358504
1.4944698907
0.3170555631
8.7747559377
0.5985244283
3.7687900661
0.8006149847
0.4942191284
3.0138795754
0.4596322422
0.4263896096
5.4766085653
4.1616131379
3.8464296283
0.4792589062
4.8512903675
3.2392120354
2.2558394917
1.0102545452
4.6142413295
5.6542302659
0.5793326112
0.9588210701
5.5970011085
0.9027939878
0.3132028056
1.3571114040
4.0215429265
0.3874967703
0.3964183333
2.9166826195
0.6996000497
2.3437695518
1.6380535215
1.2421864198
5.7628451514
0.1574813893
7.0836416753
0.7484369999
0.8858460280
0.5139005996
0.2884056103
0.4171392817
1.8061959242
2.2855555327
0.5859579801
0.1760168559
2.2311223965
3.1031678382
1.8275947760
0.2347408552
3.4539197762
0.7692596022
1.1286701597
1.6714674588
4.5155483572
1.5408688809
2.3085458912
1.1719786190
2.4061756666
2.5282512700
0.2455138605
2.0925231889
0.4440749295
0.5426854405
0.4812055076
1.8002363619
1.3683625098
2.3698530365
0.6834982248
2.1908932648
0.2602557096
4.6735922829
2.4888012837
0.2109233681
0.8526984447
1.2394003908
1.7807683675
5.8702758369
0.6476221564
0.4692799204
0.1066147454
0.3573777189
2.4209745267
0.5716393433
1.3374464634
0.9340942954
5.7452796958
2.4788354319
4.7088158724
0.3451445908
4.4870462301
0.8430892928
0.3039725661
1.4382978531
1.0940546076
1.8275947760
1.3391293840
1.1242453231
3.7806031043
2.3505671594
0.6341345826
0.5294989446
0.3131497500
1.7843669209
0.2375957210
4.3062305750
1.1164321762
2.1186038327
5.8899216595
0.8253118946
6.3558906113
1.3184391588
1.2962595993
0.6461496566
1.7512835556
0.5824817166
4.8212419796
0.5446365550
2.6473219594
0.4441952692
3.1859597155
1.0608793647
1.7476437800
1.2685082353
0.7697520482
0.5659610750
1.3849312896
0.8296249067
2.0177348262
4.9025172971
4.4016953025
3.0287365459
1.5560260180
1.3915963865
0.7822598797
0.8636489893
4.0989183684
2.1599975082
1.4300933273
0.4801827553
0.2359052775
5.3869276705
0.2844022597
0.3644000422
0.5032362667
3.1141422901
1.2762757301
0.7122382265
0.2583656287
1.2925697149
0.6396722407
3.7531865105
5.9317334058
1.1325081491
7.0453372188
0.2570938699
6.4167094754
3.8473441462
1.1973288990
2.4895083202
0.1474478873
0.3773343047
0.1557397565
0.9702178030
0.8082617061
0.5382174061
3.0112957197
3.3561962564
0.1209344183
0.2411791072
0.9792271562
0.8671244696
0.5792674492
6.2752964794
0.7054089026
0.1888379642
9.6722937300
0.5791599144
0.6474795322
0.8418038691
0.7876452922
0.4902935889
1.3762689009
0.4027866398
1.5832616675
1.0593946531
0.5800575559
0.8947563280
0.3733995998
0.4467206492
0.8245912321
3.2683944658
1.4101422507
4.0738976395
2.2473470519
1.0030540762
1.2323590361
6.4741048373
1.0800609301
2.5147616237
1.1079181451
5.9203118516
0.4933365030
0.2600278943
6.2946757201
0.3826667130
6.2044481597
7.0987201034
0.2715791941
0.8186605519
4.4316018969
3.1175557158
2.0276561989
1.9895982746
0.6884817418
2.0276561989
5.2649908760
0.9935714253
0.3741363064
3.1762753004
0.1777708312
1.4505679352
2.1740436385
4.1967934029
0.5901207615
0.5758521206
3.3357389460
0.8945992492
4.4016953025
0.4039689886
2.1011486942
6.3217393544
1.5891921110
0.2080607809
3.3941875826
0.7297086038
2.1586245425
2.9407233123
1.0608487820
0.8364043325
3.7667218016
1.0219052095
3.4902643176
1.2698983402
8.5757469792
0.5344854848
2.5022794480
9.5030104085
0.8108093284
2.9625429924
0.3324127593
1.2887274601
5.5080815676
1.2069568702
2.6292889991
4.2818498504
5.4466267219
1.5899385271
0.3038852169
1.2738502811
0.5025150397
4.3462357748
2.2309734741
1.8844089814
0.3062419764
1.7130811032
0.2639334286
1.7739304972
0.7755306187
0.9969383913
0.4870669057
4.8395679353
0.3490609572
0.2204085282
0.7129082006
1.3312269611
0.5723380011
0.9182548586
4.8636072864
5.2850981473
1.4029442998
1.6624152737
0.2335359505
0.7688026675
1.5347992598
5.4732946202
1.6947099823
1.7988138464
3.1879329650
1.2396911245
6.9295850406
0.5149086718
1.3735658554
2.1058598802
0.1720726142
0.6898693777
0.2190644766
2.0562720485
0.8655054537
8.0828326055
0.7207646052
3.3871076674
1.8131894421
2.4006373681
1.6729256155
5.7363741750
6.0969620501
5.2649908760
0.1381716820
0.0497041245
1.5427334639
4.9896974007
3.5566250099
0.7122382265
4.8374295333
0.5090808143
4.4909664840
0.3152189633
1.0511221432
0.7269107088
1.8738759396
0.3922244408
4.4870462301
1.3606799275
7.1351335392
1.4311210807
1.3305744064
3.2352075976
0.7572651842
5.7826842303
3.2336019891
0.5024654846
1.8685257701
0.8454379916
0.7191115503
4.0907329022
2.1151216531
0.1775052391
0.2042268297
4.8330022520
0.9826153209
3.1070123676
1.1046077829
0.2552521936
0.7207646052
0.8254096571
2.2685021344
0.2117928670
0.3128702834
0.3750020833
1.9534345433
1.5945183854
0.5561881972
0.8044692007
1.2497481877
1.1825013689
0.6987097317
2.6834422058
1.2963081556
0.6166719705
6.2917973461
4.8582273524
3.5554115692
1.0986058708
5.1010205144
1.7472473621
0.2790464800
2.4421627774
2.3248021989
1.5411254010
0.5457928758
0.9796634688
1.8327745850
4.9018322449
4.2316579762
0.4975317360
1.5134831246
3.4537883832
4.0762337495
0.5022573481
1.6645241501
0.6383721464
0.7873607586
1.6932962956
0.8436437990
3.6339188111
1.6837943751
2.0832248120
0.6930965834
3.3023038883
1.8609779153
1.7218331270
1.2441740538
1.9566577764
5.2562376270
3.6236749248
0.4441216581
3.2817112300
2.2070218031
0.4698063516
4.2440280849
0.4826261063
0.3959377997
0.4100641156
5.2314362455
3.4914700297
0.4525469867
2.0769216360
1.1342156397
1.7453742908
1.0752884705
5.5970011085
7.6449595087
3.6102525412
0.8295480062
1.3744912356
0.6559260617
0.5943009171
6.1752467561
1.8455445012
1.9229403321
3.0157487060
3.1122473574
4.9377422517
0.8534660300
0.5299333171
0.1985600559
0.7614471147
1.2102553023
1.3744912356
1.5404980600
0.3473727066
0.6984362725
0.5049010993
0.2038993369
2.7746606450
0.3527206668
0.9594293397
4.0680867718
0.5695452254
0.9356781615
1.4012516872
1.6393971096
1.8941346671
0.7434869585
3.2975542329
0.6626083211
0.5985642780
3.8113247220
1.3899274884
1.8044431553
0.9848630640
1.3014730538
0.3117866226
1.3242492017
4.7564240306
0.2600229354
0.4127894755
0.5953442825
4.1108132006
0.1952696115
3.9792424281
0.7033981369
1.2431984178
3.9337983042
1.7352061062
5.2497114321
5.3534471426
4.7646725512
1.0248361130
5.3674643437
1.1051532015
0.8006149847
4.9896974007
1.9707748049
0.4933365030
0.3416212559
6.1327730939
1.7531144415
0.7688026675
3.9337983042
2.4670932975
0.8318844323
3.6339188111
1.0778969998
1.5212787920
0.1285320682
0.4378835749
6.0205425823
0.5287994623
8.7810736681
3.1138739610
0.8738936888
2.1605251786
8.0228358849
0.3504017558
0.6683400298
1.2800192079
0.3790476718
2.2563390416
0.7488729965
0.5757662451
1.0688669117
3.4539197762
0.2742899668
6.2311845625
1.0466622657
1.2810337368
2.1346385100
2.5787923032
1.9411045473
0.5723380011
3.7687900661
2.3204175427
5.3705914641
2.1346385100
2.5306249791
2.0055915093
0.7164970872
0.7217139252
0.6186599445
0.4929375174
2.2887906422
0.8583832714
3.1477696503
0.7364688308
0.1538326845
1.6517365486
2.3364190782
1.2130620463
3.8624866889
1.6326913639
0.2063590440
1.2627133977
1.4750692360
0.3146928926
2.6137510902
0.2970620148
2.4421627774
1.3095923739
2.2052578529
0.5399130676
1.7790211151
3.0468653732
0.4861916721
0.4939503170
0.1460488789
3.3915990839
1.3355327162
3.2214411352
1.0262954406
3.0707456024
6.4971926959
2.9981060740
3.8278885210
4.9377422517
1.6417048624
0.5800452771
3.0073963810
0.3322917437
0.8525728961
0.6273951099
0.9116946989
0.2933168427
2.2994585969
1.4622961769
1.4188974138
1.7590227836
0.3979712541
0.2823085794
0.4552242864
1.2672723277
0.9987601830
3.5524833408
0.4940433654
0.4644674559
1.3904263199
2.6060381267
1.9369031818
0.8896461211
0.2038667077
5.0534403740
0.4690952296
1.9882316386
0.8081924436
0.8129397541
3.6948985801
0.4286210538
1.2395703144
0.6553396183
3.5722409745
0.2788517559
0.5751877802
1.7056134707
1.3537461993
0.7231981568
1.7018123887
0.2235458819
1.7620051503
1.7287194307
4.5187642682
8.2779507184
4.8212419796
1.2592974386
0.8058163311
2.6232331240
2.8302144158
3.2208342539
1.2037911824
4.2321342770
2.2485100305
1.2733573876
2.3924791024
1.6323193322
3.9165850867
1.4067491854
0.1703272280
0.1345172700
2.9991856015
5.9066902698
2.2418229873
2.0832248120
1.4499852110
0.4463944659
1.4284624083
3.3325028187
0.4803934249
0.6594119064
0.8519200725
0.3618152804
3.9758483061
0.6394092435
7.3510441628
0.7555676016
1.8609779153
3.9495194369
0.5176467085
0.6983801281
0.8451212528
3.0905655446
1.0362217000
2.2917960675
3.8084525166
0.7518808975
0.2790705458
0.4978835562
1.0626380330
3.2435645417
0.7049248142
1.1398634562
7.6375763971
0.3691144050
4.7383373228
2.3875812218
2.4670932975
0.9402878317
2.5619669586
1.1302109572
2.5095843482
0.7093012742
1.9035104962
3.5243650246
0.6419540624
0.7567225234
2.2325437618
2.0800140847
6.1123249555
0.6699348397
2.1664931123
3.3110613922
0.6131884697
0.9029055973
0.8913978511
1.3324068981
0.8877768194
1.2223977382
0.6018281888
3.5596626403
0.3922381453
0.8541381904
0.6109411708
0.4382832550
1.8453151168
4.3955854321
2.4968458154
0.8423604013
1.3412844312
1.3590309449
0.3975048560
0.6880980344
4.7852595820
1.7955320610
0.7664352226
1.7103629539
4.6449237371
0.4143621784
0.4471261217
0.3760192987
0.3716498736
2.5420305274
0.8871708121
2.6167785758
7.0634673342
2.8128587498
7.1496356243
0.6703223398
0.2144150912
2.8271987735
4.3593400242
0.4857917544
1.1121876077
2.0042892132
0.8048816950
1.7680895810
1.3875941549
0.9163575051
5.2947297449
0.7932552353
2.3107475305
0.4674653777
1.7567096920
0.3652740381
0.3952363427
0.3668454516
8.6667465652
0.9327960706
2.5454743256
2.6553408395
0.4312704756
0.5280602920
0.5569150788
0.5114354517
0.5882513208
8.2779507184
1.0240347040
3.6105703348
3.1244202268
2.1926838630
0.4184906885
0.9096920633
0.8377371319
0.8973959042
2.9981060740
1.9895982746
1.1897804506
0.5979236699
2.9835547104
2.6361119118
5.5915292919
1.5028312847
0.3622251676
6.2685361513
0.2913572701
0.7082792074
0.2399065752
1.1072063606
0.4546460786
2.5539660740
1.7949203207
0.2791154185
4.5834916688
0.4232040953
5.5123516603
0.8297001467
4.0552144916
1.7822487066
1.4116759006
9.6144802136
0.6234686262
1.0240347040
0.8262857048
1.9662069880
2.2601813755
1.2044181100
0.8113474794
4.0699955548
0.7353477263
4.7198745422
1.0935376959
0.3079134600
5.4558767465
1.5167954751
0.4251660335
0.5336474751
3.9684547621
5.5915292919
0.8742740169
0.6533828688
2.0453282321
1.0836864378
3.0868084813
0.6320261464
3.3023038883
2.4114144985
2.9373362110
2.3364190782
1.0153821395
0.5134336148
1.1681807215
0.5039332999
0.8800410020
3.3934530175
1.5942280291
1.9035104962
2.4743432399
0.8082617061
1.0757309623
1.3780971980
3.7149740454
0.2500291018
3.9165850867
0.2671579984
1.1536907880
2.7542977949
1.4307404664
2.2702250706
6.3794221178
4.3955854321
0.2501907591
3.4404776891
0.3094933422
0.5895394687
0.5945779371
0.1289770123
1.8230692396
0.3922381453
4.2796573431
1.5652230310
6.9547224498
0.3660287357
0.3403029892
2.6466119568
0.2664906204
0.6769725212
3.4142680329
5.7673958192
0.2871999283
0.7725219009
0.5685815415
0.3357316628
0.7878164556
0.6973144253
2.3885548437
2.2763101405
0.4031042313
2.5306249791
1.8696654414
0.6712425542
2.8056688655
2.0151032185
1.0130922057
1.1224737094
6.5192269561
0.5652087090
1.1097802742
1.0074883517
2.1403729746
0.7503974143
0.9010519415
0.9037443704
0.4985653558
1.7790211151
2.1323082885
1.1563069439
0.9407927781
2.3842956897
5.1515735993
4.9379287450
1.4281000609
3.6493578119
7.1782733261
1.4061696986
0.8157821636
4.6346771129
2.6373224483
2.3959586558
3.4142680329
8.3781246041
1.8044431553
0.8461478547
3.7537887488
0.2925955746
1.6219131057
1.0288108005
0.4559717402
1.2877741921
0.3860068346
0.9548792311
0.8356389168
0.6621793888
0.8492315894
3.7572113044
0.2736506643
3.5998588153
2.2009664426
1.3250778668
0.4885469068
8.7810736681
0.8667376683
4.0208289552
2.4710848497
impossible
0.7167187009
1.2336541161
3.6743581193
0.9192709047
0.2080607809
7.8653445446
1.3192608700
1.9369031818
1.0450574074
2.2009664426
0.7628826110
2.8463484098
2.2660057134
1.7393114292
0.6437697159
1.5926810184
0.7729034517
1.2609324737
0.6188239261
0.1952696115
2.0183140063
1.3191919619
0.7086789012
9.4186272361
0.3837833066
0.9930400439
0.8428905242
6.5813859651
0.7438160091
5.9066902698
0.2140497429
1.4410023972
0.3146928926
2.1870155033
0.9268052739
0.4800563713
1.3591269602
0.0920661736
1.8974089668
1.0728861204
0.9874571546
2.9205013897
0.7516933346
0.8383979964
0.9866062829
0.1710052402
4.2041755427
0.9589078360
0.6375335958
2.3490550709
1.0451462454
1.9041986011
3.5571850872
0.1269888359
3.5740883121
0.6589909556
0.7037475459
4.3462357748
0.2004767912
3.4537883832
1.1680605457
0.9911667954
2.4137768876
0.4358513243
1.5753677986
5.4798495209
1.2486150883
2.9958434550
1.3175735162
0.8435100315
2.8998554721
0.1590414071
2.4193531047
1.4105576134
0.8144662961
0.6972880632
0.9649470697
2.1291988802
3.5684269847
6.9547224498
0.5970967007
0.4313809053
0.9035878623
6.2055055611
2.2206350968
3.2965603830
0.8312766164
1.1950163838
0.1730321948
0.9837288758
3.2552050120
1.1300042746
1.3095923739
3.8464296283
1.4452888913
3.1555290165
1.7249617014
5.5055311074
1.1864300174
0.4993905209
9.6888682033
0.1259997159
0.6205217490
1.1121876077
0.7317032268
0.7506468427
0.6704185263
5.0534403740
1.5943184135
0.2049648590
1.3374464634
1.0752884705
2.0863855229
1.4512958940
5.6369797779
0.3594456835
0.8374788265
3.4276671653
6.1064760930
2.5820298360
4.1449788870
1.0067919265
1.9072844078
7.2846654689
4.9379287450
2.4904249595
2.8273681204
0.5808453969
0.6204887281
5.5595923758
3.8955915880
6.9295850406
3.8038841138
0.6381112396
4.2316579762
1.7440313022
1.3988353302
2.5362435506
2.9596975783
2.6475659669
0.5797320687
6.6959540154
1.4127830185
2.3582755817
0.3497194546
1.1297562554
3.4388968895
0.1602452599
5.4166852686
0.2157794914
3.4335282441
6.9295850406
3.1976315040
0.3538148797
7.6183677815
1.4462181306
8.1975238799
7.8668637515
1.9115463520
1.7057929556
1.3890706522
0.2746755474
0.4290789455
0.8654636551
1.9564912229
2.8035949497
2.5705792445
0.3218363841
0.3734118088
0.3818187068
1.1837119755
1.4452888913
0.4477512885
1.0909302871
1.0966740045
2.2954448952
2.1908932648
1.8936612929
4.4516882415
4.0522105375
1.0598119519
1.5121442150
5.5012230614
1.8850798833
0.6683400298
0.1587020738
1.7738921206
1.0034030123
1.2364524788
2.3781009552
6.2752964794
0.9940740959
0.4717508346
1.3469977281
0.2898870541
1.1614419341
0.8894863270
2.6525941455
0.5603836901
1.2053103956
1.3985292518
4.8330022520
1.2800192079
1.1931039748
0.7125016323
1.3293051058
4.2635798334
0.6487720209
0.1932986721
5.8901046466
1.2165466283
3.4832228972
4.9530230648
0.9676366478
0.1558510907
1.7057929556
1.8974089668
2.0715165270
0.4254294660
4.8640619508
1.4866049454
0.4370885703
1.4492185366
2.0287150980
7.3137313605
0.4393481948
0.5033508891
8.1017496879
1.1309698444
0.6338358977
0.7210557915
0.0877644560
3.1549751552
4.6135823539
0.7618689176
0.3963130119
0.2501907591
8.2779507184
1.2112146541
2.8211740938
1.1246115969
1.3134603125
0.4378884781
4.0719755487
3.1912147483
4.6189953872
0.3972236738
1.0822088851
6.5706946482
3.8912970481
2.8867244928
5.4088465158
1.3542237452
2.4591562275
7.0461945941
0.9161529876
2.0822434068
3.8473441462
6.8384554795
1.3584711495
5.8702758369
0.5184928697
0.2035929228
0.5158705533
1.8192408768
1.7130811032
2.0072838180
2.1586245425
1.0519419772
1.9035104962
8.1975238799
0.2997128535
0.4574040105
0.8445424427
1.5330382402
2.1029418130
0.4779007235
0.2834531368
3.5554115692
0.2405631302
1.8650872167
0.2456947675
0.6984362725
4.7383373228
5.4766085653
0.3576683965
2.3092781668
1.3847766119
1.0807212805
0.8084224280
1.0416908073
0.5752565334
3.4335282441
7.0634673342
0.4179624679
0.3745336331
0.4708492223
0.4609473607
1.5232618136
0.2552318870
0.8857381179
4.9379287450
0.9164682271
1.0586930332
0.3123500875
0.0999811431
1.5521862814
7.3895895201
0.4005465819
0.7505657677
0.8531223843
9.6722937300
7.0836416753
1.1043361191
7.4349932988
0.3213051657
1.1697921246
3.6886919035
0.8822699284
1.8854680272
0.9360612014
1.1141887535
7.0836416753
2.9407233123
3.8382575168
4.8636072864
2.4572171567
2.9722641677
0.1030641428
1.6509672320
1.4636270475
0.8135764047
3.5186424176
3.6262796837
3.0935339190
4.3686443106
2.9866875874
5.5915292919
2.9807412476
0.9613765120
1.0729605046
2.2075387589
3.0696872181
0.9430539132
2.7176430337
6.2685361513
0.7798800274
0.8531947059
0.8469624378
1.5458754722
3.2194510934
0.9930400439
1.0518571784
1.2006858019
4.9377422517
1.3141765622
1.1700890305
0.5909094472
1.4128058472
0.2554821668
1.7598769992
1.5882407597
2.4006373681
6.1272727582
5.9066902698
1.1741733615
2.8025787815
0.8768827648
0.9544071668
0.5757215889
0.4636997636
0.7531861245
1.9791463219
2.0433612010
1.3463404700
1.1625241066
0.5445422179
0.6105825101
5.7893970781
4.9050104958
0.4895526499
0.3558890448
1.9723494049
0.5340525394
0.2011118497
0.5602085369
3.0509491234
1.4565913623
0.7235225613
2.5737046156
0.1331654910
1.1518505227
1.7757440380
1.5521862814
1.5878986079
1.8134780325
7.0634673342
2.2873479429
7.9149510597
0.3766359440
4.8330022520
2.2994585969
0.1934957479
0.7224443085
1.3242492017
1.1510479984
3.6743581193
3.5309891777
0.4003060962
2.2311223965
3.4422286191
5.1072343409
0.5048982431
1.3966734182
1.1756208367
0.9811001648
0.6831546970
1.1166313006
7.4349932988
5.3333678348
0.2901185453
4.0643645178
6.4147691749
4.6382336954
2.0219242983
3.2183800134
1.3863310736
2.5788112727
2.9946015670
0.8337372591
0.1725253614
1.2130620463
3.4294135343
1.3572236655
1.2140503327
0.5676797001
0.5418623969
0.3487378314
0.2519705388
2.2660850289
1.0128527649
2.0925231889
1.4094457299
1.3197123813
0.3638578938
2.1520051191
3.8624866889
1.8495635373
6.0242763802
1.0005281735
0.2338449065
0.3066058927
2.4006373681
6.2044481597
0.5125123203
5.0657049105
1.0507815700
1.6694745855
1.7370936106
4.0648744324
3.3104681864
4.2796573431
0.8040376773
6.8460825287
1.3706416800
1.0715016069
1.4499852110
0.2382506302
0.1868777041
1.8684217933
3.1503214226
1.7352061062
4.9530230648
0.9038674050
1.0735658830
1.0964016574
2.5095843482
2.9166826195
0.5632742525
0.5864442580
0.7954513326
1.6257804108
1.1789867769
2.9373362110
0.2109788893
2.1740436385
0.1585607800
2.7441628002
0.8435705787
0.7362372121
0.5306399959
3.1195872249
2.6962391884
0.5506297140
0.4926422785
2.9688409456
1.4866049454
0.1460493063
5.2071027000
6.9854115669
1.5698717561
0.7402955663
1.0144479317
0.9420886647
3.3437160599
2.9352068904
1.0193781139
1.3875941549
0.7862687482
2.2873479429
0.1244410763
0.8892147151
0.3033117591
4.9377422517
0.5131338839
1.3412844312
2.8035949497
0.4754594209
0.3942505375
3.5089801948
2.3578738795
0.4329559646
0.3385862165
0.7817461950
2.3965925580
0.9403240671
0.8134440475
0.8329964195
3.4819158365
0.3292438352
2.0859623349
1.5037621351
0.3961770465
2.0292067542
5.1515735993
0.7774345019
4.4870462301
1.8626711861
3.6390113559
3.9165850867
0.9702178030
3.0509491234
0.9831715576
4.0520573040
0.7507505313
0.4121503918
0.3387671575
0.5800452771
0.8496299526
1.4462181306
9.1121575143
0.1924375294
1.3570237077
0.3613697964
8.7921278156
6.0298518995
0.6231353531
0.5220083603
0.3229813650
3.3023038883
4.1812872126
0.5820905241
5.6421827637
4.9530230648
6.6132639746
1.3250778668
0.2557686960
1.0421974307
8.2051311074
2.2453821330
0.4895526499
0.8385232788
0.5165143305
0.8468861327
2.0530618719
5.7825184928
0.4069918280
0.7409362719
1.1416040311
4.6622277304
0.7049047084
2.5835921350
2.7649194434
6.3217393544
3.4537883832
0.1956845683
1.2984583227
0.6268496979
3.5524675626
5.5903058558
0.8072664171
8.0228358849
1.3591269602
0.9285223773
0.3821172344
1.6228344219
0.7618689176
0.3132878525
1.1398634562
1.4531843975
1.4492185366
1.0986058708
4.4514940350
7.0457399980
1.7731858369
0.3126509829
3.1070123676
4.2316579762
0.4677078167
6.8678731729
0.9421297983
0.5909034934
0.1478506484
1.5284234865
2.2070218031
0.8894465115
1.4982967563
0.3783541687
1.0894404290
1.1103503233
3.3561962564
1.7514025923
0.1952696115
0.8800410020
0.7789502307
0.5326447391
5.6219459413
7.7051124470
0.1645657528
8.5680090758
0.9634118332
0.4717125616
3.7323070861
1.3330212851
0.7469125986
2.0821063566
1.4382978531
0.4381494184
2.8130078689
0.3712888753
0.9249685942
0.3486867049
0.5108218093
0.6464991177
2.4904249595
0.1220350376
3.0525484842
1.0056549222
0.3835745572
0.4457514784
4.3014124198
1.5205916351
7.2974285567
0.2885891090
1.0157097029
1.2220649001
0.2112042612
5.4766085653
3.9694815485
1.1148869640
impossible
0.8586754027
1.7590227836
2.0899356037
1.5131180159
1.6212085432
8.9665085559
0.4370632474
3.4667081310
2.3698530365
3.9165850867
0.3667994876
1.9357448890
6.0242763802
0.4188433311
2.0552987582
9.7816509181
1.2683480352
2.4308748447
1.7222122590
1.0817655842
2.1070858883
1.9566577764
2.3310640536
1.0257025227
0.5656808439
0.5054423094
0.2563610020
1.1416040311
7.1798827119
4.0121325532
0.3834663032
4.5833602582
0.7902388319
0.9972473396
2.4519568499
0.7313201298
2.0072838180
5.9760070779
6.3849740728
0.0701396676
0.2592319130
4.1108132006
0.6104685340
1.5121868814
1.7370936106
1.0940277706
0.3559409391
4.2295786892
1.5800741880
0.2881086250
1.1764667127
1.8000748569
1.5886395005
1.2018717017
0.5212405273
3.5653353947
0.3946739407
0.3657551112
0.7033981369
0.4653045851
1.2196020985
1.7524336212
0.2190618682
0.5245368056
1.2085849272
8.6224217651
0.9161529876
0.4717375019
7.1798827119
0.4102158872
2.4255372521
0.8338583085
0.7172962745
0.4641060251
1.0044010638
0.3909057365
3.8084525166
0.9935714253
1.3413666281
0.8556329669
1.2044181100
1.4298429202
0.9753329160
2.1045903478
0.5457532381
1.4319861674
4.9475689543
1.5887764247
0.4535914878
3.1031678382
0.9287625036
4.9050104958
3.7808222828
8.5757469792
0.8096791697
1.1744080457
0.6653272970
1.6673122032
1.1945088342
0.5985244283
1.6821005589
11.5155243253
1.8801288047
4.5155483572
5.2367462951
0.4926879712
0.7263677160
2.1814545558
1.4555135358
1.0760678489
0.1238286035
8.5757469792
2.8016907984
0.5751260227
0.4812020074
1.3149827248
1.3156350361
0.3425591821
3.3759313278
0.2538788811
5.6691279067
0.5882513208
0.4083010430
4.3462357748
0.5226095983
5.0199986864
1.0571207092
7.1496356243
5.0768879314
0.2613986221
0.5168175498
1.3413666281
1.5926810184
3.7323070861
1.0102545452
4.9018322449
0.4077329827
2.1733495266
2.1125136345
0.2176287470
0.6251613360
6.3697430989
0.1570827156
0.1804060705
0.4590383941
1.5502471521
6.0242763802
4.3462357748
1.2696992049
6.5738104372
1.4565175636
0.1350162668
0.9702178030
0.3310021436
0.2587516249
1.3124594863
0.5946780916
0.3292527311
0.4464739373
0.6099261818
3.3536112641
0.1187012050
1.1311115064
0.4040461883
0.8752669971
4.0552144916
0.4560175293
2.3154676561
0.9538376349
2.3151497652
0.5260492405
1.0986058708
0.6706478155
1.3093050130
5.4742111387
7.7273798281
1.9136299101
0.8081006028
1.2103913633
3.6678896159
0.9037443704
0.6333165681
1.2447924413
1.0586930332
1.4001575698
2.4311614659
4.2745233120
1.9627834222
4.7052002304
1.6763043197
5.1881100234
1.2510504387
1.8866763430
1.5038935571
0.4789504281
3.3152232451
2.0591820015
2.4054804807
0.3071624308
5.4216055441
2.1094389282
0.3837487851
0.9985210113
0.6496523637
0.3582344006
3.9694815485
2.7187578046
2.1586245425
1.1536907880
1.2945026512
0.1633266228
3.6839509751
6.0738398369
0.4505975649
0.3636724850
1.1302109572
0.4269059141
0.5239676436
0.3124562582
1.2058407490
0.6726626736
0.3934516545
1.1025836247
3.0452444083
1.3324068981
5.8660483025
2.7039844110
5.2651719944
0.7646898174
4.3641298898
4.1967934029
3.7323070861
1.4157210747
5.2044347190
0.1630116376
6.9347177572
0.2973249147
2.6458055957
0.3613697964
4.1352105519
1.0416908073
5.2649908760
2.9678380654
1.4492185366
3.4284971110
1.3611779491
3.2183800134
0.4113049971
1.2130688653
1.3142799668
0.3338745846
1.1721824839
2.3212584858
3.4566725504
3.7212165266
0.7197597316
0.8694271323
0.3087667602
1.0955761884
0.7127449544
4.6542967736
1.0518571784
0.5535733781
2.3472692391
4.3951550243
0.8114684808
2.0498200110
0.8626290979
2.9653141493
0.8858460280
0.4482574517
0.6324389816
0.4322544850
1.1074259164
2.9314392694
5.3064644800
1.1674100935
0.6464706403
0.1132688247
5.1179667089
3.0696872181
0.4358513243
0.7715496682
1.5151246809
0.6561915834
0.8808608757
2.7357191530
3.6108883882
0.6386553254
0.2898173462
0.7287862143
0.4861916721
2.2669193929
2.3582755817
0.8948571021
1.7853508627
0.3274268821
0.2323872944
1.1352357385
3.8756216315
0.8617311336
0.2838525770
3.8278885210
3.6754446797
0.7197597316
1.4741418099
2.5770989995
0.7667509453
5.8418708416
7.4256653080
4.9276154314
4.2386082211
2.8578860647
1.4128058472
8.2779507184
3.1448554946
0.9014686733
0.4022228166
2.5282512700
0.5917658872
7.3510441628
0.2800455255
3.5186424176
2.0872990557
0.1805514392
0.8283860266
1.1683086609
0.8651033824
3.8721941810
1.8210417737
1.1536907880
2.9721548418
6.7734116369
3.1195872249
0.3757687221
0.7728558019
7.2544050050
5.9254619560
2.2954448952
0.3118407918
0.4137773464
0.7445736065
0.0833348778
2.4225825601
3.5495180277
5.1365567992
0.5813179963
0.5425433810
1.4820572603
1.3649842603
2.2943108638
0.6506051603
3.5571850872
0.5940439005
1.0262767424
1.1565244481
0.3191203909
0.8842889851
1.3112331413
4.6449237371
0.5181702268
0.5661893946
0.6710405207
0.2738707196
0.7347512687
0.9938285195
2.6375039823
5.4506141332
0.8335167292
0.4956614364
0.5230935519
3.4388968895
5.7363741750
8.2641847858
0.0462908188
4.8374295333
5.4366319302
1.1516739760
0.6243558197
3.9182889287
2.2316568737
1.8442599362
2.8958185693
0.3723213115
0.1830508749
4.6824387662
5.6039206059
1.6695504020
1.0868084377
2.0055915093
2.2335706739
1.5583706694
3.2209026525
0.2317804994
3.5653353947
0.2957324949
0.8945992492
1.8044431553
0.8690948177
0.5693158718
3.6105703348
0.4228403252
3.2322909123
0.2006607530
0.9128958658
0.8388154177
0.5757662451
2.2316568737
3.5013694724
1.7226210763
1.7472473621
7.0634673342
2.9596975783
4.6569818498
1.2555346759
3.9059510578
4.1006377584
1.6340731973
2.1400383347
0.5010057274
1.6733571563
1.5799827887
0.4307363240
1.0598119519
0.6242185677
8.1975238799
6.0171741375
0.3784710104
0.1842205633
0.5766250903
1.9762601459
1.5726360425
3.7901616746
1.6504764368
3.5566250099
0.6213543552
1.9497960630
0.5782910648
1.6842267668
0.6926725022
3.6904570526
3.2975542329
3.8382575168
5.9624021360
1.9580502032
1.2932934171
5.7865327405
1.0637389791
0.6984362725
1.1825013689
4.8582273524
2.9981060740
1.3437379478
1.2907855766
5.5080815676
0.8438302793
0.6529822106
2.0000000000
2.7073046256
0.7957959622
2.3734128263
3.2398397255
3.7272154027
0.5669696489
0.6717379838
1.2739404208
6.9685943387
6.6020860990
0.3889198064
1.2188498411
2.1070858883
1.0380193612
2.5737046156
4.2234962880
0.9995264134
2.8543248276
3.3608908970
0.7969804902
5.1796607198
1.5182535409
0.1684347718
0.8975007185
1.6517365486
0.9544891642
3.3969570431
1.5239519527
2.5707868838
0.5372803255
1.9905798331
0.7822598797
1.9816318535
1.0646527712
0.3900846047
0.2680254598
0.5819019833
0.5198905696
2.7352511867
8.3036218892
0.5217308264
0.2047222066
2.9147758251
3.0836140722
1.8167105363
0.7913831966
7.1517463853
1.9199579046
5.0806884419
0.3418826972
1.3142044670
0.3933390824
3.1139858320
0.6410780895
1.1885036769
2.7504032837
2.3359555309
0.3146522632
1.4141156628
4.6346771129
0.5328029508
1.5092330809
2.3855177160
1.2244685348
4.6346771129
1.1302109572
2.2138989369
0.3892902255
0.2122797445
1.5489491882
0.4905970738
5.0179052506
1.6571671974
1.1178957571
1.7735527057
0.1630733005
5.1010205144
0.9283462433
0.8047021434
0.1982117953
8.2051311074
6.2685361513
0.2703087165
0.4988008338
0.8388968141
1.9791463219
0.1109842187
1.7636711431
1.9895982746
8.0828326055
2.5178931014
1.2531300816
7.7051124470
4.5187642682
1.6765045261
0.5731798515
1.6996059319
0.3787822920
4.4330506579
2.4844723368
5.9399360500
1.5525028483
0.6686384476
1.9901993049
0.1658535606
1.3437723307
0.2630333521
2.3864961943
2.1011486942
0.4940433654
3.3759313278
3.6111008619
5.1010205144
0.6166105774
7.6183677815
0.1934353458
0.9562003695
0.4560501275
0.8333298112
0.7808061442
0.5594858306
1.8541842337
0.5818234548
1.6868864515
1.2591892093
0.8050506676
4.5111046813
0.3011657574
2.4934302384
4.2917960675
1.4526434228
0.3850017643
0.4012892001
0.3585321532
2.7828224245
0.4921333981
2.7608653889
4.2440280849
0.8483318321
3.1762753004
3.5831996485
0.8096791697
1.0906505368
1.6601422429
1.3683625098
4.8054196854
5.5080815676
1.6348793395
0.5757662451
1.6776438691
2.3372676091
0.7438160091
2.3142041508
0.2175206908
4.1864793643
0.1918079692
1.9369031818
2.9753003132
1.2220649001
11.4908024483
0.1418438040
2.6237396153
7.6375763971
6.2829188256
1.3733529354
1.7781098598
2.1031474940
1.1761877547
1.5231711264
5.8014744973
0.3780764617
0.4021922661
4.7088158724
1.0134349786
2.9510443937
0.8834852554
1.4644887060
0.9038674050
1.5302694782
1.4462181306
4.0643645178
1.0737370985
0.8551547557
0.8064434877
3.4422286191
0.8929934571
0.4478996809
0.8047415957
2.8271987735
1.6417048624
0.5264910161
1.3074781674
1.2984583227
1.5131180159
2.8199509480
1.4760360294
0.3695139254
6.9547224498
1.0131101166
5.3215991552
0.3586402604
3.5722409745
2.9554494631
1.3232800687
3.9989282231
1.7700715279
1.5722742321
0.8858460280
2.2687599815
1.7536609768
0.3350908424
0.1921954639
0.7706602759
0.2141318879
0.2971533754
1.0440395441
1.4971294946
1.6517365486
0.8534481308
0.5536053918
2.9930288024
1.4483582504
0.4066010315
0.7726347634
0.5252450058
3.1244202268
0.3878434928
1.0177204161
0.2904384299
4.2838649004
3.9182889287
0.2412081410
0.3890703041
1.8058864728
1.7517577440
6.2851233927
0.5660297989
2.4921938564
0.9561565542
3.2778813173
0.4298357142
0.5205917184
2.8393644160
0.6044143914
1.1330228702
7.6449595087
0.5048517864
0.6870054015
0.5672218405
0.8941827043
1.3203853268
2.7737887868
2.1040322815
0.5569150788
8.2641847858
1.2825442489
4.6142413295
0.3294579939
5.4798495209
0.8834852554
1.1414755294
2.1849497105
0.7477870931
4.1449788870
3.4539197762
2.5325705577
1.5832616675
1.9580502032
10.9285005650
1.2068053043
4.6622277304
0.2776604571
4.9072641933
2.8543248276
3.7262476197
2.7596800253
4.3591346588
0.4850820687
7.4256653080
1.8974089668
0.4444292597
0.5165731468
0.8362419827
1.5753677986
7.0729504195
0.3794117822
1.7467139472
2.7695643155
0.3146038635
2.5370358777
1.5898319724
2.7268191000
0.4161180382
3.6743581193
4.3374365237
1.2945026512
0.5708362824
0.4412202812
2.0498200110
0.3035287245
1.0789167414
1.7003825101
2.1193618719
1.6763043197
4.3062305750
0.4613515788
3.4014618214
0.7567225234
0.2489694711
0.7962691273
1.8909361534
0.7263020619
2.0767899123
1.5575737880
1.4670605128
6.5950844191
0.8016166760
2.4219945897
1.4368844604
3.5571850872
2.1383237904
0.9644094332
0.6984784268
2.4921913414
1.5365479116
2.7853538588
1.2599353783
3.6754446797
0.6551659747
1.8680711229
1.1012922256
1.4866049454
1.7956393158
4.5701174291
3.9591634764
3.2203779924
4.8559845688
1.3374033327
2.0498200110
0.6470483113
0.5894864936
0.5298344140
1.2591979842
1.1955110366
5.0534403740
1.3575517859
0.6137648551
4.5653834657
2.1258417314
0.3807984584
0.7601134153
1.9678896564
0.9657546165
2.4631983460
1.3821671132
0.3689718436
6.8384554795
7.2139659185
5.1010205144
1.2036623096
1.3323853783
8.3678834375
0.6650372858
0.8770523228
3.4791720263
0.2410754459
2.3359742911
0.2238917318
3.4142680329
4.7564240306
1.8485942045
2.2418229873
1.8137215418
4.0699955548
3.5425823534
1.7018123887
1.4756871564
1.3773476729
0.6852656880
0.3307332669
1.3690707023
1.7843669209
0.3340057883
1.5404980600
0.8388154177
4.9050104958
1.1736783185
0.6497572935
0.4933365030
0.9061918832
1.2250791500
0.4147974847
0.4905909596
5.1338503941
0.5988458758
2.3959586558
0.4699580075
0.5433051781
0.7135876291
1.1969294311
impossible
0.5181784777
0.4154895328
4.9530230648
1.1074259164
1.1737141516
0.2331947630
0.9702178030
5.0315441001
0.3495869180
1.3232800687
1.7908704608
2.9407233123
4.5317198926
1.9569461798
6.1308650506
0.4576874873
1.2963936281
1.3175735162
1.1008267309
3.0949386437
0.3027252262
1.6171210932
7.1496356243
1.2639370150
1.5753677986
0.7224443085
2.0453282321
2.1031474940
0.7719696519
0.4976196899
4.0978145883
0.3633168495
0.5946780916
6.2044481597
0.3344814898
0.2909184046
1.7317019494
1.0902234366
1.3975153940
1.3119771553
1.5521762733
4.2316579762
4.6654112685
0.7395807035
1.8813400330
1.9183625818
0.2438216570
0.8149309344
3.7323070861
2.7990477958
0.2823672020
0.2636334539
1.4445034735
4.7852595820
0.5061052330
0.2798262082
2.6615977262
0.1530314995
5.6691279067
0.9256515114
3.1734197273
3.9578964052
4.6622277304
7.0987201034
13.1262286775
2.9981060740
0.5300243814
7.6449595087
1.7015885507
4.9050104958
2.2456847697
1.6827754280
1.5838513300
0.5956149858
0.9402878317
0.4005409691
6.8678731729
0.6922576679
4.6231107313
2.7279476347
4.7564240306
5.2612036650
0.9420886647
1.1150931341
0.2815684992
0.5635083242
0.4883804707
0.9905779309
2.4061756666
3.6332327661
2.9526891984
0.5080326836
0.8244847874
3.0137928477
3.6611522174
0.4503324104
10.0095313781
0.4898994587
0.5280444819
2.3848253922
0.4195010665
0.6035581286
1.0906505368
4.0685641643
0.5309836527
0.8469007395
0.1501369055
0.1994678811
1.7109738564
1.7907557764
1.7872370069
0.3115497806
8.2891506843
0.2673282731
0.1423838124
0.4482526245
0.3446162736
0.3786336678
1.2851193726
3.2208342539
0.2574871426
0.1627233083
0.8130732487
2.0177348262
0.3785928606
5.5903058558
0.7378753514
5.1036493122
0.4662630958
0.6156643194
0.2104621835
5.8128183451
4.1165030611
2.2562690254
4.6231107313
1.8388331014
6.1752467561
2.6028666131
1.5338950732
1.1598870961
1.7988138464
0.4595958260
3.4014618214
4.1392085630
1.5838845909
5.5595923758
0.2813751104
4.0520573040
1.4272466584
2.1651165305
1.0699076741
4.2440280849
7.2071204267
0.9290050811
0.4658808655
1.8308258984
4.4870462301
1.7578698904
2.3698530365
6.7734116369
5.0362246134
2.2943108638
1.1876181781
0.3303554208
1.4330281277
7.3938807744
1.0852566052
1.7689737768
0.4611155807
0.3052189160
0.3446606540
0.4897612885
2.3051872775
2.6040917489
1.0420066729
1.0080058463
0.4644674559
1.3137397050
5.3869276705
0.4728262983
2.6137510902
2.5535990548
5.4088465158
1.7578698904
0.4207135162
8.1593517137
0.6256438570
3.7782704085
1.1700890305
3.0949386437
0.6642636075
1.0827987151
6.3697430989
0.4998742607
0.4369925744
0.4329559646
0.5809423815
0.7970219437
0.4480837777
1.7256386094
0.1280094045
2.5469355009
6.5744640866
0.7700769519
0.2343983212
0.5372438802
1.4145344511
0.2949011954
0.5197836641
1.3656379342
0.5456012388
0.9233398629
7.0692284478
2.9930288024
2.2087375047
1.7221398771
3.6493578119
0.5914033303
0.3135747140
2.3924791024
8.5226073218
0.1239177961
1.9035104962
3.3437160599
0.4647652184
1.3833863277
0.7106182511
4.3641298898
0.7913865222
1.0849050586
6.7965643497
2.7596800253
1.0468542306
1.3995599626
7.0269291635
1.8696654414
1.9407777517
5.0534403740
0.5638763178
1.1534204699
0.1320348040
2.5820298360
3.0525484842
0.8096791697
0.4952265815
1.4723310510
1.0432190529
4.7900498616
0.6143720456
0.2725074225
5.1796607198
2.1070858883
1.8995401025
1.1791274710
2.2762063135
1.5832616675
3.4832228972
0.8769094329
0.0718494442
1.2157324388
0.7058464276
0.4634503662
3.0814014178
3.6339188111
1.2813928969
2.8391058092
0.4060979467
5.6421827637
0.9910911348
0.6213455974
2.5844600367
0.2783739233
1.7018123887
0.2380769640
1.5304125552
2.9995590659
0.8144108452
0.2185280302
0.8310319080
0.5822919120
0.9851181105
0.5366588340
0.4263404200
0.2503461852
0.5988894964
4.5155483572
2.2628623930
3.2203779924
3.9591634764
1.1191545438
0.5378545504
1.2190049617
3.8113247220
0.3428129661
0.3850017643
0.5456053337
0.3233565564
6.5706946482
0.2693238605
5.3705914641
0.6607146547
2.7746849094
0.4357950699
1.3499597861
4.2449256512
2.1119736112
1.2238755460
0.6553396183
0.5244292473
1.9817918363
9.3284289327
4.0522105375
0.3149702965
1.6143909754
4.0256914019
0.7642506178
1.6623196559
0.2248253849
6.0298518995
0.7373287538
0.8084224280
0.7170889820
0.8847851184
2.9004201292
1.9035104962
0.3520922651
7.8711475558
5.6369797779
0.4753592940
1.6171210932
2.3183812002
0.1756153498
1.1337028389
2.3875812218
0.3389548418
1.5943184135
4.4016953025
3.4902643176
0.9800807745
0.9773380229
4.1038337454
0.2796708227
2.6382705554
4.0629121952
1.3492800396
3.0600155611
2.5671138785
2.7504032837
0.4227652673
0.9310541464
7.2974285567
0.3916403808
2.8233582177
2.5282512700
1.2230046770
1.5175436868
6.8678731729
0.3532828664
2.4572171567
3.7187640358
0.8617311336
9.3284289327
0.2853538849
3.0254831707
2.0455557917
1.6122920039
1.3503214811
2.0832248120
4.5094142872
0.6048557138
5.7363741750
0.6600557484
0.5134336148
7.3895895201
4.4367420826
0.2974720889
2.6380310280
1.1518505227
3.8766639514
5.5595923758
6.5950844191
1.9041986011
7.2974285567
1.3232089181
0.5320082828
2.1526000136
5.6369797779
0.5961676805
1.0171915334
0.3775103617
2.0479867822
2.2887854410
1.4492185366
2.3931985754
2.1094208489
5.5059238977
0.8888113312
4.0762337495
2.5820298360
0.1739772682
0.5165143305
1.3890706522
1.4505679352
1.5575737880
0.4216855449
2.1370882601
0.6869461717
1.8604653137
1.0734497318
1.4774240933
0.6039698521
0.4936409685
0.7650013255
0.3018627001
1.2945998112
1.2813928969
0.1071682307
1.9519804920
1.9035104962
1.3966734182
0.6856579023
0.2139094840
4.3462357748
1.7015885507
1.7343924140
0.8149309344
0.5425433810
3.6904570526
0.3027999831
1.9447704401
0.7778267260
0.5820905241
1.9104206851
0.3975076486
0.7984879035
0.6740756791
1.9004016915
1.4521365981
1.5951233634
1.0240347040
4.5812578626
0.9439251320
1.2330721315
0.1244607838
1.3936164779
0.8009726798
4.0208289552
3.1137754659
6.5341238949
2.6834422058
0.7416755248
6.2917973461
1.4644887060
1.1114428800
0.4171721532
6.6132639746
0.4481028785
0.5114354517
6.5706946482
6.0242763802
2.1370882601
2.1549117398
5.2947297449
0.4127606373
0.8438302793
0.1385639850
1.0068149940
2.3028993704
0.1882352465
0.5569150788
0.9060620646
0.8760867980
6.4365792771
5.3674643437
0.4919663352
0.7729034517
5.0179052506
1.1217061498
2.8543248276
0.2390925588
1.0640313877
0.7010701903
1.3104108113
2.4539048107
4.0643645178
3.3941875826
2.5517180090
0.8259477214
0.1244410763
0.8297005783
0.6305618113
4.7564240306
1.1121876077
0.9882757980
5.2852930708
1.9058825273
0.2317804994
5.6219459413
0.9735773270
1.5167954751
2.5439684370
2.0612391652
0.3828229702
7.2846654689
3.8491700554
5.7826842303
0.4108314762
7.0634673342
0.3068051443
1.9309273403
0.5537778826
2.6466119568
0.1601681557
5.3331644212
5.3534471426
0.2382865877
0.8800477553
1.1764667127
0.5005009964
1.0986058708
1.0476203804
2.3198649570
1.2798293994
0.7231981568
0.7559415976
0.4072764296
2.0716992598
1.5843604874
4.7198745422
0.4193633977
5.2347761334
0.6816370824
0.3067858831
4.8582273524
0.1880331108
0.6392665610
2.8958185693
3.9495194369
7.3895895201
8.3036218892
0.9734647397
0.7402955663
2.7596800253
3.4014618214
1.0096216483
0.2869325281
0.1858223879
0.2739885585
3.3442352541
0.2548092677
2.4019171962
0.0835998257
1.0059054036
0.5184178274
0.9585629347
0.4847614535
5.4732946202
1.8909361534
5.0315441001
0.2222692060
2.8118486664
0.5656836185
0.9027939878
0.6616628807
4.9018322449
6.6645075669
9.0693491607
0.9280817660
2.4867182629
0.7947087384
0.5185264852
0.6526070220
0.7688026675
4.3344112621
0.4255519321
4.1812872126
0.6921261311
0.5441866101
9.1121575143
0.7158099414
0.4697667610
0.4042461634
0.4795209945
1.7476437800
1.4445125127
0.8841801934
1.8307304584
0.4395215857
0.3773073980
4.9530230648
2.2344301493
5.7961774971
0.7944178488
0.1607952117
5.1036493122
0.1974011089
3.5929201037
0.9014880923
0.4317755678
0.6852922927
1.2441121812
0.1108425224
0.4803004282
8.2641847858
3.6059011945
7.0729504195
0.3613697964
0.8006149847
1.0415233555
0.7397801806
0.7641278193
1.0413745585
0.3460874801
2.5619669586
2.5178931014
3.5243650246
0.4108314762
0.3924765912
0.7261774272
1.8998746437
0.9291871120
1.3378691416
0.3952363427
0.4713305098
1.0138754894
3.3196408989
0.4440528298
0.9167599953
1.1584152719
0.3605758202
0.7359666916
0.6305683715
0.3059822828
1.6352159527
0.4637176333
0.8773295993
0.6848333035
4.1967934029
2.2954448952
2.1219913175
1.4741418099
0.7397801806
2.1029418130
1.8131894421
1.5051025722
0.7562346540
3.6157137169
1.1945088342
0.6375033480
0.5429274874
2.2558394917
6.0171741375
5.8660483025
6.1064760930
1.5458754722
1.7340207154
1.0105484624
0.5894864936
1.5430901431
0.4132828847
1.0469479275
1.1887394871
3.8284912253
1.5995355129
1.9153371896
6.0171741375
0.3852706803
0.8616582387
0.6827332562
0.4992449226
2.2064944008
6.4167094754
3.6016156570
0.1644991256
0.6005436543
1.0926153570
0.5456835983
3.3023038883
3.1031678382
0.9979080879
5.5963089849
2.6379669707
0.8835046065
0.2272877525
1.4139750335
0.7204014974
1.6517365486
1.5124456961
0.9659773713
5.9203118516
0.5598150521
1.3175735162
3.6102525412
3.6904570526
1.1325081491
1.3735658554
2.8589349098
0.8174813068
1.9723494049
0.1456345008
0.7570468347
0.5995346450
0.1919866505
2.1594569614
0.7884450487
2.4959217215
0.8609184695
3.5343925127
1.6366246414
2.9056481419
0.2725584820
3.1555290165
1.1885848820
0.6246118012
1.2846853389
2.0658454841
1.2453362054
1.2984583227
0.6780974465
1.2963081556
4.9577719753
0.1921862482
2.9500933353
0.3430810766
1.8844089814
0.7884450487
9.3020780229
1.8947827610
2.7834437155
1.3565499453
0.7935714008
5.5951076399
1.3437379478
7.0645948560
0.3786157526
0.7628826110
0.9300512573
2.2804273704
0.1857324965
1.1412228052
8.1593517137
0.4950132059
3.6376802149
2.2075387589
2.1594569614
2.3374178789
0.5334720303
1.6945265932
0.3282633360
2.6040917489
0.3127197517
1.5832616675
2.6167785758
0.6118779638
1.1077236981
1.8061959242
1.2315725014
0.2587516249
0.5432674042
2.6682371996
4.2521303039
3.1885336404
0.9269674766
1.0640988545
2.2660057134
0.6036394881
2.1537297582
2.0895161986
4.9577719753
1.3053919605
6.4147691749
0.6635511192
0.2991366496
5.3333678348
0.2423683966
3.4572133209
0.3799434753
3.5235445965
1.7029349710
5.3674643437
4.6824387662
2.2687599815
4.4870462301
4.9018322449
0.4568385957
6.7734116369
3.7537887488
0.3403653051
1.5804716180
0.3986074279
3.9591634764
0.6591575462
6.2044481597
1.1806963619
0.4517426581
1.0671036452
6.2851233927
0.6762763971
5.9258269325
1.2887274601
0.4647315574
1.1887394871
0.4673292733
0.8780693222
5.0179052506
0.6716414786
0.7681384848
1.7782064695
1.4382978531
2.5325705577
1.2238755460
1.5872263916
0.5624382259
0.3582579959
0.5012341683
4.5187642682
6.7734116369
1.2683480352
0.7984879035
2.0622565064
2.1983886469
0.2210415349
1.1702530735
2.4448656033
8.6284965164
4.9912424026
0.4749545705
7.2846654689
0.5799691976
3.6332327661
0.1909957626
7.9103734501
4.7807635465
0.2643873966
0.1702965420
1.4964307726
2.9678380654
1.6404445438
0.6803863936
6.2311845625
0.5399130676
2.8594925455
6.8460825287
3.3509358630
3.2951830281
0.6666491770
4.8636072864
0.3141780852
1.5689322456
0.3642689748
2.2954448952
0.3787761743
2.3433898970
3.5232743393
1.0934867065
7.3067691364
5.8901046466
1.3762892656
0.7064912155
4.1038337454
3.7326688458
1.6601422429
0.4477512885
0.6066274420
0.1555605738
2.0035066851
0.7080746771
2.8311477781
0.8444270774
0.4596322422
3.8354152421
0.3020849394
0.7257911955
0.7405730237
2.7357191530
2.4470879604
0.3537826492
0.6538968622
0.4360941960
1.3494227264
1.1423147356
4.1996334399
0.5097440741
1.9580181769
2.0343534445
0.2457460736
0.1848682947
1.4665406364
0.5522917099
3.3023038883
4.8559845688
0.3679102456
2.8491476326
0.4224228096
0.9251201221
0.6670239944
0.2323872944
0.3633777198
0.7582371801
0.9037443704
0.6001931887
0.1667704801
1.5951233634
0.3195083635
0.4922251457
1.4158680552
2.2418229873
2.9314392694
0.8129397541
0.2869185675
1.1079181451
5.4216055441
1.5068212948
0.5671511954
1.1787766440
4.7371146917
4.8546837469
2.7979496427
2.8589349098
4.2969889075
1.1539601740
5.3840624573
4.1812872126
0.2863276516
1.7517771916
2.0300923224
1.5753677986
1.1059075392
3.5524675626
2.5770989995
