100
383 469
777 792
793 828
386 478
649 670
362 389
690 749
763 789
540 566
172 208
211 279
567 596
782 812
862 885
67 102
929 931
22 80
69 136
393 449
11 53
229 302
421 440
784 821
198 222
315 385
413 439
91 171
956 1029
862 932
996 1077
305 330
84 111
336 341
846 875
313 370
124 219
582 627
814 881
434 498
43 93
87 95
276 354
788 872
403 454
754 853
932 992
676 744
739 751
226 312
94 133
795 865
434 512
467 468
97 99
317 409
652 708
301 381
286 327
865 954
444 463
440 469
31 48
97 168
481 556
709 736
567 623
497 550
586 651
306 389
219 243
528 599
732 761
503 522
270 338
708 723
340 389
796 819
618 663
846 897
921 976
379 467
764 792
841 891
193 193
34 98
124 138
987 1043
743 834
227 292
859 895
432 483
437 465
275 282
474 495
858 953
29 66
235 328
818 846
143 154
928 957
