500
383 469
777 792
793 828
386 478
649 670
362 389
690 749
763 789
540 566
172 208
211 279
567 596
782 812
862 885
67 102
929 931
22 80
69 136
393 449
11 53
229 302
421 440
784 821
198 222
315 385
413 439
91 171
956 1029
862 932
996 1077
305 330
84 111
336 341
846 875
313 370
124 219
582 627
814 881
434 498
43 93
87 95
276 354
788 872
403 454
754 853
932 992
676 744
739 751
226 312
94 133
795 865
434 512
467 468
97 99
317 409
652 708
301 381
286 327
865 954
444 463
440 469
31 48
97 168
481 556
709 736
567 623
497 550
586 651
306 389
219 243
528 599
732 761
503 522
270 338
708 723
340 389
796 819
618 663
846 897
921 976
379 467
764 792
841 891
193 193
34 98
124 138
987 1043
743 834
227 292
859 895
432 483
437 465
275 282
474 495
858 953
29 66
235 328
818 846
143 154
928 957
776 780
443 506
613 651
606 646
904 922
128 216
369 386
917 1013
324 367
470 553
490 589
772 797
644 734
505 544
954 1040
669 751
542 606
197 204
355 359
348 359
622 650
299 342
746 814
340 362
311 321
605 606
661 691
878 883
320 356
444 470
522 587
708 724
282 340
924 961
62 86
600 636
452 551
379 429
468 539
973 1004
881 911
933 1027
660 723
199 280
899 995
959 1032
813 881
190 285
926 992
84 124
90 174
376 418
936 943
445 501
179 197
887 899
348 420
659 668
336 346
342 429
206 207
713 785
321 376
819 918
721 725
939 950
940 1007
705 733
127 177
984 1042
920 944
422 491
396 477
630 714
292 364
672 722
625 710
222 321
640 682
898 911
298 388
524 614
209 290
819 855
732 787
994 998
379 448
273 349
850 905
860 902
579 663
993 998
621 688
504 517
961 1015
326 385
944 946
202 208
784 805
842 910
528 617
872 880
958 1056
36 44
753 801
303 336
133 181
890 944
567 613
368 397
500 546
788 885
249 339
303 336
363 460
253 345
686 711
152 248
975 1063
157 186
436 496
414 435
460 464
28 55
50 98
556 558
794 891
699 742
39 41
428 431
500 581
647 685
159 210
535 569
339 431
215 242
504 533
49 113
285 314
343 378
177 177
238 309
949 1038
367 455
292 387
743 787
829 919
682 722
541 610
826 858
261 303
360 377
23 84
81 90
190 215
996 1063
677 711
690 716
524 581
614 682
205 263
312 398
100 146
726 820
916 968
578 607
946 1036
647 717
51 131
631 724
857 884
312 398
214 269
512 602
412 491
610 679
189 263
355 396
620 653
987 1075
338 404
770 854
856 873
606 666
849 886
205 264
217 235
945 1028
873 931
873 910
289 372
607 685
757 771
471 500
100 159
618 656
25 113
74 107
157 238
493 551
270 369
417 456
569 632
622 716
173 220
431 493
682 772
292 383
57 72
521 578
574 665
947 998
231 252
537 577
54 84
98 123
81 97
516 518
231 270
796 800
338 418
218 239
970 1032
812 891
977 1062
536 540
176 259
207 266
857 901
499 510
127 177
236 296
818 823
563 612
244 255
805 839
291 366
955 969
589 657
993 1011
805 887
822 904
717 747
93 167
126 219
486 539
543 617
814 827
179 256
762 837
88 107
710 742
294 311
346 381
137 228
153 196
573 601
925 1016
710 728
217 253
963 1018
90 148
130 134
571 632
633 718
789 862
604 655
805 855
868 871
485 491
195 234
949 969
967 993
763 840
596 677
865 925
36 91
770 788
211 253
532 628
379 400
270 354
172 199
234 274
283 355
398 428
63 110
950 980
573 587
59 81
47 71
82 117
232 236
954 997
898 984
640 718
159 221
262 345
41 89
723 747
272 294
154 189
821 878
365 412
171 247
269 287
701 704
653 686
907 966
728 734
797 817
84 92
334 432
991 1067
898 913
52 123
189 248
506 516
16 40
109 148
0 78
109 162
81 95
338 427
426 493
147 170
787 818
532 554
281 356
850 929
590 644
350 381
813 870
494 575
81 84
720 753
982 1063
487 502
296 321
404 426
892 943
297 329
134 215
506 521
57 65
595 694
962 1059
483 559
154 231
309 396
932 1014
21 87
563 623
682 693
685 771
285 315
990 1073
314 390
116 136
892 917
528 567
525 615
136 196
618 661
337 365
582 603
310 365
888 913
815 885
437 490
8 30
783 833
657 754
827 853
269 340
651 700
910 938
639 737
888 898
393 470
890 966
199 251
931 1018
777 876
657 723
952 969
641 676
368 466
184 279
776 781
266 294
954 982
308 401
278 375
555 627
774 819
0 25
997 1080
412 439
382 403
