9999
383 469
777 792
793 828
386 478
649 670
362 389
690 749
763 789
540 566
172 208
211 279
567 596
782 812
862 885
67 102
929 931
22 80
69 136
393 449
11 53
229 302
421 440
784 821
198 222
315 385
413 439
91 171
956 1029
862 932
996 1077
305 330
84 111
336 341
846 875
313 370
124 219
582 627
814 881
434 498
43 93
87 95
276 354
788 872
403 454
754 853
932 992
676 744
739 751
226 312
94 133
795 865
434 512
467 468
97 99
317 409
652 708
301 381
286 327
865 954
444 463
440 469
31 48
97 168
481 556
709 736
567 623
497 550
586 651
306 389
219 243
528 599
732 761
503 522
270 338
708 723
340 389
796 819
618 663
846 897
921 976
379 467
764 792
841 891
193 193
34 98
124 138
987 1043
743 834
227 292
859 895
432 483
437 465
275 282
474 495
858 953
29 66
235 328
818 846
143 154
928 957
776 780
443 506
613 651
606 646
904 922
128 216
369 386
917 1013
324 367
470 553
490 589
772 797
644 734
505 544
954 1040
669 751
542 606
197 204
355 359
348 359
622 650
299 342
746 814
340 362
311 321
605 606
661 691
878 883
320 356
444 470
522 587
708 724
282 340
924 961
62 86
600 636
452 551
379 429
468 539
973 1004
881 911
933 1027
660 723
199 280
899 995
959 1032
813 881
190 285
926 992
84 124
90 174
376 418
936 943
445 501
179 197
887 899
348 420
659 668
336 346
342 429
206 207
713 785
321 376
819 918
721 725
939 950
940 1007
705 733
127 177
984 1042
920 944
422 491
396 477
630 714
292 364
672 722
625 710
222 321
640 682
898 911
298 388
524 614
209 290
819 855
732 787
994 998
379 448
273 349
850 905
860 902
579 663
993 998
621 688
504 517
961 1015
326 385
944 946
202 208
784 805
842 910
528 617
872 880
958 1056
36 44
753 801
303 336
133 181
890 944
567 613
368 397
500 546
788 885
249 339
303 336
363 460
253 345
686 711
152 248
975 1063
157 186
436 496
414 435
460 464
28 55
50 98
556 558
794 891
699 742
39 41
428 431
500 581
647 685
159 210
535 569
339 431
215 242
504 533
49 113
285 314
343 378
177 177
238 309
949 1038
367 455
292 387
743 787
829 919
682 722
541 610
826 858
261 303
360 377
23 84
81 90
190 215
996 1063
677 711
690 716
524 581
614 682
205 263
312 398
100 146
726 820
916 968
578 607
946 1036
647 717
51 131
631 724
857 884
312 398
214 269
512 602
412 491
610 679
189 263
355 396
620 653
987 1075
338 404
770 854
856 873
606 666
849 886
205 264
217 235
945 1028
873 931
873 910
289 372
607 685
757 771
471 500
100 159
618 656
25 113
74 107
157 238
493 551
270 369
417 456
569 632
622 716
173 220
431 493
682 772
292 383
57 72
521 578
574 665
947 998
231 252
537 577
54 84
98 123
81 97
516 518
231 270
796 800
338 418
218 239
970 1032
812 891
977 1062
536 540
176 259
207 266
857 901
499 510
127 177
236 296
818 823
563 612
244 255
805 839
291 366
955 969
589 657
993 1011
805 887
822 904
717 747
93 167
126 219
486 539
543 617
814 827
179 256
762 837
88 107
710 742
294 311
346 381
137 228
153 196
573 601
925 1016
710 728
217 253
963 1018
90 148
130 134
571 632
633 718
789 862
604 655
805 855
868 871
485 491
195 234
949 969
967 993
763 840
596 677
865 925
36 91
770 788
211 253
532 628
379 400
270 354
172 199
234 274
283 355
398 428
63 110
950 980
573 587
59 81
47 71
82 117
232 236
954 997
898 984
640 718
159 221
262 345
41 89
723 747
272 294
154 189
821 878
365 412
171 247
269 287
701 704
653 686
907 966
728 734
797 817
84 92
334 432
991 1067
898 913
52 123
189 248
506 516
16 40
109 148
0 78
109 162
81 95
338 427
426 493
147 170
787 818
532 554
281 356
850 929
590 644
350 381
813 870
494 575
81 84
720 753
982 1063
487 502
296 321
404 426
892 943
297 329
134 215
506 521
57 65
595 694
962 1059
483 559
154 231
309 396
932 1014
21 87
563 623
682 693
685 771
285 315
990 1073
314 390
116 136
892 917
528 567
525 615
136 196
618 661
337 365
582 603
310 365
888 913
815 885
437 490
8 30
783 833
657 754
827 853
269 340
651 700
910 938
639 737
888 898
393 470
890 966
199 251
931 1018
777 876
657 723
952 969
641 676
368 466
184 279
776 781
266 294
954 982
308 401
278 375
555 627
774 819
0 25
997 1080
412 439
382 403
693 727
439 473
421 480
985 1042
354 415
762 834
541 557
852 902
662 744
399 416
154 227
15 21
851 915
790 853
491 563
37 74
859 887
871 951
987 1043
590 631
970 1022
665 676
69 86
361 444
351 363
300 306
638 705
364 453
32 86
104 179
679 720
412 450
969 1005
170 226
844 904
649 663
465 479
326 412
183 222
969 1004
152 173
393 483
289 298
631 704
264 299
548 643
877 890
833 931
949 1004
155 248
468 524
960 993
823 909
171 229
677 717
245 326
761 851
323 373
100 154
75 139
42 66
659 678
289 333
469 507
551 627
383 402
133 176
304 360
981 1056
666 677
967 979
192 221
902 970
131 133
174 181
718 734
183 260
487 559
573 630
62 87
933 1030
496 514
141 194
726 800
980 1073
485 533
305 335
29 88
898 958
562 586
719 799
641 643
10 90
726 809
789 829
708 731
938 995
493 524
710 730
905 995
613 704
638 708
421 488
829 900
180 223
95 194
24 112
154 240
569 601
969 979
373 403
433 496
587 666
94 143
499 550
339 403
742 772
86 101
349 364
186 267
11 45
133 220
722 809
773 816
519 561
354 398
124 163
259 322
418 471
712 781
705 709
733 832
734 753
315 350
87 140
669 719
487 489
837 899
89 99
205 265
704 715
557 586
403 419
892 913
522 527
443 522
361 389
378 425
700 745
882 969
899 950
589 675
353 379
948 1042
36 42
107 199
417 481
921 941
480 546
994 1048
123 160
933 1017
317 329
931 948
709 774
156 164
69 114
995 1017
171 266
569 628
801 877
652 723
340 365
743 815
91 180
527 593
878 890
50 146
124 157
213 299
499 569
794 862
115 156
342 381
437 500
198 288
939 941
513 544
128 185
804 875
346 429
138 163
495 535
421 493
226 260
158 183
356 408
645 717
446 485
111 194
603 664
825 867
216 255
174 218
596 626
267 361
13 70
519 579
650 742
832 908
279 369
953 988
295 393
107 148
937 1007
976 1016
584 585
83 83
492 501
496 536
939 1002
735 739
873 879
164 187
251 300
751 781
339 343
165 251
302 327
79 170
547 554
484 515
561 580
931 984
528 555
494 513
543 624
123 191
187 226
643 681
988 1082
320 400
98 184
18 70
463 561
695 705
505 584
142 208
98 123
472 550
853 919
797 845
547 619
516 602
912 971
877 877
553 650
932 935
35 86
107 205
49 103
861 867
334 337
325 409
428 525
763 796
115 175
381 395
185 282
100 197
408 437
349 362
879 913
316 330
585 660
765 851
930 956
892 908
629 698
752 761
366 381
395 428
428 504
847 860
26 26
62 148
629 692
100 108
397 413
775 857
544 584
320 346
518 583
794 893
134 180
908 961
62 65
686 728
432 466
807 817
834 903
596 611
984 1080
324 406
465 516
716 777
343 380
187 248
602 683
360 448
879 899
941 1034
924 952
135 143
162 204
870 966
163 229
811 811
515 602
234 266
290 340
693 726
339 419
494 587
213 267
382 426
475 498
738 789
951 1024
811 876
168 249
813 896
499 576
535 549
464 533
346 353
72 163
740 751
623 710
57 93
793 832
281 301
114 185
371 389
596 630
883 947
567 664
800 867
674 709
433 523
457 489
949 978
523 613
292 339
629 678
335 357
140 208
43 98
339 405
25 61
653 713
52 72
957 961
287 370
540 561
826 923
205 232
878 906
169 239
227 325
520 583
221 281
883 899
267 290
382 474
511 546
553 616
608 670
768 863
198 258
968 1044
9 82
503 590
254 327
57 138
823 852
396 440
942 1022
12 21
855 902
854 920
134 193
281 323
973 974
638 709
413 471
899 921
484 539
661 751
780 851
923 926
0 20
0 42
952 964
504 511
759 817
525 619
117 175
636 726
560 586
614 687
937 1002
748 769
620 629
863 863
832 918
4 37
458 514
127 137
368 399
569 597
341 387
374 432
605 615
901 966
989 1056
490 516
732 770
699 704
0 62
457 489
348 409
17 24
169 266
569 607
128 167
18 88
585 677
280 322
754 787
707 750
400 450
21 106
788 808
190 230
634 681
325 408
461 555
142 172
191 254
520 540
554 592
142 234
930 952
34 119
308 402
780 788
644 646
545 629
522 609
925 982
735 737
492 540
296 382
530 570
49 100
512 568
589 643
448 520
428 510
557 645
576 613
797 817
139 233
5 19
782 864
523 592
236 251
417 501
353 452
724 778
350 386
710 802
242 300
164 187
641 662
111 180
410 470
790 792
955 1002
916 1005
781 820
958 975
806 881
901 912
674 752
265 342
566 642
669 730
134 167
536 563
906 1005
697 713
260 299
570 637
986 1072
8 75
277 343
136 171
693 730
946 965
367 379
96 130
540 557
95 169
950 981
802 810
630 681
525 567
690 737
161 237
934 1003
795 858
135 166
351 431
320 417
900 988
861 957
974 975
114 183
428 444
52 134
625 707
433 435
277 300
949 1039
151 186
960 1006
799 846
229 231
628 677
799 827
589 602
876 939
766 856
984 1078
759 795
776 860
71 80
238 238
684 723
490 525
775 825
781 807
250 312
428 506
264 343
758 811
944 978
769 780
977 982
257 293
142 176
472 537
595 605
265 297
249 256
467 543
558 559
302 362
963 1045
38 65
14 110
433 491
430 484
669 676
659 686
495 496
313 380
718 778
29 64
892 923
443 455
7 60
313 375
513 541
96 147
856 866
699 740
69 150
195 285
889 943
369 405
8 90
704 730
295 328
414 501
364 421
251 275
210 274
738 761
193 227
626 627
945 970
394 460
806 895
456 503
795 821
784 787
860 900
882 937
573 621
695 785
505 551
366 433
863 867
790 798
290 358
161 196
93 148
601 652
144 154
651 742
588 623
447 495
275 356
956 956
329 380
842 876
949 1009
901 965
664 707
572 627
811 844
542 598
640 736
859 895
258 268
428 474
297 372
294 318
556 606
125 210
253 272
71 126
880 904
719 815
367 411
203 233
729 775
786 856
594 639
858 910
508 594
698 703
513 557
730 751
947 954
658 658
878 907
107 165
53 132
7 79
175 185
302 306
308 348
626 628
86 171
106 152
123 127
751 788
501 534
410 458
392 461
0 71
150 158
381 437
287 375
328 390
951 1034
718 777
423 468
514 575
182 254
807 864
129 140
294 324
744 801
78 115
126 204
760 788
186 227
184 209
882 947
639 672
848 906
444 467
55 65
485 574
283 327
246 258
555 648
42 42
950 970
789 817
550 599
56 93
42 83
914 938
458 512
109 167
264 318
281 300
216 234
260 359
763 769
263 281
399 404
970 971
777 788
129 157
12 98
417 472
779 862
979 1068
237 326
247 300
995 1075
524 535
999 1083
711 725
643 669
784 826
632 639
96 157
218 243
441 472
763 773
286 380
894 911
835 918
58 140
337 390
315 328
617 631
998 1078
780 821
6 70
35 73
23 54
752 794
709 754
825 849
756 819
71 73
80 86
485 576
989 1063
544 600
388 449
970 1008
841 843
379 427
18 84
838 880
250 292
284 343
488 549
135 231
924 930
598 654
113 148
847 901
962 1006
110 112
257 289
440 491
886 957
299 303
289 378
946 985
784 866
850 922
43 129
868 887
192 210
676 733
253 328
463 478
619 644
269 346
709 718
680 775
232 263
500 522
820 866
413 469
29 93
228 252
250 298
744 838
618 690
804 876
647 714
439 458
193 202
848 902
770 798
850 905
859 909
229 260
148 190
988 1065
906 974
954 962
369 467
303 390
470 477
211 280
726 729
440 511
64 152
526 612
816 892
541 568
78 100
59 85
765 864
404 427
967 1025
532 620
408 495
676 706
294 333
51 123
242 334
644 650
780 802
493 542
898 984
328 404
509 596
202 228
138 196
649 707
668 749
146 174
720 794
658 672
414 476
739 795
554 589
315 349
257 317
635 642
546 610
483 538
703 740
33 75
348 431
300 368
216 262
149 186
621 680
303 390
221 263
43 118
777 787
462 548
870 967
893 910
61 89
824 841
766 824
959 1025
893 952
186 195
57 92
46 76
495 497
417 433
96 109
492 566
523 529
260 354
403 409
163 180
234 273
934 986
549 642
818 860
504 509
904 917
692 694
944 1031
4 65
256 257
526 574
327 377
54 93
796 805
445 456
626 706
2 14
32 84
157 160
346 407
560 610
927 979
553 624
440 497
584 632
10 21
148 185
513 567
277 338
363 437
324 366
754 780
254 293
878 942
342 367
777 779
827 831
154 234
575 621
290 350
994 994
623 665
990 1078
696 715
149 161
693 718
754 802
151 211
587 669
124 153
959 961
183 269
606 643
167 201
636 645
46 76
109 178
125 176
157 230
70 128
585 649
483 522
564 650
52 55
368 444
432 459
430 497
466 503
304 337
571 663
794 811
275 330
638 638
707 754
573 650
157 216
893 985
850 907
978 980
960 1007
431 475
26 87
711 803
898 966
477 498
660 731
790 877
879 959
687 773
279 292
363 399
124 133
428 502
66 125
229 256
458 518
771 855
873 908
329 353
203 261
945 960
782 870
503 564
868 910
247 247
155 217
936 967
571 588
958 996
476 563
17 51
199 239
770 842
327 378
196 278
610 704
98 190
582 635
53 55
847 899
654 709
614 705
986 1024
660 704
528 616
483 528
422 456
37 81
107 172
996 1051
247 253
149 246
350 433
2 5
238 288
55 147
205 226
835 926
911 1006
488 527
983 1006
336 393
358 384
302 367
91 141
120 210
608 630
388 446
57 147
361 456
240 308
540 637
141 216
341 394
223 252
844 902
152 185
316 326
259 329
327 377
972 972
40 120
774 854
538 569
171 270
479 542
19 38
561 573
746 800
917 986
83 145
528 615
295 391
450 504
166 195
256 294
929 1025
718 773
429 437
887 887
507 525
715 793
737 765
390 425
882 890
805 822
422 507
257 326
881 888
623 722
836 915
889 907
527 534
173 229
215 227
908 982
130 206
304 323
956 1002
55 94
706 718
508 536
897 962
197 227
472 544
529 590
403 421
131 214
377 433
591 635
69 121
370 421
828 854
123 207
72 102
975 1054
94 178
259 350
249 258
473 547
981 983
735 772
772 838
20 21
874 885
445 488
815 882
847 890
193 215
780 797
204 211
396 494
591 599
289 382
817 879
267 317
116 170
887 927
572 631
741 787
223 261
742 780
705 794
682 732
263 277
867 934
921 937
765 830
624 630
58 99
520 545
591 679
679 710
228 279
90 159
697 710
859 950
352 368
732 818
166 261
200 285
814 887
1 80
338 415
337 433
418 475
73 135
845 849
193 218
707 742
746 751
949 954
548 601
873 954
39 78
276 367
777 868
64 94
22 77
108 168
151 177
569 646
240 255
681 714
192 281
69 108
146 216
896 990
23 93
975 989
161 165
5 43
695 716
69 138
176 253
429 509
55 154
257 353
766 804
81 139
679 681
249 274
224 270
872 919
916 963
661 738
451 469
16 114
440 477
568 584
966 1015
296 317
348 353
669 735
196 247
777 852
605 631
53 83
172 197
429 517
772 815
518 594
461 547
426 427
323 417
870 959
696 714
662 758
424 456
863 883
435 475
847 939
18 18
222 265
825 829
983 1033
447 448
878 886
387 391
162 224
651 683
351 398
902 968
743 769
50 108
298 335
950 1048
229 298
398 402
512 588
808 855
878 933
349 357
163 199
764 841
151 166
709 763
114 126
220 230
290 360
168 209
107 178
439 528
440 529
493 497
117 170
151 198
908 960
455 478
941 1013
101 193
339 401
946 1000
126 145
16 85
789 873
710 759
655 656
290 337
42 125
103 115
788 795
211 307
811 830
471 523
591 615
196 226
87 130
736 801
662 714
334 337
289 385
404 500
897 991
96 188
829 928
156 173
158 225
665 687
386 423
74 151
61 132
908 908
766 862
66 146
749 749
935 973
797 837
334 380
386 416
690 706
982 1028
185 277
214 265
814 866
340 381
930 983
864 954
254 284
186 258
762 849
72 169
325 346
389 449
620 696
442 452
992 1016
509 538
269 344
380 463
27 47
324 333
474 562
499 579
170 208
752 784
325 401
982 1033
398 469
663 733
147 204
32 123
234 275
21 24
616 669
938 1034
826 889
305 357
803 860
732 758
195 231
258 278
12 104
523 585
964 1002
132 195
348 413
307 389
58 86
437 464
433 508
23 82
990 1018
911 957
485 580
472 504
831 913
905 1001
675 703
958 997
319 362
454 521
960 1021
601 671
441 479
397 472
413 433
486 542
101 199
902 940
745 819
323 352
456 484
125 156
8 43
122 201
230 307
346 436
690 737
913 945
337 347
7 58
83 176
507 543
243 252
826 915
135 184
918 1009
377 472
723 761
830 927
417 430
774 790
955 1020
415 483
949 1002
179 235
856 870
801 816
150 247
476 552
738 749
126 134
202 257
403 480
593 678
475 486
998 999
127 133
418 460
174 241
647 700
323 326
967 1044
218 287
226 320
446 510
305 329
972 1032
779 806
137 162
664 728
736 751
566 581
321 405
109 204
352 409
201 228
260 280
856 887
990 1072
525 613
46 129
712 782
43 134
449 481
216 282
497 501
481 544
871 925
399 480
1 52
90 92
131 133
75 162
533 598
70 81
205 273
946 963
191 280
760 852
873 902
458 528
633 724
785 842
797 834
190 289
288 368
353 424
334 362
759 779
845 926
983 1033
1 30
319 411
270 350
537 580
409 456
866 960
639 642
603 691
540 633
587 668
425 466
952 964
721 784
332 399
244 259
969 1015
244 333
790 804
721 748
9 39
675 750
876 942
231 311
454 525
625 667
304 307
335 392
515 571
672 719
975 992
514 559
163 221
586 639
624 631
281 314
789 797
861 878
974 1066
849 877
215 290
822 894
230 287
481 526
566 619
592 633
70 128
838 923
216 240
539 631
83 155
177 249
832 870
242 248
482 573
586 636
918 927
922 970
918 973
245 329
908 997
378 457
647 663
564 579
993 1048
407 483
979 1064
301 312
975 1070
969 979
986 1042
212 269
317 403
757 792
241 244
72 121
192 242
480 520
18 115
55 66
204 219
440 524
400 493
347 374
988 1005
537 611
873 874
583 673
587 628
777 805
696 697
330 418
3 13
80 102
559 595
385 449
303 380
300 355
270 317
782 840
964 1036
585 622
773 841
379 440
861 870
189 246
710 729
446 512
682 760
88 129
366 391
357 426
3 60
724 749
305 312
884 953
531 600
459 463
989 1079
665 716
51 58
408 470
78 84
828 888
85 153
354 405
445 456
121 121
369 414
426 452
704 766
295 330
131 137
540 560
649 706
323 323
116 148
814 909
290 332
307 382
262 275
179 239
77 77
860 906
497 535
824 878
300 371
789 820
578 659
904 983
591 618
279 286
311 405
254 256
88 102
329 332
279 287
763 819
160 235
154 164
614 692
564 578
450 503
698 778
387 441
959 1037
533 571
37 82
684 728
799 872
558 586
828 865
989 1080
546 595
918 918
159 191
679 702
799 828
429 526
509 525
803 823
146 182
58 141
533 628
827 859
220 257
813 861
927 929
991 1064
303 312
525 588
442 446
538 631
685 704
442 488
487 532
366 399
581 658
169 184
872 920
799 891
438 450
140 205
414 445
190 260
392 407
533 619
272 295
779 836
95 116
504 586
818 840
568 620
999 1088
219 290
789 807
315 342
983 1038
944 993
938 972
819 902
202 206
869 943
128 177
783 806
222 261
157 250
862 887
145 158
166 230
437 493
734 786
183 200
560 640
467 517
966 1052
533 601
991 994
994 1065
404 482
46 124
417 472
371 450
633 701
493 592
584 666
755 774
34 125
388 482
771 778
797 886
494 524
258 295
85 89
660 749
382 440
820 820
613 704
431 477
412 488
46 142
558 611
667 712
444 500
891 958
263 351
9 18
19 38
298 354
223 281
298 304
16 34
758 840
661 702
228 301
818 844
70 98
780 817
673 749
145 210
496 505
253 258
870 894
124 193
433 480
127 158
305 401
849 912
478 488
957 1015
936 1011
685 743
503 568
447 476
41 134
94 131
354 453
394 418
676 694
745 754
218 243
192 215
721 762
939 990
903 999
609 700
23 117
549 627
111 208
759 812
590 643
42 138
905 994
872 905
307 325
394 471
843 929
753 769
979 1071
467 549
940 968
74 89
723 798
545 579
972 977
339 353
510 544
210 225
523 558
700 782
53 147
60 156
32 45
812 823
857 888
894 943
59 79
816 850
295 356
321 341
666 678
886 963
746 795
944 965
884 929
156 193
91 107
185 209
381 430
487 577
980 1061
91 182
53 60
526 527
268 315
673 760
211 270
464 474
8 68
931 975
757 844
533 582
655 673
325 413
67 79
978 1077
546 615
791 842
328 397
4 101
868 945
884 963
589 589
389 438
460 533
194 212
112 139
419 439
446 542
508 573
260 299
617 623
260 268
110 199
429 443
538 635
792 866
728 809
474 492
330 416
143 219
856 911
604 631
727 729
75 111
619 655
427 463
494 581
644 648
276 349
719 785
722 785
940 991
596 662
921 999
405 469
155 216
671 682
241 340
513 529
987 1019
4 18
721 820
101 166
455 485
791 817
896 961
389 426
316 353
603 692
616 624
5 28
622 699
586 601
428 479
883 898
583 671
829 885
739 821
22 116
12 77
721 730
382 444
746 797
800 801
640 708
62 108
243 279
675 704
603 606
280 366
518 533
726 825
872 937
981 1027
660 754
763 844
255 300
843 896
196 291
54 143
763 831
835 893
856 866
187 246
965 1032
946 1029
683 755
534 541
138 153
153 203
509 525
883 947
61 139
469 479
74 98
799 888
344 378
548 549
496 531
660 721
555 613
296 386
631 661
497 518
697 747
623 682
918 924
675 706
584 629
941 951
669 709
200 265
726 726
566 640
835 862
387 429
537 620
332 400
865 894
641 704
831 895
122 171
770 819
81 88
294 316
717 732
115 132
681 774
17 64
768 773
826 881
947 1011
191 223
884 940
461 539
971 1016
142 187
394 459
595 622
972 1061
202 291
205 222
959 1045
510 538
485 515
885 949
786 871
380 457
817 881
385 415
142 151
275 312
154 176
902 903
849 875
991 1042
267 315
720 746
786 869
907 978
213 305
287 338
329 396
680 726
932 998
777 803
127 131
63 144
426 443
735 763
543 621
31 42
626 630
389 401
687 783
35 87
441 516
604 674
342 426
917 991
702 748
53 82
450 466
463 492
786 884
857 886
276 364
140 194
992 1022
18 49
178 183
284 303
80 120
742 765
876 935
49 80
57 59
760 819
571 646
88 145
773 818
38 39
186 217
655 685
413 486
562 653
79 177
563 622
790 795
582 648
316 400
597 670
86 96
584 593
285 358
718 729
970 1027
812 820
288 356
39 40
493 546
644 668
151 210
84 177
864 882
959 991
2 11
257 298
619 661
802 858
515 536
667 704
630 662
346 364
652 737
971 1016
690 757
70 111
527 533
486 529
876 921
276 355
706 791
672 749
727 801
286 380
347 400
432 509
137 167
247 336
515 585
287 292
538 547
398 415
215 299
512 603
681 721
322 362
26 72
417 422
821 876
700 768
9 93
498 596
614 659
288 369
316 343
38 44
636 724
975 978
24 111
646 703
628 697
797 851
667 734
111 199
622 633
9 92
647 654
482 495
604 626
94 114
401 485
478 515
272 325
592 688
941 979
354 375
559 610
927 954
70 108
67 160
202 230
28 77
935 945
815 907
984 993
164 249
746 789
774 792
448 514
315 356
957 978
662 730
524 565
95 190
980 995
640 722
943 1011
383 414
531 629
123 190
460 499
253 259
282 309
224 255
746 837
824 827
264 351
923 1012
428 499
736 796
886 962
942 1023
396 474
764 843
876 915
147 183
879 931
894 955
131 150
244 321
362 431
932 959
908 964
768 856
227 231
449 514
232 275
646 726
773 784
260 310
650 709
338 367
511 544
43 137
704 743
224 242
60 116
397 465
364 429
9 52
669 727
760 761
553 612
234 261
522 568
329 353
605 624
54 122
604 653
462 522
440 526
79 80
195 271
469 480
642 672
207 270
640 707
917 1011
78 129
873 873
997 999
125 127
573 604
422 500
980 1016
838 858
923 940
921 991
746 789
733 773
925 965
403 469
260 280
112 150
823 908
939 959
539 555
774 786
947 1043
290 317
785 866
699 759
750 823
530 626
68 83
236 329
556 648
911 979
664 687
858 946
8 57
308 407
565 600
364 376
983 1037
791 859
487 530
828 866
816 826
734 770
326 349
581 615
315 408
402 481
516 576
467 544
762 790
776 803
563 603
840 938
147 178
667 701
474 569
224 266
558 617
230 314
634 646
118 167
657 729
280 353
484 484
402 448
580 611
574 669
23 89
393 415
397 457
157 181
908 989
218 284
692 741
702 728
613 685
627 697
44 104
795 823
360 410
127 167
81 134
787 791
819 899
627 695
593 629
144 197
869 932
671 685
164 237
592 621
545 565
751 792
480 578
821 913
448 496
484 513
1 72
986 1058
803 868
741 837
453 538
249 323
600 672
588 652
645 726
893 935
753 849
483 568
895 952
777 820
605 666
225 284
884 947
131 218
528 552
436 469
110 147
7 17
310 406
827 834
129 201
202 236
69 106
819 883
694 742
307 359
561 593
611 656
95 189
484 559
319 339
308 337
958 1026
491 511
264 282
927 972
391 420
979 991
167 217
776 837
98 181
865 924
968 1044
104 119
923 963
743 785
861 864
23 42
71 137
439 526
185 203
432 460
848 911
740 807
913 981
580 643
303 349
22 93
274 352
39 136
419 501
439 471
537 551
451 460
681 723
296 314
312 393
498 510
844 934
879 889
458 470
825 838
610 658
385 469
678 754
82 131
910 983
81 128
40 124
56 129
478 531
291 382
786 827
303 385
731 766
444 485
347 417
654 711
470 561
193 241
519 594
598 627
501 580
877 970
916 1001
966 1060
990 1047
185 261
750 839
759 792
376 379
726 749
473 505
32 75
124 149
444 487
853 947
425 431
425 479
599 640
939 1004
736 766
174 195
58 82
762 831
109 147
373 408
213 311
567 612
494 537
823 913
687 715
684 748
734 743
118 203
451 508
602 689
339 415
460 558
52 75
919 980
361 453
348 423
843 858
172 261
959 1006
979 1077
375 390
462 523
124 156
146 173
989 1037
466 547
876 903
431 511
150 200
793 856
995 1036
790 880
409 424
879 947
662 672
718 808
225 305
851 852
112 210
981 1034
98 145
486 513
374 391
607 683
620 621
92 107
894 976
805 808
549 585
23 35
598 639
602 677
273 278
228 265
803 812
191 245
657 734
581 664
947 987
260 327
293 345
534 574
586 677
843 879
727 794
700 725
960 1014
852 886
459 539
971 986
290 304
221 320
544 598
682 773
694 736
410 450
646 690
880 965
635 710
73 87
942 1015
391 446
427 470
489 527
323 383
853 918
327 353
264 335
580 627
362 437
241 313
967 1007
68 115
825 828
922 1020
769 786
23 83
472 474
755 768
40 118
125 171
396 448
672 732
323 376
607 644
880 881
161 208
441 470
46 112
284 304
516 569
889 928
565 578
341 361
26 107
751 755
979 1026
956 1008
807 839
257 324
669 758
968 999
336 345
60 94
27 124
54 97
750 794
82 150
657 680
988 1024
156 247
540 576
238 334
140 238
128 225
165 215
238 271
981 1007
894 987
660 681
90 156
464 557
10 108
861 881
321 322
408 437
293 341
965 996
796 853
929 1006
206 252
427 471
931 991
370 395
153 183
98 142
449 463
789 800
812 862
831 916
203 242
315 411
539 571
380 416
442 503
613 661
108 200
93 184
152 167
217 222
198 265
901 948
934 1024
458 504
692 734
584 680
233 284
744 817
235 259
109 186
786 860
326 372
466 537
989 1007
586 644
923 959
226 303
783 843
867 961
258 270
236 278
808 877
445 497
242 323
29 32
358 425
777 813
765 860
807 861
213 259
313 402
882 921
666 684
51 136
612 621
149 149
504 561
669 718
862 926
630 721
319 360
410 459
377 452
44 81
929 939
635 677
99 168
133 150
887 971
354 405
846 850
51 101
813 886
651 726
337 371
918 974
975 1003
105 109
503 505
241 326
112 188
27 38
98 111
680 765
697 783
189 284
890 930
245 301
313 410
83 85
531 533
659 717
682 698
562 600
618 622
323 353
32 34
293 375
215 240
468 533
64 121
160 166
249 255
362 377
655 701
917 955
800 876
396 478
45 55
20 35
466 509
98 149
46 89
333 394
421 422
878 963
810 849
791 803
797 851
327 379
600 644
342 342
173 263
234 304
400 455
585 652
950 1033
718 814
779 830
610 610
205 293
685 752
879 955
779 855
982 1040
128 162
703 725
686 714
912 933
798 811
176 211
180 258
771 869
475 525
301 338
750 756
277 364
226 283
615 620
833 931
816 830
532 551
136 155
99 148
492 541
362 382
984 1078
498 553
144 169
657 702
762 769
304 396
546 576
549 611
887 921
760 763
48 92
574 611
215 288
938 945
922 974
727 786
546 572
14 56
551 575
487 553
783 826
58 88
673 732
492 505
693 697
616 710
248 339
631 647
216 285
523 614
573 576
750 769
181 197
513 597
140 140
750 774
496 556
254 275
119 217
434 499
702 753
259 261
594 636
118 128
163 257
653 689
597 600
207 285
520 540
862 874
72 137
936 1004
125 167
442 539
640 716
762 856
279 352
997 1022
967 1034
388 418
461 502
218 228
445 470
540 557
497 500
329 398
720 786
490 587
808 840
146 147
160 220
495 535
633 677
17 17
312 317
82 107
447 447
536 580
77 153
561 635
831 921
144 147
508 594
101 170
918 1017
470 548
860 925
870 915
810 898
446 468
645 725
599 691
181 268
688 698
916 965
185 232
492 573
3 55
667 723
21 58
55 146
15 30
457 495
761 828
478 537
741 764
439 531
568 640
180 236
935 1031
858 878
195 197
801 899
54 74
654 730
757 819
567 639
977 1053
362 452
995 1035
1 89
316 409
781 865
765 826
492 492
57 59
172 176
404 429
803 862
145 154
887 889
871 925
27 28
183 224
643 721
582 627
267 317
438 486
134 189
361 439
608 678
681 761
374 411
106 135
896 899
339 374
858 920
590 675
115 140
626 685
303 363
404 426
810 852
970 1066
397 480
627 632
453 461
138 166
745 841
709 803
199 247
129 186
963 1034
294 372
196 269
189 241
833 926
774 870
787 884
644 681
780 851
894 928
579 611
414 491
628 651
23 103
524 528
589 676
576 660
917 941
157 164
976 1018
52 55
690 730
200 235
377 457
606 677
566 604
656 736
567 603
456 546
168 248
94 152
819 841
994 1082
147 150
195 270
197 197
578 666
792 822
223 292
463 544
792 821
719 719
10 96
789 855
228 285
798 821
715 732
697 758
705 801
564 617
672 734
205 207
650 747
85 110
518 566
406 468
577 655
463 502
116 168
757 802
561 616
20 97
524 541
690 772
914 969
187 225
17 109
892 911
741 818
596 655
525 527
273 328
832 868
394 443
340 344
294 296
59 73
531 567
383 404
870 967
828 885
587 684
801 881
568 662
457 521
153 188
519 545
790 841
515 551
652 659
40 86
461 513
612 656
388 484
918 928
645 691
19 52
296 316
65 129
66 88
29 48
209 257
997 1048
251 315
888 892
72 100
202 287
732 747
230 302
163 211
82 142
246 247
745 787
273 283
407 446
685 721
910 1004
336 396
246 285
124 210
843 891
766 864
434 533
213 229
971 999
164 170
888 898
507 541
305 338
444 456
472 553
500 535
376 464
995 1069
127 198
460 483
20 46
73 79
725 811
822 871
366 404
455 461
100 114
592 597
447 536
469 541
870 891
7 53
509 563
220 309
825 857
664 761
259 296
355 439
375 404
33 126
867 907
699 719
155 247
725 727
33 80
226 229
868 901
502 532
939 1013
719 736
107 142
314 380
472 494
702 801
551 639
292 363
928 1019
91 126
635 703
38 106
715 779
572 608
850 876
666 707
500 537
258 265
472 497
325 369
947 975
143 193
116 151
621 717
778 790
832 846
881 903
434 482
838 896
884 924
784 786
182 267
639 731
244 255
717 787
407 423
598 600
867 933
689 729
814 882
553 599
234 320
220 288
86 145
27 50
451 514
225 258
448 513
426 519
976 1071
263 347
864 877
638 669
279 307
571 616
796 872
444 474
614 678
50 103
75 104
376 403
593 646
512 605
818 908
86 133
786 787
883 933
914 935
733 778
849 905
343 388
485 572
27 78
451 481
504 583
211 243
758 762
186 256
550 554
561 597
503 602
690 776
701 757
908 994
854 863
794 891
107 186
984 1070
83 170
916 955
18 46
172 248
284 342
47 81
714 774
823 893
11 76
956 1020
821 837
202 229
326 422
576 661
628 640
271 282
700 740
2 72
20 94
847 851
884 930
491 542
206 272
521 590
531 560
633 637
46 81
732 756
183 191
509 520
221 253
874 947
672 749
343 435
403 445
997 1085
788 828
591 685
506 518
915 1004
941 989
93 132
735 812
415 434
486 562
82 141
409 466
684 765
186 213
126 215
922 997
877 887
315 383
57 130
932 1004
562 588
873 880
917 925
185 218
879 902
961 975
82 152
271 337
804 813
145 175
398 465
405 433
778 850
448 535
245 326
159 218
959 1043
166 242
345 396
209 233
374 445
538 594
893 954
574 623
970 1042
979 1000
491 527
349 370
808 905
808 813
530 598
564 653
352 383
366 463
82 109
274 283
450 514
617 713
678 770
745 745
616 641
721 728
813 835
729 803
220 257
379 381
857 953
592 654
27 85
259 320
237 322
270 358
402 442
384 464
432 461
80 80
206 260
507 579
576 612
346 394
774 851
251 282
373 468
193 193
505 510
214 256
42 78
782 826
76 94
524 584
0 57
260 266
111 179
930 969
356 432
188 218
354 445
114 141
338 397
480 523
816 862
585 644
882 902
303 314
238 318
171 209
489 573
797 797
904 931
991 1051
4 35
391 401
674 731
789 801
516 585
855 940
315 408
544 594
513 612
861 864
731 763
342 362
168 259
172 244
218 234
333 407
47 123
636 658
933 959
734 735
695 737
486 549
87 169
913 913
934 1008
55 72
158 207
238 265
240 302
751 810
278 362
385 463
160 182
400 445
448 534
247 342
780 865
858 925
820 843
819 825
897 972
123 131
624 637
87 152
476 514
676 682
923 936
784 819
435 471
881 916
375 455
731 786
917 958
23 60
65 159
195 257
69 88
722 768
32 41
263 323
648 687
967 990
352 355
358 398
640 679
375 442
719 725
522 559
48 145
726 791
444 466
427 440
593 595
911 936
311 385
838 849
113 170
234 252
612 705
310 314
184 269
971 1027
144 190
893 937
743 814
9 48
245 333
53 91
290 354
816 870
491 545
265 269
163 163
774 849
445 529
380 409
122 173
885 951
197 227
162 255
454 525
832 931
311 348
538 540
554 560
908 953
712 785
1 76
25 53
2 72
564 646
100 186
86 123
304 339
468 534
280 302
989 1054
973 974
54 117
255 263
569 632
5 86
688 747
508 522
839 902
184 187
245 281
90 173
974 1020
671 765
213 264
68 122
768 861
855 878
257 319
783 861
977 1018
812 878
500 520
380 419
183 199
94 175
905 989
816 895
931 1018
25 121
791 836
50 109
838 896
382 477
72 138
274 324
307 393
68 127
758 758
850 944
716 760
427 500
481 524
852 916
731 760
612 634
674 736
81 94
272 288
608 653
334 368
747 840
672 687
152 183
615 669
77 160
298 302
657 688
747 808
895 925
91 150
704 721
522 560
630 676
954 1045
843 883
177 267
633 683
405 442
633 705
491 501
408 449
566 583
625 690
630 702
496 569
732 732
191 197
690 763
752 848
764 860
636 730
186 255
144 188
406 435
668 717
839 867
743 748
845 913
70 98
592 610
901 925
471 563
930 991
618 701
158 192
631 725
28 45
416 488
113 187
653 687
776 868
562 633
249 309
591 663
588 671
942 1031
508 521
934 972
927 931
473 510
638 642
583 650
274 325
191 230
526 571
873 927
689 725
525 616
196 212
963 999
299 356
977 984
23 34
598 648
815 886
739 745
528 550
473 527
26 42
893 945
861 928
206 209
203 234
194 245
847 856
239 337
766 782
306 395
480 536
91 138
679 761
453 460
857 935
361 444
295 350
787 795
374 467
411 440
76 81
680 755
466 537
773 806
487 518
374 393
687 705
967 1034
352 424
574 583
51 139
92 190
895 974
206 275
224 242
198 250
575 605
927 969
501 502
627 667
484 537
660 732
523 602
539 615
751 816
85 139
105 135
852 852
761 820
269 307
29 96
990 1046
49 67
350 400
971 1048
891 946
683 686
979 985
882 952
82 115
688 708
788 881
402 494
146 209
51 118
501 533
235 279
389 425
762 801
187 272
69 99
892 944
333 405
310 325
94 139
200 282
617 657
928 947
333 407
534 570
841 929
169 197
232 242
65 111
1 5
431 501
34 109
174 193
547 632
934 1028
582 668
776 875
827 831
218 230
130 134
600 672
492 561
752 828
31 48
422 455
421 426
455 462
881 911
526 606
467 479
774 823
299 350
600 678
607 625
342 380
274 316
62 129
64 78
843 938
984 1050
480 537
823 859
565 569
918 961
485 570
256 267
786 793
514 600
737 759
556 635
212 242
21 95
949 986
440 533
885 909
411 476
182 268
653 752
291 362
542 570
308 406
739 785
57 111
184 278
728 820
873 913
923 970
566 590
36 42
17 38
431 511
639 704
367 459
64 74
216 222
490 566
757 786
675 741
835 894
961 976
952 1038
855 882
785 858
451 473
780 801
743 806
953 987
528 600
379 471
34 129
550 574
823 882
106 204
826 867
710 797
857 871
325 389
241 252
838 882
933 951
865 893
533 604
763 824
843 937
5 83
89 96
402 466
567 627
115 160
802 879
884 895
191 200
75 159
672 737
828 833
235 281
986 1054
217 218
829 841
595 681
642 678
94 191
652 665
257 324
758 817
944 986
422 457
203 301
271 347
115 115
833 884
146 165
119 134
272 273
479 546
487 509
255 288
519 527
946 1022
675 679
188 260
698 708
459 513
460 491
130 206
831 894
927 956
135 233
396 403
699 774
627 714
997 1079
120 188
790 857
997 1015
123 208
790 864
147 196
428 488
332 342
888 903
225 240
196 256
565 657
120 185
820 867
452 469
981 1005
38 62
343 378
942 961
220 304
993 1012
685 758
679 697
683 750
533 541
734 764
621 621
322 363
565 659
840 909
664 737
293 295
297 386
737 828
808 817
675 676
380 441
926 986
379 388
979 1043
869 883
994 1084
366 435
583 666
163 238
652 679
949 1046
881 979
286 304
190 284
279 344
247 307
578 651
720 777
782 833
222 226
765 833
494 577
237 267
766 819
205 275
932 938
68 82
105 111
784 879
801 865
512 512
724 815
574 670
400 408
847 921
712 777
543 602
448 480
341 408
237 335
337 407
405 462
984 994
464 532
157 174
184 253
17 25
112 155
56 69
652 708
487 503
221 251
627 648
515 535
588 640
219 297
922 946
35 93
486 585
27 70
116 127
664 750
472 549
429 457
290 323
136 213
502 559
160 241
731 806
802 873
427 448
949 999
997 1082
960 1043
836 923
126 131
551 641
791 866
919 939
255 264
6 98
339 347
101 200
989 1021
174 265
856 909
164 169
655 716
142 158
644 675
955 977
636 642
265 292
233 317
999 1088
746 803
881 966
865 947
584 591
167 177
998 1021
415 430
180 251
676 751
39 112
6 100
795 837
853 865
421 507
949 1021
927 1022
130 138
780 827
143 159
554 564
178 183
685 778
420 485
16 64
892 899
121 219
754 823
892 899
681 746
45 75
438 511
325 345
781 838
619 695
173 247
938 941
431 454
649 652
841 858
651 684
425 498
632 711
42 118
138 161
542 625
706 738
508 539
604 646
841 864
918 932
749 806
70 102
480 499
735 808
88 175
407 472
160 251
44 98
267 301
277 338
718 753
845 871
367 416
220 228
25 64
574 648
996 1092
659 687
67 161
854 910
781 842
21 114
4 22
847 870
952 1029
785 807
812 842
601 680
432 453
739 796
960 1026
583 591
662 704
489 519
637 680
886 956
956 1015
64 76
677 688
935 965
388 460
4 5
55 60
732 819
427 451
944 983
490 569
48 100
474 563
882 893
584 604
233 273
380 477
852 861
561 600
391 440
212 308
502 569
1 36
754 834
411 461
520 521
281 301
53 108
809 897
218 311
760 812
285 377
749 838
254 316
628 673
612 652
41 107
107 202
53 66
175 239
615 662
365 462
319 390
652 680
411 482
873 944
323 333
16 40
999 1069
87 167
915 966
820 829
517 597
56 79
845 928
387 448
631 684
358 408
876 886
431 518
233 289
810 818
519 545
333 403
448 520
850 866
823 846
25 117
655 736
615 615
664 719
313 360
460 483
950 986
386 419
975 994
389 474
528 536
964 977
131 195
985 1066
480 540
4 9
204 215
938 958
512 567
527 604
602 689
201 253
323 410
285 383
206 233
435 521
287 338
299 317
516 552
752 848
796 804
854 855
120 212
173 257
99 99
161 163
39 101
606 668
949 993
12 20
623 670
594 656
199 293
33 100
530 615
63 142
893 962
32 45
414 471
997 1010
609 620
567 615
873 947
10 85
770 844
683 728
821 850
7 79
875 915
439 445
177 232
437 508
124 193
436 474
378 464
404 491
297 368
635 657
497 594
697 764
371 403
364 408
362 386
269 358
764 772
995 1037
915 999
365 457
605 606
282 365
587 673
970 1006
658 715
759 814
954 962
775 852
893 932
222 277
215 306
196 276
551 643
274 293
328 367
211 245
792 837
917 997
532 572
968 1058
197 224
697 701
536 608
533 562
964 971
36 115
598 630
511 513
776 813
673 678
776 812
391 412
81 89
653 666
548 569
155 201
349 354
602 639
29 64
18 111
243 249
525 618
990 1078
47 114
526 546
224 278
956 971
927 1017
275 355
355 379
202 213
922 973
716 792
140 185
11 69
91 97
916 984
800 806
708 807
25 111
920 969
593 621
216 236
970 1014
101 127
668 671
189 231
206 263
170 268
354 435
208 253
140 164
765 805
30 56
139 195
412 423
657 662
992 1018
878 940
70 149
640 730
634 663
32 72
86 88
538 579
735 833
238 313
222 278
167 219
182 241
660 706
70 140
952 966
896 926
729 795
161 230
56 151
199 239
987 1024
994 1071
78 107
975 1044
957 1054
25 49
801 808
783 845
505 511
132 141
972 1052
991 992
346 398
71 125
947 969
194 228
259 347
811 849
269 307
359 385
335 419
703 740
943 1029
951 999
44 79
258 275
815 864
718 779
754 795
915 968
763 824
988 1011
649 700
713 731
290 362
497 574
808 808
114 165
38 55
551 634
852 913
452 519
411 481
180 197
664 711
570 597
908 918
802 811
62 129
180 184
939 1016
33 132
229 229
850 917
917 971
702 724
915 969
141 219
677 699
195 236
121 187
120 202
676 699
643 733
790 813
146 228
852 932
181 262
680 764
701 798
138 141
71 124
910 923
732 819
887 914
928 988
693 741
742 764
323 409
812 826
561 620
548 562
139 168
847 918
113 161
120 171
304 396
657 671
405 494
801 893
668 749
652 666
481 528
436 441
485 485
271 317
559 578
460 510
548 608
221 235
208 250
617 629
886 960
78 169
15 94
935 971
312 351
750 844
38 76
599 622
138 160
570 620
41 123
452 493
42 68
307 358
720 745
115 121
199 293
897 964
425 509
603 641
475 528
532 546
243 326
37 70
705 712
135 233
990 1078
391 423
614 713
635 721
624 627
292 367
297 338
742 816
725 822
812 812
402 446
714 759
179 183
731 767
711 777
334 387
454 480
438 458
777 802
106 107
528 578
928 1005
291 314
252 320
720 784
569 592
761 796
120 160
91 142
177 232
718 781
208 232
941 1039
297 315
424 479
471 523
506 506
130 179
423 505
518 613
798 837
970 1029
426 517
852 870
294 375
673 737
244 277
889 975
232 270
256 264
293 321
312 363
480 522
301 356
176 195
750 777
610 631
886 922
164 202
554 564
119 198
175 191
165 181
254 351
954 964
757 856
590 659
751 821
864 916
325 417
223 251
719 752
501 507
221 238
696 724
827 895
707 761
884 956
770 860
621 697
0 78
28 119
800 879
13 77
183 274
408 466
119 147
943 963
86 150
989 1071
292 308
302 302
171 209
224 317
28 126
722 751
576 626
972 1000
881 918
744 808
28 81
174 273
281 298
471 538
281 341
501 575
277 333
926 926
694 696
445 468
700 719
752 781
269 345
357 359
413 415
566 660
255 347
293 381
209 274
607 698
577 637
417 471
616 659
6 17
845 849
34 132
323 361
527 620
566 650
447 478
338 352
125 170
458 529
833 901
888 980
159 224
253 329
672 693
271 301
532 600
834 852
366 424
408 501
103 177
130 180
306 374
916 999
414 489
554 653
43 85
392 446
260 357
482 514
218 223
962 965
573 670
21 113
307 337
537 547
756 823
312 374
136 165
846 848
956 1008
853 952
547 592
905 912
594 681
91 156
492 545
268 285
202 243
709 718
423 470
271 351
266 302
594 648
165 205
656 729
545 555
824 916
107 136
251 305
468 510
219 279
395 482
729 779
128 219
811 815
390 425
84 140
371 449
411 499
471 490
361 377
281 366
460 549
266 277
443 477
53 67
46 46
501 576
750 831
918 980
885 893
349 418
317 337
0 28
960 1031
499 520
839 920
858 957
522 546
10 27
858 921
331 335
863 947
31 97
165 215
880 883
258 287
724 799
949 973
655 716
547 554
582 668
288 380
685 747
916 1011
831 857
110 124
30 104
698 759
292 307
11 83
618 640
401 496
549 551
419 424
963 1030
64 161
353 357
689 780
866 871
438 487
731 780
563 576
875 888
526 593
828 918
339 438
512 604
846 859
794 859
970 979
584 618
6 44
738 833
681 737
652 671
5 40
668 736
200 295
533 559
414 428
968 1021
865 945
197 208
246 337
976 992
100 161
251 309
851 892
505 589
298 307
3 6
244 268
224 320
919 976
875 909
823 866
439 527
676 713
399 421
980 1008
490 523
641 682
891 983
435 532
376 409
906 937
388 391
755 767
299 326
722 748
713 758
370 422
234 280
141 226
320 342
713 723
555 609
904 1002
846 885
195 269
72 126
306 366
957 970
425 433
440 539
135 188
44 101
658 688
903 1002
616 639
273 302
385 465
684 773
979 1061
628 654
809 861
980 1047
865 954
880 970
250 323
789 826
178 263
594 630
816 865
988 1020
424 437
761 770
146 243
99 124
32 111
3 44
132 216
308 405
625 665
639 714
565 645
612 656
965 1023
932 1013
407 479
565 596
886 965
993 1025
476 568
509 517
171 235
701 756
200 209
4 30
902 945
53 120
423 441
563 604
576 672
522 606
120 160
167 173
119 179
390 437
604 655
808 836
116 125
783 799
871 959
494 567
783 831
592 651
566 622
300 342
4 78
478 502
614 712
483 516
158 183
33 96
477 518
243 288
350 376
613 634
166 174
346 348
8 99
861 935
447 508
68 71
335 434
927 977
897 907
35 42
988 1056
522 587
261 326
762 774
144 219
185 247
835 919
964 1007
175 200
769 843
986 1076
777 851
89 93
976 1014
467 530
745 800
784 804
272 317
385 471
657 738
113 208
544 593
79 87
144 198
686 752
580 604
456 513
698 743
413 439
235 267
390 470
39 113
952 1015
219 257
49 78
571 634
776 791
464 519
976 1036
461 523
226 267
38 120
750 839
579 642
115 129
396 453
147 182
31 130
99 102
789 789
184 245
15 27
828 859
167 223
792 872
170 188
373 382
53 76
298 382
286 299
799 833
623 721
822 828
749 822
609 700
773 818
604 645
457 489
972 1048
941 1005
308 319
135 216
320 360
804 822
524 567
384 459
829 836
973 1024
13 88
276 351
966 968
472 494
543 625
706 721
610 657
632 651
759 778
952 1031
659 668
50 133
904 938
859 892
793 877
737 795
611 624
485 514
415 473
851 909
592 650
826 828
205 263
473 537
577 603
396 484
535 581
771 862
232 314
524 549
519 580
535 565
627 648
412 454
331 394
353 376
821 900
477 556
989 1040
343 361
729 768
506 522
537 566
407 476
612 695
146 229
897 979
965 989
55 132
918 956
641 712
661 675
802 892
193 236
793 882
61 83
980 1047
490 508
197 294
639 700
533 619
644 674
820 881
954 981
339 411
965 997
496 574
146 196
820 860
794 808
581 588
488 549
775 854
431 455
228 299
837 898
209 290
543 624
442 539
608 641
722 747
465 483
903 915
220 295
304 318
689 726
222 252
798 847
509 539
25 114
301 363
203 265
695 741
243 332
596 647
623 641
776 816
888 919
404 464
106 166
827 875
297 298
678 774
750 789
678 705
980 1011
989 1072
193 229
282 318
525 555
287 287
548 563
941 1029
798 895
248 304
758 833
756 811
828 862
503 581
325 406
57 63
512 610
841 846
434 457
141 153
353 433
164 217
547 604
393 490
155 249
306 319
421 483
320 370
849 873
180 254
5 43
480 498
636 658
575 598
797 814
735 738
849 948
108 157
357 359
446 458
496 548
777 846
815 912
519 583
921 921
190 269
938 1009
797 823
345 369
349 391
793 877
997 1040
336 342
392 485
608 698
557 613
943 977
725 735
431 528
126 131
297 313
984 1071
339 372
865 949
857 924
179 230
651 727
646 685
634 672
384 478
228 269
402 425
627 707
633 692
77 88
116 142
428 428
665 684
585 615
804 846
97 132
445 446
863 954
792 842
481 558
444 506
118 165
585 631
327 398
157 161
34 59
482 496
77 124
934 996
29 119
456 535
425 427
580 620
345 417
490 569
901 936
241 261
134 212
118 131
749 824
569 605
252 303
950 979
198 282
991 1070
974 1073
58 109
701 791
744 843
363 397
578 642
521 592
636 643
349 403
820 871
381 470
587 620
440 477
314 404
422 427
570 618
105 185
852 910
971 1067
909 995
182 221
302 358
10 49
63 123
45 129
163 242
273 323
764 830
287 366
408 469
736 814
162 255
311 325
704 786
962 975
968 1012
805 875
200 215
561 577
527 534
500 590
738 763
792 794
543 575
933 985
493 563
282 289
215 308
373 392
227 262
885 980
832 922
466 550
857 936
0 37
986 1038
427 503
330 350
579 652
652 716
177 274
534 546
857 859
757 787
21 106
918 976
180 182
300 398
486 544
378 465
895 911
691 765
793 814
246 270
247 297
588 664
100 175
588 645
577 623
539 589
331 340
209 272
911 920
862 960
19 59
237 303
308 336
293 294
302 341
177 226
790 856
325 367
241 307
551 569
612 702
768 863
252 281
158 221
191 211
913 923
612 662
477 550
431 501
726 759
661 665
634 637
670 681
45 108
577 673
433 474
39 92
188 279
883 930
454 528
719 787
636 720
870 935
957 958
587 670
386 435
587 659
52 61
36 86
224 289
46 55
507 544
563 610
728 826
394 429
224 238
903 963
798 823
326 333
779 792
790 807
514 544
890 957
691 717
369 385
891 906
277 327
853 893
798 831
638 682
468 482
10 33
75 83
849 902
267 295
666 724
497 530
140 227
100 131
665 686
99 108
236 313
659 700
569 578
727 787
354 449
774 838
919 968
525 545
602 694
100 121
202 299
154 196
337 343
526 528
779 856
911 926
354 377
809 833
84 120
484 574
83 93
155 209
460 492
474 488
176 202
387 418
524 617
73 134
851 902
215 245
929 956
998 1081
402 461
559 645
47 142
277 307
6 90
485 503
168 179
232 276
238 310
75 137
865 866
975 1044
452 542
699 780
669 718
17 40
208 236
910 965
324 363
386 468
323 346
500 543
886 970
187 211
56 71
238 312
468 481
343 363
756 850
654 731
444 467
201 253
951 1014
260 287
2 100
309 386
221 230
520 527
894 953
584 586
674 696
576 618
388 459
415 511
666 687
625 687
444 470
114 209
289 315
375 418
724 808
320 417
846 938
757 849
252 293
394 472
515 538
773 828
594 682
751 763
961 1038
74 79
555 596
152 249
619 646
840 884
564 577
641 651
705 803
502 511
91 187
588 595
571 632
862 928
901 967
130 192
695 752
267 317
450 521
799 868
299 391
765 828
505 512
273 335
157 184
872 921
23 35
856 951
173 243
113 187
36 131
936 967
504 559
334 388
326 359
376 453
125 166
192 274
548 565
897 903
944 965
307 327
933 996
267 273
233 313
532 554
327 395
705 737
375 414
138 139
525 539
31 81
8 31
985 1041
41 123
614 699
3 24
305 341
436 460
394 416
656 682
644 728
746 795
168 189
741 747
174 240
173 178
268 349
429 434
89 111
487 543
159 201
329 346
130 196
741 765
140 238
802 886
382 430
485 535
21 99
208 304
844 925
753 818
914 996
70 74
356 366
60 76
104 193
333 368
507 581
759 806
472 486
431 437
462 531
108 144
847 864
32 76
50 87
861 926
672 755
969 997
545 626
544 594
770 847
885 963
304 400
277 353
910 971
335 360
330 373
561 590
112 157
925 988
82 120
480 486
422 471
135 202
182 261
969 973
909 963
582 595
203 215
341 354
273 349
190 193
120 123
484 516
400 462
747 830
900 927
589 611
28 104
642 652
756 767
515 532
818 867
230 251
661 732
486 520
248 325
889 909
780 854
952 1033
136 136
16 52
927 984
711 767
386 391
518 560
668 701
511 597
483 524
507 603
664 710
431 443
23 43
632 687
46 83
688 722
637 693
923 939
366 400
224 276
691 734
894 953
776 781
846 857
498 503
108 170
51 142
427 453
211 222
934 944
348 370
144 181
31 98
254 351
53 83
149 193
573 668
104 106
152 154
665 715
7 80
164 175
16 107
837 917
355 378
190 193
98 132
393 422
754 853
526 585
829 904
904 959
422 482
457 531
662 736
576 645
600 640
432 448
684 706
196 235
745 831
94 137
73 112
972 1051
838 888
338 406
877 919
775 874
954 1038
873 889
58 107
638 696
542 612
275 353
44 67
969 1059
210 273
985 1020
255 265
814 907
160 164
113 151
99 187
337 390
472 535
670 753
364 424
541 547
82 150
836 863
992 997
269 323
221 275
189 265
916 971
569 646
859 894
467 525
923 979
12 60
719 753
631 667
46 118
694 722
693 724
607 692
336 412
239 248
483 511
385 484
135 142
828 922
342 437
953 970
804 821
365 440
703 751
311 360
873 879
877 943
537 622
603 628
713 755
135 231
622 694
948 1005
531 559
751 824
424 480
843 923
725 785
455 483
909 976
177 211
773 828
700 762
892 895
887 944
497 571
154 173
247 301
228 306
582 613
4 62
740 839
938 1003
759 805
894 914
513 584
154 192
478 484
652 722
861 900
328 386
266 300
829 894
640 649
643 665
741 840
933 1014
550 573
946 956
969 1009
682 764
264 353
472 514
395 419
465 474
16 61
967 1049
331 380
147 218
558 600
545 596
494 572
132 176
702 733
706 777
623 664
506 593
930 960
630 707
455 550
286 309
592 598
105 128
107 111
894 959
746 837
669 709
270 271
637 661
584 627
995 1003
84 137
95 161
184 261
44 135
524 606
814 830
640 711
39 86
875 960
765 786
77 111
214 313
587 638
23 95
546 616
732 763
224 251
349 409
905 998
751 832
76 93
898 966
188 277
816 879
575 656
36 40
367 417
703 757
453 479
478 530
96 106
335 407
38 122
784 879
78 113
428 434
804 830
574 666
616 658
407 450
675 719
899 941
46 48
997 997
680 707
852 880
38 125
801 829
223 308
723 724
473 476
159 188
830 916
622 720
828 857
693 697
825 917
898 970
546 641
724 750
723 751
354 367
467 474
541 631
445 461
992 1062
119 122
899 900
589 610
99 169
903 947
626 654
736 760
952 1034
772 848
860 907
604 619
960 1031
74 75
762 781
469 475
789 877
609 650
890 941
562 603
673 690
486 585
898 920
175 225
857 904
527 544
146 177
284 290
203 214
959 976
230 258
423 495
369 453
413 472
287 314
600 660
497 535
611 706
13 100
245 315
86 158
939 972
256 332
691 702
287 338
128 197
431 482
241 241
287 293
411 486
686 750
887 970
802 901
578 593
638 661
37 113
948 1025
309 313
553 606
15 55
356 451
709 796
398 401
940 1025
661 664
260 307
67 67
530 600
999 1007
37 74
284 359
713 745
52 127
788 845
80 135
149 185
650 660
575 623
865 932
85 112
571 669
874 912
198 203
860 909
865 963
538 587
973 976
733 810
978 999
686 744
28 63
846 876
397 419
430 493
289 305
790 802
214 278
851 915
421 484
313 400
961 1012
788 874
454 476
15 100
395 396
195 271
888 930
806 892
816 853
549 606
753 792
670 689
355 428
435 464
936 984
768 818
951 1007
888 893
430 486
542 620
309 347
954 1052
132 192
484 484
997 1082
757 759
76 155
773 856
652 660
912 953
956 1036
191 250
589 620
17 36
687 746
197 294
649 652
195 228
264 295
433 446
768 811
716 812
674 763
979 1058
50 94
620 678
924 987
618 683
594 629
885 919
546 580
631 727
938 1016
681 735
561 628
167 248
362 397
877 913
77 133
715 742
100 135
837 914
498 553
242 287
442 521
79 168
266 328
537 593
240 258
110 163
685 714
834 881
217 228
436 530
919 970
773 845
839 849
749 786
418 461
134 194
175 188
849 890
275 313
997 1064
957 1016
20 114
88 142
394 399
917 947
951 988
333 409
209 281
39 49
862 919
5 101
669 749
562 633
973 1062
609 631
409 475
781 810
913 983
636 643
527 532
489 520
742 764
907 910
347 393
965 974
755 826
557 582
503 574
648 725
661 718
151 173
176 209
851 940
155 194
748 830
97 186
865 956
763 836
495 505
71 83
671 750
135 164
956 995
700 704
468 481
861 880
135 172
904 943
478 537
530 608
94 121
167 226
819 850
84 150
393 449
478 543
687 701
294 337
605 651
599 672
412 424
44 91
850 899
238 318
360 429
259 313
748 774
414 481
709 807
233 236
6 70
168 261
678 692
688 771
160 247
708 780
100 104
472 474
405 415
334 400
831 924
220 300
372 458
147 228
485 518
184 227
797 849
537 564
518 595
462 541
217 239
603 672
626 653
971 1055
490 495
150 171
251 321
253 276
357 410
704 798
838 879
37 124
945 971
814 878
504 532
495 516
150 200
742 770
878 891
512 532
370 384
393 466
385 432
596 690
400 453
288 326
246 323
225 316
604 695
655 715
19 21
533 554
953 1028
1 84
340 406
903 965
232 328
36 105
943 1027
63 158
989 992
285 320
733 795
427 464
253 287
149 173
937 1019
497 587
309 360
73 122
69 145
711 712
624 723
271 339
84 118
615 640
390 391
661 684
763 851
812 881
522 583
345 356
995 1038
701 705
46 72
305 320
102 170
416 495
820 907
647 651
374 388
681 697
515 557
239 270
782 785
0 57
716 761
468 479
540 610
367 453
648 672
701 704
392 462
182 194
509 538
468 551
443 493
351 362
844 886
942 969
345 439
284 345
639 691
124 156
274 365
118 141
515 587
26 86
642 650
824 875
389 434
387 471
795 833
847 938
681 770
618 696
435 489
440 467
7 71
959 992
408 437
556 579
601 635
535 578
494 554
747 830
5 39
420 472
872 939
143 148
409 423
284 328
368 444
271 298
640 722
361 409
12 81
324 337
556 615
209 259
571 627
286 362
90 96
80 94
325 401
220 254
690 746
931 989
932 986
138 162
137 236
973 1022
120 169
762 838
508 579
727 807
279 344
8 77
423 512
684 732
665 721
835 842
464 530
117 213
320 375
320 377
754 799
958 1033
294 367
551 606
396 426
235 311
995 1090
45 63
36 117
519 572
689 743
760 813
472 550
901 993
133 155
602 642
219 231
467 481
985 1055
669 751
1 57
410 458
851 906
119 159
889 927
293 371
344 398
84 100
932 1017
960 977
559 573
657 736
827 903
645 709
847 913
898 946
922 930
548 573
116 183
365 370
657 716
935 988
65 136
169 218
357 439
766 834
748 824
399 426
252 296
92 191
710 752
299 383
651 651
462 481
219 298
476 553
190 201
230 285
783 835
604 696
586 609
760 794
499 559
262 265
556 562
203 222
48 102
955 1006
54 123
170 244
949 995
503 594
410 443
747 792
837 840
37 112
426 475
110 187
661 685
381 451
430 466
189 267
790 834
530 575
914 966
471 486
699 773
706 767
59 64
6 103
509 604
672 759
896 930
917 975
858 956
128 216
586 655
119 195
165 166
573 604
53 97
646 650
370 375
565 595
510 581
679 750
318 321
659 674
838 914
773 869
226 279
337 349
274 330
540 579
809 875
871 933
862 931
319 352
574 658
663 748
808 902
456 482
397 464
341 376
395 461
284 305
71 92
785 830
429 507
137 175
144 152
452 510
877 948
591 643
656 662
889 905
300 345
942 1040
813 849
285 345
454 523
182 260
542 561
223 294
997 1057
209 302
720 782
204 302
785 832
402 443
754 845
257 263
988 1040
456 509
540 634
714 808
663 759
872 878
567 615
529 546
160 199
410 443
753 767
831 869
762 847
332 400
876 917
626 690
845 880
18 103
529 561
732 776
980 1036
102 201
404 436
816 833
723 750
150 178
193 226
718 725
270 272
527 573
344 350
362 451
941 973
927 949
816 875
718 766
615 636
48 120
805 869
641 721
443 486
60 149
828 906
296 394
181 257
596 673
682 740
418 441
43 88
797 808
356 423
360 384
40 100
48 93
624 713
77 97
832 869
409 421
916 973
110 159
233 239
678 693
664 760
890 949
794 833
271 273
907 990
826 873
743 817
145 212
915 937
139 238
360 360
111 139
958 979
429 472
927 934
459 503
555 556
355 356
741 767
556 556
609 691
947 999
609 701
72 148
667 730
976 1055
464 503
7 29
13 101
965 1057
247 323
236 290
830 874
856 879
570 582
923 955
146 216
236 243
315 375
984 1066
224 236
713 801
103 123
462 478
860 939
409 468
908 1005
613 651
941 962
661 725
585 669
396 480
806 890
191 264
645 672
807 828
839 859
909 1004
592 615
411 415
502 522
263 273
170 247
500 511
698 759
975 1011
97 120
720 776
60 71
729 734
791 880
926 1008
409 496
277 331
262 351
158 222
861 883
527 558
651 678
143 192
541 611
337 375
546 603
894 900
321 397
663 675
865 906
94 120
480 552
332 374
413 504
858 932
265 302
306 322
765 766
617 675
271 326
648 717
12 55
775 808
871 961
797 885
83 175
714 777
616 715
657 686
890 906
303 358
253 262
71 141
410 498
380 414
995 1024
203 211
572 603
693 788
473 516
883 940
735 784
472 475
348 378
732 822
998 1085
745 748
997 1065
326 385
209 215
145 149
735 784
564 623
32 42
454 459
453 542
414 454
991 1078
243 334
369 396
282 301
714 793
322 333
548 596
823 832
707 775
313 355
669 699
454 455
840 900
559 604
950 975
185 278
212 292
984 1017
107 173
652 673
998 1025
885 983
327 387
7 41
28 100
829 879
902 985
103 197
543 605
739 784
988 1012
138 190
704 727
838 901
741 783
985 1024
521 543
637 686
282 326
235 297
669 685
712 783
699 715
666 761
830 887
792 862
682 713
75 113
406 471
254 353
107 146
239 320
461 489
182 277
225 242
757 851
834 856
817 902
990 1025
832 904
593 670
343 370
908 978
717 783
35 106
165 259
562 618
475 550
337 394
470 532
427 507
808 821
402 427
850 942
813 848
564 622
12 71
385 457
29 83
290 306
426 433
263 351
564 654
716 769
100 186
167 194
766 841
492 512
952 1046
264 281
729 758
875 968
440 452
365 387
67 74
238 331
815 868
833 864
944 993
984 1028
88 139
923 929
126 193
727 757
461 552
548 591
172 195
636 649
36 90
435 490
361 386
300 376
879 912
907 982
35 78
219 294
394 488
681 753
261 321
655 677
752 755
617 693
978 1032
241 307
960 1036
821 842
54 75
850 935
607 664
460 502
1 32
469 516
525 575
620 658
911 938
212 227
830 860
291 351
436 469
527 623
561 609
717 784
470 537
604 681
677 741
71 101
447 487
777 849
42 91
462 515
376 451
320 378
505 569
719 760
849 895
689 751
594 600
82 98
326 412
493 496
751 767
33 131
456 518
523 622
912 949
804 844
12 89
199 268
793 811
162 204
164 215
756 766
610 648
527 563
525 597
939 967
289 313
826 923
486 487
948 998
391 396
391 394
582 672
625 700
860 947
369 393
639 664
486 535
316 329
537 578
738 766
469 496
152 199
476 566
701 726
741 833
530 614
495 559
426 446
191 277
260 320
662 713
37 85
852 905
514 603
194 246
217 232
631 652
663 670
63 79
884 888
808 822
640 695
878 944
128 197
352 440
981 995
991 1010
515 558
724 753
232 303
633 634
286 350
874 875
723 760
17 25
94 171
374 408
833 886
153 214
674 679
701 709
872 964
379 466
535 538
416 435
374 375
272 285
17 63
666 706
435 471
700 729
213 288
616 662
680 749
359 365
274 334
714 812
752 845
885 924
549 602
758 833
54 136
640 711
528 535
164 228
343 407
845 853
291 352
307 330
582 648
30 39
79 175
707 790
542 635
823 914
598 631
366 419
668 675
724 820
666 706
512 573
105 115
269 317
523 551
72 78
595 649
667 693
902 976
209 253
319 403
535 553
670 724
923 961
613 660
886 965
240 291
992 1089
461 522
445 481
190 259
442 479
323 384
515 541
836 860
22 29
461 471
425 508
164 212
821 850
348 407
408 496
810 810
285 308
13 95
960 1015
952 1006
44 71
216 275
205 209
636 664
911 960
138 227
932 986
389 442
783 820
812 855
677 752
295 309
598 606
749 759
216 217
665 677
328 361
172 206
637 697
114 114
609 661
589 630
906 985
646 735
68 78
232 330
785 812
412 448
187 248
646 701
214 277
368 463
248 340
781 866
52 147
138 151
147 174
554 559
706 706
94 121
362 440
225 273
557 646
884 980
503 585
852 869
898 970
612 658
464 509
384 452
640 662
881 968
601 688
544 604
339 377
787 788
668 680
201 278
353 438
674 730
320 398
926 996
450 540
716 782
636 688
486 562
974 1041
416 492
506 566
236 281
951 1026
898 917
739 739
197 289
537 560
301 358
101 128
427 430
117 213
169 222
948 1003
382 457
374 472
851 931
110 149
77 138
814 889
33 86
75 157
997 1010
157 255
822 880
525 527
513 608
98 132
100 198
41 123
673 740
632 656
647 690
315 391
156 185
403 444
34 65
123 155
444 524
330 348
890 898
220 223
203 273
789 792
69 99
138 180
597 667
619 715
865 899
24 46
416 444
563 613
259 298
834 889
671 688
25 87
725 771
317 397
268 327
583 672
289 362
432 471
844 847
835 844
337 397
83 88
640 739
556 655
390 432
306 367
259 290
975 1011
929 974
968 1066
104 156
887 980
977 1048
632 653
74 94
883 947
32 50
869 941
317 394
923 930
520 549
121 152
560 656
820 910
741 829
40 85
692 771
591 661
303 378
843 872
395 421
493 572
45 108
451 465
492 566
774 838
603 698
496 512
991 1059
358 443
456 506
282 283
381 454
171 255
801 815
414 462
93 152
328 366
974 1053
204 271
506 584
831 892
873 952
977 994
347 434
302 358
437 521
657 728
810 890
855 866
194 215
159 198
881 968
129 136
619 653
674 751
312 370
938 976
537 605
755 792
955 964
745 790
993 995
268 323
582 605
766 794
97 175
768 798
117 214
537 573
583 647
213 309
422 426
786 797
772 813
900 979
950 995
176 271
399 443
803 884
920 941
462 479
199 281
699 716
831 867
405 420
152 171
663 689
475 524
238 285
342 432
326 370
136 191
291 326
299 393
869 940
16 99
940 955
265 304
884 980
228 318
863 943
261 287
307 343
327 424
335 404
739 752
313 388
868 873
763 783
51 135
91 158
667 699
635 719
671 690
732 831
161 257
632 654
474 513
510 512
188 233
823 850
859 948
155 182
94 164
247 292
254 345
565 638
723 723
909 955
71 112
646 679
589 619
655 719
569 587
218 227
363 404
36 58
882 925
302 378
813 814
474 493
592 683
692 759
591 592
414 476
595 607
247 331
42 97
600 663
773 791
72 108
212 272
711 805
4 69
423 440
618 667
237 248
640 721
230 313
883 927
597 675
56 101
14 112
100 115
61 86
785 870
713 762
946 970
796 846
141 160
767 827
820 876
323 383
638 691
43 116
198 238
703 709
837 854
57 94
684 754
162 232
956 1032
171 173
652 719
204 298
538 609
906 964
680 709
170 188
134 199
543 575
206 252
291 386
315 363
333 333
818 865
822 896
75 168
28 56
961 993
874 973
556 588
210 246
361 441
906 1001
298 347
180 236
47 70
251 313
171 255
362 403
784 868
468 527
178 274
939 1030
729 794
342 379
297 301
873 883
637 668
858 893
932 1022
791 870
213 255
341 425
979 983
77 140
240 285
974 1044
42 108
261 284
431 487
760 789
860 945
91 188
116 165
432 480
339 362
27 79
618 638
288 385
424 490
712 729
911 997
787 792
952 953
428 464
357 397
465 482
525 581
67 160
858 957
393 490
75 95
102 195
493 583
290 359
108 110
286 306
40 114
325 370
827 833
81 165
646 744
753 825
806 826
517 581
320 331
214 309
683 699
88 164
58 88
446 513
84 116
539 563
158 174
821 906
322 376
521 542
504 579
493 504
95 105
327 394
273 314
514 571
209 263
133 201
36 115
787 807
664 690
597 619
894 964
808 877
25 106
890 919
956 1039
192 196
745 765
523 542
61 151
328 351
696 757
891 924
393 423
853 910
356 358
879 881
573 612
171 221
721 782
479 508
796 868
433 475
544 553
913 918
699 740
580 675
54 125
480 527
501 535
504 513
488 524
812 873
775 858
11 59
397 440
878 971
867 930
87 98
972 1024
368 391
945 994
771 771
772 823
447 521
937 989
835 913
688 787
839 854
335 338
664 696
398 492
925 990
909 974
676 710
717 813
257 320
345 425
663 681
984 1046
744 765
766 797
699 705
931 1022
622 688
446 484
350 394
884 911
461 554
992 1081
27 89
885 922
725 756
17 57
701 702
202 247
275 344
376 402
775 834
569 618
277 292
739 766
211 234
607 679
417 468
161 257
13 60
433 523
630 633
830 861
804 889
776 807
706 710
758 791
164 191
583 676
695 769
421 427
298 378
931 998
331 423
863 960
491 588
787 808
100 170
452 508
707 787
40 53
437 487
246 247
829 910
394 418
856 923
783 789
899 913
573 604
806 842
928 1026
85 152
771 808
389 413
794 890
156 190
509 602
336 344
546 611
641 734
690 739
812 885
355 367
187 267
943 988
69 92
995 1049
642 709
692 724
343 381
128 227
24 114
445 505
450 541
525 616
636 703
293 342
40 40
161 240
281 337
277 327
31 103
856 929
39 87
57 139
386 472
234 244
528 607
122 200
22 70
69 128
215 229
460 468
715 736
187 283
77 93
698 758
89 143
133 213
455 498
215 256
729 778
604 661
480 506
587 641
726 782
865 907
371 396
550 588
946 1035
434 509
906 990
187 234
38 111
827 872
216 258
39 136
843 938
554 629
721 814
530 530
501 596
742 814
73 117
662 733
85 181
99 142
932 1018
690 713
959 1029
168 243
912 919
472 480
202 280
783 859
871 884
76 149
61 131
597 631
166 226
857 860
708 764
299 392
243 284
316 370
211 247
730 806
44 98
584 682
285 352
226 282
33 87
881 927
176 207
932 1026
443 532
298 349
746 843
496 537
938 950
895 897
649 726
978 1023
532 546
995 1012
281 355
325 391
228 235
112 169
390 434
451 484
834 883
336 368
698 731
273 310
997 1065
491 537
146 215
43 73
383 474
847 863
965 1037
35 128
731 778
950 971
192 246
306 384
503 546
310 312
476 559
191 264
751 785
472 521
503 570
279 317
258 336
606 629
3 44
769 803
141 212
208 241
825 839
711 740
509 530
883 968
956 982
811 870
460 543
309 324
150 190
905 966
419 430
984 1006
505 558
508 554
825 841
331 381
583 677
331 423
415 481
430 453
992 1033
782 834
876 967
119 197
32 56
139 190
888 964
225 318
229 262
391 397
450 472
409 494
116 156
829 912
659 718
606 657
852 892
456 536
832 907
811 827
952 1002
19 59
426 470
585 593
977 1053
766 845
50 125
516 534
268 314
401 428
957 1016
578 588
99 185
242 325
962 1015
851 917
356 378
106 188
466 557
142 238
19 28
927 996
84 128
587 639
142 182
631 730
51 61
261 263
596 600
786 796
557 646
176 189
212 246
48 78
677 767
178 274
451 509
765 853
902 906
240 284
396 468
495 542
434 491
950 1032
261 349
645 715
429 502
436 477
160 244
24 61
26 80
534 612
12 63
366 432
356 414
662 666
182 240
552 620
267 321
703 731
942 990
50 121
873 959
365 398
970 1011
871 920
295 352
827 887
408 453
926 942
855 944
221 311
99 124
358 424
979 1040
246 267
761 857
644 731
783 792
20 25
102 145
454 504
0 33
410 419
178 214
525 611
277 375
776 852
223 257
94 96
548 588
475 484
637 657
296 316
481 550
877 961
912 944
334 347
965 1061
674 770
432 483
882 944
650 708
790 815
144 229
428 520
225 280
354 416
375 377
634 643
23 35
145 181
196 227
201 214
927 954
9 20
778 821
773 853
901 965
6 104
449 535
90 116
41 137
889 958
151 226
978 1052
739 762
462 497
954 969
801 834
242 252
944 965
54 72
801 808
634 641
705 740
945 993
461 548
296 298
756 803
578 664
622 691
209 245
957 972
452 510
748 842
568 612
715 789
114 183
282 330
28 67
183 257
487 584
313 397
699 720
583 612
507 564
299 315
994 1002
583 629
366 449
492 578
727 787
261 303
429 524
590 599
234 260
783 857
123 171
210 284
869 962
804 880
351 354
444 541
63 90
495 524
62 149
715 805
547 575
632 660
575 649
138 200
52 125
236 263
722 768
702 793
591 597
320 362
961 1025
991 1015
144 230
805 811
474 546
996 1069
201 281
54 82
907 951
290 349
169 195
487 578
324 365
835 903
47 54
210 270
271 325
736 803
40 81
974 1040
413 435
592 658
303 349
95 105
542 627
521 532
264 324
955 995
901 943
208 256
649 720
660 732
325 421
40 57
937 1003
584 587
688 764
669 712
174 190
905 921
854 881
427 497
787 869
762 803
524 595
989 1014
94 96
798 869
398 488
488 576
556 580
743 839
600 664
940 966
881 926
842 929
624 694
557 621
4 23
805 886
642 688
406 494
148 152
859 958
746 746
939 941
476 558
899 976
798 889
555 586
36 134
118 131
20 95
777 801
995 1077
905 994
80 144
78 107
220 257
480 547
989 1008
269 335
453 473
895 898
711 761
635 635
200 253
113 133
429 519
597 673
824 826
117 121
518 613
485 524
485 502
706 780
88 163
292 385
848 935
497 556
990 1022
659 749
237 309
763 829
14 74
794 884
214 226
447 480
459 491
472 516
602 680
771 861
505 568
584 589
603 684
265 358
565 641
135 137
49 147
821 836
610 677
606 683
879 884
910 949
689 723
635 726
264 270
982 1003
470 536
827 900
999 1091
18 82
368 373
366 435
756 795
537 603
507 602
543 629
900 905
77 166
539 552
881 884
471 534
925 966
781 833
366 446
196 280
344 360
890 952
686 732
954 977
364 425
718 726
199 269
713 790
559 564
342 382
408 421
655 740
107 143
789 862
568 653
210 222
902 902
327 367
98 179
515 577
742 827
722 815
555 643
922 936
393 409
907 960
430 492
839 928
351 431
362 381
318 390
184 256
24 87
512 586
144 171
289 327
964 975
883 902
799 805
985 1029
422 514
698 702
807 896
93 151
221 229
429 468
732 745
111 120
476 551
583 655
354 426
562 580
236 282
837 924
252 275
932 958
67 149
231 305
223 247
384 428
484 498
984 1001
427 474
326 382
423 432
228 305
134 177
96 166
941 1026
109 154
108 201
571 599
375 377
402 452
479 566
395 458
601 632
532 612
178 236
988 989
768 785
731 785
712 739
976 1029
112 197
198 271
479 500
101 107
276 331
157 212
994 998
70 117
635 638
328 341
461 477
767 848
885 983
187 236
677 740
602 643
601 653
66 98
626 693
638 640
375 422
9 78
51 82
317 355
34 79
204 252
313 384
781 832
821 890
500 550
484 539
991 1076
959 1017
517 602
577 585
839 891
7 55
322 381
280 371
449 515
636 689
866 867
976 1024
204 301
969 974
647 652
512 603
243 314
49 109
409 487
620 668
931 959
449 454
39 68
596 684
747 831
142 156
237 255
614 656
268 303
147 214
740 799
258 341
482 541
96 139
638 654
492 513
696 737
526 561
22 96
224 293
58 76
735 830
836 885
737 793
284 320
724 801
247 329
360 442
994 1002
325 357
525 594
905 978
462 493
309 393
257 342
606 621
603 696
962 1001
43 95
248 327
640 712
56 144
306 375
322 322
577 624
284 338
817 906
28 107
972 1061
116 145
574 648
896 973
767 826
968 1030
263 279
194 197
188 190
143 190
371 436
499 500
113 197
107 189
325 360
913 1011
176 257
879 929
455 531
279 354
987 1035
89 139
816 899
505 562
886 935
204 213
114 117
262 341
839 909
861 926
857 932
815 849
156 250
136 200
822 838
891 900
664 744
411 443
616 685
189 243
918 1011
815 847
449 527
612 700
448 473
805 862
952 972
691 700
667 695
425 514
596 612
651 663
648 662
444 508
683 717
118 171
379 413
986 1014
12 62
117 129
127 149
469 549
895 908
541 603
693 759
403 492
634 640
253 335
173 270
547 603
683 700
810 873
951 999
891 906
450 510
479 508
635 636
9 39
166 216
444 503
868 967
500 502
606 659
137 216
802 886
987 1073
53 102
901 958
649 693
24 75
505 509
381 473
157 247
22 45
293 311
182 195
17 51
16 39
139 144
754 795
541 635
779 873
595 627
951 996
177 253
48 82
832 861
526 615
172 172
312 329
718 764
330 365
880 978
359 378
203 268
312 356
559 603
339 346
476 518
752 757
970 1022
39 41
582 599
791 797
817 872
923 958
301 354
271 352
952 1034
552 559
447 464
252 311
661 704
866 955
937 1007
847 855
122 160
710 766
156 210
162 235
309 346
861 872
43 75
144 191
466 563
854 919
914 972
624 651
401 443
768 807
164 179
247 286
206 215
47 109
163 225
687 760
999 1047
84 126
32 112
389 487
277 373
764 807
54 94
822 830
935 1026
499 550
558 656
90 154
407 497
478 549
52 70
396 399
66 98
798 849
412 451
949 1039
135 200
585 627
806 866
350 443
703 752
544 605
947 1034
378 384
477 485
277 358
726 751
636 681
857 891
596 666
974 1071
312 373
963 1012
3 72
9 62
214 226
554 612
326 379
97 101
560 634
264 353
807 898
215 259
488 560
878 962
694 698
981 987
666 710
256 277
65 82
727 806
330 411
390 446
135 222
712 807
414 490
884 905
319 370
17 24
524 572
891 909
452 477
577 647
521 606
844 931
802 873
218 302
204 212
140 179
448 500
386 448
181 204
435 487
74 127
660 710
701 704
169 174
480 578
328 330
635 707
589 626
743 802
922 969
120 134
639 707
619 696
782 834
0 69
4 31
374 438
377 404
920 1018
933 933
996 1057
402 485
785 828
421 501
855 950
179 254
461 479
895 975
548 625
584 584
598 687
327 400
605 610
400 425
603 688
278 330
298 378
935 1018
376 384
963 994
755 798
206 275
313 366
1 14
482 568
114 194
175 216
53 133
498 504
306 360
491 575
406 496
616 709
873 965
754 843
575 636
684 717
430 479
586 618
563 631
18 95
149 194
470 524
325 394
360 443
423 475
919 1000
642 730
226 293
232 312
56 64
194 234
941 1017
90 170
408 413
948 1026
682 731
675 727
4 5
473 489
336 432
568 624
77 139
496 552
782 810
988 1026
536 618
931 961
159 232
710 729
730 740
50 62
812 837
916 984
78 120
884 899
638 643
23 91
719 738
724 725
247 259
692 728
247 322
318 376
700 780
677 707
390 469
194 196
805 867
722 805
204 211
650 693
412 485
263 346
544 583
985 1077
51 128
280 330
4 102
408 412
978 1064
134 154
517 545
275 297
790 887
558 653
604 664
190 258
234 239
852 930
144 233
922 969
866 920
198 268
152 158
574 604
44 104
203 265
388 466
236 266
475 521
877 909
707 726
800 893
224 228
423 443
193 239
268 279
252 270
281 286
424 431
887 908
619 709
735 794
568 591
242 338
470 489
828 857
891 971
822 889
985 1030
188 266
943 951
590 686
626 649
601 603
783 823
223 277
931 941
114 165
634 690
247 303
827 902
985 1003
56 63
186 279
404 430
571 619
886 899
544 556
89 186
266 290
689 731
978 998
152 244
472 510
448 519
594 622
147 226
346 401
738 822
948 991
962 1033
491 539
737 824
712 738
236 315
50 75
821 849
898 971
473 495
112 185
793 851
901 941
638 638
847 923
484 531
519 618
19 81
647 655
749 761
934 971
691 727
263 275
716 729
837 926
235 236
815 843
360 376
321 419
316 384
726 779
668 766
952 1039
960 1011
147 209
663 744
399 405
769 783
218 255
527 535
27 89
709 803
143 212
262 326
419 450
984 1030
84 136
96 184
691 747
691 729
118 125
271 341
413 453
884 968
878 942
392 449
878 879
451 472
523 588
485 527
996 1066
440 520
122 158
820 886
945 957
4 67
571 647
285 369
668 738
968 1066
286 298
155 219
814 872
186 275
24 95
983 1003
493 517
453 521
312 337
134 191
489 527
673 733
766 824
397 432
480 545
333 399
78 119
283 327
151 220
933 960
140 208
548 634
692 745
954 1011
978 1066
966 986
578 669
880 925
302 379
132 166
995 1012
253 278
10 46
21 83
5 11
689 786
574 663
483 502
294 331
976 1001
877 971
445 501
286 311
153 241
955 992
722 772
806 833
375 392
863 959
331 399
54 126
366 394
314 315
247 255
991 1014
233 301
518 596
676 732
356 437
96 107
170 240
613 690
498 538
146 207
88 117
230 272
201 249
770 785
149 167
124 216
593 602
361 424
740 829
619 715
571 586
759 800
886 910
70 154
64 132
97 149
397 424
294 345
627 643
466 495
434 476
621 701
652 686
843 887
724 739
840 935
530 581
388 456
675 686
504 595
731 733
243 272
281 370
80 89
657 755
38 82
841 852
824 869
346 413
589 659
482 563
717 782
84 141
133 144
268 306
202 202
592 637
481 554
686 699
782 825
811 883
787 791
184 247
849 931
631 721
952 1017
923 944
182 189
478 546
118 217
658 730
451 501
117 149
123 178
845 851
851 859
430 468
13 27
602 616
848 933
357 357
402 482
821 858
640 692
605 615
751 814
783 785
513 565
486 522
760 843
894 905
691 716
601 657
291 346
623 663
492 572
292 387
612 678
184 188
118 207
715 784
404 454
423 440
454 463
905 919
944 996
825 912
829 908
396 468
334 353
964 991
351 408
74 137
723 781
920 961
47 134
62 65
837 874
720 811
98 175
858 900
481 516
381 443
814 891
135 184
796 895
976 1075
356 358
815 846
660 695
624 683
722 760
862 873
875 909
554 627
263 275
367 412
448 497
407 469
526 568
763 838
994 1085
526 576
493 534
134 187
76 134
212 262
797 871
61 85
8 24
998 1022
28 45
369 397
818 846
443 488
671 677
372 389
298 396
367 410
240 293
297 365
612 673
171 232
288 320
785 833
200 235
272 353
853 946
409 480
122 126
368 413
411 503
162 223
343 424
204 239
735 788
603 650
67 141
460 467
359 404
355 414
381 461
492 578
973 1027
609 704
458 488
240 261
422 424
282 347
284 323
700 719
44 100
718 781
782 860
170 263
775 801
405 413
506 603
94 173
151 207
927 989
386 453
183 243
922 940
278 336
657 735
929 982
986 1085
517 538
177 264
966 970
565 636
813 836
621 680
255 279
315 397
86 139
701 771
214 289
88 180
533 630
822 884
502 563
461 480
634 724
59 59
295 319
324 384
48 93
719 722
421 508
837 845
440 478
130 136
514 584
850 949
19 92
214 235
186 261
893 913
18 70
420 485
928 972
125 153
41 85
983 1046
583 655
323 347
711 716
382 459
727 760
328 374
906 948
619 711
570 634
264 352
168 252
253 302
781 859
777 851
574 587
637 695
285 297
534 582
469 485
277 373
149 155
294 301
148 162
851 869
130 145
658 757
152 163
748 781
641 718
459 475
990 1039
726 802
761 821
624 655
176 178
427 505
508 582
85 93
340 377
79 149
404 441
121 177
1 70
841 883
747 748
210 299
750 786
365 428
196 238
94 119
244 318
403 407
948 988
464 552
129 172
758 792
281 361
90 124
101 185
276 276
585 672
290 377
775 782
550 574
349 394
49 94
871 875
401 420
644 710
459 533
409 478
660 702
801 803
676 679
386 391
455 526
144 241
658 677
105 166
243 249
206 250
752 829
448 501
248 293
371 378
219 300
628 659
175 205
333 337
685 705
509 549
43 96
238 292
924 1019
615 683
501 574
164 217
602 615
759 809
58 88
909 938
263 352
860 899
319 412
995 999
265 269
497 558
509 544
715 748
782 864
953 1036
855 873
889 898
83 131
11 52
130 150
122 168
161 243
185 266
527 559
837 882
36 70
806 903
421 494
330 385
555 591
839 901
106 134
571 660
728 810
682 740
854 858
604 619
138 179
848 913
673 759
162 223
372 440
958 1004
193 234
701 749
277 369
862 945
620 653
924 972
15 21
559 580
410 473
237 285
657 742
565 595
123 151
744 792
48 50
346 440
695 742
342 414
940 997
707 719
990 1021
261 319
237 257
579 678
335 403
547 639
606 671
675 756
545 616
929 974
473 548
539 608
675 757
493 560
439 492
231 312
184 276
139 213
664 735
773 825
591 612
696 793
786 857
279 362
142 202
628 696
188 256
489 504
402 436
534 627
887 952
974 1046
610 676
198 272
889 960
978 1058
292 367
30 60
398 459
113 206
221 263
213 274
262 264
976 1040
388 450
857 933
628 659
700 738
649 747
864 902
869 912
371 385
518 519
296 312
62 124
161 196
504 578
749 767
76 153
782 799
940 979
93 161
822 915
806 830
43 113
362 374
865 950
778 861
486 561
652 652
837 850
888 981
188 225
811 827
714 759
433 439
584 662
574 632
23 55
582 648
755 852
331 351
382 443
356 425
536 544
121 146
173 182
418 431
998 1079
330 343
526 541
71 133
346 392
221 290
730 733
788 873
100 119
106 189
580 594
704 773
822 847
194 241
835 900
61 146
546 589
898 923
210 280
887 943
968 976
926 1024
264 278
536 552
185 279
199 216
808 863
938 1020
81 114
329 397
450 540
453 501
485 489
773 869
26 87
252 298
121 151
396 481
244 276
454 535
926 979
251 285
261 350
68 162
674 772
314 338
140 159
473 499
823 869
674 675
259 285
547 580
809 853
470 523
228 252
187 242
930 968
241 332
627 637
885 887
60 159
778 778
318 369
178 272
850 902
695 756
131 226
194 234
891 956
345 364
941 1025
626 697
322 390
62 64
530 629
604 694
498 580
790 859
986 1007
15 103
525 587
649 705
657 701
948 948
861 907
372 374
530 628
26 31
218 306
507 555
388 451
338 376
197 278
759 842
154 228
371 450
837 910
688 734
569 605
747 829
634 653
584 649
469 479
370 458
51 80
436 527
692 719
381 470
608 649
425 487
267 315
793 849
873 954
303 345
470 472
224 228
873 934
621 663
123 214
30 104
572 639
317 381
594 693
506 560
192 275
668 679
783 796
268 325
295 366
99 164
973 1049
221 267
837 880
540 600
186 257
135 194
390 394
23 107
503 584
890 937
516 526
859 859
723 750
957 1027
50 58
135 210
84 141
573 594
200 213
234 320
684 705
497 571
525 546
410 491
754 806
428 499
562 601
923 961
766 846
8 24
640 736
191 268
205 269
998 1055
878 910
143 157
305 398
989 1020
514 565
212 232
404 496
243 261
632 698
956 1006
398 415
567 606
813 823
116 134
227 293
775 832
51 121
723 779
263 275
539 568
816 867
102 122
744 789
538 566
512 559
478 488
164 261
301 330
508 525
347 434
236 310
896 935
744 763
995 1055
684 719
841 841
638 681
720 754
289 299
462 463
809 850
63 136
338 403
302 400
134 135
637 707
475 508
9 81
505 562
932 1021
244 317
41 123
69 130
617 675
723 754
511 544
724 798
858 873
939 952
965 1039
514 517
796 838
488 546
266 359
515 565
534 593
675 750
993 1037
688 750
102 166
394 407
649 667
188 195
533 612
372 471
553 592
454 456
581 675
860 959
640 715
749 823
486 510
102 181
169 211
442 465
906 994
237 292
658 735
63 155
256 343
43 105
26 75
864 923
143 167
158 241
451 458
958 1047
332 344
768 821
554 616
476 537
102 167
16 77
842 873
305 356
571 619
613 710
197 226
557 597
553 568
476 532
623 657
645 652
198 263
512 564
680 768
565 599
406 488
895 943
365 365
699 735
900 964
886 983
493 536
790 888
510 576
754 787
52 103
792 842
869 925
354 355
997 1017
35 38
854 885
651 722
483 486
860 944
367 413
481 542
189 212
259 358
241 307
185 278
469 498
895 933
986 1036
239 322
170 245
386 410
558 647
595 636
92 147
425 485
553 612
673 715
234 266
794 870
650 681
769 789
12 77
458 508
267 317
333 370
677 748
813 848
813 873
628 633
568 574
717 738
665 707
216 267
27 37
727 804
693 742
797 802
514 522
408 441
10 103
922 1009
165 200
274 304
495 497
587 650
660 665
537 562
399 452
577 603
115 171
104 112
505 558
865 936
213 286
504 527
719 745
910 946
513 549
566 575
439 492
424 523
810 871
777 787
714 720
636 665
714 754
989 1009
346 353
591 650
832 880
783 834
874 919
787 875
582 635
749 822
859 884
824 893
487 540
879 932
659 727
735 761
960 1036
946 952
283 372
866 934
337 338
371 435
46 105
304 332
864 869
1 76
930 956
745 762
779 855
323 414
844 902
869 926
486 501
463 533
56 137
590 636
682 743
310 391
472 538
709 746
371 434
764 765
241 250
71 143
838 884
515 549
804 888
191 281
551 606
412 420
688 742
354 425
316 332
804 892
982 995
477 530
928 970
6 75
103 132
894 935
175 184
976 1007
794 813
974 1071
174 212
305 368
93 104
586 595
27 117
549 610
