110
766 852
1554 1569
1586 1621
772 864
1298 1319
724 751
1380 1439
1526 1552
1080 1106
344 380
422 490
1134 1163
1564 1594
1724 1747
134 169
1858 1860
44 102
138 205
786 842
22 64
458 531
842 861
1568 1605
396 420
630 700
826 852
182 262
1912 1985
1724 1794
1992 2073
610 635
168 195
672 677
1692 1721
626 683
248 343
1164 1209
1628 1695
868 932
86 136
174 182
552 630
1576 1660
806 857
1508 1607
1864 1924
1352 1420
1478 1490
452 538
188 227
1590 1660
868 946
934 935
194 196
634 726
1304 1360
602 682
572 613
1730 1819
888 907
880 909
62 79
194 265
962 1037
1418 1445
1134 1190
994 1047
1172 1237
612 695
438 462
1056 1127
1464 1493
1006 1025
540 608
1416 1431
680 729
1592 1615
1236 1281
1692 1743
1842 1897
758 846
1528 1556
1682 1732
386 386
68 132
248 262
1974 2030
1486 1577
454 519
1718 1754
864 915
874 902
550 557
948 969
1716 1811
58 95
470 563
1636 1664
286 297
1856 1885
1552 1556
886 949
1226 1264
1212 1252
1808 1826
256 344
738 755
1834 1930
648 691
940 1023
