501
766 852
1554 1569
1586 1621
772 864
1298 1319
724 751
1380 1439
1526 1552
1080 1106
344 380
422 490
1134 1163
1564 1594
1724 1747
134 169
1858 1860
44 102
138 205
786 842
22 64
458 531
842 861
1568 1605
396 420
630 700
826 852
182 262
1912 1985
1724 1794
1992 2073
610 635
168 195
672 677
1692 1721
626 683
248 343
1164 1209
1628 1695
868 932
86 136
174 182
552 630
1576 1660
806 857
1508 1607
1864 1924
1352 1420
1478 1490
452 538
188 227
1590 1660
868 946
934 935
194 196
634 726
1304 1360
602 682
572 613
1730 1819
888 907
880 909
62 79
194 265
962 1037
1418 1445
1134 1190
994 1047
1172 1237
612 695
438 462
1056 1127
1464 1493
1006 1025
540 608
1416 1431
680 729
1592 1615
1236 1281
1692 1743
1842 1897
758 846
1528 1556
1682 1732
386 386
68 132
248 262
1974 2030
1486 1577
454 519
1718 1754
864 915
874 902
550 557
948 969
1716 1811
58 95
470 563
1636 1664
286 297
1856 1885
1552 1556
886 949
1226 1264
1212 1252
1808 1826
256 344
738 755
1834 1930
648 691
940 1023
980 1079
1544 1569
1288 1378
1010 1049
1908 1994
1338 1420
1084 1148
394 401
710 714
696 707
1244 1272
598 641
1492 1560
680 702
622 632
1210 1211
1322 1352
1756 1761
640 676
888 914
1044 1109
1416 1432
564 622
1848 1885
124 148
1200 1236
904 1003
758 808
936 1007
1946 1977
1762 1792
1866 1960
1320 1383
398 479
1798 1894
1918 1991
1626 1694
380 475
1852 1918
168 208
180 264
752 794
1872 1879
890 946
358 376
1774 1786
696 768
1318 1327
672 682
684 771
412 413
1426 1498
642 697
1638 1737
1442 1446
1878 1889
1880 1947
1410 1438
254 304
1968 2026
1840 1864
844 913
792 873
1260 1344
584 656
1344 1394
1250 1335
444 543
1280 1322
1796 1809
596 686
1048 1138
418 499
1638 1674
1464 1519
1988 1992
758 827
546 622
1700 1755
1720 1762
1158 1242
1986 1991
1242 1309
1008 1021
1922 1976
652 711
1888 1890
404 410
1568 1589
1684 1752
1056 1145
1744 1752
1916 2014
72 80
1506 1554
606 639
266 314
1780 1834
1134 1180
736 765
1000 1046
1576 1673
498 588
606 639
726 823
506 598
1372 1397
304 400
1950 2038
314 343
872 932
828 849
920 924
56 83
100 148
1112 1114
1588 1685
1398 1441
78 80
856 859
1000 1081
1294 1332
318 369
1070 1104
678 770
430 457
1008 1037
98 162
570 599
686 721
354 354
476 547
1898 1987
734 822
584 679
1486 1530
1658 1748
1364 1404
1082 1151
1652 1684
522 564
720 737
46 107
162 171
380 405
1992 2059
1354 1388
1380 1406
1048 1105
1228 1296
410 468
624 710
200 246
1452 1546
1832 1884
1156 1185
1892 1982
1294 1364
102 182
1262 1355
1714 1741
624 710
428 483
1024 1114
824 903
1220 1289
378 452
710 751
1240 1273
1974 2062
676 742
1540 1624
1712 1729
1212 1272
1698 1735
410 469
434 452
1890 1973
1746 1804
1746 1783
578 661
1214 1292
1514 1528
942 971
200 259
1236 1274
50 138
148 181
314 395
986 1044
540 639
834 873
1138 1201
1244 1338
346 393
862 924
1364 1454
584 675
114 129
1042 1099
1148 1239
1894 1945
462 483
1074 1114
108 138
196 221
162 178
1032 1034
462 501
1592 1596
676 756
436 457
1940 2002
1624 1703
1954 2039
1072 1076
352 435
414 473
1714 1758
998 1009
254 304
472 532
1636 1641
1126 1175
488 499
1610 1644
582 657
1910 1924
1178 1246
1986 2004
1610 1692
1644 1726
1434 1464
186 260
252 345
972 1025
1086 1160
1628 1641
358 435
1524 1599
176 195
1420 1452
588 605
692 727
274 365
306 349
1146 1174
1850 1941
1420 1438
434 470
1926 1981
180 238
260 264
1142 1203
1266 1351
1578 1651
1208 1259
1610 1660
1736 1739
970 976
390 429
1898 1918
1934 1960
1526 1603
1192 1273
1730 1790
72 127
1540 1558
422 464
1064 1160
758 779
540 624
344 371
468 508
566 638
796 826
126 173
1900 1930
1146 1160
118 140
94 118
164 199
464 468
1908 1951
1796 1882
1280 1358
318 380
524 607
82 130
1446 1470
544 566
308 343
1642 1699
730 777
342 418
538 556
1402 1405
1306 1339
1814 1873
1456 1462
1594 1614
168 176
668 766
1982 2058
1796 1811
104 175
378 437
1012 1022
32 56
218 257
0 78
218 271
162 176
676 765
852 919
294 317
1574 1605
1064 1086
562 637
1700 1779
1180 1234
700 731
1626 1683
988 1069
162 165
1440 1473
1964 2045
974 989
592 617
808 830
1784 1835
594 626
268 349
1012 1027
114 122
1190 1289
1924 2021
966 1042
308 385
618 705
1864 1946
42 108
1126 1186
1364 1375
1370 1456
570 600
1980 2063
628 704
232 252
1784 1809
1056 1095
1050 1140
272 332
1236 1279
674 702
1164 1185
620 675
1776 1801
1630 1700
874 927
16 38
1566 1616
1314 1411
1654 1680
538 609
1302 1351
1820 1848
1278 1376
1776 1786
786 863
1780 1856
398 450
1862 1949
1554 1653
1314 1380
1904 1921
1282 1317
736 834
368 463
1552 1557
532 560
1908 1936
616 709
556 653
1110 1182
1548 1593
0 25
1994 2077
824 851
764 785
1386 1420
