9999
766 852
1554 1569
1586 1621
772 864
1298 1319
724 751
1380 1439
1526 1552
1080 1106
344 380
422 490
1134 1163
1564 1594
1724 1747
134 169
1858 1860
44 102
138 205
786 842
22 64
458 531
842 861
1568 1605
396 420
630 700
826 852
182 262
1912 1985
1724 1794
1992 2073
610 635
168 195
672 677
1692 1721
626 683
248 343
1164 1209
1628 1695
868 932
86 136
174 182
552 630
1576 1660
806 857
1508 1607
1864 1924
1352 1420
1478 1490
452 538
188 227
1590 1660
868 946
934 935
194 196
634 726
1304 1360
602 682
572 613
1730 1819
888 907
880 909
62 79
194 265
962 1037
1418 1445
1134 1190
994 1047
1172 1237
612 695
438 462
1056 1127
1464 1493
1006 1025
540 608
1416 1431
680 729
1592 1615
1236 1281
1692 1743
1842 1897
758 846
1528 1556
1682 1732
386 386
68 132
248 262
1974 2030
1486 1577
454 519
1718 1754
864 915
874 902
550 557
948 969
1716 1811
58 95
470 563
1636 1664
286 297
1856 1885
1552 1556
886 949
1226 1264
1212 1252
1808 1826
256 344
738 755
1834 1930
648 691
940 1023
980 1079
1544 1569
1288 1378
1010 1049
1908 1994
1338 1420
1084 1148
394 401
710 714
696 707
1244 1272
598 641
1492 1560
680 702
622 632
1210 1211
1322 1352
1756 1761
640 676
888 914
1044 1109
1416 1432
564 622
1848 1885
124 148
1200 1236
904 1003
758 808
936 1007
1946 1977
1762 1792
1866 1960
1320 1383
398 479
1798 1894
1918 1991
1626 1694
380 475
1852 1918
168 208
180 264
752 794
1872 1879
890 946
358 376
1774 1786
696 768
1318 1327
672 682
684 771
412 413
1426 1498
642 697
1638 1737
1442 1446
1878 1889
1880 1947
1410 1438
254 304
1968 2026
1840 1864
844 913
792 873
1260 1344
584 656
1344 1394
1250 1335
444 543
1280 1322
1796 1809
596 686
1048 1138
418 499
1638 1674
1464 1519
1988 1992
758 827
546 622
1700 1755
1720 1762
1158 1242
1986 1991
1242 1309
1008 1021
1922 1976
652 711
1888 1890
404 410
1568 1589
1684 1752
1056 1145
1744 1752
1916 2014
72 80
1506 1554
606 639
266 314
1780 1834
1134 1180
736 765
1000 1046
1576 1673
498 588
606 639
726 823
506 598
1372 1397
304 400
1950 2038
314 343
872 932
828 849
920 924
56 83
100 148
1112 1114
1588 1685
1398 1441
78 80
856 859
1000 1081
1294 1332
318 369
1070 1104
678 770
430 457
1008 1037
98 162
570 599
686 721
354 354
476 547
1898 1987
734 822
584 679
1486 1530
1658 1748
1364 1404
1082 1151
1652 1684
522 564
720 737
46 107
162 171
380 405
1992 2059
1354 1388
1380 1406
1048 1105
1228 1296
410 468
624 710
200 246
1452 1546
1832 1884
1156 1185
1892 1982
1294 1364
102 182
1262 1355
1714 1741
624 710
428 483
1024 1114
824 903
1220 1289
378 452
710 751
1240 1273
1974 2062
676 742
1540 1624
1712 1729
1212 1272
1698 1735
410 469
434 452
1890 1973
1746 1804
1746 1783
578 661
1214 1292
1514 1528
942 971
200 259
1236 1274
50 138
148 181
314 395
986 1044
540 639
834 873
1138 1201
1244 1338
346 393
862 924
1364 1454
584 675
114 129
1042 1099
1148 1239
1894 1945
462 483
1074 1114
108 138
196 221
162 178
1032 1034
462 501
1592 1596
676 756
436 457
1940 2002
1624 1703
1954 2039
1072 1076
352 435
414 473
1714 1758
998 1009
254 304
472 532
1636 1641
1126 1175
488 499
1610 1644
582 657
1910 1924
1178 1246
1986 2004
1610 1692
1644 1726
1434 1464
186 260
252 345
972 1025
1086 1160
1628 1641
358 435
1524 1599
176 195
1420 1452
588 605
692 727
274 365
306 349
1146 1174
1850 1941
1420 1438
434 470
1926 1981
180 238
260 264
1142 1203
1266 1351
1578 1651
1208 1259
1610 1660
1736 1739
970 976
390 429
1898 1918
1934 1960
1526 1603
1192 1273
1730 1790
72 127
1540 1558
422 464
1064 1160
758 779
540 624
344 371
468 508
566 638
796 826
126 173
1900 1930
1146 1160
118 140
94 118
164 199
464 468
1908 1951
1796 1882
1280 1358
318 380
524 607
82 130
1446 1470
544 566
308 343
1642 1699
730 777
342 418
538 556
1402 1405
1306 1339
1814 1873
1456 1462
1594 1614
168 176
668 766
1982 2058
1796 1811
104 175
378 437
1012 1022
32 56
218 257
0 78
218 271
162 176
676 765
852 919
294 317
1574 1605
1064 1086
562 637
1700 1779
1180 1234
700 731
1626 1683
988 1069
162 165
1440 1473
1964 2045
974 989
592 617
808 830
1784 1835
594 626
268 349
1012 1027
114 122
1190 1289
1924 2021
966 1042
308 385
618 705
1864 1946
42 108
1126 1186
1364 1375
1370 1456
570 600
1980 2063
628 704
232 252
1784 1809
1056 1095
1050 1140
272 332
1236 1279
674 702
1164 1185
620 675
1776 1801
1630 1700
874 927
16 38
1566 1616
1314 1411
1654 1680
538 609
1302 1351
1820 1848
1278 1376
1776 1786
786 863
1780 1856
398 450
1862 1949
1554 1653
1314 1380
1904 1921
1282 1317
736 834
368 463
1552 1557
532 560
1908 1936
616 709
556 653
1110 1182
1548 1593
0 25
1994 2077
824 851
764 785
1386 1420
878 912
842 901
1970 2027
708 769
1524 1596
1082 1098
1704 1754
1324 1406
798 815
308 381
30 36
1702 1766
1580 1643
982 1054
74 111
1718 1746
1742 1822
1974 2030
1180 1221
1940 1992
1330 1341
138 155
722 805
702 714
600 606
1276 1343
728 817
64 118
208 283
1358 1399
824 862
1938 1974
340 396
1688 1748
1298 1312
930 944
652 738
366 405
1938 1973
304 325
786 876
578 587
1262 1335
528 563
1096 1191
1754 1767
1666 1764
1898 1953
310 403
936 992
1920 1953
1646 1732
342 400
1354 1394
490 571
1522 1612
646 696
200 254
150 214
84 108
1318 1337
578 622
938 976
1102 1178
766 785
266 309
608 664
1962 2037
1332 1343
1934 1946
384 413
1804 1872
262 264
348 355
1436 1452
366 443
974 1046
1146 1203
124 149
1866 1963
992 1010
282 335
1452 1526
1960 2053
970 1018
610 640
58 117
1796 1856
1124 1148
1438 1518
1282 1284
20 100
1452 1535
1578 1618
1416 1439
1876 1933
986 1017
1420 1440
1810 1900
1226 1317
1276 1346
842 909
1658 1729
360 403
190 289
48 136
308 394
1138 1170
1938 1948
746 776
866 929
1174 1253
188 237
998 1049
678 742
1484 1514
172 187
698 713
372 453
22 56
266 353
1444 1531
1546 1589
1038 1080
708 752
248 287
518 581
836 889
1424 1493
1410 1414
1466 1565
1468 1487
630 665
174 227
1338 1388
974 976
1674 1736
178 188
410 470
1408 1419
1114 1143
806 822
1784 1805
1044 1049
886 965
722 750
756 803
1400 1445
1764 1851
1798 1849
1178 1264
706 732
1896 1990
72 78
214 306
834 898
1842 1862
960 1026
1988 2042
246 283
1866 1950
634 646
1862 1879
1418 1483
312 320
138 183
1990 2012
342 437
1138 1197
1602 1678
1304 1375
680 705
1486 1558
182 271
1054 1120
1756 1768
100 196
248 281
426 512
998 1068
1588 1656
230 271
684 723
874 937
396 486
1878 1880
1026 1057
256 313
1608 1679
692 775
276 301
990 1030
842 914
452 486
316 341
712 764
1290 1362
892 931
222 305
1206 1267
1650 1692
432 471
348 392
1192 1222
534 628
26 83
1038 1098
1300 1392
1664 1740
558 648
1906 1941
590 688
214 255
1874 1944
1952 1992
1168 1169
166 166
984 993
992 1032
1878 1941
1470 1474
1746 1752
328 351
502 551
1502 1532
678 682
330 416
604 629
158 249
1094 1101
968 999
1122 1141
1862 1915
1056 1083
988 1007
1086 1167
246 314
374 413
1286 1324
1976 2070
640 720
196 282
36 88
926 1024
1390 1400
1010 1089
284 350
196 221
944 1022
1706 1772
1594 1642
1094 1166
1032 1118
1824 1883
1754 1754
1106 1203
1864 1867
70 121
214 312
98 152
1722 1728
668 671
650 734
856 953
1526 1559
230 290
762 776
370 467
200 297
816 845
698 711
1758 1792
632 646
1170 1245
1530 1616
1860 1886
1784 1800
1258 1327
1504 1513
732 747
790 823
856 932
1694 1707
52 52
124 210
1258 1321
200 208
794 810
1550 1632
1088 1128
640 666
1036 1101
1588 1687
268 314
1816 1869
124 127
1372 1414
864 898
1614 1624
1668 1737
1192 1207
1968 2064
648 730
930 981
1432 1493
686 723
374 435
1204 1285
720 808
1758 1778
1882 1975
1848 1876
270 278
324 366
1740 1836
326 392
1622 1622
1030 1117
468 500
580 630
1386 1419
678 758
988 1081
426 480
764 808
950 973
1476 1527
1902 1975
1622 1687
336 417
1626 1709
998 1075
1070 1084
928 997
692 699
144 235
1480 1491
1246 1333
114 150
1586 1625
562 582
228 299
742 760
1192 1226
1766 1830
1134 1231
1600 1667
1348 1383
866 956
914 946
1898 1927
1046 1136
584 631
1258 1307
670 692
280 348
86 141
678 744
50 86
1306 1366
104 124
1914 1918
574 657
1080 1101
1652 1749
410 437
1756 1784
338 408
454 552
1040 1103
442 502
1766 1782
534 557
764 856
1022 1057
1106 1169
1216 1278
1536 1631
396 456
1936 2012
18 91
1006 1093
508 581
114 195
1646 1675
792 836
1884 1964
24 33
1710 1757
1708 1774
268 327
562 604
1946 1947
1276 1347
826 884
1798 1820
968 1023
1322 1412
1560 1631
1846 1849
0 20
0 42
1904 1916
1008 1015
1518 1576
1050 1144
234 292
1272 1362
1120 1146
1228 1301
1874 1939
1496 1517
1240 1249
1726 1726
1664 1750
8 41
916 972
254 264
736 767
1138 1166
682 728
748 806
1210 1220
1802 1867
1978 2045
980 1006
1464 1502
1398 1403
0 62
914 946
696 757
34 41
338 435
1138 1176
256 295
36 106
1170 1262
560 602
1508 1541
1414 1457
800 850
42 127
1576 1596
380 420
1268 1315
650 733
922 1016
284 314
382 445
1040 1060
1108 1146
284 376
1860 1882
68 153
616 710
1560 1568
1288 1290
1090 1174
1044 1131
1850 1907
1470 1472
984 1032
592 678
1060 1100
98 149
1024 1080
1178 1232
896 968
856 938
1114 1202
1152 1189
1594 1614
278 372
10 24
1564 1646
1046 1115
472 487
834 918
706 805
1448 1502
700 736
1420 1512
484 542
328 351
1282 1303
222 291
820 880
1580 1582
1910 1957
1832 1921
1562 1601
1916 1933
1612 1687
1802 1813
1348 1426
530 607
1132 1208
1338 1399
268 301
1072 1099
1812 1911
1394 1410
520 559
1140 1207
1972 2058
16 83
554 620
272 307
1386 1423
1892 1911
734 746
192 226
1080 1097
190 264
1900 1931
1604 1612
1260 1311
1050 1092
1380 1427
322 398
1868 1937
1590 1653
270 301
702 782
640 737
1800 1888
1722 1818
1948 1949
228 297
856 872
104 186
1250 1332
866 868
554 577
1898 1988
302 337
1920 1966
1598 1645
458 460
1256 1305
1598 1626
1178 1191
1752 1815
1532 1622
1968 2062
1518 1554
1552 1636
142 151
476 476
1368 1407
980 1015
1550 1600
1562 1588
500 562
856 934
528 607
1516 1569
1888 1922
1538 1549
1954 1959
514 550
284 318
944 1009
1190 1200
530 562
498 505
934 1010
1116 1117
604 664
1926 2008
76 103
28 124
866 924
860 914
1338 1345
1318 1345
990 991
626 693
1436 1496
58 93
1784 1815
886 898
14 67
626 688
1026 1054
192 243
1712 1722
1398 1439
138 219
390 480
1778 1832
738 774
16 98
1408 1434
590 623
828 915
728 785
502 526
420 484
1476 1499
386 420
1252 1253
1890 1915
788 854
1612 1701
912 959
1590 1616
1568 1571
1720 1760
1764 1819
1146 1194
1390 1480
1010 1056
732 799
1726 1730
1580 1588
580 648
322 357
186 241
1202 1253
288 298
1302 1393
1176 1211
894 942
550 631
1912 1912
658 709
1684 1718
1898 1958
1802 1866
1328 1371
1144 1199
1622 1655
1084 1140
1280 1376
1718 1754
516 526
856 902
594 669
588 612
1112 1162
250 335
506 525
142 197
1760 1784
1438 1534
734 778
406 436
1458 1504
1572 1642
1188 1233
1716 1768
1016 1102
1396 1401
1026 1070
1460 1481
1894 1901
1316 1316
1756 1785
214 272
106 185
14 86
350 360
604 608
616 656
1252 1254
172 257
212 258
246 250
1502 1539
1002 1035
820 868
784 853
0 71
300 308
762 818
574 662
656 718
1902 1985
1436 1495
846 891
1028 1089
364 436
1614 1671
258 269
588 618
1488 1545
156 193
252 330
1520 1548
372 413
368 393
1764 1829
1278 1311
1696 1754
888 911
110 120
970 1059
566 610
492 504
1110 1203
84 84
1900 1920
1578 1606
1100 1149
112 149
84 125
1828 1852
916 970
218 276
528 582
562 581
432 450
520 619
1526 1532
526 544
798 803
1940 1941
1554 1565
258 286
24 110
834 889
1558 1641
1958 2047
474 563
494 547
1990 2070
1048 1059
1998 2082
1422 1436
1286 1312
1568 1610
1264 1271
192 253
436 461
882 913
1526 1536
572 666
1788 1805
1670 1753
116 198
674 727
630 643
1234 1248
1996 2076
1560 1601
12 76
70 108
46 77
1504 1546
1418 1463
1650 1674
1512 1575
142 144
160 166
970 1061
1978 2052
1088 1144
776 837
1940 1978
1682 1684
758 806
36 102
1676 1718
500 542
568 627
976 1037
270 366
1848 1854
1196 1252
226 261
1694 1748
1924 1968
220 222
514 546
880 931
1772 1843
598 602
578 667
1892 1931
1568 1650
1700 1772
86 172
1736 1755
384 402
1352 1409
506 581
926 941
1238 1263
538 615
1418 1427
1360 1455
464 495
1000 1022
1640 1686
826 882
58 122
456 480
500 548
1488 1582
1236 1308
1608 1680
1294 1361
878 897
386 395
1696 1750
1540 1568
1700 1755
1718 1768
458 489
296 338
1976 2053
1812 1880
1908 1916
738 836
606 693
940 947
422 491
1452 1455
880 951
128 216
1052 1138
1632 1708
1082 1109
156 178
118 144
1530 1629
808 831
1934 1992
1064 1152
816 903
1352 1382
588 627
102 174
484 576
1288 1294
1560 1582
986 1035
1796 1882
656 732
1018 1105
404 430
276 334
1298 1356
1336 1417
292 320
1440 1514
1316 1330
828 890
1478 1534
1108 1143
630 664
514 574
1270 1277
1092 1156
966 1021
1406 1443
66 108
696 779
600 668
432 478
298 335
1242 1301
606 693
442 484
86 161
1554 1564
924 1010
1740 1837
1786 1803
122 150
1648 1665
1532 1590
1918 1984
1786 1845
372 381
114 149
92 122
990 992
834 850
192 205
984 1058
1046 1052
520 614
806 812
326 343
468 507
1868 1920
1098 1191
1636 1678
1008 1013
1808 1821
1384 1386
1888 1975
8 69
512 513
1052 1100
654 704
108 147
1592 1601
890 901
1252 1332
4 16
64 116
314 317
692 753
1120 1170
1854 1906
1106 1177
880 937
1168 1216
20 31
296 333
1026 1080
554 615
726 800
648 690
1508 1534
508 547
1756 1820
684 709
1554 1556
1654 1658
308 388
1150 1196
580 640
1988 1988
1246 1288
1980 2068
1392 1411
298 310
1386 1411
1508 1556
302 362
1174 1256
248 277
1918 1920
366 452
1212 1249
334 368
1272 1281
92 122
218 287
250 301
314 387
140 198
1170 1234
966 1005
1128 1214
104 107
736 812
864 891
860 927
932 969
608 641
1142 1234
1588 1605
550 605
1276 1276
1414 1461
1146 1223
314 373
1786 1878
1700 1757
1956 1958
1920 1967
862 906
52 113
1422 1514
1796 1864
954 975
1320 1391
1580 1667
1758 1838
1374 1460
558 571
726 762
248 257
856 930
132 191
458 485
916 976
1542 1626
1746 1781
658 682
406 464
1890 1905
1564 1652
1006 1067
1736 1778
494 494
310 372
1872 1903
1142 1159
1916 1954
952 1039
34 68
398 438
1540 1612
654 705
392 474
1220 1314
196 288
1164 1217
106 108
1694 1746
1308 1363
1228 1319
1972 2010
1320 1364
1056 1144
966 1011
844 878
74 118
214 279
1992 2047
494 500
298 395
700 783
4 7
476 526
110 202
410 431
1670 1761
1822 1917
976 1015
1966 1989
672 729
716 742
604 669
182 232
240 330
1216 1238
776 834
114 204
722 817
480 548
1080 1177
282 357
682 735
446 475
1688 1746
304 337
632 642
518 588
654 704
1944 1944
80 160
1548 1628
1076 1107
342 441
958 1021
38 57
1122 1134
1492 1546
1834 1903
166 228
1056 1143
590 686
900 954
332 361
512 550
1858 1954
1436 1491
858 866
1774 1774
1014 1032
1430 1508
1474 1502
780 815
1764 1772
1610 1627
844 929
514 583
1762 1769
1246 1345
1672 1751
1778 1796
1054 1061
346 402
430 442
1816 1890
260 336
608 627
1912 1958
110 149
1412 1424
1016 1044
1794 1859
394 424
944 1016
1058 1119
806 824
262 345
754 810
1182 1226
138 190
740 791
1656 1682
246 330
144 174
1950 2029
188 272
518 609
498 507
946 1020
1962 1964
1470 1507
1544 1610
40 41
1748 1759
890 933
1630 1697
1694 1737
386 408
1560 1577
408 415
792 890
1182 1190
578 671
1634 1696
534 584
232 286
1774 1814
1144 1203
1482 1528
446 484
1484 1522
1410 1499
1364 1414
526 540
1734 1801
1842 1858
1530 1595
1248 1254
116 157
1040 1065
1182 1270
1358 1389
456 507
180 249
1394 1407
1718 1809
704 720
1464 1550
332 427
400 485
1628 1701
2 81
676 753
674 770
836 893
146 208
1690 1694
386 411
1414 1449
1492 1497
1898 1903
1096 1149
1746 1827
78 117
552 643
1554 1645
128 158
44 99
216 276
302 328
1138 1215
480 495
1362 1395
384 473
138 177
292 362
1792 1886
46 116
1950 1964
322 326
10 48
1390 1411
138 207
352 429
858 938
110 209
514 610
1532 1570
162 220
1358 1360
498 523
448 494
1744 1791
1832 1879
1322 1399
902 920
32 130
880 917
1136 1152
1932 1981
592 613
696 701
1338 1404
392 443
1554 1629
1210 1236
106 136
344 369
858 946
1544 1587
1036 1112
922 1008
852 853
646 740
1740 1829
1392 1410
1324 1420
848 880
1726 1746
870 910
1694 1786
36 36
444 487
1650 1654
1966 2016
894 895
1756 1764
774 778
324 386
1302 1334
702 749
1804 1870
1486 1512
100 158
596 633
1900 1998
458 527
796 800
1024 1100
1616 1663
1756 1811
698 706
326 362
1528 1605
302 317
1418 1472
228 240
440 450
580 650
336 377
214 285
878 967
880 969
986 990
234 287
302 349
1816 1868
910 933
1882 1954
202 294
678 740
1892 1946
252 271
32 101
1578 1662
1420 1469
1310 1311
580 627
84 167
206 218
1576 1583
422 518
1622 1641
942 994
1182 1206
392 422
174 217
1472 1537
1324 1376
668 671
578 674
808 904
1794 1888
192 284
1658 1757
312 329
316 383
1330 1352
772 809
148 225
122 193
1816 1816
1532 1628
132 212
1498 1498
1870 1908
1594 1634
668 714
772 802
1380 1396
1964 2010
370 462
428 479
1628 1680
680 721
1860 1913
1728 1818
508 538
372 444
1524 1611
144 241
650 671
778 838
1240 1316
884 894
1984 2008
1018 1047
538 613
760 843
54 74
648 657
948 1036
998 1078
340 378
1504 1536
650 726
1964 2015
796 867
1326 1396
294 351
64 155
468 509
42 45
1232 1285
1876 1972
1652 1715
610 662
1606 1663
1464 1490
390 426
516 536
24 116
1046 1108
1928 1966
264 327
696 761
614 696
116 144
874 901
866 941
46 105
1980 2008
1822 1868
970 1065
944 976
1662 1744
1810 1906
1350 1378
1916 1955
638 681
908 975
1920 1981
1202 1272
882 920
794 869
826 846
972 1028
202 300
1804 1842
1490 1564
646 675
912 940
250 281
16 51
244 323
460 537
692 782
1380 1427
1826 1858
674 684
14 65
166 259
1014 1050
486 495
1652 1741
270 319
1836 1927
754 849
1446 1484
1660 1757
834 847
1548 1564
1910 1975
830 898
1898 1951
358 414
1712 1726
1602 1617
300 397
952 1028
1476 1487
252 260
404 459
806 883
1186 1271
950 961
1996 1997
254 260
836 878
348 415
1294 1347
646 649
1934 2011
436 505
452 546
892 956
610 634
1944 2004
1558 1585
274 299
1328 1392
1472 1487
1132 1147
642 726
218 313
704 761
402 429
520 540
1712 1743
1980 2062
1050 1138
92 175
1424 1494
86 177
898 930
432 498
994 998
962 1025
1742 1796
798 879
2 53
180 182
262 264
150 237
1066 1131
140 151
410 478
1892 1909
382 471
1520 1612
1746 1775
916 986
1266 1357
1570 1627
1594 1631
380 479
576 656
706 777
668 696
1518 1538
1690 1771
1966 2016
2 31
638 730
540 620
1074 1117
818 865
1732 1826
1278 1281
1206 1294
1080 1173
1174 1255
850 891
1904 1916
1442 1505
664 731
488 503
1938 1984
488 577
1580 1594
1442 1469
18 48
1350 1425
1752 1818
462 542
908 979
1250 1292
608 611
670 727
1030 1086
1344 1391
1950 1967
1028 1073
326 384
1172 1225
1248 1255
562 595
1578 1586
1722 1739
1948 2040
1698 1726
430 505
1644 1716
460 517
962 1007
1132 1185
1184 1225
140 198
1676 1761
432 456
1078 1170
166 238
354 426
1664 1702
484 490
964 1055
1172 1222
1836 1845
1844 1892
1836 1891
490 574
1816 1905
756 835
1294 1310
1128 1143
1986 2041
814 890
1958 2043
602 613
1950 2045
1938 1948
1972 2028
424 481
634 720
1514 1549
482 485
144 193
384 434
960 1000
36 133
110 121
408 423
880 964
800 893
694 721
1976 1993
1074 1148
1746 1747
1166 1256
1174 1215
1554 1582
1392 1393
660 748
6 16
160 182
1118 1154
770 834
606 683
600 655
540 587
1564 1622
1928 2000
1170 1207
1546 1614
758 819
1722 1731
378 435
1420 1439
892 958
1364 1442
176 217
732 757
714 783
6 63
1448 1473
610 617
1768 1837
1062 1131
918 922
1978 2068
1330 1381
102 109
816 878
156 162
1656 1716
170 238
708 759
890 901
242 242
738 783
852 878
1408 1470
590 625
262 268
1080 1100
1298 1355
646 646
232 264
1628 1723
580 622
614 689
524 537
358 418
154 154
1720 1766
994 1032
1648 1702
600 671
1578 1609
1156 1237
1808 1887
1182 1209
558 565
622 716
508 510
176 190
658 661
558 566
1526 1582
320 395
308 318
1228 1306
1128 1142
900 953
1396 1476
774 828
1918 1996
1066 1104
74 119
1368 1412
1598 1671
1116 1144
1656 1693
1978 2069
1092 1141
1836 1836
318 350
1358 1381
1598 1627
858 955
1018 1034
1606 1626
292 328
116 199
1066 1161
1654 1686
440 477
1626 1674
1854 1856
1982 2055
606 615
1050 1113
884 888
1076 1169
1370 1389
884 930
974 1019
732 765
1162 1239
338 353
1744 1792
1598 1690
876 888
280 345
828 859
380 450
784 799
1066 1152
544 567
1558 1615
190 211
1008 1090
1636 1658
1136 1188
1998 2087
438 509
1578 1596
630 657
1966 2021
1888 1937
1876 1910
1638 1721
404 408
1738 1812
256 305
1566 1589
444 483
314 407
1724 1749
290 303
332 396
874 930
1468 1520
366 383
1120 1200
934 984
1932 2018
1066 1134
1982 1985
1988 2059
808 886
92 170
834 889
742 821
1266 1334
986 1085
1168 1250
1510 1529
68 159
776 870
1542 1549
1594 1683
988 1018
516 553
170 174
1320 1409
764 822
1640 1640
1226 1317
862 908
824 900
92 188
1116 1169
1334 1379
888 944
1782 1849
526 614
18 27
38 57
596 652
446 504
596 602
32 50
1516 1598
1322 1363
456 529
1636 1662
140 168
1560 1597
1346 1422
290 355
992 1001
506 511
1740 1764
248 317
866 913
254 285
610 706
1698 1761
956 966
1914 1972
1872 1947
1370 1428
1006 1071
894 923
82 175
188 225
708 807
788 812
1352 1370
1490 1499
436 461
384 407
1442 1483
1878 1929
1806 1902
1218 1309
46 140
1098 1176
222 319
1518 1571
1180 1233
84 180
1810 1899
1744 1777
614 632
788 865
1686 1772
1506 1522
1958 2050
934 1016
1880 1908
148 163
1446 1521
1090 1124
1944 1949
678 692
1020 1054
420 435
1046 1081
1400 1482
106 200
120 216
64 77
1624 1635
1714 1745
1788 1837
118 138
1632 1666
590 651
642 662
1332 1344
1772 1849
1492 1541
1888 1909
1768 1813
312 349
182 198
370 394
762 811
974 1064
1960 2041
182 273
106 113
1052 1053
536 583
1346 1433
422 481
928 938
16 76
1862 1906
1514 1601
1066 1115
1310 1328
650 738
134 146
1956 2055
1092 1161
1582 1633
656 725
8 105
1736 1813
1768 1847
1178 1178
778 827
920 993
388 406
224 251
838 858
892 988
1016 1081
520 559
1234 1240
520 528
220 309
858 872
1076 1173
1584 1658
1456 1537
948 966
660 746
286 362
1712 1767
1208 1235
1454 1456
150 186
1238 1274
854 890
988 1075
1288 1292
552 625
1438 1504
1444 1507
1880 1931
1192 1258
1842 1920
810 874
310 371
1342 1353
482 581
1026 1042
1974 2006
8 22
1442 1541
202 267
910 940
1582 1608
1792 1857
778 815
632 669
1206 1295
1232 1240
10 33
1244 1321
1172 1187
856 907
1766 1781
1166 1254
1658 1714
1478 1560
44 138
24 89
1442 1451
764 826
1492 1543
1600 1601
1280 1348
124 170
486 522
1350 1379
1206 1209
560 646
1036 1051
1452 1551
1744 1809
1962 2008
1320 1414
1526 1607
510 555
1686 1739
392 487
108 197
1526 1594
1670 1728
1712 1722
374 433
1930 1997
1892 1975
1366 1438
1068 1075
276 291
306 356
1018 1034
1766 1830
122 200
938 948
148 172
1598 1687
688 722
1096 1097
992 1027
1320 1381
1110 1168
592 682
1262 1292
994 1015
1394 1444
1246 1305
1836 1842
1350 1381
1168 1213
1882 1892
1338 1378
400 465
1452 1452
1132 1206
1670 1697
774 816
1074 1157
664 732
1730 1759
1282 1345
1662 1726
244 293
1540 1589
162 169
588 610
1434 1449
230 247
1362 1455
34 81
1536 1541
1652 1707
1894 1958
382 414
1768 1824
922 1000
1942 1987
284 329
788 853
1190 1217
1944 2033
404 493
410 427
1918 2004
1020 1048
970 1000
1770 1834
1572 1657
760 837
1634 1698
770 800
284 293
550 587
308 330
1804 1805
1698 1724
1982 2033
534 582
1440 1466
1572 1655
1814 1885
426 518
574 625
658 725
1360 1406
1864 1930
1554 1580
254 258
126 207
852 869
1470 1498
1086 1164
62 73
1252 1256
778 790
1374 1470
70 122
882 957
1208 1278
684 768
1834 1908
1404 1450
106 135
900 916
926 955
1572 1670
1714 1743
552 640
280 334
1984 2014
36 67
356 361
568 587
160 200
1484 1507
1752 1811
98 129
114 116
1520 1579
1142 1217
176 233
1546 1591
76 77
372 403
1310 1340
826 899
1124 1215
158 256
1126 1185
1580 1585
1164 1230
632 716
1194 1267
172 182
1168 1177
570 643
1436 1447
1940 1997
1624 1632
576 644
78 79
986 1039
1288 1312
302 361
168 261
1728 1746
1918 1950
4 13
514 555
1238 1280
1604 1660
1030 1051
1334 1371
1260 1292
692 710
1304 1389
1942 1987
1380 1447
140 181
1054 1060
972 1015
1752 1797
552 631
1412 1497
1344 1421
1454 1528
572 666
694 747
864 941
274 304
494 583
1030 1100
574 579
1076 1085
796 813
430 514
1024 1115
1362 1402
644 684
52 98
834 839
1642 1697
1400 1468
18 102
996 1094
1228 1273
576 657
632 659
76 82
1272 1360
1950 1953
48 135
1292 1349
1256 1325
1594 1648
1334 1401
222 310
1244 1255
18 101
1294 1301
964 977
1208 1230
188 208
802 886
956 993
544 597
1184 1280
1882 1920
708 729
1118 1169
1854 1881
140 178
134 227
404 432
56 105
1870 1880
1630 1722
1968 1977
328 413
1492 1535
1548 1566
896 962
630 671
1914 1935
1324 1392
1048 1089
190 285
1960 1975
1280 1362
1886 1954
766 797
1062 1160
246 313
920 959
506 512
564 591
448 479
1492 1583
1648 1651
528 615
1846 1935
856 927
1472 1532
1772 1848
1884 1965
792 870
1528 1607
1752 1791
294 330
1758 1810
1788 1849
262 281
488 565
724 793
1864 1891
1816 1872
1536 1624
454 458
898 963
464 507
1292 1372
1546 1557
520 570
1300 1359
676 705
1022 1055
86 180
1408 1447
448 466
120 176
794 862
728 793
18 61
1338 1396
1520 1521
1106 1165
468 495
1044 1090
658 682
1210 1229
108 176
1208 1257
924 984
880 966
158 159
390 466
938 949
1284 1314
414 477
1280 1347
1834 1928
156 207
1746 1746
1994 1996
250 252
1146 1177
844 922
1960 1996
1676 1696
1846 1863
1842 1912
1492 1535
1466 1506
1850 1890
806 872
520 540
224 262
1646 1731
1878 1898
1078 1094
1548 1560
1894 1990
580 607
1570 1651
1398 1458
1500 1573
1060 1156
136 151
472 565
1112 1204
1822 1890
1328 1351
1716 1804
16 65
616 715
1130 1165
728 740
1966 2020
1582 1650
974 1017
1656 1694
1632 1642
1468 1504
652 675
1162 1196
630 723
804 883
1032 1092
934 1011
1524 1552
1552 1579
1126 1166
1680 1778
294 325
1334 1368
948 1043
448 490
1116 1175
460 544
1268 1280
236 285
1314 1386
560 633
968 968
804 850
1160 1191
1148 1243
46 112
786 808
794 854
314 338
1816 1897
436 502
1384 1433
1404 1430
1226 1298
1254 1324
88 148
1590 1618
720 770
254 294
162 215
1574 1578
1638 1718
1254 1322
1186 1222
288 341
1738 1801
1342 1356
328 401
1184 1213
1090 1110
1502 1543
960 1058
1642 1734
896 944
968 997
2 73
1972 2044
1606 1671
1482 1578
906 991
498 572
1200 1272
1176 1240
1290 1371
1786 1828
1506 1602
966 1051
1790 1847
1554 1597
1210 1271
450 509
1768 1831
262 349
1056 1080
872 905
220 257
14 24
620 716
1654 1661
258 330
404 438
138 175
1638 1702
1388 1436
614 666
1122 1154
1222 1267
190 284
968 1043
638 658
616 645
1916 1984
982 1002
528 546
1854 1899
782 811
1958 1970
334 384
1552 1613
196 279
1730 1789
1936 2012
208 223
1846 1886
1486 1528
1722 1725
46 65
142 208
878 965
370 388
864 892
1696 1759
1480 1547
1826 1894
1160 1223
606 652
44 115
548 626
78 175
838 920
878 910
1074 1088
902 911
1362 1404
592 610
624 705
996 1008
1688 1778
1758 1768
916 928
1650 1663
1220 1268
770 854
1356 1432
164 213
1820 1893
162 209
80 164
112 185
956 1009
582 673
1572 1613
606 688
1462 1497
888 929
694 764
1308 1365
940 1031
386 434
1038 1113
1196 1225
1002 1081
1754 1847
1832 1917
1932 2026
1980 2037
370 446
1500 1589
1518 1551
752 755
1452 1475
946 978
64 107
248 273
888 931
1706 1800
850 856
850 904
1198 1239
1878 1943
1472 1502
348 369
116 140
1524 1593
218 256
746 781
426 524
1134 1179
988 1031
1646 1736
1374 1402
1368 1432
1468 1477
236 321
902 959
1204 1291
678 754
920 1018
104 127
1838 1899
722 814
696 771
1686 1701
344 433
1918 1965
1958 2056
750 765
924 985
248 280
292 319
1978 2026
932 1013
1752 1779
862 942
300 350
1586 1649
1990 2031
1580 1670
818 833
1758 1826
1324 1334
1436 1526
450 530
1702 1703
224 322
1962 2015
196 243
972 999
748 765
1214 1290
1240 1241
184 199
1788 1870
1610 1613
1098 1134
46 58
1196 1237
1204 1279
546 551
456 493
1606 1615
382 436
1314 1391
1162 1245
1894 1934
520 587
586 638
1068 1108
1172 1263
1686 1722
1454 1521
1400 1425
1920 1974
1704 1738
918 998
1942 1957
580 594
442 541
1088 1142
1364 1455
1388 1430
820 860
1292 1336
1760 1845
1270 1345
146 160
1884 1957
782 837
854 897
978 1016
646 706
1706 1771
654 680
528 599
1160 1207
724 799
482 554
1934 1974
136 183
1650 1653
1844 1942
1538 1555
46 106
944 946
1510 1523
80 158
250 296
792 844
1344 1404
646 699
1214 1251
1760 1761
322 369
882 911
92 158
568 588
1032 1085
1778 1817
1130 1143
682 702
52 133
1502 1506
1958 2005
1912 1964
1614 1646
514 581
1338 1427
1936 1967
672 681
120 154
54 151
108 151
1500 1544
164 232
1314 1337
1976 2012
312 403
1080 1116
476 572
280 378
256 353
330 380
476 509
1962 1988
1788 1881
1320 1341
180 246
928 1021
20 118
1722 1742
642 643
816 845
586 634
1930 1961
1592 1649
1858 1935
412 458
854 898
1862 1922
740 765
306 336
196 240
898 912
1578 1589
1624 1674
1662 1747
406 445
630 726
1078 1110
760 796
884 945
1226 1274
216 308
186 277
304 319
434 439
396 463
1802 1849
1868 1958
916 962
1384 1426
1168 1264
466 517
1488 1561
470 494
218 295
1572 1646
652 698
932 1003
1978 1996
1172 1230
1846 1882
452 529
1566 1626
1734 1828
516 528
472 514
1616 1685
890 942
484 565
58 61
716 783
1554 1590
1530 1625
1614 1668
426 472
626 715
1764 1803
1332 1350
102 187
1224 1233
298 298
1008 1065
1338 1387
1724 1788
1260 1351
638 679
820 869
754 829
88 125
1858 1868
1270 1312
198 267
266 283
1774 1858
708 759
1692 1696
102 152
1626 1699
1302 1377
674 708
1836 1892
1950 1978
210 214
1006 1008
482 567
224 300
54 65
196 209
1360 1445
1394 1480
378 473
1780 1820
490 546
626 723
166 168
1062 1064
1318 1376
1364 1380
1124 1162
1236 1240
646 676
64 66
586 668
430 455
936 1001
128 185
320 326
498 504
724 739
1310 1356
1834 1872
1600 1676
792 874
90 100
40 55
932 975
196 247
92 135
666 727
842 843
1756 1841
1620 1659
1582 1594
1594 1648
654 706
1200 1244
684 684
346 436
468 538
800 855
1170 1237
1900 1983
1436 1532
1558 1609
1220 1220
410 498
1370 1437
1758 1834
1558 1634
1964 2022
256 290
1406 1428
1372 1400
1824 1845
1596 1609
352 387
360 438
1542 1640
950 1000
602 639
1500 1506
554 641
452 509
1230 1235
1666 1764
1632 1646
1064 1083
272 291
198 247
984 1033
724 744
1968 2062
996 1051
288 313
1314 1359
1524 1531
608 700
1092 1122
1098 1160
1774 1808
1520 1523
96 140
1148 1185
430 503
1876 1883
1844 1896
1454 1513
1092 1118
28 70
1102 1126
974 1040
1566 1609
116 146
1346 1405
984 997
1386 1390
1232 1326
496 587
1262 1278
432 501
1046 1137
1146 1149
1500 1519
362 378
1026 1110
280 280
1500 1524
992 1052
508 529
238 336
868 933
1404 1455
518 520
1188 1230
236 246
326 420
1306 1342
1194 1197
414 492
1040 1060
1724 1736
144 209
1872 1940
250 292
884 981
1280 1356
1524 1618
558 631
1994 2019
1934 2001
776 806
922 963
436 446
890 915
1080 1097
994 997
658 727
1440 1506
980 1077
1616 1648
292 293
320 380
990 1030
1266 1310
34 34
624 629
164 189
894 894
1072 1116
154 230
1122 1196
1662 1752
288 291
1016 1102
202 271
1836 1935
940 1018
1720 1785
1740 1785
1620 1708
892 914
1290 1370
1198 1290
362 449
1376 1386
1832 1881
370 417
984 1065
6 58
1334 1390
42 79
110 201
30 45
914 952
1522 1589
956 1015
1482 1505
878 970
1136 1208
360 416
1870 1966
1716 1736
390 392
1602 1700
108 128
1308 1384
1514 1576
1134 1206
1954 2030
724 814
1990 2030
2 90
632 725
1562 1646
1530 1591
984 984
114 116
344 348
808 833
1606 1665
290 299
1774 1776
1742 1796
54 55
366 407
1286 1364
1164 1209
534 584
876 924
268 323
722 800
1216 1286
1362 1442
748 785
212 241
1792 1795
678 713
1716 1778
1180 1265
230 255
1252 1311
606 666
808 830
1620 1662
1940 2036
794 877
1254 1259
906 914
276 304
1490 1586
1418 1512
398 446
258 315
1926 1997
588 666
392 465
378 430
1666 1759
1548 1644
1574 1671
1288 1325
1560 1631
1788 1822
1158 1190
828 905
1256 1279
46 126
1048 1052
1178 1265
1152 1236
1834 1858
314 321
1952 1994
104 107
1380 1420
400 435
754 834
1212 1283
1132 1170
1312 1392
1134 1170
912 1002
336 416
188 246
1638 1660
1988 2076
294 297
390 465
394 394
1156 1244
1584 1614
446 515
926 1007
1584 1613
1438 1438
20 106
1578 1644
456 513
1596 1619
1430 1447
1394 1455
1410 1506
1128 1181
1344 1406
410 412
1300 1397
170 195
1036 1084
812 874
1154 1232
926 965
232 284
1514 1559
1122 1177
40 117
1048 1065
1380 1462
1828 1883
374 412
34 126
1784 1803
1482 1559
1192 1251
1050 1052
546 601
1664 1700
788 837
680 684
588 590
118 132
1062 1098
766 787
1740 1837
1656 1713
1174 1271
1602 1682
1136 1230
914 978
306 341
1038 1064
1580 1631
1030 1066
1304 1311
80 126
922 974
1224 1268
776 872
1836 1846
1290 1336
38 71
592 612
130 194
132 154
58 77
418 466
1994 2045
502 566
1776 1780
144 172
404 489
1464 1479
460 532
326 374
164 224
492 493
1490 1532
546 556
814 853
1370 1406
1820 1914
672 732
492 531
248 334
1686 1734
1532 1630
868 967
426 442
1942 1970
328 334
1776 1786
1014 1048
610 643
888 900
944 1025
1000 1035
752 840
1990 2064
254 325
920 943
40 66
146 152
1450 1536
1644 1693
732 770
910 916
200 214
1184 1189
894 983
938 1010
1740 1761
14 60
1018 1072
440 529
1650 1682
1328 1425
518 555
710 794
750 779
66 159
1734 1774
1398 1418
310 402
1450 1452
66 113
452 455
1736 1769
1004 1034
1878 1952
1438 1455
214 249
628 694
944 966
1404 1503
1102 1190
584 655
1856 1947
182 217
1270 1338
76 144
1430 1494
1144 1180
1700 1726
1332 1373
1000 1037
516 523
944 969
650 694
1894 1922
286 336
232 267
1242 1338
1556 1568
1664 1678
1762 1784
868 916
1676 1734
1768 1808
1568 1570
364 449
1278 1370
488 499
1434 1504
814 830
1196 1198
1734 1800
1378 1418
1628 1696
1106 1152
468 554
440 508
172 231
54 77
902 965
450 483
896 961
852 945
1952 2047
526 610
1728 1741
1276 1307
558 586
1142 1187
1592 1668
888 918
1228 1292
100 153
150 179
752 779
1186 1239
1024 1117
1636 1726
172 219
1572 1573
1766 1816
1828 1849
1466 1511
1698 1754
686 731
970 1057
54 105
902 932
1008 1087
422 454
1516 1520
372 442
1100 1104
1122 1158
1006 1105
1380 1466
1402 1458
1816 1902
1708 1717
1588 1685
214 293
1968 2054
166 253
1832 1871
36 64
344 420
568 626
94 128
1428 1488
1646 1716
22 87
1912 1976
1642 1658
404 431
652 748
1152 1237
1256 1268
542 553
1400 1440
4 74
40 114
1694 1698
1768 1814
982 1033
412 478
1042 1111
1062 1091
1266 1270
92 127
1464 1488
366 374
1018 1029
442 474
1748 1821
1344 1421
686 778
806 848
1994 2082
1576 1616
1182 1276
1012 1024
1830 1919
1882 1930
186 225
1470 1547
830 849
972 1048
164 223
818 875
1368 1449
372 399
252 341
1844 1919
1754 1764
630 698
114 187
1864 1936
1124 1150
1746 1753
1834 1842
370 403
1758 1781
1922 1936
164 234
542 608
1608 1617
290 320
796 863
810 838
1556 1628
896 983
490 571
318 377
1918 2002
332 408
690 741
418 442
748 819
1076 1132
1786 1847
1148 1197
1940 2012
1958 1979
982 1018
698 719
1616 1713
1616 1621
1060 1128
1128 1217
704 735
732 829
164 191
548 557
900 964
1234 1330
1356 1448
1490 1490
1232 1257
1442 1449
1626 1648
1458 1532
440 477
758 760
1714 1810
1184 1246
54 112
518 579
474 559
540 628
804 844
768 848
864 893
160 160
412 466
1014 1086
1152 1188
692 740
1548 1625
502 533
746 841
386 386
1010 1015
428 470
84 120
1564 1608
152 170
1048 1108
0 57
520 526
222 290
1860 1899
712 788
376 406
708 799
228 255
676 735
960 1003
1632 1678
1170 1229
1764 1784
606 617
476 556
342 380
978 1062
1594 1594
1808 1835
1982 2042
8 39
782 792
1348 1405
1578 1590
1032 1101
1710 1795
630 723
1088 1138
1026 1125
1722 1725
1462 1494
684 704
336 427
344 416
436 452
666 740
94 170
1272 1294
1866 1892
1468 1469
1390 1432
972 1035
174 256
1826 1826
1868 1942
110 127
316 365
476 503
480 542
1502 1561
556 640
770 848
320 342
800 845
896 982
494 589
1560 1645
1716 1783
1640 1663
1638 1644
1794 1869
246 254
1248 1261
174 239
952 990
1352 1358
1846 1859
1568 1603
870 906
1762 1797
750 830
1462 1517
1834 1875
46 83
130 224
390 452
138 157
1444 1490
64 73
526 586
1296 1335
1934 1957
704 707
716 756
1280 1319
750 817
1438 1444
1044 1081
96 193
1452 1517
888 910
854 867
1186 1188
1822 1847
622 696
1676 1687
226 283
468 486
1224 1317
620 624
368 453
1942 1998
288 334
1786 1830
1486 1557
18 57
490 578
106 144
580 644
1632 1686
982 1036
530 534
326 326
1548 1623
890 974
760 789
244 295
1770 1836
394 424
324 417
908 979
1664 1763
622 659
1076 1078
1108 1114
1816 1861
1424 1497
2 77
50 78
4 74
1128 1210
200 286
172 209
608 643
936 1002
560 582
1978 2043
1946 1947
108 171
510 518
1138 1201
10 91
1376 1435
1016 1030
1678 1741
368 371
490 526
180 263
1948 1994
1342 1436
426 477
136 190
1536 1629
1710 1733
514 576
1566 1644
1954 1995
1624 1690
1000 1020
760 799
366 382
188 269
1810 1894
1632 1711
1862 1949
50 146
1582 1627
100 159
1676 1734
764 859
144 210
548 598
614 700
136 195
1516 1516
1700 1794
1432 1476
854 927
962 1005
1704 1768
1462 1491
1224 1246
1348 1410
162 175
544 560
1216 1261
668 702
1494 1587
1344 1359
304 335
1230 1284
154 237
596 600
1314 1345
1494 1555
1790 1820
182 241
1408 1425
1044 1082
1260 1306
1908 1999
1686 1726
354 444
1266 1316
810 847
1266 1338
982 992
816 857
1132 1149
1250 1315
1260 1332
992 1065
1464 1464
382 388
1380 1453
1504 1600
1528 1624
1272 1366
372 441
288 332
812 841
1336 1385
1678 1706
1486 1491
1690 1758
140 168
1184 1202
1802 1826
942 1034
1860 1921
1236 1319
316 350
1262 1356
56 73
832 904
226 300
1306 1340
1552 1644
1124 1195
498 558
1182 1254
1176 1259
1884 1973
1016 1029
1868 1906
1854 1858
946 983
1276 1280
1166 1233
548 599
382 421
1052 1097
1746 1800
1378 1414
1050 1141
392 408
1926 1962
598 655
1954 1961
46 57
1196 1246
1630 1701
1478 1484
1056 1078
946 1000
52 68
1786 1838
1722 1789
412 415
406 437
388 439
1694 1703
478 576
1532 1548
612 701
960 1016
182 229
1358 1440
906 913
1714 1792
722 805
590 645
1574 1582
748 841
822 851
152 157
1360 1435
932 1003
1546 1579
974 1005
748 767
1374 1392
1934 2001
704 776
1148 1157
102 190
184 282
1790 1869
412 481
448 466
396 448
1150 1180
1854 1896
1002 1003
1254 1294
968 1021
1320 1392
1046 1125
1078 1154
1502 1567
170 224
210 240
1704 1704
1522 1581
538 576
58 125
1980 2036
98 116
700 750
1942 2019
1782 1837
1366 1369
1958 1964
1764 1834
164 197
1376 1396
1576 1669
804 896
292 355
102 169
1002 1034
470 514
778 814
1524 1563
374 459
138 168
1784 1836
666 738
620 635
188 233
400 482
1234 1274
1856 1875
666 740
1068 1104
1682 1770
338 366
464 474
130 176
2 6
862 932
68 143
348 367
1094 1179
1868 1962
1164 1250
1552 1651
1654 1658
436 448
260 264
1200 1272
984 1053
1504 1580
62 79
844 877
842 847
910 917
1762 1792
1052 1132
934 946
1548 1597
598 649
1200 1278
1214 1232
684 722
548 590
124 191
128 142
1686 1781
1968 2034
960 1017
1646 1682
1130 1134
1836 1879
970 1055
512 523
1572 1579
1028 1114
1474 1496
1112 1191
424 454
42 116
1898 1935
880 973
1770 1794
822 887
364 450
1306 1405
582 653
1084 1112
616 714
1478 1524
114 168
368 462
1456 1548
1746 1786
1846 1893
1132 1156
72 78
34 55
862 942
1278 1343
734 826
128 138
432 438
980 1056
1514 1543
1350 1416
1670 1729
1922 1937
1904 1990
1710 1737
1570 1643
902 924
1560 1581
1486 1549
1906 1940
1056 1128
758 850
68 163
1100 1124
1646 1705
212 310
1652 1693
1420 1507
1714 1728
650 714
482 493
1676 1720
1866 1884
1730 1758
1066 1137
1526 1587
1686 1780
10 88
178 185
804 868
1134 1194
230 275
1604 1681
1768 1779
382 391
150 234
1344 1409
1656 1661
470 516
1972 2040
434 435
1658 1670
1190 1276
1284 1320
188 285
1304 1317
514 581
1516 1575
1888 1930
844 879
406 504
542 618
230 230
1666 1717
292 311
238 253
544 545
958 1025
974 996
510 543
1038 1046
1892 1968
1350 1354
376 448
1396 1406
918 972
920 951
260 336
1662 1725
1854 1883
270 368
792 799
1398 1473
1254 1341
1994 2076
240 308
1580 1647
1994 2012
246 331
1580 1654
294 343
856 916
664 674
1776 1791
450 465
392 452
1130 1222
240 305
1640 1687
904 921
1962 1986
76 100
686 721
1884 1903
440 524
1986 2005
1370 1443
1358 1376
1366 1433
1066 1074
1468 1498
1242 1242
644 685
1130 1224
1680 1749
1328 1401
586 588
594 683
1474 1565
1616 1625
1350 1351
760 821
1852 1912
758 767
1958 2022
1738 1752
1988 2078
732 801
1166 1249
326 401
1304 1331
1898 1995
1762 1860
572 590
380 474
558 623
494 554
1156 1229
1440 1497
1564 1615
444 448
1530 1598
988 1071
474 504
1532 1585
410 480
1864 1870
136 150
210 216
1568 1663
1602 1666
1024 1024
1448 1539
1148 1244
800 808
1694 1768
1424 1489
1086 1145
896 928
682 749
474 572
674 744
810 867
1968 1978
928 996
314 331
368 437
34 42
224 267
112 125
1304 1360
974 990
442 472
1254 1275
1030 1050
1176 1228
438 516
1844 1868
70 128
972 1071
54 97
232 243
1328 1414
944 1021
858 886
580 613
272 349
1004 1061
320 401
1462 1537
1604 1675
854 875
1898 1948
1994 2079
1920 2003
1672 1759
252 257
1102 1192
1582 1657
1838 1858
510 519
12 104
678 686
202 301
1978 2010
348 439
1712 1765
328 333
1310 1371
284 300
1288 1319
1910 1932
1272 1278
530 557
466 550
1998 2087
1492 1549
1762 1847
1730 1812
1168 1175
334 344
1996 2019
830 845
360 431
1352 1427
78 151
12 106
1590 1632
1706 1718
842 928
1898 1970
1854 1949
260 268
1560 1607
286 302
1108 1118
356 361
1370 1463
840 905
32 80
1784 1791
242 340
1508 1577
1784 1791
1362 1427
90 120
876 949
650 670
1562 1619
1238 1314
346 420
1876 1879
862 885
1298 1301
1682 1699
1302 1335
850 923
1264 1343
84 160
276 299
1084 1167
1412 1444
1016 1047
1208 1250
1682 1705
1836 1850
1498 1555
140 172
960 979
1470 1543
176 263
814 879
320 411
88 142
534 568
554 615
1436 1471
1690 1716
734 783
440 448
50 89
1148 1222
1992 2088
1318 1346
134 228
1708 1764
1562 1623
42 135
8 26
1694 1717
1904 1981
1570 1592
1624 1654
1202 1281
864 885
1478 1535
1920 1986
1166 1174
1324 1366
978 1008
1274 1317
1772 1842
1912 1971
128 140
1354 1365
1870 1900
776 848
8 9
110 115
1464 1551
854 878
1888 1927
980 1059
96 148
948 1037
1764 1775
1168 1188
466 506
760 857
1704 1713
1122 1161
782 831
424 520
1004 1071
2 37
1508 1588
822 872
1040 1041
562 582
106 161
1618 1706
436 529
1520 1572
570 662
1498 1587
508 570
1256 1301
1224 1264
82 148
214 309
106 119
350 414
1230 1277
730 827
638 709
1304 1332
822 893
1746 1817
646 656
32 56
1998 2068
174 254
1830 1881
1640 1649
1034 1114
112 135
1690 1773
774 835
1262 1315
716 766
1752 1762
862 949
466 522
1620 1628
1038 1064
666 736
896 968
1700 1716
1646 1669
50 142
1310 1391
1230 1230
1328 1383
626 673
920 943
1900 1936
772 805
1950 1969
778 863
1056 1064
1928 1941
262 326
1970 2051
960 1020
8 13
408 419
1876 1896
1024 1079
1054 1131
1204 1291
402 454
646 733
570 668
412 439
870 956
574 625
598 616
1032 1068
1504 1600
1592 1600
1708 1709
240 332
346 430
198 198
322 324
78 140
1212 1274
1898 1942
24 32
1246 1293
1188 1250
398 492
66 133
1060 1145
126 205
1786 1855
64 77
828 885
1994 2007
1218 1229
1134 1182
1746 1820
20 95
1540 1614
1366 1411
1642 1671
14 86
1750 1790
878 884
354 409
874 945
248 317
872 910
756 842
808 895
594 665
1270 1292
994 1091
1394 1461
742 774
728 772
724 748
538 627
1528 1536
1990 2032
1830 1914
730 822
1210 1211
564 647
1174 1260
1940 1976
1316 1373
1518 1573
1908 1916
1550 1627
1786 1825
444 499
430 521
392 472
1102 1194
548 567
656 695
422 456
1584 1629
1834 1914
1064 1104
1936 2026
394 421
1394 1398
1072 1144
1066 1095
1928 1935
72 151
1196 1228
1022 1024
1552 1589
1346 1351
1552 1588
782 803
162 170
1306 1319
1096 1117
310 356
698 703
1204 1241
58 93
36 129
486 492
1050 1143
1980 2068
94 161
1052 1072
448 502
1912 1927
1854 1944
550 630
710 734
404 415
1844 1895
1432 1508
280 325
22 80
182 188
1832 1900
1600 1606
1416 1515
50 136
1840 1889
1186 1214
432 452
1940 1984
202 228
1336 1339
378 420
412 469
340 438
708 789
416 461
280 304
1530 1570
60 86
278 334
824 835
1314 1319
1984 2010
1756 1818
140 219
1280 1370
1268 1297
64 104
172 174
1076 1117
1470 1568
476 551
444 500
334 386
364 423
1320 1366
140 210
1904 1918
1792 1822
1458 1524
322 391
112 207
398 438
1974 2011
1988 2065
156 185
1950 2019
1914 2011
50 74
1602 1609
1566 1628
1010 1016
264 273
1944 2024
1982 1983
692 744
142 196
1894 1916
388 422
518 606
1622 1660
538 576
718 744
670 754
1406 1443
1886 1972
1902 1950
88 123
516 533
1630 1679
1436 1497
1508 1549
1830 1883
1526 1587
1976 1999
1298 1349
1426 1444
580 652
994 1071
1616 1616
228 279
76 93
1102 1185
1704 1765
904 971
822 892
360 377
1328 1375
1140 1167
1816 1826
1604 1613
124 191
360 364
1878 1955
66 165
458 458
1700 1767
1834 1888
1404 1426
1830 1884
282 360
1354 1376
390 431
242 308
240 322
1352 1375
1286 1376
1580 1603
292 374
1704 1784
362 443
1360 1444
1402 1499
276 279
142 195
1820 1833
1464 1551
1774 1801
1856 1916
1386 1434
1484 1506
646 732
1624 1638
1122 1181
1096 1110
278 307
1694 1765
226 274
240 291
608 700
1314 1328
810 899
1602 1694
1336 1417
1304 1318
962 1009
872 877
970 970
542 588
1118 1137
920 970
1096 1156
442 456
416 458
1234 1246
1772 1846
156 247
30 109
1870 1906
624 663
1500 1594
76 114
1198 1221
276 298
1140 1190
82 164
904 945
84 110
614 665
1440 1465
230 236
398 492
1794 1861
850 934
1206 1244
950 1003
1064 1078
486 569
74 107
1410 1417
270 368
1980 2068
782 814
1228 1327
1270 1356
1248 1251
584 659
594 635
1484 1558
1450 1547
1624 1624
804 848
1428 1473
358 362
1462 1498
1422 1488
668 721
908 934
876 896
1554 1579
212 213
1056 1106
1856 1933
582 605
504 572
1440 1504
1138 1161
1522 1557
240 280
182 233
354 409
1436 1499
416 440
1882 1980
594 612
848 903
942 994
1012 1012
260 309
846 928
1036 1131
1596 1635
1940 1999
852 943
1704 1722
588 669
1346 1410
488 521
1778 1864
464 502
512 520
586 614
624 675
960 1002
602 657
352 371
1500 1527
1220 1241
1772 1808
328 366
1108 1118
238 317
350 366
330 346
508 605
1908 1918
1514 1613
1180 1249
1502 1572
1728 1780
650 742
446 474
1438 1471
1002 1008
442 459
1392 1420
1654 1722
1414 1468
1768 1840
1540 1630
1242 1318
0 78
56 147
1600 1679
26 90
366 457
816 874
238 266
1886 1906
172 236
1978 2060
584 600
604 604
342 380
448 541
56 154
1444 1473
1152 1202
1944 1972
1762 1799
1488 1552
56 109
348 447
562 579
942 1009
562 622
1002 1076
554 610
1852 1852
1388 1390
890 913
1400 1419
1504 1533
538 614
714 716
826 828
1132 1226
510 602
586 674
418 483
1214 1305
1154 1214
834 888
1232 1275
12 23
1690 1694
68 166
646 684
1054 1147
1132 1216
894 925
676 690
250 295
916 987
1666 1734
1776 1868
318 383
506 582
1344 1365
542 572
1064 1132
1668 1686
732 790
816 909
206 280
260 310
612 680
1832 1915
828 903
1108 1207
86 128
784 838
520 617
964 996
436 441
1924 1927
1146 1243
42 134
614 644
1074 1084
1512 1579
624 686
272 301
1692 1694
1912 1964
1706 1805
1094 1139
1810 1817
1188 1275
182 247
984 1037
536 553
404 445
1418 1427
846 893
542 622
532 568
1188 1242
330 370
1312 1385
1090 1100
1648 1740
214 243
502 556
936 978
438 498
790 877
1458 1508
256 347
1622 1626
780 815
168 224
742 820
822 910
942 961
722 738
562 647
920 1009
532 543
886 920
106 120
92 92
1002 1077
1500 1581
1836 1898
1770 1778
698 767
634 654
0 28
1920 1991
998 1019
1678 1759
1716 1815
1044 1068
20 37
1716 1779
662 666
1726 1810
62 128
330 380
1760 1763
516 545
1448 1523
1898 1922
1310 1371
1094 1101
1164 1250
576 668
1370 1432
1832 1927
1662 1688
220 234
60 134
1396 1457
584 599
22 94
1236 1258
802 897
1098 1100
838 843
1926 1993
128 225
706 710
1378 1469
1732 1737
876 925
1462 1511
1126 1139
1750 1763
1052 1119
1656 1746
678 777
1024 1116
1692 1705
1588 1653
1940 1949
1168 1202
12 50
1476 1571
1362 1418
1304 1323
10 45
1336 1404
400 495
1066 1092
828 842
1936 1989
1730 1810
394 405
492 583
1952 1968
200 261
502 560
1702 1743
1010 1094
596 605
6 9
488 512
448 544
1838 1895
1750 1784
1646 1689
878 966
1352 1389
798 820
1960 1988
980 1013
1282 1323
1782 1874
870 967
752 785
1812 1843
776 779
1510 1522
598 625
1444 1470
1426 1471
740 792
468 514
282 367
640 662
1426 1436
1110 1164
1808 1906
1692 1731
390 464
144 198
612 672
1914 1927
850 858
880 979
270 323
88 145
1316 1346
1806 1905
1232 1255
546 575
770 850
1368 1457
1958 2040
1256 1282
1618 1670
1960 2027
1730 1819
1760 1850
500 573
1578 1615
356 441
1188 1224
1632 1681
1976 2008
848 861
1522 1531
292 389
198 223
64 143
6 47
264 348
616 713
1250 1290
1278 1353
1130 1210
1224 1268
1930 1988
1864 1945
814 886
1130 1161
1772 1851
1986 2018
952 1044
1018 1026
342 406
1402 1457
400 409
8 34
1804 1847
106 173
846 864
1126 1167
1152 1248
1044 1128
240 280
334 340
238 298
780 827
1208 1259
1616 1644
232 241
1566 1582
1742 1830
988 1061
1566 1614
1184 1243
1132 1188
600 642
8 82
956 980
1228 1326
966 999
316 341
66 129
954 995
486 531
700 726
1226 1247
332 340
692 694
16 107
1722 1796
894 955
136 139
670 769
1854 1904
1794 1804
70 77
1976 2044
1044 1109
522 587
1524 1536
288 363
370 432
1670 1754
1928 1971
350 375
1538 1612
1972 2062
1554 1628
178 182
1952 1990
934 997
1490 1545
1568 1588
544 589
770 856
1314 1395
226 321
1088 1137
158 166
288 342
1372 1438
1160 1184
912 969
1396 1441
826 852
470 502
780 860
78 152
1904 1967
438 476
98 127
1142 1205
1552 1567
928 983
1952 2012
922 984
452 493
76 158
1500 1589
1158 1221
230 244
792 849
294 329
62 161
198 201
1578 1578
368 429
30 42
1656 1687
334 390
1584 1664
340 358
746 755
106 129
596 680
572 585
1598 1632
1246 1344
1644 1650
1498 1571
1218 1309
1546 1591
1208 1249
914 946
1944 2020
1882 1946
616 627
270 351
640 680
1608 1626
1048 1091
768 843
1658 1665
1946 1997
26 101
552 627
1932 1934
944 966
1086 1168
1412 1427
1220 1267
1264 1283
1518 1537
1904 1983
1318 1327
100 183
1808 1842
1718 1751
1586 1670
1474 1532
1222 1235
970 999
830 888
1702 1760
1184 1242
1652 1654
410 468
946 1010
1154 1180
792 880
1070 1116
1542 1633
464 546
1048 1073
1038 1099
1070 1100
1254 1275
824 866
662 725
706 729
1642 1721
954 1033
1978 2029
686 704
1458 1497
1012 1028
1074 1103
814 883
1224 1307
292 375
1794 1876
1930 1954
110 187
1836 1874
1282 1353
1322 1336
1604 1694
386 429
1586 1675
122 144
1960 2027
980 998
394 491
1278 1339
1066 1152
1288 1318
1640 1701
1908 1935
678 750
1930 1962
992 1070
292 342
1640 1680
1588 1602
1162 1169
976 1037
1550 1629
862 886
456 527
1674 1735
418 499
1086 1167
884 981
1216 1249
1444 1469
930 948
1806 1818
440 515
608 622
1378 1415
444 474
1596 1645
1018 1048
50 139
602 664
406 468
1390 1436
486 575
1192 1243
1246 1264
1552 1592
1776 1807
808 868
212 272
1654 1702
594 595
1356 1452
1500 1539
1356 1383
1960 1991
1978 2061
386 422
564 600
1050 1080
574 574
1096 1111
1882 1970
1596 1693
496 552
1516 1591
1512 1567
1656 1690
1006 1084
650 731
114 120
1024 1122
1682 1687
868 891
282 294
706 786
328 381
1094 1151
786 883
310 404
612 625
842 904
640 690
1698 1722
360 434
10 48
960 978
1272 1294
1150 1173
1594 1611
1470 1473
1698 1797
216 265
714 716
892 904
992 1044
1554 1623
1630 1727
1038 1102
1842 1842
380 459
1876 1947
1594 1620
690 714
698 740
1586 1670
1994 2037
672 678
784 877
1216 1306
1114 1170
1886 1920
1450 1460
862 959
252 257
594 610
1968 2055
678 711
1730 1814
1714 1781
358 409
1302 1378
1292 1331
1268 1306
768 862
456 497
804 827
1254 1334
1266 1325
154 165
232 258
856 856
1330 1349
1170 1200
1608 1650
194 229
890 891
1726 1817
1584 1634
962 1039
888 950
236 283
1170 1216
654 725
314 318
68 93
964 978
154 201
1868 1930
58 148
912 991
850 852
1160 1200
690 762
980 1059
1802 1837
482 502
268 346
236 249
1498 1573
1138 1174
504 555
1900 1929
396 480
1982 2061
1948 2047
116 167
1402 1492
1488 1587
726 760
1156 1220
1042 1113
1272 1279
698 752
1640 1691
762 851
1174 1207
880 917
628 718
844 849
1140 1188
210 290
1704 1762
1942 2038
1818 1904
364 403
604 660
20 59
126 186
90 174
326 405
546 596
1528 1594
574 653
816 877
1472 1550
324 417
622 636
1408 1490
1924 1937
1936 1980
1610 1680
400 415
1122 1138
1054 1061
1000 1090
1476 1501
1584 1586
1086 1118
1866 1918
986 1056
564 571
430 523
746 765
454 489
1770 1865
1664 1754
932 1016
1714 1793
0 37
1972 2024
854 930
660 680
1158 1231
1304 1368
354 451
1068 1080
1714 1716
1514 1544
42 127
1836 1894
360 362
600 698
972 1030
756 843
1790 1806
1382 1456
1586 1607
492 516
494 544
1176 1252
200 275
1176 1233
1154 1200
1078 1128
662 671
418 481
1822 1831
1724 1822
38 78
474 540
616 644
586 587
604 643
354 403
1580 1646
650 692
482 548
1102 1120
1224 1314
1536 1631
504 533
316 379
382 402
1826 1836
1224 1274
954 1027
862 932
1452 1485
1322 1326
1268 1271
1340 1351
90 153
1154 1250
866 907
78 131
376 467
1766 1813
908 982
1438 1506
1272 1356
1740 1805
1914 1915
1174 1257
772 821
1174 1246
104 113
72 122
448 513
92 101
1014 1051
1126 1173
1456 1554
788 823
448 462
1806 1866
1596 1621
652 659
1558 1571
1580 1597
1028 1058
1780 1847
1382 1408
738 754
1782 1797
554 604
1706 1746
1596 1629
1276 1320
936 950
20 43
150 158
1698 1751
534 562
1332 1390
994 1027
280 367
200 231
1330 1351
198 207
472 549
1318 1359
1138 1147
1454 1514
708 803
1548 1612
1838 1887
1050 1070
1204 1296
200 221
404 501
308 350
674 680
1052 1054
1558 1635
1822 1837
708 731
1618 1642
168 204
968 1058
166 176
310 364
920 952
948 962
352 378
774 805
1048 1141
146 207
1702 1753
430 460
1858 1885
1996 2079
804 863
1118 1204
94 189
554 584
12 96
970 988
336 347
464 508
476 548
150 212
1730 1731
1950 2019
904 994
1398 1479
1338 1387
34 57
416 444
1820 1875
648 687
772 854
646 669
1000 1043
1772 1856
374 398
112 127
476 550
936 949
686 706
1512 1606
1308 1385
888 911
402 454
1902 1965
520 547
4 102
618 695
442 451
1040 1047
1788 1847
1168 1170
1348 1370
1152 1194
776 847
830 926
1332 1353
1250 1312
888 914
228 323
578 604
750 793
1448 1532
640 737
1692 1784
1514 1606
504 545
788 866
1030 1053
1546 1601
1188 1276
1502 1514
1922 1999
148 153
1110 1151
304 401
1238 1265
1680 1724
1128 1141
1282 1292
1410 1508
1004 1013
182 278
1176 1183
1142 1203
1724 1790
1802 1868
260 322
1390 1447
534 584
900 971
1598 1667
598 690
1530 1593
1010 1017
546 608
314 341
1744 1793
46 58
1712 1807
346 416
226 300
72 167
1872 1903
1008 1063
668 722
652 685
752 829
250 291
384 466
1096 1113
1794 1800
1888 1909
614 634
1866 1929
534 540
466 546
1064 1086
654 722
1410 1442
750 789
276 277
1050 1064
62 112
16 39
1970 2026
82 164
1228 1313
6 27
610 646
872 896
788 810
1312 1338
1288 1372
1492 1541
336 357
1482 1488
348 414
346 351
536 617
858 863
178 200
974 1030
318 360
658 675
260 326
1482 1506
280 378
1604 1688
764 812
970 1020
42 120
416 512
1688 1769
1506 1571
1828 1910
140 144
712 722
120 136
208 297
666 701
1014 1088
1518 1565
944 958
862 868
924 993
216 252
1694 1711
64 108
100 137
1722 1787
1344 1427
1938 1966
1090 1171
1088 1138
1540 1617
1770 1848
608 704
554 630
1820 1881
670 695
660 703
1122 1151
224 269
1850 1913
164 202
960 966
844 893
270 337
364 443
1938 1942
1818 1872
1164 1177
406 418
682 695
546 622
380 383
240 243
968 1000
800 862
1494 1577
1800 1827
1178 1200
56 132
1284 1294
1512 1523
1030 1047
1636 1685
460 481
1322 1393
972 1006
496 573
1778 1798
1560 1634
1904 1985
272 272
32 68
1854 1911
1422 1478
772 777
1036 1078
1336 1369
1022 1108
966 1007
1014 1110
1328 1374
862 874
46 66
1264 1319
92 129
1376 1410
1274 1330
1846 1862
732 766
448 500
1382 1425
1788 1847
1552 1557
1692 1703
996 1001
216 278
102 193
854 880
422 433
1868 1878
696 718
288 325
62 129
508 605
106 136
298 342
1146 1241
208 210
304 306
1330 1380
14 87
328 339
32 123
1674 1754
710 733
380 383
196 230
786 815
1508 1607
1052 1111
1658 1733
1808 1863
844 904
914 988
1324 1398
1152 1221
1200 1240
864 880
1368 1390
392 431
1490 1576
188 231
146 185
1944 2023
1676 1726
676 744
1754 1796
1550 1649
1908 1992
1746 1762
116 165
1276 1334
1084 1154
550 628
88 111
1938 2028
420 483
1970 2005
510 520
1628 1721
320 324
226 264
198 286
674 727
944 1007
1340 1423
728 788
1082 1088
164 232
1672 1699
1984 1989
538 592
442 496
378 454
1832 1887
1138 1215
1718 1753
934 992
1846 1902
24 72
1438 1472
1262 1298
92 164
1388 1416
1386 1417
1214 1299
672 748
478 487
966 994
770 869
270 277
1656 1750
684 779
1906 1923
1608 1625
730 805
1406 1454
622 671
1746 1752
1754 1820
1074 1159
1206 1231
1426 1468
270 366
1244 1316
1896 1953
1062 1090
1502 1575
848 904
1686 1766
1450 1510
910 938
1818 1885
354 388
1546 1601
1400 1462
1784 1787
1774 1831
994 1068
308 327
494 548
456 534
1164 1195
8 66
1480 1579
1876 1941
1518 1564
1788 1808
1026 1097
308 346
956 962
1304 1374
1722 1761
656 714
532 566
1658 1723
1280 1289
1286 1308
1482 1581
1866 1947
1100 1123
1892 1902
1938 1978
1364 1446
528 617
944 986
790 814
930 939
32 77
1934 2016
662 711
294 365
1116 1158
1090 1141
988 1066
264 308
1404 1435
1412 1483
1246 1287
1012 1099
1860 1890
1260 1337
910 1005
572 595
1184 1190
210 233
214 218
1788 1853
1492 1583
1338 1378
540 541
1274 1298
1168 1211
1990 1998
168 221
190 256
368 445
88 179
1048 1130
1628 1644
1280 1351
78 125
1750 1835
1530 1551
154 188
428 527
1174 1225
46 118
1092 1162
1464 1495
448 475
698 758
1810 1903
1502 1583
152 169
1796 1864
376 465
1632 1695
1150 1231
72 76
734 784
1406 1460
906 932
956 1008
192 202
670 742
76 160
1568 1663
156 191
856 862
1608 1634
1148 1240
1232 1274
814 857
1350 1394
1798 1840
92 94
1994 1994
1360 1387
1704 1732
76 163
1602 1630
446 531
1446 1447
946 949
318 347
1660 1746
1244 1342
1656 1685
1386 1390
1650 1742
1796 1868
1092 1187
1448 1474
1446 1474
708 721
934 941
1082 1172
890 906
1984 2054
238 241
1798 1799
1178 1199
198 268
1806 1850
1252 1280
1472 1496
1904 1986
1544 1620
1720 1767
1208 1223
1920 1991
148 149
1524 1543
938 944
1578 1666
1218 1259
1780 1831
1124 1165
1346 1363
972 1071
1796 1818
350 400
1714 1761
1054 1071
292 323
568 574
406 417
1918 1935
460 488
846 918
738 822
826 885
574 601
1200 1260
994 1032
1222 1317
26 113
490 560
172 244
1878 1911
512 588
1382 1393
574 625
256 325
862 913
482 482
574 580
822 897
1372 1436
1774 1857
1604 1703
1156 1171
1276 1299
74 150
1896 1973
618 622
1106 1159
30 70
712 807
1418 1505
796 799
1880 1965
1322 1325
520 567
134 134
1060 1130
1998 2006
74 111
568 643
1426 1458
104 179
1576 1633
160 215
298 334
1300 1310
1150 1198
1730 1797
170 197
1142 1240
1748 1786
396 401
1720 1769
1730 1828
1076 1125
1946 1949
1466 1543
1956 1977
1372 1430
56 91
1692 1722
794 816
860 923
578 594
1580 1592
428 492
1702 1766
842 905
626 713
1922 1973
1576 1662
908 930
30 115
790 791
390 466
1776 1818
1612 1698
1632 1669
1098 1155
1506 1545
1340 1359
710 783
870 899
1872 1920
1536 1586
1902 1958
1776 1781
860 916
1084 1162
618 656
1908 2006
264 324
968 968
1994 2079
1514 1516
152 231
1546 1629
1304 1312
1824 1865
1912 1992
382 441
1178 1209
34 53
1374 1433
394 491
1298 1301
390 423
528 559
866 879
1536 1579
1432 1528
1348 1437
1958 2037
100 144
1240 1298
1848 1911
1236 1301
1188 1223
1770 1804
1092 1126
1262 1358
1876 1954
1362 1416
1122 1189
334 415
724 759
1754 1790
154 210
1430 1457
200 235
1674 1751
996 1051
484 529
884 963
158 247
532 594
1074 1130
480 498
220 273
1370 1399
1668 1715
434 445
872 966
1838 1889
1546 1618
1678 1688
1498 1535
836 879
268 328
350 363
1698 1739
550 588
1994 2061
1914 1973
40 134
176 230
788 793
1834 1864
1902 1939
666 742
418 490
78 88
1724 1781
10 106
1338 1418
1124 1195
1946 2035
1218 1240
818 884
1562 1591
1826 1896
1272 1279
1054 1059
978 1009
1484 1506
1814 1817
694 740
1930 1939
1510 1581
1114 1139
1006 1077
1296 1373
1322 1379
302 324
352 385
1702 1791
310 349
1496 1578
194 283
1730 1821
1526 1599
990 1000
142 154
1342 1421
270 299
1912 1951
1400 1404
936 949
1722 1741
270 307
1808 1847
956 1015
1060 1138
188 215
334 393
1638 1669
168 234
786 842
956 1021
1374 1388
588 631
1210 1256
1198 1271
824 836
88 135
1700 1749
476 556
720 789
518 572
1496 1522
828 895
1418 1516
466 469
12 76
336 429
1356 1370
1376 1459
320 407
1416 1488
200 204
944 946
810 820
668 734
1662 1755
440 520
744 830
294 375
970 1003
368 411
1594 1646
1074 1101
1036 1113
924 1003
434 456
1206 1275
1252 1279
1942 2026
980 985
300 321
502 572
506 529
714 767
1408 1502
1676 1717
74 161
1890 1916
1628 1692
1008 1036
990 1011
300 350
1484 1512
1756 1769
1024 1044
740 754
786 859
770 817
1192 1286
800 853
576 614
492 569
450 541
1208 1299
1310 1370
38 40
1066 1087
1906 1981
2 85
680 746
1806 1868
464 560
72 141
1886 1970
126 221
1978 1981
570 605
1466 1528
854 891
506 540
298 322
1874 1956
994 1084
618 669
146 195
138 214
1422 1423
1248 1347
542 610
168 202
1230 1255
780 781
1322 1345
1526 1614
1624 1693
1044 1105
690 701
1990 2033
1402 1406
92 118
610 625
204 272
832 911
1640 1727
1294 1298
748 762
1362 1378
1030 1072
478 509
1564 1567
0 57
1432 1477
936 947
1080 1150
734 820
1296 1320
1402 1405
784 854
364 376
1018 1047
936 1019
886 936
702 713
1688 1730
1884 1911
690 784
568 629
1278 1330
248 280
548 639
236 259
1030 1102
52 112
1284 1292
1648 1699
778 823
774 858
1590 1628
1694 1785
1362 1451
1236 1314
870 924
880 907
14 78
1918 1951
816 845
1112 1135
1202 1236
1070 1113
988 1048
1494 1577
10 44
840 892
1744 1811
286 291
818 832
568 612
736 812
542 569
1280 1362
722 770
24 93
648 661
1112 1171
418 468
1142 1198
572 648
180 186
160 174
650 726
440 474
1380 1436
1862 1920
1864 1918
276 300
274 373
1946 1995
240 289
1524 1600
1016 1087
1454 1534
558 623
16 85
846 935
1368 1416
1330 1386
1670 1677
928 994
234 330
640 695
640 697
1508 1553
1916 1991
588 661
1102 1157
792 822
470 546
1990 2085
90 108
72 153
1038 1091
1378 1432
1520 1573
944 1022
1802 1894
266 288
1204 1244
438 450
934 948
1970 2040
1338 1420
2 58
820 868
1702 1757
238 278
1778 1816
586 664
688 742
168 184
1864 1949
1920 1937
1118 1132
1314 1393
1654 1730
1290 1354
1694 1760
1796 1844
1844 1852
1096 1121
232 299
730 735
1314 1373
1870 1923
130 201
338 387
714 796
1532 1600
1496 1572
798 825
504 548
184 283
1420 1462
598 682
1302 1302
924 943
438 517
952 1029
380 391
460 515
1566 1618
1208 1300
1172 1195
1520 1554
998 1058
524 527
1112 1118
406 425
96 150
1910 1961
108 177
340 414
1898 1944
1006 1097
820 853
1494 1539
1674 1677
74 149
852 901
220 297
1322 1346
762 832
860 896
378 456
1580 1624
1060 1105
1828 1880
942 957
1398 1472
1412 1473
118 123
12 109
1018 1113
1344 1431
1792 1826
1834 1892
1716 1814
256 344
1172 1241
238 314
330 331
1146 1177
106 150
1292 1296
740 745
1130 1160
1020 1091
1358 1429
636 639
1318 1333
1676 1752
1546 1642
452 505
674 686
548 604
1080 1119
1618 1684
1742 1804
1724 1793
638 671
1148 1232
1326 1411
1616 1710
912 938
794 861
682 717
790 856
568 589
142 163
1570 1615
858 936
274 312
288 296
904 962
1754 1825
1182 1234
1312 1318
1778 1794
600 645
1884 1982
1626 1662
570 630
908 977
364 442
1084 1103
446 517
1994 2054
418 511
1440 1502
408 506
1570 1617
804 845
1508 1599
514 520
1976 2028
912 965
1080 1174
1428 1522
1326 1422
1744 1750
1134 1182
1058 1075
320 359
820 853
1506 1520
1662 1700
1524 1609
664 732
1752 1793
1252 1316
1690 1725
36 121
1058 1090
1464 1508
1960 2016
204 303
808 840
1632 1649
1446 1473
300 328
386 419
1436 1443
540 542
1054 1100
688 694
724 813
1882 1914
1854 1876
1632 1691
1436 1484
1230 1251
96 168
1610 1674
1282 1362
886 929
120 209
1656 1734
592 690
362 438
1192 1269
1364 1422
836 859
86 131
1594 1605
712 779
720 744
80 140
96 141
1248 1337
154 174
1664 1701
818 830
1832 1889
220 269
466 472
1356 1371
1328 1424
1780 1839
1588 1627
542 544
1814 1897
1652 1699
1486 1560
290 357
1830 1852
278 377
720 720
222 250
1916 1937
858 901
1854 1861
918 962
1110 1111
710 711
1482 1508
1112 1112
1218 1300
1894 1946
1218 1310
144 220
1334 1397
1952 2031
928 967
14 36
26 114
1930 2022
494 570
472 526
1660 1704
1712 1735
1140 1152
1846 1878
292 362
472 479
630 690
1968 2050
448 460
1426 1514
206 226
924 940
1720 1799
818 877
1816 1913
1226 1264
1882 1903
1322 1386
1170 1254
792 876
1612 1696
382 455
1290 1317
1614 1635
1678 1698
1818 1913
1184 1207
822 826
1004 1024
526 536
340 417
1000 1011
1396 1457
1950 1986
194 217
1440 1496
120 131
1458 1463
1582 1671
1852 1934
818 905
554 608
524 613
316 380
1722 1744
1054 1085
1302 1329
286 335
1082 1152
674 712
1092 1149
1788 1794
642 718
1326 1338
1730 1771
188 214
960 1032
664 706
826 917
1716 1790
530 567
612 628
1530 1531
1234 1292
542 597
1296 1365
24 67
1550 1583
1742 1832
1594 1682
166 258
1428 1491
1232 1331
1314 1343
1780 1796
606 661
506 515
142 212
820 908
760 794
1990 2019
406 414
1144 1175
1386 1481
946 989
1766 1823
1470 1519
944 947
696 726
1464 1554
1996 2083
1490 1493
1994 2062
652 711
418 424
290 294
1470 1519
1128 1187
64 74
908 913
906 995
828 868
1982 2069
486 577
738 765
564 583
1428 1507
644 655
1096 1144
1646 1655
1414 1482
626 668
1338 1368
908 909
1680 1740
1118 1163
1900 1925
370 463
424 504
1968 2001
214 280
1304 1325
1996 2023
1770 1868
654 714
14 48
56 128
1658 1708
1804 1887
206 300
1086 1148
1478 1523
1976 2000
276 328
1408 1431
1676 1739
1482 1524
1970 2009
1042 1064
1274 1323
564 608
470 532
1338 1354
1424 1495
1398 1414
1332 1427
1660 1717
1584 1654
1364 1395
150 188
812 877
508 607
214 253
478 559
922 950
364 459
450 467
1514 1608
1668 1690
1634 1719
1980 2015
1664 1736
1186 1263
686 713
1816 1886
1434 1500
70 141
330 424
1124 1180
950 1025
674 731
940 1002
854 934
1616 1629
804 829
1700 1792
1626 1661
1128 1186
24 83
770 842
58 112
580 596
852 859
526 614
1128 1218
1432 1485
200 286
334 361
1532 1607
984 1004
1904 1998
528 545
1458 1487
1750 1843
880 892
730 752
134 141
476 569
1630 1683
1666 1697
1888 1937
1968 2012
176 227
1846 1852
252 319
1454 1484
922 1013
1096 1139
344 367
1272 1285
72 126
870 925
722 747
600 676
1758 1791
1814 1889
70 113
438 513
788 882
1362 1434
522 582
1310 1332
1504 1507
1234 1310
1956 2010
482 548
1920 1996
1642 1663
108 129
1700 1785
1214 1271
920 962
2 33
938 985
1050 1100
1240 1278
1822 1849
424 439
1660 1690
582 642
872 905
1054 1150
1122 1170
1434 1501
940 1007
1208 1285
1354 1418
142 172
894 934
1554 1626
84 133
924 977
752 827
640 698
1010 1074
1438 1479
1698 1744
1378 1440
1188 1194
164 180
652 738
986 989
1502 1518
66 164
912 974
1046 1145
1824 1861
1608 1648
24 101
398 467
1586 1604
324 366
328 379
1512 1522
1220 1258
1054 1090
1050 1122
1878 1906
578 602
1652 1749
972 973
1896 1946
782 787
782 785
1164 1254
1250 1325
1720 1807
738 762
1278 1303
972 1021
632 645
1074 1115
1476 1504
938 965
304 351
952 1042
1402 1427
1482 1574
1060 1144
990 1054
852 872
382 468
520 580
1324 1375
74 122
1704 1757
1028 1117
388 440
434 449
1262 1283
1326 1333
126 142
1768 1772
1616 1630
1280 1335
1756 1822
256 325
704 792
1962 1976
1982 2001
1030 1073
1448 1477
464 535
1266 1267
572 636
1748 1749
1446 1483
34 42
188 265
748 782
1666 1719
306 367
1348 1353
1402 1410
1744 1836
758 845
1070 1073
832 851
748 749
544 557
34 80
1332 1372
870 906
1400 1429
426 501
1232 1278
1360 1429
718 724
548 608
1428 1526
1504 1597
1770 1809
1098 1151
1516 1591
108 190
1280 1351
1056 1063
328 392
686 750
1690 1698
582 643
614 637
1164 1230
60 69
158 254
1414 1497
1084 1177
1646 1737
1196 1229
732 785
1336 1343
1448 1544
1332 1372
1024 1085
210 220
538 586
1046 1074
144 150
1190 1244
1334 1360
1804 1878
418 462
638 722
1070 1088
1340 1394
1846 1884
1226 1273
1772 1851
480 531
1984 2081
922 983
890 926
380 449
884 921
646 707
1030 1056
1672 1696
44 51
922 932
850 933
328 376
1642 1671
696 755
816 904
1620 1620
570 593
26 108
1920 1975
1904 1958
88 115
432 491
410 414
1272 1300
1822 1871
276 365
1864 1918
778 831
1566 1603
1624 1667
1354 1429
590 604
1196 1204
1498 1508
432 433
1330 1342
656 689
344 378
1274 1334
228 228
1218 1270
1178 1219
1812 1891
1292 1381
136 146
464 562
1570 1597
824 860
374 435
1292 1347
428 491
736 831
496 588
1562 1647
104 199
276 289
294 321
1108 1113
1412 1412
188 215
724 802
450 498
1114 1203
1768 1864
1006 1088
1704 1721
1796 1868
1224 1270
928 973
768 836
1280 1302
1762 1849
1202 1289
1088 1148
678 716
1574 1575
1336 1348
402 479
706 791
1348 1404
640 718
1852 1922
900 990
1432 1498
1272 1324
972 1048
1948 2015
832 908
1012 1072
472 517
1902 1977
1796 1815
1478 1478
394 486
1074 1097
602 659
202 229
854 857
234 330
338 391
1896 1951
764 839
748 846
1702 1782
220 259
154 215
1628 1703
66 119
150 232
1994 2007
314 412
1644 1702
1050 1052
1026 1121
196 230
200 298
82 164
1346 1413
1264 1288
1294 1337
630 706
312 341
806 847
68 99
246 278
888 968
660 678
1780 1788
440 443
406 476
1578 1581
138 168
276 318
1194 1264
1238 1334
1730 1764
48 70
832 860
1126 1176
518 557
1668 1723
1342 1359
50 112
1450 1496
634 714
536 595
1166 1255
578 651
864 903
1688 1691
1670 1679
674 734
166 171
1280 1379
1112 1211
780 822
612 673
518 549
1950 1986
1858 1903
1936 2034
208 260
1774 1867
1954 2025
1264 1285
148 168
1766 1830
64 82
1738 1810
634 711
1846 1853
1040 1069
242 273
1120 1216
1640 1730
1482 1570
80 125
1384 1463
1182 1252
606 681
1686 1715
790 816
986 1065
90 153
902 916
984 1058
1548 1612
1206 1301
992 1008
1982 2050
716 801
912 962
564 565
762 835
342 426
1602 1616
828 876
186 245
656 694
1948 2027
408 475
1012 1090
1662 1723
1746 1825
1954 1971
694 781
604 660
874 958
1314 1385
1620 1700
1710 1721
388 409
318 357
1762 1849
258 265
1238 1272
1348 1425
624 682
1876 1914
1074 1142
1510 1547
1910 1919
1490 1535
1986 1988
536 591
1164 1187
1532 1560
194 272
1536 1566
234 331
1074 1110
1166 1230
426 522
844 848
1572 1583
1544 1585
1800 1879
1900 1945
352 447
798 842
1606 1687
1840 1861
924 941
398 480
1398 1415
1662 1698
810 825
304 323
1326 1352
950 999
476 523
684 774
652 696
272 327
582 617
598 692
1738 1809
32 115
1880 1895
530 569
1768 1864
456 546
1726 1806
522 548
614 650
654 751
670 739
1478 1491
626 701
1736 1741
1526 1546
102 186
182 249
1334 1366
1270 1354
1342 1361
1464 1563
322 418
1264 1286
948 987
1020 1022
376 421
1646 1673
1718 1807
310 337
188 258
494 539
508 599
1130 1203
1446 1446
1818 1864
142 183
1292 1325
1178 1208
1310 1374
1138 1156
436 445
726 767
72 94
1764 1807
604 680
1626 1627
948 967
1184 1275
1384 1451
1182 1183
828 890
1190 1202
494 578
84 139
1200 1263
1546 1564
144 180
424 484
1422 1516
8 73
846 863
1236 1285
474 485
1280 1361
460 543
1766 1810
1194 1272
112 157
28 126
200 215
122 147
1570 1655
1426 1475
1892 1916
1592 1642
282 301
1534 1594
1640 1696
646 706
1276 1329
86 159
396 436
1406 1412
1674 1691
114 151
1368 1438
324 394
1912 1988
342 344
1304 1371
408 502
1076 1147
1812 1870
1360 1389
340 358
268 333
1086 1118
412 458
582 677
630 678
666 666
1636 1683
1644 1718
150 243
56 84
1922 1954
1748 1847
1112 1144
420 456
722 802
1812 1907
596 645
360 416
94 117
502 564
342 426
724 765
1568 1652
936 995
356 452
1878 1969
1458 1523
684 721
594 598
1746 1756
1274 1305
1716 1751
1864 1954
1582 1661
426 468
682 766
1958 1962
154 217
480 525
1948 2018
84 150
522 545
862 918
1520 1549
1720 1805
182 279
232 281
864 912
678 701
54 106
1236 1256
576 673
848 914
1424 1441
1822 1908
1574 1579
1904 1905
856 892
714 754
930 947
1050 1106
134 227
1716 1815
786 883
150 170
204 297
986 1076
580 649
216 218
572 592
80 154
650 695
1654 1660
162 246
1292 1390
1506 1578
1612 1632
1034 1098
640 651
428 523
1366 1382
176 252
116 146
892 959
168 200
1078 1102
316 332
1642 1727
644 698
1042 1063
1008 1083
986 997
190 200
654 721
546 587
1028 1085
418 472
266 334
72 151
1574 1594
1328 1354
1194 1216
1788 1858
1616 1685
50 131
1780 1809
1912 1995
384 388
1490 1510
1046 1065
122 212
656 679
1392 1453
1782 1815
786 816
1706 1763
712 714
1758 1760
1146 1185
342 392
1442 1503
958 987
1592 1664
866 908
1088 1097
1826 1831
1398 1439
1160 1255
108 179
960 1007
1002 1036
1008 1017
976 1012
1624 1685
1550 1633
22 70
794 837
1756 1849
1734 1797
174 185
1944 1996
736 759
1890 1939
1542 1542
1544 1595
894 968
1874 1926
1670 1748
1376 1475
1678 1693
670 673
1328 1360
796 890
1850 1915
1818 1883
1352 1386
1434 1530
514 577
690 770
1326 1344
1968 2030
1488 1509
1532 1563
1398 1404
1862 1953
1244 1310
892 930
700 744
1768 1795
922 1015
1984 2073
54 116
1770 1807
1450 1481
34 74
1402 1403
404 449
550 619
752 778
1550 1609
1138 1187
554 569
1478 1505
422 445
1214 1286
834 885
322 418
26 73
866 956
1260 1263
1660 1691
1608 1693
1552 1583
1412 1416
1516 1549
328 355
1166 1259
1390 1464
842 848
596 676
1862 1929
662 754
1726 1823
982 1079
1574 1595
200 270
904 960
1414 1494
80 93
874 924
492 493
1658 1739
788 812
1712 1779
1566 1572
1798 1812
1146 1177
1612 1648
1856 1954
170 237
1542 1579
778 802
1588 1684
312 346
1018 1111
672 680
1092 1157
1282 1375
1380 1429
1624 1697
710 722
374 454
1886 1931
138 161
1990 2044
1284 1351
1384 1416
686 724
256 355
48 138
890 950
900 991
1050 1141
1272 1339
586 635
80 80
322 401
562 618
554 604
62 134
1712 1785
78 126
114 196
772 858
468 478
1056 1135
244 322
44 92
138 197
430 444
920 928
1430 1451
374 470
154 170
1396 1456
178 232
266 346
910 953
430 471
1458 1507
1208 1265
960 986
1174 1228
1452 1508
1730 1772
742 767
1100 1138
1892 1981
868 943
1812 1896
374 421
76 149
1654 1699
432 474
78 175
1686 1781
1108 1183
1442 1535
1060 1060
1002 1097
1484 1556
146 190
1324 1395
170 266
198 241
1864 1950
1380 1403
1918 1988
336 411
1824 1831
944 952
404 482
1566 1642
1742 1755
152 225
122 192
1194 1228
332 392
1714 1717
1416 1472
598 691
486 527
632 686
422 458
1460 1536
88 142
1168 1266
570 637
452 508
66 120
1762 1808
352 383
1864 1958
886 975
596 647
1492 1589
992 1033
1876 1888
1790 1792
1298 1375
1956 2001
1064 1078
1990 2007
562 636
650 716
456 463
224 281
780 824
902 935
1668 1717
672 704
1396 1429
546 583
1994 2062
982 1028
292 361
86 116
766 857
1694 1710
1930 2002
70 163
1462 1509
1900 1921
384 438
612 690
1006 1049
620 622
952 1035
382 455
1502 1536
944 993
1006 1073
558 596
516 594
1212 1235
6 47
1538 1572
282 353
416 449
1650 1664
1422 1451
1018 1039
1766 1851
1912 1938
1622 1681
920 1003
618 633
300 340
1810 1871
838 849
1968 1990
1010 1063
1016 1062
1650 1666
662 712
1166 1260
662 754
830 896
860 883
1984 2025
1564 1616
1752 1843
238 316
64 88
278 329
1776 1852
450 543
458 491
782 788
900 922
818 903
232 272
1658 1741
1318 1377
1212 1263
1704 1744
912 992
1664 1739
1622 1638
1904 1954
38 78
852 896
1170 1178
1954 2030
1532 1611
100 175
1032 1050
536 582
802 829
1914 1973
1156 1166
198 284
484 567
1924 1977
1702 1768
712 734
212 294
932 1023
284 380
38 47
1854 1923
168 212
1174 1226
284 324
1262 1361
102 112
522 524
1192 1196
1572 1582
1114 1203
352 365
424 458
96 126
1354 1444
356 452
902 960
1530 1618
1804 1808
480 524
792 864
990 1037
868 925
1900 1982
522 610
1290 1360
858 931
872 913
320 404
48 85
52 106
1068 1146
24 75
732 798
712 770
1324 1328
364 422
1104 1172
534 588
1406 1434
1884 1932
100 171
1746 1832
730 763
1940 1981
1742 1791
590 647
1654 1714
816 861
1852 1868
1710 1799
442 532
198 223
716 782
1958 2019
492 513
1522 1618
1288 1375
1566 1575
40 45
204 247
908 958
0 33
820 829
356 392
1050 1136
554 652
1552 1628
446 480
188 190
1096 1136
950 959
1274 1294
592 612
962 1031
1754 1838
1824 1856
668 681
1930 2026
1348 1444
864 915
1764 1826
1300 1358
1580 1605
288 373
856 948
450 505
708 770
750 752
1268 1277
46 58
290 326
392 423
402 415
1854 1881
18 29
1556 1599
1546 1626
1802 1866
12 110
898 984
180 206
82 178
1778 1847
302 377
1956 2030
1478 1501
924 959
1908 1923
1602 1635
484 494
1888 1909
108 126
1602 1609
1268 1275
1410 1445
1890 1938
922 1009
592 594
1512 1559
1156 1242
1244 1313
418 454
1914 1929
904 962
1496 1590
1136 1180
1430 1504
228 297
564 612
56 95
366 440
974 1071
626 710
1398 1419
1166 1195
1014 1071
598 614
1988 1996
1166 1212
732 815
984 1070
1454 1514
522 564
858 953
1180 1189
468 494
1566 1640
246 294
420 494
1738 1831
1608 1684
702 705
888 985
126 153
990 1019
124 211
1430 1520
1094 1122
1264 1292
1150 1224
276 338
104 177
472 499
1444 1490
1404 1495
1182 1188
640 682
1922 1986
1982 2006
288 374
1610 1616
948 1020
1992 2065
402 482
108 136
1814 1858
580 639
338 364
974 1065
648 689
1670 1738
94 101
420 480
542 596
1472 1539
80 121
1948 2014
826 848
1184 1250
606 652
190 200
1084 1169
1042 1053
528 588
1910 1950
1802 1844
416 464
1298 1369
1320 1392
650 746
80 97
1874 1940
1168 1171
1376 1452
1338 1381
348 364
1810 1826
1708 1735
854 924
1574 1656
1524 1565
1048 1119
1978 2003
188 190
1596 1667
796 886
976 1064
1112 1136
1486 1582
1200 1264
1880 1906
1762 1807
1684 1771
1248 1318
1114 1178
8 27
1610 1691
1284 1330
812 900
296 300
1718 1817
1492 1492
1878 1880
952 1034
1798 1875
1596 1687
1110 1141
72 170
236 249
40 115
1554 1578
1990 2072
1810 1899
160 224
156 185
440 477
960 1027
1978 1997
538 604
906 926
1790 1793
1422 1472
1270 1270
400 453
226 246
858 948
1194 1270
1648 1650
234 238
1036 1131
970 1009
970 987
1412 1486
176 251
584 677
1696 1783
994 1053
1980 2012
1318 1408
474 546
1526 1592
28 88
1588 1678
428 440
894 927
918 950
944 988
1204 1282
1542 1632
1010 1073
1168 1173
1206 1287
530 623
1130 1206
270 272
98 196
1642 1657
1220 1287
1212 1289
1758 1763
1820 1859
1378 1412
1270 1361
528 534
1964 1985
940 1006
1654 1727
1998 2090
36 100
736 741
732 801
1512 1551
1074 1140
1014 1109
1086 1172
1800 1805
154 243
1078 1091
1762 1765
942 1005
1850 1891
1562 1614
732 812
392 476
688 704
1780 1842
1372 1418
1908 1931
728 789
1436 1444
398 468
1426 1503
1118 1123
684 724
816 829
1310 1395
214 250
1578 1651
1136 1221
420 432
1804 1804
654 694
196 277
1030 1092
1484 1569
1444 1537
1110 1198
1844 1858
786 802
1814 1867
860 922
1678 1767
702 782
724 743
636 708
368 440
48 111
1024 1098
288 315
578 616
1928 1939
1766 1785
1598 1604
1970 2014
844 936
1396 1400
1614 1703
186 244
442 450
858 897
1464 1477
222 231
952 1027
1166 1238
708 780
1124 1142
472 518
1674 1761
504 527
1864 1890
134 216
462 536
446 470
768 812
968 982
1968 1985
854 901
652 708
846 855
456 533
268 311
192 262
1882 1967
218 263
216 309
1142 1170
750 752
804 854
958 1045
790 853
1202 1233
1064 1144
356 414
1976 1977
1536 1553
1462 1516
1424 1451
1952 2005
224 309
396 469
958 979
202 208
552 607
314 369
1988 1992
140 187
1270 1273
656 669
922 938
1534 1615
1770 1868
374 423
1354 1417
1204 1245
1202 1254
132 164
1252 1319
1276 1278
750 797
18 87
102 133
634 672
68 113
408 456
626 697
1562 1613
1642 1711
1000 1050
968 1023
1982 2067
1918 1976
1034 1119
1154 1162
1678 1730
14 62
644 703
560 651
898 964
1272 1325
1732 1733
1952 2000
408 505
1938 1943
1294 1299
1024 1115
486 557
98 158
818 896
1240 1288
1862 1890
898 903
78 107
1192 1280
1494 1578
284 298
474 492
1228 1270
536 571
294 361
1480 1539
516 599
964 1023
192 235
1276 1292
984 1005
1392 1433
1052 1087
44 118
448 517
116 134
1470 1565
1672 1721
1474 1530
568 604
1448 1525
494 576
720 802
1988 1996
650 682
1050 1119
1810 1883
924 955
618 702
514 599
1212 1227
1206 1299
1924 1963
86 138
496 575
1280 1352
112 200
612 681
644 644
1154 1201
568 622
1634 1723
56 135
1944 2033
232 261
1148 1222
1792 1869
1534 1593
1936 1998
526 542
388 391
376 378
286 333
742 807
998 999
226 310
214 296
650 685
1826 1924
352 433
1758 1808
910 986
558 633
1974 2022
178 228
1632 1715
1010 1067
1772 1821
408 417
228 231
524 603
1678 1748
1722 1787
1714 1789
1630 1664
312 406
272 336
1644 1660
1782 1791
1328 1408
822 854
1232 1301
378 432
1836 1929
1630 1662
898 976
1224 1312
896 921
1610 1667
1904 1924
1382 1391
1334 1362
850 939
1192 1208
1302 1314
1296 1310
888 952
1366 1400
236 289
758 792
1972 2000
24 74
234 246
254 276
938 1018
1790 1803
1082 1144
1386 1452
806 895
1268 1274
506 588
346 443
1094 1150
1366 1383
1620 1683
1902 1950
1782 1797
900 960
958 987
1270 1271
18 48
332 382
888 947
1736 1835
1000 1002
1212 1265
274 353
1604 1688
1974 2060
106 155
1802 1859
1298 1342
48 99
1010 1014
762 854
314 404
44 67
586 604
364 377
34 68
32 55
278 283
1508 1549
1082 1176
1558 1652
1190 1222
1902 1947
354 430
96 130
1664 1693
1052 1141
344 344
624 641
1436 1482
660 695
1760 1858
718 737
406 471
624 668
1118 1162
678 685
952 994
1504 1509
1940 1992
78 80
1164 1181
1582 1588
1634 1689
1846 1881
602 655
542 623
1904 1986
1104 1111
894 911
504 563
1322 1365
1732 1821
1874 1944
1694 1702
244 282
1420 1476
312 366
324 397
618 655
1722 1733
86 118
288 335
932 1029
1708 1773
1828 1886
1248 1275
802 844
1536 1575
328 343
494 533
412 421
94 156
326 388
1374 1447
1998 2046
168 210
64 144
778 876
554 650
1528 1571
108 148
1644 1652
1870 1961
998 1049
1116 1214
180 244
814 904
956 1027
104 122
792 795
132 164
1596 1647
824 863
1898 1988
270 335
1170 1212
1612 1672
700 793
1406 1455
1088 1149
1894 1981
756 762
954 962
554 635
1452 1477
1272 1317
1714 1748
1192 1262
1948 2045
624 685
1926 1975
6 75
18 71
428 440
1108 1166
652 705
194 198
1120 1194
528 617
1614 1705
430 474
976 1048
1756 1840
1388 1392
1962 1968
1332 1376
512 533
130 147
1454 1533
660 741
780 836
270 357
1424 1519
828 904
1768 1789
638 689
34 41
1048 1096
1782 1800
904 929
1154 1224
1042 1127
1688 1775
1604 1675
436 520
408 416
280 319
896 948
772 834
362 385
870 922
148 201
1320 1370
1402 1405
338 343
960 1058
656 658
1270 1342
1178 1215
1486 1545
1844 1891
240 254
1278 1346
1238 1315
1564 1616
0 69
8 35
748 812
754 781
1840 1938
1866 1866
1992 2053
804 887
1570 1613
842 922
1710 1805
358 433
922 940
1790 1870
1096 1173
1168 1168
1196 1285
654 727
1210 1215
800 825
1206 1291
556 608
596 676
1870 1953
752 760
1926 1957
1510 1553
412 481
626 679
2 15
964 1050
228 308
350 391
106 186
996 1002
612 666
982 1066
812 902
1232 1325
1746 1838
1508 1597
1150 1211
1368 1401
860 909
1172 1204
1126 1194
36 113
298 343
940 994
650 719
720 803
846 898
1838 1919
1284 1372
452 519
464 544
112 120
388 428
1882 1958
180 260
816 821
1896 1974
1364 1413
1350 1402
8 9
946 962
672 768
1136 1192
154 216
992 1048
1564 1592
1976 2014
1072 1154
1862 1892
318 391
1420 1439
1460 1470
100 112
1624 1649
1832 1900
156 198
1768 1783
1276 1281
46 114
1438 1457
1448 1449
494 506
1384 1420
494 569
636 694
1400 1480
1354 1384
780 859
388 390
1610 1672
1444 1527
408 415
1300 1343
824 897
526 609
1088 1127
1970 2062
102 179
560 610
8 106
816 820
1956 2042
268 288
1034 1062
550 572
1580 1677
1116 1211
1208 1268
380 448
468 473
1704 1782
288 377
1844 1891
1732 1786
396 466
304 310
1148 1178
88 148
406 468
776 854
472 502
950 996
1754 1786
1414 1433
1600 1693
448 452
846 866
386 432
536 547
504 522
562 567
848 855
1774 1795
1238 1328
1470 1529
1136 1159
484 580
940 959
1656 1685
1782 1862
1644 1711
1970 2015
376 454
1886 1894
1180 1276
1252 1275
1202 1204
1566 1606
446 500
1862 1872
228 279
1268 1324
494 550
1654 1729
1970 1988
112 119
372 465
808 834
1142 1190
1772 1785
1088 1100
178 275
532 556
1378 1420
1956 1976
304 396
944 982
896 967
1188 1216
294 373
692 747
1476 1560
1896 1939
1924 1995
982 1030
1474 1561
1424 1450
472 551
100 125
1642 1670
1796 1869
946 968
224 297
1586 1644
1802 1842
1276 1276
1694 1770
968 1015
1038 1137
38 100
1294 1302
1498 1510
1868 1905
1382 1418
526 538
1432 1445
1674 1763
470 471
1630 1658
720 736
642 740
632 700
1452 1505
1336 1434
1904 1991
1920 1971
294 356
1326 1407
798 804
1538 1552
436 473
1054 1062
54 116
1418 1512
286 355
524 588
838 869
1968 2014
168 220
192 280
1382 1438
1382 1420
236 243
542 612
826 866
1768 1852
1756 1820
784 841
1756 1757
902 923
1046 1111
970 1012
1992 2062
880 960
244 280
1640 1706
1890 1902
8 71
1142 1218
570 654
1336 1406
1936 2034
572 584
310 374
1628 1686
372 461
48 119
1966 1986
986 1010
906 974
624 649
268 325
978 1016
1346 1406
1532 1590
794 829
960 1025
666 732
156 197
566 610
302 371
1866 1893
280 348
1096 1182
1384 1437
1908 1965
1956 2044
1932 1952
1156 1247
1760 1805
604 681
264 298
1990 2007
506 531
20 56
42 104
10 16
1378 1475
1148 1237
966 985
588 625
1952 1977
1754 1848
890 946
572 597
306 394
1910 1947
1444 1494
1612 1639
750 767
1726 1822
662 730
108 180
732 760
628 629
494 502
1982 2005
466 534
1036 1114
1352 1408
712 793
192 203
340 410
1226 1303
996 1036
292 353
176 205
460 502
402 450
1540 1555
298 316
248 340
1186 1195
722 785
1480 1569
1238 1334
1142 1157
1518 1559
1772 1796
140 224
128 196
194 246
794 821
588 639
1254 1270
932 961
868 910
1242 1322
1304 1338
1686 1730
1448 1463
1680 1775
1060 1111
776 844
1350 1361
1008 1099
1462 1464
486 515
562 651
160 169
1314 1412
76 120
1682 1693
1648 1693
692 759
1178 1248
964 1045
1434 1499
168 225
266 277
536 574
404 404
1184 1229
962 1035
1372 1385
1564 1607
1622 1694
1574 1578
368 431
1698 1780
1262 1352
1904 1969
1846 1867
364 371
956 1024
236 335
1316 1388
902 952
234 266
246 301
1690 1696
1702 1710
860 898
26 40
1204 1218
1696 1781
714 714
804 884
1642 1679
1280 1332
1210 1220
1502 1565
1566 1568
1026 1078
972 1008
1520 1603
1788 1799
1382 1407
1202 1258
582 637
1246 1286
984 1064
584 679
1224 1290
368 372
236 325
1430 1499
808 858
846 863
908 917
1810 1824
1888 1940
1650 1737
1658 1737
792 864
668 687
1928 1955
702 759
148 211
1446 1504
1840 1881
94 181
124 127
1674 1711
1440 1531
196 273
1716 1758
962 997
762 824
1628 1705
270 319
1592 1691
1952 2051
712 714
1630 1661
1320 1355
1248 1307
1444 1482
1724 1735
1750 1784
1108 1181
526 538
734 779
896 945
814 876
1052 1094
1526 1601
1988 2079
1052 1102
986 1027
268 321
152 210
424 474
1594 1668
122 146
16 32
1996 2020
56 73
738 766
1636 1664
886 931
1342 1348
744 761
596 694
734 777
480 533
594 662
1224 1285
342 403
576 608
1570 1618
400 435
544 625
1706 1799
818 889
244 248
736 781
822 914
324 385
686 767
408 443
1470 1523
1206 1253
134 208
920 927
718 763
710 769
762 842
984 1070
1946 2000
1218 1313
916 946
480 501
844 846
564 629
568 607
1400 1419
88 144
1436 1499
1564 1642
340 433
1550 1576
810 818
1012 1109
188 267
302 358
1854 1916
772 839
366 426
1844 1862
556 614
1314 1392
1858 1911
1972 2071
1034 1055
354 441
1932 1936
1130 1201
1626 1649
1242 1301
510 534
630 712
172 225
1402 1472
428 503
176 268
1066 1163
1644 1706
1004 1065
922 941
1268 1358
118 118
590 614
648 708
96 141
1438 1441
842 929
1674 1682
880 918
260 266
1028 1098
1700 1799
38 111
428 449
372 447
1786 1806
36 88
840 905
1856 1900
250 278
82 126
1966 2029
1166 1238
646 670
1422 1427
764 841
1454 1487
656 702
1812 1854
1238 1330
1140 1204
528 616
336 420
506 555
1562 1640
1554 1628
1148 1161
1274 1332
570 582
1068 1116
938 954
554 650
298 304
588 595
296 310
1702 1720
260 275
1316 1415
304 315
1496 1529
1282 1359
918 934
1980 2029
1452 1528
1522 1582
1248 1279
352 354
854 932
1016 1090
170 178
680 717
158 228
808 845
242 298
2 71
1682 1724
1494 1495
420 509
1500 1536
730 793
392 434
188 213
488 562
806 810
1896 1936
928 1016
258 301
1516 1550
562 642
180 214
202 286
552 552
1170 1257
580 667
1550 1557
1100 1124
698 743
98 143
1742 1746
802 821
1288 1354
918 992
818 887
1320 1362
1602 1604
1352 1355
772 777
910 981
288 385
1316 1335
210 271
486 492
412 456
1504 1581
896 949
496 541
742 749
438 519
1256 1287
350 380
666 670
1370 1390
1018 1058
86 139
476 530
1848 1943
1230 1298
1002 1075
328 381
1204 1217
1518 1568
116 146
1818 1847
526 615
1720 1759
638 731
1990 1994
530 534
994 1055
1018 1053
1430 1463
1564 1646
1906 1989
1710 1728
1778 1787
166 214
22 63
260 280
244 290
322 404
370 451
1054 1086
1674 1719
72 106
1612 1709
842 915
660 715
1110 1146
1678 1740
212 240
1142 1231
1456 1538
1364 1422
1708 1712
1208 1223
276 317
1696 1761
1346 1432
324 385
744 812
1916 1962
386 427
1402 1450
554 646
1724 1807
1240 1273
1848 1896
30 36
1118 1139
820 883
474 522
1314 1399
1130 1160
246 274
1488 1536
96 98
692 786
1390 1437
684 756
1880 1937
1414 1426
1980 2011
522 580
474 494
1158 1257
670 738
1094 1186
1212 1277
1350 1431
1090 1161
1858 1903
946 1021
1078 1147
1350 1432
986 1053
878 931
462 543
368 460
278 352
1328 1399
1546 1598
1182 1203
1392 1489
1572 1643
558 641
284 344
1256 1324
376 444
978 993
804 838
1068 1161
1774 1839
1948 2020
1220 1286
396 470
1778 1849
1956 2036
584 659
60 90
796 857
226 319
442 484
426 487
524 526
1952 2016
776 838
1714 1790
1256 1287
1400 1438
1298 1396
1728 1766
1738 1781
742 756
1036 1037
592 608
124 186
322 357
1008 1082
1498 1516
152 229
1564 1581
1880 1919
186 254
1644 1737
1612 1636
86 156
724 736
1730 1815
1556 1639
972 1047
1304 1304
1674 1687
1776 1869
376 413
1622 1638
1428 1473
866 872
1168 1246
1148 1206
46 78
1164 1230
1510 1607
662 682
764 825
712 781
1072 1080
242 267
346 355
836 849
1996 2077
660 673
1052 1067
142 204
692 738
442 511
1460 1463
1576 1661
200 219
212 295
1160 1174
1408 1477
1644 1669
388 435
1670 1735
122 207
1092 1135
1796 1821
420 490
1774 1830
1936 1944
1852 1950
528 542
1072 1088
370 464
398 415
1616 1671
1876 1958
162 195
658 726
900 990
906 954
970 974
1546 1642
52 113
504 550
242 272
792 877
488 520
908 989
1852 1905
502 536
522 611
136 230
1348 1446
628 652
280 299
946 972
1646 1692
1348 1349
518 544
1094 1127
1618 1662
940 993
456 480
374 429
1860 1898
482 573
1254 1264
1770 1772
120 219
1556 1556
636 687
356 450
1700 1752
1390 1451
262 357
388 428
1782 1847
690 709
1882 1966
1252 1323
644 712
124 126
1060 1159
1208 1298
996 1078
1580 1649
1972 1993
30 118
1050 1112
1298 1354
1314 1358
1896 1896
1722 1768
744 746
1060 1158
52 57
436 524
1014 1062
776 839
676 714
394 475
1518 1601
308 382
742 821
1674 1747
1376 1422
1138 1174
1494 1576
1268 1287
1168 1233
938 948
740 828
102 131
872 963
1384 1411
762 851
1216 1257
850 912
534 582
1586 1642
1746 1827
606 648
940 942
448 452
1746 1807
1242 1284
246 337
60 134
1144 1211
634 698
1188 1287
1012 1066
384 467
1336 1347
1566 1579
536 593
590 661
198 263
1946 2022
442 488
1674 1717
1080 1140
372 443
270 329
780 784
46 130
1006 1087
1780 1827
1032 1042
1718 1718
1446 1473
1914 1984
100 108
270 345
168 225
1146 1167
400 413
468 554
1368 1389
994 1068
1050 1071
820 901
1508 1560
856 927
1124 1163
1846 1884
1532 1612
16 32
1280 1376
382 459
410 474
1996 2053
1756 1788
286 300
610 703
1978 2009
1028 1079
424 444
808 900
486 504
1264 1330
1912 1962
796 813
1134 1173
1626 1636
232 250
454 520
1550 1607
102 172
1446 1502
526 538
1078 1107
1632 1683
204 224
1488 1533
1076 1104
1024 1071
956 966
328 425
602 631
1016 1033
694 781
472 546
1792 1831
1488 1507
1990 2050
1368 1403
1682 1682
1276 1319
1440 1474
578 588
924 925
1618 1659
126 199
676 741
604 702
268 269
1274 1344
950 983
18 90
1010 1067
1864 1953
488 561
82 164
138 199
1234 1292
1446 1477
1022 1055
1448 1522
1716 1731
1878 1891
1930 2004
1028 1031
1592 1634
976 1034
532 625
1030 1080
1068 1127
1350 1425
1986 2030
1376 1438
204 268
788 801
1298 1316
376 383
1066 1145
744 843
1106 1145
908 910
1162 1256
1720 1819
1280 1355
1498 1572
972 996
204 283
338 380
884 907
1812 1900
474 529
1316 1393
126 218
512 599
86 148
52 101
1728 1787
286 310
316 399
902 909
1916 2005
664 676
1536 1589
1108 1170
952 1013
204 269
32 93
1684 1715
610 661
1142 1190
1226 1323
394 423
1114 1154
1106 1121
952 1008
1246 1280
1290 1297
396 461
1024 1076
1360 1448
1130 1164
812 894
1790 1838
730 730
1398 1434
1800 1864
1772 1869
986 1029
1580 1678
1020 1086
1508 1541
104 155
1584 1634
1738 1794
708 709
1994 2014
70 73
1708 1739
1302 1373
966 969
1720 1804
734 780
962 1023
378 401
518 617
482 548
370 463
938 967
1790 1828
1972 2022
478 561
340 415
772 796
1116 1205
1190 1231
184 239
850 910
1106 1165
1346 1388
468 500
1588 1664
1300 1331
1538 1558
24 89
916 966
534 584
666 703
1354 1425
1626 1661
1626 1686
1256 1261
1136 1142
1434 1455
1330 1372
432 483
54 64
1454 1531
1386 1435
1594 1599
1028 1036
816 849
20 113
1844 1931
330 365
548 578
990 992
1174 1237
1320 1325
1074 1099
798 851
1154 1180
230 286
208 216
1010 1063
1730 1801
426 499
1008 1031
1438 1464
1820 1856
1026 1062
1132 1141
878 931
848 947
1620 1681
1554 1564
1428 1434
1272 1301
1428 1468
1978 1998
692 699
1182 1241
1664 1712
1566 1617
1748 1793
1574 1662
1164 1217
1498 1571
1718 1743
1648 1717
974 1027
1758 1811
1318 1386
1470 1496
1920 1996
1892 1898
566 655
1732 1800
674 675
742 806
92 151
608 636
1728 1733
2 77
1860 1886
1490 1507
1558 1634
646 737
1688 1746
1738 1795
972 987
926 996
112 193
1180 1226
1364 1425
620 701
944 1010
1418 1455
742 805
1528 1529
482 491
142 214
1676 1722
1030 1064
1608 1692
382 472
1102 1157
824 832
1376 1430
708 779
632 648
1608 1696
1964 1977
954 1007
1856 1898
12 81
206 235
1788 1829
350 359
1952 1983
1588 1607
1948 2045
348 386
610 673
186 197
1172 1181
54 144
1098 1159
