1996 500000
0 0
1994 0
1994 1000
1992 1000
1992 2
1990 2
1990 1000
1988 1000
1988 2
1986 2
1986 1000
1984 1000
1984 2
1982 2
1982 1000
1980 1000
1980 2
1978 2
1978 1000
1976 1000
1976 2
1974 2
1974 1000
1972 1000
1972 2
1970 2
1970 1000
1968 1000
1968 2
1966 2
1966 1000
1964 1000
1964 2
1962 2
1962 1000
1960 1000
1960 2
1958 2
1958 1000
1956 1000
1956 2
1954 2
1954 1000
1952 1000
1952 2
1950 2
1950 1000
1948 1000
1948 2
1946 2
1946 1000
1944 1000
1944 2
1942 2
1942 1000
1940 1000
1940 2
1938 2
1938 1000
1936 1000
1936 2
1934 2
1934 1000
1932 1000
1932 2
1930 2
1930 1000
1928 1000
1928 2
1926 2
1926 1000
1924 1000
1924 2
1922 2
1922 1000
1920 1000
1920 2
1918 2
1918 1000
1916 1000
1916 2
1914 2
1914 1000
1912 1000
1912 2
1910 2
1910 1000
1908 1000
1908 2
1906 2
1906 1000
1904 1000
1904 2
1902 2
1902 1000
1900 1000
1900 2
1898 2
1898 1000
1896 1000
1896 2
1894 2
1894 1000
1892 1000
1892 2
1890 2
1890 1000
1888 1000
1888 2
1886 2
1886 1000
1884 1000
1884 2
1882 2
1882 1000
1880 1000
1880 2
1878 2
1878 1000
1876 1000
1876 2
1874 2
1874 1000
1872 1000
1872 2
1870 2
1870 1000
1868 1000
1868 2
1866 2
1866 1000
1864 1000
1864 2
1862 2
1862 1000
1860 1000
1860 2
1858 2
1858 1000
1856 1000
1856 2
1854 2
1854 1000
1852 1000
1852 2
1850 2
1850 1000
1848 1000
1848 2
1846 2
1846 1000
1844 1000
1844 2
1842 2
1842 1000
1840 1000
1840 2
1838 2
1838 1000
1836 1000
1836 2
1834 2
1834 1000
1832 1000
1832 2
1830 2
1830 1000
1828 1000
1828 2
1826 2
1826 1000
1824 1000
1824 2
1822 2
1822 1000
1820 1000
1820 2
1818 2
1818 1000
1816 1000
1816 2
1814 2
1814 1000
1812 1000
1812 2
1810 2
1810 1000
1808 1000
1808 2
1806 2
1806 1000
1804 1000
1804 2
1802 2
1802 1000
1800 1000
1800 2
1798 2
1798 1000
1796 1000
1796 2
1794 2
1794 1000
1792 1000
1792 2
1790 2
1790 1000
1788 1000
1788 2
1786 2
1786 1000
1784 1000
1784 2
1782 2
1782 1000
1780 1000
1780 2
1778 2
1778 1000
1776 1000
1776 2
1774 2
1774 1000
1772 1000
1772 2
1770 2
1770 1000
1768 1000
1768 2
1766 2
1766 1000
1764 1000
1764 2
1762 2
1762 1000
1760 1000
1760 2
1758 2
1758 1000
1756 1000
1756 2
1754 2
1754 1000
1752 1000
1752 2
1750 2
1750 1000
1748 1000
1748 2
1746 2
1746 1000
1744 1000
1744 2
1742 2
1742 1000
1740 1000
1740 2
1738 2
1738 1000
1736 1000
1736 2
1734 2
1734 1000
1732 1000
1732 2
1730 2
1730 1000
1728 1000
1728 2
1726 2
1726 1000
1724 1000
1724 2
1722 2
1722 1000
1720 1000
1720 2
1718 2
1718 1000
1716 1000
1716 2
1714 2
1714 1000
1712 1000
1712 2
1710 2
1710 1000
1708 1000
1708 2
1706 2
1706 1000
1704 1000
1704 2
1702 2
1702 1000
1700 1000
1700 2
1698 2
1698 1000
1696 1000
1696 2
1694 2
1694 1000
1692 1000
1692 2
1690 2
1690 1000
1688 1000
1688 2
1686 2
1686 1000
1684 1000
1684 2
1682 2
1682 1000
1680 1000
1680 2
1678 2
1678 1000
1676 1000
1676 2
1674 2
1674 1000
1672 1000
1672 2
1670 2
1670 1000
1668 1000
1668 2
1666 2
1666 1000
1664 1000
1664 2
1662 2
1662 1000
1660 1000
1660 2
1658 2
1658 1000
1656 1000
1656 2
1654 2
1654 1000
1652 1000
1652 2
1650 2
1650 1000
1648 1000
1648 2
1646 2
1646 1000
1644 1000
1644 2
1642 2
1642 1000
1640 1000
1640 2
1638 2
1638 1000
1636 1000
1636 2
1634 2
1634 1000
1632 1000
1632 2
1630 2
1630 1000
1628 1000
1628 2
1626 2
1626 1000
1624 1000
1624 2
1622 2
1622 1000
1620 1000
1620 2
1618 2
1618 1000
1616 1000
1616 2
1614 2
1614 1000
1612 1000
1612 2
1610 2
1610 1000
1608 1000
1608 2
1606 2
1606 1000
1604 1000
1604 2
1602 2
1602 1000
1600 1000
1600 2
1598 2
1598 1000
1596 1000
1596 2
1594 2
1594 1000
1592 1000
1592 2
1590 2
1590 1000
1588 1000
1588 2
1586 2
1586 1000
1584 1000
1584 2
1582 2
1582 1000
1580 1000
1580 2
1578 2
1578 1000
1576 1000
1576 2
1574 2
1574 1000
1572 1000
1572 2
1570 2
1570 1000
1568 1000
1568 2
1566 2
1566 1000
1564 1000
1564 2
1562 2
1562 1000
1560 1000
1560 2
1558 2
1558 1000
1556 1000
1556 2
1554 2
1554 1000
1552 1000
1552 2
1550 2
1550 1000
1548 1000
1548 2
1546 2
1546 1000
1544 1000
1544 2
1542 2
1542 1000
1540 1000
1540 2
1538 2
1538 1000
1536 1000
1536 2
1534 2
1534 1000
1532 1000
1532 2
1530 2
1530 1000
1528 1000
1528 2
1526 2
1526 1000
1524 1000
1524 2
1522 2
1522 1000
1520 1000
1520 2
1518 2
1518 1000
1516 1000
1516 2
1514 2
1514 1000
1512 1000
1512 2
1510 2
1510 1000
1508 1000
1508 2
1506 2
1506 1000
1504 1000
1504 2
1502 2
1502 1000
1500 1000
1500 2
1498 2
1498 1000
1496 1000
1496 2
1494 2
1494 1000
1492 1000
1492 2
1490 2
1490 1000
1488 1000
1488 2
1486 2
1486 1000
1484 1000
1484 2
1482 2
1482 1000
1480 1000
1480 2
1478 2
1478 1000
1476 1000
1476 2
1474 2
1474 1000
1472 1000
1472 2
1470 2
1470 1000
1468 1000
1468 2
1466 2
1466 1000
1464 1000
1464 2
1462 2
1462 1000
1460 1000
1460 2
1458 2
1458 1000
1456 1000
1456 2
1454 2
1454 1000
1452 1000
1452 2
1450 2
1450 1000
1448 1000
1448 2
1446 2
1446 1000
1444 1000
1444 2
1442 2
1442 1000
1440 1000
1440 2
1438 2
1438 1000
1436 1000
1436 2
1434 2
1434 1000
1432 1000
1432 2
1430 2
1430 1000
1428 1000
1428 2
1426 2
1426 1000
1424 1000
1424 2
1422 2
1422 1000
1420 1000
1420 2
1418 2
1418 1000
1416 1000
1416 2
1414 2
1414 1000
1412 1000
1412 2
1410 2
1410 1000
1408 1000
1408 2
1406 2
1406 1000
1404 1000
1404 2
1402 2
1402 1000
1400 1000
1400 2
1398 2
1398 1000
1396 1000
1396 2
1394 2
1394 1000
1392 1000
1392 2
1390 2
1390 1000
1388 1000
1388 2
1386 2
1386 1000
1384 1000
1384 2
1382 2
1382 1000
1380 1000
1380 2
1378 2
1378 1000
1376 1000
1376 2
1374 2
1374 1000
1372 1000
1372 2
1370 2
1370 1000
1368 1000
1368 2
1366 2
1366 1000
1364 1000
1364 2
1362 2
1362 1000
1360 1000
1360 2
1358 2
1358 1000
1356 1000
1356 2
1354 2
1354 1000
1352 1000
1352 2
1350 2
1350 1000
1348 1000
1348 2
1346 2
1346 1000
1344 1000
1344 2
1342 2
1342 1000
1340 1000
1340 2
1338 2
1338 1000
1336 1000
1336 2
1334 2
1334 1000
1332 1000
1332 2
1330 2
1330 1000
1328 1000
1328 2
1326 2
1326 1000
1324 1000
1324 2
1322 2
1322 1000
1320 1000
1320 2
1318 2
1318 1000
1316 1000
1316 2
1314 2
1314 1000
1312 1000
1312 2
1310 2
1310 1000
1308 1000
1308 2
1306 2
1306 1000
1304 1000
1304 2
1302 2
1302 1000
1300 1000
1300 2
1298 2
1298 1000
1296 1000
1296 2
1294 2
1294 1000
1292 1000
1292 2
1290 2
1290 1000
1288 1000
1288 2
1286 2
1286 1000
1284 1000
1284 2
1282 2
1282 1000
1280 1000
1280 2
1278 2
1278 1000
1276 1000
1276 2
1274 2
1274 1000
1272 1000
1272 2
1270 2
1270 1000
1268 1000
1268 2
1266 2
1266 1000
1264 1000
1264 2
1262 2
1262 1000
1260 1000
1260 2
1258 2
1258 1000
1256 1000
1256 2
1254 2
1254 1000
1252 1000
1252 2
1250 2
1250 1000
1248 1000
1248 2
1246 2
1246 1000
1244 1000
1244 2
1242 2
1242 1000
1240 1000
1240 2
1238 2
1238 1000
1236 1000
1236 2
1234 2
1234 1000
1232 1000
1232 2
1230 2
1230 1000
1228 1000
1228 2
1226 2
1226 1000
1224 1000
1224 2
1222 2
1222 1000
1220 1000
1220 2
1218 2
1218 1000
1216 1000
1216 2
1214 2
1214 1000
1212 1000
1212 2
1210 2
1210 1000
1208 1000
1208 2
1206 2
1206 1000
1204 1000
1204 2
1202 2
1202 1000
1200 1000
1200 2
1198 2
1198 1000
1196 1000
1196 2
1194 2
1194 1000
1192 1000
1192 2
1190 2
1190 1000
1188 1000
1188 2
1186 2
1186 1000
1184 1000
1184 2
1182 2
1182 1000
1180 1000
1180 2
1178 2
1178 1000
1176 1000
1176 2
1174 2
1174 1000
1172 1000
1172 2
1170 2
1170 1000
1168 1000
1168 2
1166 2
1166 1000
1164 1000
1164 2
1162 2
1162 1000
1160 1000
1160 2
1158 2
1158 1000
1156 1000
1156 2
1154 2
1154 1000
1152 1000
1152 2
1150 2
1150 1000
1148 1000
1148 2
1146 2
1146 1000
1144 1000
1144 2
1142 2
1142 1000
1140 1000
1140 2
1138 2
1138 1000
1136 1000
1136 2
1134 2
1134 1000
1132 1000
1132 2
1130 2
1130 1000
1128 1000
1128 2
1126 2
1126 1000
1124 1000
1124 2
1122 2
1122 1000
1120 1000
1120 2
1118 2
1118 1000
1116 1000
1116 2
1114 2
1114 1000
1112 1000
1112 2
1110 2
1110 1000
1108 1000
1108 2
1106 2
1106 1000
1104 1000
1104 2
1102 2
1102 1000
1100 1000
1100 2
1098 2
1098 1000
1096 1000
1096 2
1094 2
1094 1000
1092 1000
1092 2
1090 2
1090 1000
1088 1000
1088 2
1086 2
1086 1000
1084 1000
1084 2
1082 2
1082 1000
1080 1000
1080 2
1078 2
1078 1000
1076 1000
1076 2
1074 2
1074 1000
1072 1000
1072 2
1070 2
1070 1000
1068 1000
1068 2
1066 2
1066 1000
1064 1000
1064 2
1062 2
1062 1000
1060 1000
1060 2
1058 2
1058 1000
1056 1000
1056 2
1054 2
1054 1000
1052 1000
1052 2
1050 2
1050 1000
1048 1000
1048 2
1046 2
1046 1000
1044 1000
1044 2
1042 2
1042 1000
1040 1000
1040 2
1038 2
1038 1000
1036 1000
1036 2
1034 2
1034 1000
1032 1000
1032 2
1030 2
1030 1000
1028 1000
1028 2
1026 2
1026 1000
1024 1000
1024 2
1022 2
1022 1000
1020 1000
1020 2
1018 2
1018 1000
1016 1000
1016 2
1014 2
1014 1000
1012 1000
1012 2
1010 2
1010 1000
1008 1000
1008 2
1006 2
1006 1000
1004 1000
1004 2
1002 2
1002 1000
1000 1000
1000 2
998 2
998 1000
996 1000
996 2
994 2
994 1000
992 1000
992 2
990 2
990 1000
988 1000
988 2
986 2
986 1000
984 1000
984 2
982 2
982 1000
980 1000
980 2
978 2
978 1000
976 1000
976 2
974 2
974 1000
972 1000
972 2
970 2
970 1000
968 1000
968 2
966 2
966 1000
964 1000
964 2
962 2
962 1000
960 1000
960 2
958 2
958 1000
956 1000
956 2
954 2
954 1000
952 1000
952 2
950 2
950 1000
948 1000
948 2
946 2
946 1000
944 1000
944 2
942 2
942 1000
940 1000
940 2
938 2
938 1000
936 1000
936 2
934 2
934 1000
932 1000
932 2
930 2
930 1000
928 1000
928 2
926 2
926 1000
924 1000
924 2
922 2
922 1000
920 1000
920 2
918 2
918 1000
916 1000
916 2
914 2
914 1000
912 1000
912 2
910 2
910 1000
908 1000
908 2
906 2
906 1000
904 1000
904 2
902 2
902 1000
900 1000
900 2
898 2
898 1000
896 1000
896 2
894 2
894 1000
892 1000
892 2
890 2
890 1000
888 1000
888 2
886 2
886 1000
884 1000
884 2
882 2
882 1000
880 1000
880 2
878 2
878 1000
876 1000
876 2
874 2
874 1000
872 1000
872 2
870 2
870 1000
868 1000
868 2
866 2
866 1000
864 1000
864 2
862 2
862 1000
860 1000
860 2
858 2
858 1000
856 1000
856 2
854 2
854 1000
852 1000
852 2
850 2
850 1000
848 1000
848 2
846 2
846 1000
844 1000
844 2
842 2
842 1000
840 1000
840 2
838 2
838 1000
836 1000
836 2
834 2
834 1000
832 1000
832 2
830 2
830 1000
828 1000
828 2
826 2
826 1000
824 1000
824 2
822 2
822 1000
820 1000
820 2
818 2
818 1000
816 1000
816 2
814 2
814 1000
812 1000
812 2
810 2
810 1000
808 1000
808 2
806 2
806 1000
804 1000
804 2
802 2
802 1000
800 1000
800 2
798 2
798 1000
796 1000
796 2
794 2
794 1000
792 1000
792 2
790 2
790 1000
788 1000
788 2
786 2
786 1000
784 1000
784 2
782 2
782 1000
780 1000
780 2
778 2
778 1000
776 1000
776 2
774 2
774 1000
772 1000
772 2
770 2
770 1000
768 1000
768 2
766 2
766 1000
764 1000
764 2
762 2
762 1000
760 1000
760 2
758 2
758 1000
756 1000
756 2
754 2
754 1000
752 1000
752 2
750 2
750 1000
748 1000
748 2
746 2
746 1000
744 1000
744 2
742 2
742 1000
740 1000
740 2
738 2
738 1000
736 1000
736 2
734 2
734 1000
732 1000
732 2
730 2
730 1000
728 1000
728 2
726 2
726 1000
724 1000
724 2
722 2
722 1000
720 1000
720 2
718 2
718 1000
716 1000
716 2
714 2
714 1000
712 1000
712 2
710 2
710 1000
708 1000
708 2
706 2
706 1000
704 1000
704 2
702 2
702 1000
700 1000
700 2
698 2
698 1000
696 1000
696 2
694 2
694 1000
692 1000
692 2
690 2
690 1000
688 1000
688 2
686 2
686 1000
684 1000
684 2
682 2
682 1000
680 1000
680 2
678 2
678 1000
676 1000
676 2
674 2
674 1000
672 1000
672 2
670 2
670 1000
668 1000
668 2
666 2
666 1000
664 1000
664 2
662 2
662 1000
660 1000
660 2
658 2
658 1000
656 1000
656 2
654 2
654 1000
652 1000
652 2
650 2
650 1000
648 1000
648 2
646 2
646 1000
644 1000
644 2
642 2
642 1000
640 1000
640 2
638 2
638 1000
636 1000
636 2
634 2
634 1000
632 1000
632 2
630 2
630 1000
628 1000
628 2
626 2
626 1000
624 1000
624 2
622 2
622 1000
620 1000
620 2
618 2
618 1000
616 1000
616 2
614 2
614 1000
612 1000
612 2
610 2
610 1000
608 1000
608 2
606 2
606 1000
604 1000
604 2
602 2
602 1000
600 1000
600 2
598 2
598 1000
596 1000
596 2
594 2
594 1000
592 1000
592 2
590 2
590 1000
588 1000
588 2
586 2
586 1000
584 1000
584 2
582 2
582 1000
580 1000
580 2
578 2
578 1000
576 1000
576 2
574 2
574 1000
572 1000
572 2
570 2
570 1000
568 1000
568 2
566 2
566 1000
564 1000
564 2
562 2
562 1000
560 1000
560 2
558 2
558 1000
556 1000
556 2
554 2
554 1000
552 1000
552 2
550 2
550 1000
548 1000
548 2
546 2
546 1000
544 1000
544 2
542 2
542 1000
540 1000
540 2
538 2
538 1000
536 1000
536 2
534 2
534 1000
532 1000
532 2
530 2
530 1000
528 1000
528 2
526 2
526 1000
524 1000
524 2
522 2
522 1000
520 1000
520 2
518 2
518 1000
516 1000
516 2
514 2
514 1000
512 1000
512 2
510 2
510 1000
508 1000
508 2
506 2
506 1000
504 1000
504 2
502 2
502 1000
500 1000
500 2
498 2
498 1000
496 1000
496 2
494 2
494 1000
492 1000
492 2
490 2
490 1000
488 1000
488 2
486 2
486 1000
484 1000
484 2
482 2
482 1000
480 1000
480 2
478 2
478 1000
476 1000
476 2
474 2
474 1000
472 1000
472 2
470 2
470 1000
468 1000
468 2
466 2
466 1000
464 1000
464 2
462 2
462 1000
460 1000
460 2
458 2
458 1000
456 1000
456 2
454 2
454 1000
452 1000
452 2
450 2
450 1000
448 1000
448 2
446 2
446 1000
444 1000
444 2
442 2
442 1000
440 1000
440 2
438 2
438 1000
436 1000
436 2
434 2
434 1000
432 1000
432 2
430 2
430 1000
428 1000
428 2
426 2
426 1000
424 1000
424 2
422 2
422 1000
420 1000
420 2
418 2
418 1000
416 1000
416 2
414 2
414 1000
412 1000
412 2
410 2
410 1000
408 1000
408 2
406 2
406 1000
404 1000
404 2
402 2
402 1000
400 1000
400 2
398 2
398 1000
396 1000
396 2
394 2
394 1000
392 1000
392 2
390 2
390 1000
388 1000
388 2
386 2
386 1000
384 1000
384 2
382 2
382 1000
380 1000
380 2
378 2
378 1000
376 1000
376 2
374 2
374 1000
372 1000
372 2
370 2
370 1000
368 1000
368 2
366 2
366 1000
364 1000
364 2
362 2
362 1000
360 1000
360 2
358 2
358 1000
356 1000
356 2
354 2
354 1000
352 1000
352 2
350 2
350 1000
348 1000
348 2
346 2
346 1000
344 1000
344 2
342 2
342 1000
340 1000
340 2
338 2
338 1000
336 1000
336 2
334 2
334 1000
332 1000
332 2
330 2
330 1000
328 1000
328 2
326 2
326 1000
324 1000
324 2
322 2
322 1000
320 1000
320 2
318 2
318 1000
316 1000
316 2
314 2
314 1000
312 1000
312 2
310 2
310 1000
308 1000
308 2
306 2
306 1000
304 1000
304 2
302 2
302 1000
300 1000
300 2
298 2
298 1000
296 1000
296 2
294 2
294 1000
292 1000
292 2
290 2
290 1000
288 1000
288 2
286 2
286 1000
284 1000
284 2
282 2
282 1000
280 1000
280 2
278 2
278 1000
276 1000
276 2
274 2
274 1000
272 1000
272 2
270 2
270 1000
268 1000
268 2
266 2
266 1000
264 1000
264 2
262 2
262 1000
260 1000
260 2
258 2
258 1000
256 1000
256 2
254 2
254 1000
252 1000
252 2
250 2
250 1000
248 1000
248 2
246 2
246 1000
244 1000
244 2
242 2
242 1000
240 1000
240 2
238 2
238 1000
236 1000
236 2
234 2
234 1000
232 1000
232 2
230 2
230 1000
228 1000
228 2
226 2
226 1000
224 1000
224 2
222 2
222 1000
220 1000
220 2
218 2
218 1000
216 1000
216 2
214 2
214 1000
212 1000
212 2
210 2
210 1000
208 1000
208 2
206 2
206 1000
204 1000
204 2
202 2
202 1000
200 1000
200 2
198 2
198 1000
196 1000
196 2
194 2
194 1000
192 1000
192 2
190 2
190 1000
188 1000
188 2
186 2
186 1000
184 1000
184 2
182 2
182 1000
180 1000
180 2
178 2
178 1000
176 1000
176 2
174 2
174 1000
172 1000
172 2
170 2
170 1000
168 1000
168 2
166 2
166 1000
164 1000
164 2
162 2
162 1000
160 1000
160 2
158 2
158 1000
156 1000
156 2
154 2
154 1000
152 1000
152 2
150 2
150 1000
148 1000
148 2
146 2
146 1000
144 1000
144 2
142 2
142 1000
140 1000
140 2
138 2
138 1000
136 1000
136 2
134 2
134 1000
132 1000
132 2
130 2
130 1000
128 1000
128 2
126 2
126 1000
124 1000
124 2
122 2
122 1000
120 1000
120 2
118 2
118 1000
116 1000
116 2
114 2
114 1000
112 1000
112 2
110 2
110 1000
108 1000
108 2
106 2
106 1000
104 1000
104 2
102 2
102 1000
100 1000
100 2
98 2
98 1000
96 1000
96 2
94 2
94 1000
92 1000
92 2
90 2
90 1000
88 1000
88 2
86 2
86 1000
84 1000
84 2
82 2
82 1000
80 1000
80 2
78 2
78 1000
76 1000
76 2
74 2
74 1000
72 1000
72 2
70 2
70 1000
68 1000
68 2
66 2
66 1000
64 1000
64 2
62 2
62 1000
60 1000
60 2
58 2
58 1000
56 1000
56 2
54 2
54 1000
52 1000
52 2
50 2
50 1000
48 1000
48 2
46 2
46 1000
44 1000
44 2
42 2
42 1000
40 1000
40 2
38 2
38 1000
36 1000
36 2
34 2
34 1000
32 1000
32 2
30 2
30 1000
28 1000
28 2
26 2
26 1000
24 1000
24 2
22 2
22 1000
20 1000
20 2
18 2
18 1000
16 1000
16 2
14 2
14 1000
12 1000
12 2
10 2
10 1000
8 1000
8 2
6 2
6 1000
4 1000
4 2
2 2
2 1000
0 1000
1 0
