340 3000
2 0
2 -2
4 -2
4 0
6 0
6 2
8 2
8 4
10 4
10 2
12 2
12 0
14 0
14 2
16 2
16 0
18 0
18 -2
20 -2
20 -4
22 -4
22 -6
24 -6
24 -4
26 -4
26 -6
28 -6
28 -4
30 -4
30 -2
32 -2
32 -4
34 -4
34 -6
36 -6
36 -8
38 -8
38 -10
40 -10
40 -8
42 -8
42 -10
44 -10
44 -8
46 -8
46 -10
48 -10
48 -12
50 -12
50 -14
52 -14
52 -16
54 -16
54 -14
56 -14
56 -12
58 -12
58 -10
60 -10
60 -8
62 -8
62 -6
64 -6
64 -8
66 -8
66 -6
68 -6
68 -8
70 -8
70 -6
72 -6
72 -8
74 -8
74 -6
76 -6
76 -4
78 -4
78 -6
80 -6
80 -4
82 -4
82 -6
84 -6
84 -4
86 -4
86 -2
88 -2
88 0
90 0
90 -2
92 -2
92 0
94 0
94 2
96 2
96 4
98 4
98 2
100 2
100 0
102 0
102 -2
104 -2
104 -4
106 -4
106 -6
108 -6
108 -4
110 -4
110 -2
112 -2
112 -4
114 -4
114 -2
116 -2
116 0
118 0
118 2
120 2
120 4
122 4
122 6
120 6
120 8
122 8
122 10
124 10
124 12
122 12
122 14
124 14
124 16
126 16
126 18
124 18
124 20
122 20
122 22
124 22
124 24
126 24
126 26
124 26
124 28
122 28
122 30
120 30
120 32
118 32
118 34
120 34
120 36
122 36
122 38
124 38
124 40
122 40
122 42
120 42
120 44
118 44
118 46
120 46
120 48
118 48
118 50
120 50
120 52
118 52
118 54
116 54
116 56
114 56
114 58
112 58
112 56
110 56
110 54
108 54
108 56
106 56
106 58
104 58
104 60
102 60
102 58
100 58
100 56
98 56
98 58
96 58
96 56
94 56
94 58
92 58
92 56
90 56
90 58
88 58
88 60
86 60
86 58
84 58
84 56
82 56
82 58
80 58
80 56
78 56
78 54
76 54
76 56
74 56
74 54
72 54
72 52
70 52
70 54
68 54
68 56
66 56
66 58
64 58
64 56
62 56
62 58
60 58
60 60
58 60
58 58
56 58
56 60
54 60
54 62
52 62
52 64
50 64
50 62
48 62
48 60
46 60
46 58
44 58
44 60
42 60
42 58
40 58
40 56
38 56
38 58
36 58
36 56
34 56
34 58
32 58
32 60
30 60
30 62
28 62
28 64
26 64
26 62
24 62
24 60
22 60
22 62
20 62
20 60
18 60
18 62
16 62
16 60
14 60
14 62
12 62
12 60
10 60
10 58
8 58
8 56
6 56
6 54
4 54
4 56
2 56
2 54
0 54
0 52
-2 52
-2 50
-4 50
-4 48
-6 48
-6 46
-8 46
-8 44
-6 44
-6 42
-4 42
-4 40
-2 40
-2 38
0 38
0 36
2 36
2 34
4 34
4 32
2 32
2 30
4 30
4 28
2 28
2 26
4 26
4 24
2 24
2 22
0 22
0 20
-2 20
-2 18
-4 18
-4 16
-6 16
-6 14
-4 14
-4 12
-6 12
-6 10
-8 10
-8 8
-6 8
-6 6
-4 6
-4 4
-2 4
-2 2
0 2
0 0
43 -10
