11 10
13 8
14 9
12 11
15 14
17 12
18 13
16 15
19 18
21 16
23 18
25 16
27 18
30 15
27 12
25 14
23 12
21 14
20 13
21 12
23 14
25 12
27 14
29 12
31 14
33 12
34 13
32 15
35 18
38 15
36 13
37 12
39 14
41 12
43 14
46 11
44 9
46 7
43 4
41 6
39 4
36 7
39 10
41 8
42 9
41 10
39 8
37 10
35 8
33 10
31 8
29 10
28 9
30 7
28 5
30 3
28 1
29 0
31 2
33 0
35 2
37 0
39 2
41 0
43 2
45 0
46 1
45 2
43 0
41 2
39 0
37 2
35 0
32 3
34 5
33 6
32 5
34 3
31 0
28 3
30 5
28 7
31 10
33 8
35 10
38 7
36 5
37 4
39 6
41 4
43 6
45 4
46 5
44 7
46 9
44 11
46 13
44 15
46 17
45 18
43 16
41 18
40 17
41 16
43 18
46 15
43 12
41 14
39 12
36 15
38 17
37 18
35 16
33 18
32 17
34 15
31 12
28 15
30 17
29 18
27 16
25 18
23 16
21 18
19 16
17 18
15 16
13 18
11 16
9 18
7 16
5 18
4 17
6 15
3 12
0 15
2 17
1 18
0 17
2 15
0 13
2 11
0 9
1 8
3 10
5 8
6 9
5 10
3 8
0 11
3 14
5 12
7 14
9 12
10 13
9 14
7 12
4 15
7 18
9 16
11 18
13 16
15 18
18 15
15 12
13 14
12 13
14 11
11 8
9 10
8 9
10 7
8 5
9 4
11 6
13 4
15 6
17 4
19 6
21 4
22 5
21 6
19 4
16 7
19 10
21 8
23 10
26 7
24 5
26 3
23 0
21 2
19 0
17 2
15 0
13 2
11 0
9 2
7 0
4 3
6 5
5 6
3 4
1 6
0 5
2 3
0 1
1 0
2 1
0 3
3 6
6 3
4 1
5 0
7 2
9 0
11 2
13 0
15 2
17 0
19 2
21 0
23 2
25 0
26 1
24 3
26 5
24 7
26 9
25 10
23 8
21 10
19 8
17 10
16 9
18 7
15 4
13 6
11 4
8 7
11 10
13 8
14 9
12 11
15 14
17 12
18 13
16 15
19 18
21 16
