4107 1540
4137 1510
4167 1540
4197 1510
4227 1540
4257 1510
4287 1540
4317 1510
4347 1540
4377 1510
4407 1540
4437 1510
4467 1540
4497 1510
4527 1540
4628 1439
4516 1327
4628 1215
4257 844
3985 1116
3713 844
3441 1116
3169 844
2897 1116
2625 844
2353 1116
2081 844
1809 1116
1537 844
1265 1116
993 844
721 1116
564 959
679 844
951 1116
1223 844
1495 1116
1767 844
2039 1116
2311 844
2583 1116
2855 844
3127 1116
3399 844
3671 1116
3943 844
4215 1116
4487 844
4628 985
4497 1116
4225 844
3953 1116
3681 844
3409 1116
3137 844
2865 1116
2593 844
2321 1116
2049 844
1777 1116
1505 844
1233 1116
961 844
689 1116
564 991
711 844
983 1116
1255 844
1527 1116
1799 844
2071 1116
2343 844
2615 1116
2887 844
3159 1116
3431 844
3703 1116
3975 844
4247 1116
4519 844
4628 953
4465 1116
4193 844
3921 1116
3649 844
3377 1116
3105 844
2833 1116
2561 844
2289 1116
2017 844
1745 1116
1473 844
1201 1116
929 844
564 1209
662 1307
564 1405
662 1503
564 1601
685 1722
771 1636
857 1722
943 1636
1029 1722
1115 1636
1201 1722
1287 1636
1373 1722
1459 1636
1545 1722
1631 1636
1717 1722
1803 1636
1889 1722
1975 1636
2061 1722
2147 1636
2233 1722
2319 1636
2405 1722
2491 1636
2577 1722
2663 1636
2749 1722
2835 1636
2921 1722
3007 1636
3093 1722
3179 1636
3265 1722
3351 1636
3437 1722
3523 1636
3609 1722
3695 1636
3781 1722
3867 1636
3953 1722
4039 1636
4125 1722
4211 1636
4297 1722
4383 1636
4469 1722
4555 1636
4641 1722
4718 1645
4704 1631
4718 1617
4704 1603
4718 1589
4704 1575
4718 1561
4704 1547
4718 1533
4704 1519
4718 1505
4704 1491
4718 1477
4704 1463
4718 1449
4704 1435
4718 1421
4704 1407
4718 1393
4704 1379
4718 1365
4704 1351
4718 1337
4704 1323
4718 1309
4704 1295
4718 1281
4704 1267
4718 1253
4704 1239
4718 1225
4704 1211
4718 1197
4704 1183
4718 1169
4704 1155
4718 1141
4704 1127
4718 1113
4704 1099
4718 1085
4704 1071
4718 1057
4704 1043
4718 1029
4704 1015
4718 1001
4704 987
4718 973
4704 959
4718 945
4704 931
4718 917
4704 903
4718 889
4704 875
4718 861
4704 847
4718 833
4704 819
4718 805
4704 791
4718 777
4704 763
4718 749
4704 735
4718 721
4704 707
4718 693
4704 679
4718 665
4704 651
4718 637
4704 623
4718 609
4704 595
4715 584
4718 587
4704 601
4718 615
4704 629
4718 643
4704 657
4718 671
4704 685
4718 699
4704 713
4718 727
4704 741
4718 755
4704 769
4718 783
4704 797
4718 811
4704 825
4718 839
4704 853
4718 867
4704 881
4718 895
4704 909
4718 923
4704 937
4718 951
4704 965
4718 979
4704 993
4718 1007
4704 1021
4718 1035
4704 1049
4718 1063
4704 1077
4718 1091
4704 1105
4718 1119
4704 1133
4718 1147
4704 1161
4718 1175
4704 1189
4718 1203
4704 1217
4718 1231
4704 1245
4718 1259
4704 1273
4718 1287
4704 1301
4718 1315
4704 1329
4718 1343
4704 1357
4718 1371
4704 1385
4718 1399
4704 1413
4718 1427
4704 1441
4718 1455
4704 1469
4718 1483
4704 1497
4718 1511
4704 1525
4718 1539
4704 1553
4718 1567
4704 1581
4718 1595
4704 1609
4718 1623
4619 1722
4533 1636
4447 1722
4361 1636
4275 1722
4189 1636
4103 1722
4017 1636
3931 1722
3845 1636
3759 1722
3673 1636
3587 1722
3501 1636
3415 1722
3329 1636
3243 1722
3157 1636
3071 1722
2985 1636
2899 1722
2813 1636
2727 1722
2641 1636
2555 1722
2469 1636
2383 1722
2297 1636
2211 1722
2125 1636
2039 1722
1953 1636
1867 1722
1781 1636
1695 1722
1609 1636
1523 1722
1437 1636
1351 1722
1265 1636
1179 1722
1093 1636
1007 1722
921 1636
835 1722
749 1636
663 1722
564 1623
662 1525
564 1427
662 1329
564 1231
662 1133
564 1035
755 844
1027 1116
1299 844
1571 1116
1843 844
2115 1116
2387 844
2659 1116
2931 844
3203 1116
3475 844
3747 1116
4019 844
4291 1116
4563 844
4628 909
4421 1116
4149 844
3877 1116
3605 844
3333 1116
3061 844
2789 1116
2517 844
2245 1116
1973 844
1701 1116
1429 844
1157 1116
885 844
564 1165
662 1263
564 1361
662 1459
564 1557
729 1722
815 1636
901 1722
987 1636
1073 1722
1159 1636
1245 1722
1331 1636
1417 1722
1503 1636
1589 1722
1675 1636
1761 1722
1847 1636
1933 1722
2019 1636
2105 1722
2191 1636
2277 1722
2363 1636
2449 1722
2535 1636
2621 1722
2707 1636
2793 1722
2879 1636
2965 1722
3051 1636
3137 1722
3223 1636
3309 1722
3395 1636
3481 1722
3567 1636
3653 1722
3739 1636
3825 1722
3911 1636
3997 1722
4083 1636
4169 1722
4255 1636
4341 1722
4427 1636
4513 1722
4599 1636
4685 1722
4718 1689
4665 1636
4579 1722
4493 1636
4407 1722
4321 1636
4235 1722
4149 1636
4063 1722
3977 1636
3891 1722
3805 1636
3719 1722
3633 1636
3547 1722
3461 1636
3375 1722
3289 1636
3203 1722
3117 1636
3031 1722
2945 1636
2859 1722
2773 1636
2687 1722
2601 1636
2515 1722
2429 1636
2343 1722
2257 1636
2171 1722
2085 1636
1999 1722
1913 1636
1827 1722
1741 1636
1655 1722
1569 1636
1483 1722
1397 1636
1311 1722
1225 1636
1139 1722
1053 1636
967 1722
881 1636
795 1722
709 1636
623 1722
564 1663
662 1565
564 1467
662 1369
564 1271
662 1173
564 1075
795 844
1067 1116
1339 844
1611 1116
1883 844
2155 1116
2427 844
2699 1116
2971 844
3243 1116
3515 844
3787 1116
4059 844
4331 1116
4603 844
4628 869
4381 1116
4109 844
3837 1116
3565 844
3293 1116
3021 844
2749 1116
2477 844
2205 1116
1933 844
1661 1116
1389 844
1117 1116
845 844
564 1125
662 1223
564 1321
662 1419
564 1517
662 1615
564 1713
573 1722
662 1633
564 1535
662 1437
564 1339
662 1241
564 1143
863 844
1135 1116
1407 844
1679 1116
1951 844
2223 1116
2495 844
2767 1116
3039 844
3311 1116
3583 844
3855 1116
4127 844
4399 1116
4628 887
4585 844
4313 1116
4041 844
3769 1116
3497 844
3225 1116
2953 844
2681 1116
2409 844
2137 1116
1865 844
1593 1116
1321 844
1049 1116
777 844
564 1057
662 1155
564 1253
662 1351
564 1449
662 1547
564 1645
641 1722
727 1636
813 1722
899 1636
985 1722
1071 1636
1157 1722
1243 1636
1329 1722
1415 1636
1501 1722
1587 1636
1673 1722
1759 1636
1845 1722
1931 1636
2017 1722
2103 1636
2189 1722
2275 1636
2361 1722
2447 1636
2533 1722
2619 1636
2705 1722
2791 1636
2877 1722
2963 1636
3049 1722
3135 1636
3221 1722
3307 1636
3393 1722
3479 1636
3565 1722
3651 1636
3737 1722
3823 1636
3909 1722
3995 1636
4081 1722
4167 1636
4253 1722
4339 1636
4425 1722
4511 1636
4597 1722
4683 1636
4718 1671
4667 1722
4581 1636
4495 1722
4409 1636
4323 1722
4237 1636
4151 1722
4065 1636
3979 1722
3893 1636
3807 1722
3721 1636
3635 1722
3549 1636
3463 1722
3377 1636
3291 1722
3205 1636
3119 1722
3033 1636
2947 1722
2861 1636
2775 1722
2689 1636
2603 1722
2517 1636
2431 1722
2345 1636
2259 1722
2173 1636
2087 1722
2001 1636
1915 1722
1829 1636
1743 1722
1657 1636
1571 1722
1485 1636
1399 1722
1313 1636
1227 1722
1141 1636
1055 1722
969 1636
883 1722
797 1636
711 1722
564 1575
662 1477
564 1379
662 1281
564 1183
903 844
1175 1116
1447 844
1719 1116
1991 844
2263 1116
2535 844
2807 1116
3079 844
3351 1116
3623 844
3895 1116
4167 844
4439 1116
4628 927
4545 844
4273 1116
4001 844
3729 1116
3457 844
3185 1116
2913 844
2641 1116
2369 844
2097 1116
1825 844
1553 1116
1281 844
1009 1116
737 844
564 1017
663 1116
935 844
1207 1116
1479 844
1751 1116
2023 844
2295 1116
2567 844
2839 1116
3111 844
3383 1116
3655 844
3927 1116
4199 844
4471 1116
4628 959
4513 844
4241 1116
3969 844
3697 1116
3425 844
3153 1116
2881 844
2609 1116
2337 844
2065 1116
1793 844
1521 1116
1249 844
977 1116
705 844
564 985
695 1116
967 844
1239 1116
1511 844
1783 1116
2055 844
2327 1116
2599 844
2871 1116
3143 844
3415 1116
3687 844
3959 1116
4231 844
4503 1116
4628 991
4481 844
4209 1116
3937 844
3665 1116
3393 844
3121 1116
2849 844
2577 1116
2305 844
2033 1116
1761 844
1489 1116
1217 844
945 1116
673 844
564 953
727 1116
999 844
1271 1116
1543 844
1815 1116
2087 844
2359 1116
2631 844
2903 1116
3175 844
3447 1116
3719 844
3991 1116
4263 844
4628 1209
4516 1321
4628 1433
4521 1540
4491 1510
4461 1540
4431 1510
4401 1540
4371 1510
4341 1540
4311 1510
4281 1540
4251 1510
4221 1540
4191 1510
4161 1540
4131 1510
4101 1540
4071 1510
4041 1540
4011 1510
3981 1540
3951 1510
3921 1540
3891 1510
3861 1540
3831 1510
3801 1540
3771 1510
3741 1540
3711 1510
3681 1540
3651 1510
3621 1540
3591 1510
3561 1540
3531 1510
3501 1540
3471 1510
3441 1540
3411 1510
3381 1540
3351 1510
3321 1540
3291 1510
3261 1540
3231 1510
3201 1540
3171 1510
3141 1540
3111 1510
3081 1540
3051 1510
3021 1540
2991 1510
2961 1540
2931 1510
2901 1540
2871 1510
2841 1540
2811 1510
2781 1540
2751 1510
2721 1540
2691 1510
2661 1540
2631 1510
2601 1540
2571 1510
2541 1540
2511 1510
2481 1540
2451 1510
2421 1540
2391 1510
2361 1540
2331 1510
2301 1540
2271 1510
2241 1540
2211 1510
2181 1540
2151 1510
2121 1540
2091 1510
2061 1540
2031 1510
2001 1540
1971 1510
1941 1540
1911 1510
1881 1540
1851 1510
1821 1540
1791 1510
1761 1540
1731 1510
1701 1540
1671 1510
1641 1540
1611 1510
1581 1540
1551 1510
1521 1540
1491 1510
1461 1540
1431 1510
1401 1540
1371 1510
1341 1540
1311 1510
1281 1540
1251 1510
1221 1540
1191 1510
1161 1540
1131 1510
1101 1540
1071 1510
1041 1540
1011 1510
981 1540
951 1510
921 1540
891 1510
861 1540
831 1510
801 1540
771 1510
741 1540
722 1521
733 1510
763 1540
793 1510
823 1540
853 1510
883 1540
913 1510
943 1540
973 1510
1003 1540
1033 1510
1063 1540
1093 1510
1123 1540
1153 1510
1183 1540
1213 1510
1243 1540
1273 1510
1303 1540
1333 1510
1363 1540
1393 1510
1423 1540
1453 1510
1483 1540
1513 1510
1543 1540
1573 1510
1603 1540
1633 1510
1663 1540
1693 1510
1723 1540
1753 1510
1783 1540
1813 1510
1843 1540
1873 1510
1903 1540
1933 1510
1963 1540
1993 1510
2023 1540
2053 1510
2083 1540
2113 1510
2143 1540
2173 1510
2203 1540
2233 1510
2263 1540
2293 1510
2323 1540
2353 1510
2383 1540
2413 1510
2443 1540
2473 1510
2503 1540
2533 1510
2563 1540
2593 1510
2623 1540
2653 1510
2683 1540
2713 1510
2743 1540
2773 1510
2803 1540
2833 1510
2863 1540
2893 1510
2923 1540
2953 1510
2983 1540
3013 1510
3043 1540
3073 1510
3103 1540
3133 1510
3163 1540
3193 1510
3223 1540
3253 1510
3283 1540
3313 1510
3343 1540
3373 1510
3403 1540
3433 1510
3463 1540
3493 1510
3523 1540
3553 1510
3583 1540
3613 1510
3643 1540
3673 1510
3703 1540
3733 1510
3763 1540
3793 1510
3823 1540
3853 1510
3883 1540
3913 1510
3943 1540
3973 1510
4003 1540
4033 1510
4063 1540
4093 1510
4123 1540
4153 1510
4183 1540
4213 1510
4243 1540
4273 1510
4303 1540
4333 1510
4363 1540
4393 1510
4423 1540
4453 1510
4483 1540
4513 1510
4543 1540
4628 1455
4516 1343
4628 1231
4516 1119
4628 1007
4465 844
4193 1116
3921 844
3649 1116
3377 844
3105 1116
2833 844
2561 1116
2289 844
2017 1116
1745 844
1473 1116
1201 844
929 1116
657 844
564 937
743 1116
1015 844
1287 1116
1559 844
1831 1116
2103 844
2375 1116
2647 844
2919 1116
3191 844
3463 1116
3735 844
4007 1116
4279 844
4628 1193
4516 1305
4628 1417
4505 1540
4475 1510
4445 1540
4415 1510
4385 1540
4355 1510
4325 1540
4295 1510
4265 1540
4235 1510
4205 1540
4175 1510
4145 1540
4115 1510
4085 1540
4055 1510
4025 1540
3995 1510
3965 1540
3935 1510
3905 1540
3875 1510
3845 1540
3815 1510
3785 1540
3755 1510
3725 1540
3695 1510
3665 1540
3635 1510
3605 1540
3575 1510
3545 1540
3515 1510
3485 1540
3455 1510
3425 1540
3395 1510
3365 1540
3335 1510
3305 1540
3275 1510
3245 1540
3215 1510
3185 1540
3155 1510
3125 1540
3095 1510
3065 1540
3035 1510
3005 1540
2975 1510
2945 1540
2915 1510
2885 1540
2855 1510
2825 1540
2795 1510
2765 1540
2735 1510
2705 1540
2675 1510
2645 1540
2615 1510
2585 1540
2555 1510
2525 1540
2495 1510
2465 1540
2435 1510
2405 1540
2375 1510
2345 1540
2315 1510
2285 1540
2255 1510
2225 1540
2195 1510
2165 1540
2135 1510
2105 1540
2075 1510
2045 1540
2015 1510
1985 1540
1955 1510
1925 1540
1895 1510
1865 1540
1835 1510
1805 1540
1775 1510
1745 1540
1715 1510
1685 1540
1655 1510
1625 1540
1595 1510
1565 1540
1535 1510
1505 1540
1475 1510
1445 1540
1415 1510
1385 1540
1355 1510
1325 1540
1295 1510
1265 1540
1235 1510
1205 1540
1175 1510
1145 1540
1115 1510
1085 1540
1055 1510
1025 1540
995 1510
965 1540
935 1510
905 1540
875 1510
845 1540
815 1510
785 1540
755 1510
725 1540
722 1537
749 1510
779 1540
809 1510
839 1540
869 1510
899 1540
929 1510
959 1540
989 1510
1019 1540
1049 1510
1079 1540
1109 1510
1139 1540
1169 1510
1199 1540
1229 1510
1259 1540
1289 1510
1319 1540
1349 1510
1379 1540
1409 1510
1439 1540
1469 1510
1499 1540
1529 1510
1559 1540
1589 1510
1619 1540
1649 1510
1679 1540
1709 1510
1739 1540
1769 1510
1799 1540
1829 1510
1859 1540
1889 1510
1919 1540
1949 1510
1979 1540
2009 1510
2039 1540
2069 1510
2099 1540
2129 1510
2159 1540
2189 1510
2219 1540
2249 1510
2279 1540
2309 1510
2339 1540
2369 1510
2399 1540
2429 1510
2459 1540
2489 1510
2519 1540
2549 1510
2579 1540
2609 1510
2639 1540
2669 1510
2699 1540
2729 1510
2759 1540
2789 1510
2819 1540
2849 1510
2879 1540
2909 1510
2939 1540
2969 1510
2999 1540
3029 1510
3059 1540
3089 1510
3119 1540
3149 1510
3179 1540
3209 1510
3239 1540
3269 1510
3299 1540
3329 1510
3359 1540
3389 1510
3419 1540
3449 1510
3479 1540
3509 1510
3539 1540
3569 1510
3599 1540
3629 1510
3659 1540
3689 1510
3719 1540
3749 1510
3779 1540
3809 1510
3839 1540
3869 1510
3899 1540
3929 1510
3959 1540
3989 1510
4019 1540
4049 1510
4079 1540
4109 1510
4139 1540
4169 1510
4199 1540
4229 1510
4259 1540
4289 1510
4319 1540
4349 1510
4379 1540
4409 1510
4439 1540
4469 1510
4499 1540
4628 1411
4516 1299
4628 1187
4285 844
4013 1116
3741 844
3469 1116
3197 844
2925 1116
2653 844
2381 1116
2109 844
1837 1116
1565 844
1293 1116
1021 844
749 1116
564 931
651 844
923 1116
1195 844
1467 1116
1739 844
2011 1116
2283 844
2555 1116
2827 844
3099 1116
3371 844
3643 1116
3915 844
4187 1116
4459 844
4628 1013
4516 1125
4628 1237
4516 1349
4628 1461
4549 1540
4516 1507
4628 1395
4516 1283
4628 1171
4301 844
4029 1116
3757 844
3485 1116
3213 844
2941 1116
2669 844
2397 1116
2125 844
1853 1116
1581 844
1309 1116
1037 844
765 1116
564 915
635 844
907 1116
1179 844
1451 1116
1723 844
1995 1116
2267 844
2539 1116
2811 844
3083 1116
3355 844
3627 1116
3899 844
4171 1116
4443 844
4628 1029
4516 1141
4628 1253
4516 1365
4628 1477
4565 1540
4516 1491
4628 1379
4516 1267
4628 1155
4317 844
4045 1116
3773 844
3501 1116
3229 844
2957 1116
2685 844
2413 1116
2141 844
1869 1116
1597 844
1325 1116
1053 844
781 1116
564 899
619 844
891 1116
1163 844
1435 1116
1707 844
1979 1116
2251 844
2523 1116
2795 844
3067 1116
3339 844
3611 1116
3883 844
4155 1116
4427 844
4628 1045
4516 1157
4628 1269
4516 1381
4628 1493
4581 1540
4516 1475
4628 1363
4516 1251
4628 1139
4333 844
4061 1116
3789 844
3517 1116
3245 844
2973 1116
2701 844
2429 1116
2157 844
1885 1116
1613 844
1341 1116
1069 844
797 1116
564 883
603 844
875 1116
1147 844
1419 1116
1691 844
1963 1116
2235 844
2507 1116
2779 844
3051 1116
3323 844
3595 1116
3867 844
4139 1116
4411 844
4628 1061
4516 1173
4628 1285
4516 1397
4628 1509
4597 1540
4516 1459
4628 1347
4516 1235
4628 1123
4349 844
4077 1116
3805 844
3533 1116
3261 844
2989 1116
2717 844
2445 1116
2173 844
1901 1116
1629 844
1357 1116
1085 844
813 1116
564 867
587 844
859 1116
1131 844
1403 1116
1675 844
1947 1116
2219 844
2491 1116
2763 844
3035 1116
3307 844
3579 1116
3851 844
4123 1116
4395 844
4628 1077
4516 1189
4628 1301
4516 1413
4628 1525
4613 1540
4516 1443
4628 1331
4516 1219
4628 1107
4365 844
4093 1116
3821 844
3549 1116
3277 844
3005 1116
2733 844
2461 1116
2189 844
1917 1116
1645 844
1373 1116
1101 844
829 1116
564 851
571 844
843 1116
1115 844
1387 1116
1659 844
1931 1116
2203 844
2475 1116
2747 844
3019 1116
3291 844
3563 1116
3835 844
4107 1116
4379 844
4628 1093
4516 1205
4628 1317
4516 1429
4627 1540
4628 1539
4516 1427
4628 1315
4516 1203
4628 1091
4381 844
4109 1116
3837 844
3565 1116
3293 844
3021 1116
2749 844
2477 1116
2205 844
1933 1116
1661 844
1389 1116
1117 844
845 1116
573 844
564 853
827 1116
1099 844
1371 1116
1643 844
1915 1116
2187 844
2459 1116
2731 844
3003 1116
3275 844
3547 1116
3819 844
4091 1116
4363 844
4628 1109
4516 1221
4628 1333
4516 1445
4611 1540
4628 1523
4516 1411
4628 1299
4516 1187
4628 1075
4397 844
4125 1116
3853 844
3581 1116
3309 844
3037 1116
2765 844
2493 1116
2221 844
1949 1116
1677 844
1405 1116
1133 844
861 1116
589 844
564 869
811 1116
1083 844
1355 1116
1627 844
1899 1116
2171 844
2443 1116
2715 844
2987 1116
3259 844
3531 1116
3803 844
4075 1116
4347 844
4628 1125
4516 1237
4628 1349
4516 1461
4595 1540
4628 1507
4516 1395
4628 1283
4516 1171
4628 1059
4413 844
4141 1116
3869 844
3597 1116
3325 844
3053 1116
2781 844
2509 1116
2237 844
1965 1116
1693 844
1421 1116
1149 844
877 1116
605 844
564 885
795 1116
1067 844
1339 1116
1611 844
1883 1116
2155 844
2427 1116
2699 844
2971 1116
3243 844
3515 1116
3787 844
4059 1116
4331 844
4628 1141
4516 1253
4628 1365
4516 1477
4579 1540
4628 1491
4516 1379
4628 1267
4516 1155
4628 1043
4429 844
4157 1116
3885 844
3613 1116
3341 844
3069 1116
2797 844
2525 1116
2253 844
1981 1116
1709 844
1437 1116
1165 844
893 1116
621 844
564 901
779 1116
1051 844
1323 1116
1595 844
1867 1116
2139 844
2411 1116
2683 844
2955 1116
3227 844
3499 1116
3771 844
4043 1116
4315 844
4628 1157
4516 1269
4628 1381
4516 1493
4563 1540
4628 1475
4516 1363
4628 1251
4516 1139
4628 1027
4445 844
4173 1116
3901 844
3629 1116
3357 844
3085 1116
2813 844
2541 1116
2269 844
1997 1116
1725 844
1453 1116
1181 844
909 1116
637 844
564 917
763 1116
1035 844
1307 1116
1579 844
1851 1116
2123 844
2395 1116
2667 844
2939 1116
3211 844
3483 1116
3755 844
4027 1116
4299 844
4628 1173
4516 1285
4628 1397
4516 1509
4547 1540
4628 1459
4516 1347
4628 1235
4516 1123
4628 1011
4461 844
4189 1116
3917 844
3645 1116
3373 844
3101 1116
2829 844
2557 1116
2285 844
2013 1116
1741 844
1469 1116
1197 844
925 1116
653 844
564 933
747 1116
1019 844
1291 1116
1563 844
1835 1116
2107 844
2379 1116
2651 844
2923 1116
3195 844
3467 1116
3739 844
4011 1116
4283 844
4628 1189
4516 1301
4628 1413
4501 1540
4471 1510
4441 1540
4411 1510
4381 1540
4351 1510
4321 1540
4291 1510
4261 1540
4231 1510
4201 1540
4171 1510
4141 1540
4111 1510
4081 1540
4051 1510
4021 1540
3991 1510
3961 1540
3931 1510
3901 1540
3871 1510
3841 1540
3811 1510
3781 1540
3751 1510
3721 1540
3691 1510
3661 1540
3631 1510
3601 1540
3571 1510
3541 1540
3511 1510
3481 1540
3451 1510
3421 1540
3391 1510
3361 1540
3331 1510
3301 1540
3271 1510
3241 1540
3211 1510
3181 1540
3151 1510
3121 1540
3091 1510
3061 1540
3031 1510
3001 1540
2971 1510
2941 1540
2911 1510
2881 1540
2851 1510
2821 1540
2791 1510
2761 1540
2731 1510
2701 1540
2671 1510
2641 1540
2611 1510
2581 1540
2551 1510
2521 1540
2491 1510
2461 1540
2431 1510
2401 1540
2371 1510
2341 1540
2311 1510
2281 1540
2251 1510
2221 1540
2191 1510
2161 1540
2131 1510
2101 1540
2071 1510
2041 1540
2011 1510
1981 1540
1951 1510
1921 1540
1891 1510
1861 1540
1831 1510
1801 1540
1771 1510
1741 1540
1711 1510
1681 1540
1651 1510
1621 1540
1591 1510
1561 1540
1531 1510
1501 1540
1471 1510
1441 1540
1411 1510
1381 1540
1351 1510
1321 1540
1291 1510
1261 1540
1231 1510
1201 1540
1171 1510
1141 1540
1111 1510
1081 1540
1051 1510
1021 1540
991 1510
961 1540
931 1510
901 1540
871 1510
841 1540
811 1510
781 1540
751 1510
722 1539
723 1540
753 1510
783 1540
813 1510
843 1540
873 1510
903 1540
933 1510
963 1540
993 1510
1023 1540
1053 1510
1083 1540
1113 1510
1143 1540
1173 1510
1203 1540
1233 1510
1263 1540
1293 1510
1323 1540
1353 1510
1383 1540
1413 1510
1443 1540
1473 1510
1503 1540
1533 1510
1563 1540
1593 1510
1623 1540
1653 1510
1683 1540
1713 1510
1743 1540
1773 1510
1803 1540
1833 1510
1863 1540
1893 1510
1923 1540
1953 1510
1983 1540
2013 1510
2043 1540
2073 1510
2103 1540
2133 1510
2163 1540
2193 1510
2223 1540
2253 1510
2283 1540
2313 1510
2343 1540
2373 1510
2403 1540
2433 1510
2463 1540
2493 1510
2523 1540
2553 1510
2583 1540
2613 1510
2643 1540
2673 1510
2703 1540
2733 1510
2763 1540
2793 1510
2823 1540
2853 1510
2883 1540
2913 1510
2943 1540
2973 1510
3003 1540
3033 1510
3063 1540
3093 1510
3123 1540
3153 1510
3183 1540
3213 1510
3243 1540
3273 1510
3303 1540
3333 1510
3363 1540
3393 1510
3423 1540
3453 1510
3483 1540
3513 1510
3543 1540
3573 1510
3603 1540
3633 1510
3663 1540
3693 1510
3723 1540
3753 1510
3783 1540
3813 1510
3843 1540
3873 1510
3903 1540
3933 1510
3963 1540
3993 1510
4023 1540
4053 1510
4083 1540
4113 1510
4143 1540
4173 1510
4203 1540
4233 1510
4263 1540
4293 1510
4323 1540
4353 1510
4383 1540
4413 1510
4443 1540
4473 1510
4503 1540
4628 1415
4516 1303
4628 1191
4281 844
4009 1116
3737 844
3465 1116
3193 844
2921 1116
2649 844
2377 1116
2105 844
1833 1116
1561 844
1289 1116
1017 844
745 1116
564 935
655 844
927 1116
1199 844
1471 1116
1743 844
2015 1116
2287 844
2559 1116
2831 844
3103 1116
3375 844
3647 1116
3919 844
4191 1116
4463 844
4628 1009
4516 1121
4628 1233
4516 1345
4628 1457
4545 1540
4515 1510
4485 1540
4455 1510
4425 1540
4395 1510
4365 1540
4335 1510
4305 1540
4275 1510
4245 1540
4215 1510
4185 1540
4155 1510
4125 1540
4095 1510
4065 1540
4035 1510
4005 1540
3975 1510
3945 1540
3915 1510
3885 1540
3855 1510
3825 1540
3795 1510
3765 1540
3735 1510
3705 1540
3675 1510
3645 1540
3615 1510
3585 1540
3555 1510
3525 1540
3495 1510
3465 1540
3435 1510
3405 1540
3375 1510
3345 1540
3315 1510
3285 1540
3255 1510
3225 1540
3195 1510
3165 1540
3135 1510
3105 1540
3075 1510
3045 1540
3015 1510
2985 1540
2955 1510
2925 1540
2895 1510
2865 1540
2835 1510
2805 1540
2775 1510
2745 1540
2715 1510
2685 1540
2655 1510
2625 1540
2595 1510
2565 1540
2535 1510
2505 1540
2475 1510
2445 1540
2415 1510
2385 1540
2355 1510
2325 1540
2295 1510
2265 1540
2235 1510
2205 1540
2175 1510
2145 1540
2115 1510
2085 1540
2055 1510
2025 1540
1995 1510
1965 1540
1935 1510
1905 1540
1875 1510
1845 1540
1815 1510
1785 1540
1755 1510
1725 1540
1695 1510
1665 1540
1635 1510
1605 1540
1575 1510
1545 1540
1515 1510
1485 1540
1455 1510
1425 1540
1395 1510
1365 1540
1335 1510
1305 1540
1275 1510
1245 1540
1215 1510
1185 1540
1155 1510
1125 1540
1095 1510
1065 1540
1035 1510
1005 1540
975 1510
945 1540
915 1510
885 1540
855 1510
825 1540
795 1510
765 1540
735 1510
722 1523
739 1540
769 1510
799 1540
829 1510
859 1540
889 1510
919 1540
949 1510
979 1540
1009 1510
1039 1540
1069 1510
1099 1540
1129 1510
1159 1540
1189 1510
1219 1540
1249 1510
1279 1540
1309 1510
1339 1540
1369 1510
1399 1540
1429 1510
1459 1540
1489 1510
1519 1540
1549 1510
1579 1540
1609 1510
1639 1540
1669 1510
1699 1540
1729 1510
1759 1540
1789 1510
1819 1540
1849 1510
1879 1540
1909 1510
1939 1540
1969 1510
1999 1540
2029 1510
2059 1540
2089 1510
2119 1540
2149 1510
2179 1540
2209 1510
2239 1540
2269 1510
2299 1540
2329 1510
2359 1540
2389 1510
2419 1540
2449 1510
2479 1540
2509 1510
2539 1540
2569 1510
2599 1540
2629 1510
2659 1540
2689 1510
2719 1540
2749 1510
2779 1540
2809 1510
2839 1540
2869 1510
2899 1540
2929 1510
2959 1540
2989 1510
3019 1540
3049 1510
3079 1540
3109 1510
3139 1540
3169 1510
3199 1540
3229 1510
3259 1540
3289 1510
3319 1540
3349 1510
3379 1540
3409 1510
3439 1540
3469 1510
3499 1540
3529 1510
3559 1540
3589 1510
3619 1540
3649 1510
3679 1540
3709 1510
3739 1540
3769 1510
3799 1540
3829 1510
3859 1540
3889 1510
3919 1540
3949 1510
3979 1540
4009 1510
4039 1540
4069 1510
4099 1540
4129 1510
4159 1540
4189 1510
4219 1540
4249 1510
4279 1540
4309 1510
4339 1540
4369 1510
4399 1540
4429 1510
4459 1540
4489 1510
4519 1540
4628 1431
4516 1319
4628 1207
4265 844
3993 1116
3721 844
3449 1116
3177 844
2905 1116
2633 844
2361 1116
2089 844
1817 1116
1545 844
1273 1116
1001 844
729 1116
564 951
671 844
943 1116
1215 844
1487 1116
1759 844
2031 1116
2303 844
2575 1116
2847 844
3119 1116
3391 844
3663 1116
3935 844
4207 1116
4479 844
4628 993
4505 1116
4233 844
3961 1116
3689 844
3417 1116
3145 844
2873 1116
2601 844
2329 1116
2057 844
1785 1116
1513 844
1241 1116
969 844
697 1116
564 983
703 844
975 1116
1247 844
1519 1116
1791 844
2063 1116
2335 844
2607 1116
2879 844
3151 1116
3423 844
3695 1116
3967 844
4239 1116
4511 844
4628 961
4473 1116
4201 844
3929 1116
3657 844
3385 1116
3113 844
2841 1116
2569 844
2297 1116
2025 844
1753 1116
1481 844
1209 1116
937 844
665 1116
564 1015
735 844
1007 1116
1279 844
1551 1116
1823 844
2095 1116
2367 844
2639 1116
2911 844
3183 1116
3455 844
3727 1116
3999 844
4271 1116
4543 844
4628 929
4441 1116
4169 844
3897 1116
3625 844
3353 1116
3081 844
2809 1116
2537 844
2265 1116
1993 844
1721 1116
1449 844
1177 1116
905 844
564 1185
662 1283
564 1381
662 1479
564 1577
709 1722
795 1636
881 1722
967 1636
1053 1722
1139 1636
1225 1722
1311 1636
1397 1722
1483 1636
1569 1722
1655 1636
1741 1722
1827 1636
1913 1722
1999 1636
2085 1722
2171 1636
2257 1722
2343 1636
2429 1722
2515 1636
2601 1722
2687 1636
2773 1722
2859 1636
2945 1722
3031 1636
3117 1722
3203 1636
3289 1722
3375 1636
3461 1722
3547 1636
3633 1722
3719 1636
3805 1722
3891 1636
3977 1722
4063 1636
4149 1722
4235 1636
4321 1722
4407 1636
4493 1722
4579 1636
4665 1722
4718 1669
4685 1636
4599 1722
4513 1636
4427 1722
4341 1636
4255 1722
4169 1636
4083 1722
3997 1636
3911 1722
3825 1636
3739 1722
3653 1636
3567 1722
3481 1636
3395 1722
3309 1636
3223 1722
3137 1636
3051 1722
2965 1636
2879 1722
2793 1636
2707 1722
2621 1636
2535 1722
2449 1636
2363 1722
2277 1636
2191 1722
2105 1636
2019 1722
1933 1636
1847 1722
1761 1636
1675 1722
1589 1636
1503 1722
1417 1636
1331 1722
1245 1636
1159 1722
1073 1636
987 1722
901 1636
815 1722
729 1636
643 1722
564 1643
662 1545
564 1447
662 1349
564 1251
662 1153
564 1055
775 844
1047 1116
1319 844
1591 1116
1863 844
2135 1116
2407 844
2679 1116
2951 844
3223 1116
3495 844
3767 1116
4039 844
4311 1116
4583 844
4628 889
4401 1116
4129 844
3857 1116
3585 844
3313 1116
3041 844
2769 1116
2497 844
2225 1116
1953 844
1681 1116
1409 844
1137 1116
865 844
564 1145
662 1243
564 1341
662 1439
564 1537
662 1635
575 1722
564 1711
662 1613
564 1515
662 1417
564 1319
662 1221
564 1123
843 844
1115 1116
1387 844
1659 1116
1931 844
2203 1116
2475 844
2747 1116
3019 844
3291 1116
3563 844
3835 1116
4107 844
4379 1116
4628 867
4605 844
4333 1116
4061 844
3789 1116
3517 844
3245 1116
2973 844
2701 1116
2429 844
2157 1116
1885 844
1613 1116
1341 844
1069 1116
797 844
564 1077
662 1175
564 1273
662 1371
564 1469
662 1567
564 1665
621 1722
707 1636
793 1722
879 1636
965 1722
1051 1636
1137 1722
1223 1636
1309 1722
1395 1636
1481 1722
1567 1636
1653 1722
1739 1636
1825 1722
1911 1636
1997 1722
2083 1636
2169 1722
2255 1636
2341 1722
2427 1636
2513 1722
2599 1636
2685 1722
2771 1636
2857 1722
2943 1636
3029 1722
3115 1636
3201 1722
3287 1636
3373 1722
3459 1636
3545 1722
3631 1636
3717 1722
3803 1636
3889 1722
3975 1636
4061 1722
4147 1636
4233 1722
4319 1636
4405 1722
4491 1636
4577 1722
4663 1636
4718 1691
4687 1722
4601 1636
4515 1722
4429 1636
4343 1722
4257 1636
4171 1722
4085 1636
3999 1722
3913 1636
3827 1722
3741 1636
3655 1722
3569 1636
3483 1722
3397 1636
3311 1722
3225 1636
3139 1722
3053 1636
2967 1722
2881 1636
2795 1722
2709 1636
2623 1722
2537 1636
2451 1722
2365 1636
2279 1722
2193 1636
2107 1722
2021 1636
1935 1722
1849 1636
1763 1722
1677 1636
1591 1722
1505 1636
1419 1722
1333 1636
1247 1722
1161 1636
1075 1722
989 1636
903 1722
817 1636
731 1722
564 1555
662 1457
564 1359
662 1261
564 1163
883 844
1155 1116
1427 844
1699 1116
1971 844
2243 1116
2515 844
2787 1116
3059 844
3331 1116
3603 844
3875 1116
4147 844
4419 1116
4628 907
4565 844
4293 1116
4021 844
3749 1116
3477 844
3205 1116
2933 844
2661 1116
2389 844
2117 1116
1845 844
1573 1116
1301 844
1029 1116
757 844
564 1037
662 1135
564 1233
662 1331
564 1429
662 1527
564 1625
661 1722
747 1636
833 1722
919 1636
1005 1722
1091 1636
1177 1722
1263 1636
1349 1722
1435 1636
1521 1722
1607 1636
1693 1722
1779 1636
1865 1722
1951 1636
2037 1722
2123 1636
2209 1722
2295 1636
2381 1722
2467 1636
2553 1722
2639 1636
2725 1722
2811 1636
2897 1722
2983 1636
3069 1722
3155 1636
3241 1722
3327 1636
3413 1722
3499 1636
3585 1722
3671 1636
3757 1722
3843 1636
3929 1722
4015 1636
4101 1722
4187 1636
4273 1722
4359 1636
4445 1722
4531 1636
4617 1722
4703 1636
4718 1651
4647 1722
4561 1636
4475 1722
4389 1636
4303 1722
4217 1636
4131 1722
4045 1636
3959 1722
3873 1636
3787 1722
3701 1636
3615 1722
3529 1636
3443 1722
3357 1636
3271 1722
3185 1636
3099 1722
3013 1636
2927 1722
2841 1636
2755 1722
2669 1636
2583 1722
2497 1636
2411 1722
2325 1636
2239 1722
2153 1636
2067 1722
1981 1636
1895 1722
1809 1636
1723 1722
1637 1636
1551 1722
1465 1636
1379 1722
1293 1636
1207 1722
1121 1636
1035 1722
949 1636
863 1722
777 1636
691 1722
564 1595
662 1497
564 1399
662 1301
564 1203
923 844
1195 1116
1467 844
1739 1116
2011 844
2283 1116
2555 844
2827 1116
3099 844
3371 1116
3643 844
3915 1116
4187 844
4459 1116
4628 947
4525 844
4253 1116
3981 844
3709 1116
3437 844
3165 1116
2893 844
2621 1116
2349 844
2077 1116
1805 844
1533 1116
1261 844
989 1116
717 844
564 997
683 1116
955 844
1227 1116
1499 844
1771 1116
2043 844
2315 1116
2587 844
2859 1116
3131 844
3403 1116
3675 844
3947 1116
4219 844
4491 1116
4628 979
4493 844
4221 1116
3949 844
3677 1116
3405 844
3133 1116
2861 844
2589 1116
2317 844
2045 1116
1773 844
1501 1116
1229 844
957 1116
685 844
564 965
715 1116
987 844
1259 1116
1531 844
1803 1116
2075 844
2347 1116
2619 844
2891 1116
3163 844
3435 1116
3707 844
3979 1116
4251 844
4628 1221
4516 1333
4628 1445
4533 1540
4503 1510
4473 1540
4443 1510
4413 1540
4383 1510
4353 1540
4323 1510
4293 1540
4263 1510
4233 1540
4203 1510
4173 1540
4143 1510
4113 1540
4083 1510
4053 1540
4023 1510
3993 1540
3963 1510
3933 1540
3903 1510
3873 1540
3843 1510
3813 1540
3783 1510
3753 1540
3723 1510
3693 1540
3663 1510
3633 1540
3603 1510
3573 1540
3543 1510
3513 1540
3483 1510
3453 1540
3423 1510
3393 1540
3363 1510
3333 1540
3303 1510
3273 1540
3243 1510
3213 1540
3183 1510
3153 1540
3123 1510
3093 1540
3063 1510
3033 1540
3003 1510
2973 1540
2943 1510
2913 1540
2883 1510
2853 1540
2823 1510
2793 1540
2763 1510
2733 1540
2703 1510
2673 1540
2643 1510
2613 1540
2583 1510
2553 1540
2523 1510
2493 1540
2463 1510
2433 1540
2403 1510
2373 1540
2343 1510
2313 1540
2283 1510
2253 1540
2223 1510
2193 1540
2163 1510
2133 1540
2103 1510
2073 1540
2043 1510
2013 1540
1983 1510
1953 1540
1923 1510
1893 1540
1863 1510
1833 1540
1803 1510
1773 1540
1743 1510
1713 1540
1683 1510
1653 1540
1623 1510
1593 1540
1563 1510
1533 1540
1503 1510
1473 1540
1443 1510
1413 1540
1383 1510
1353 1540
1323 1510
1293 1540
1263 1510
1233 1540
1203 1510
1173 1540
1143 1510
1113 1540
1083 1510
1053 1540
1023 1510
993 1540
963 1510
933 1540
903 1510
873 1540
843 1510
813 1540
783 1510
753 1540
723 1510
722 1511
751 1540
781 1510
811 1540
841 1510
871 1540
901 1510
931 1540
961 1510
991 1540
1021 1510
1051 1540
1081 1510
1111 1540
1141 1510
1171 1540
1201 1510
1231 1540
1261 1510
1291 1540
1321 1510
1351 1540
1381 1510
1411 1540
1441 1510
1471 1540
1501 1510
1531 1540
1561 1510
1591 1540
1621 1510
1651 1540
1681 1510
1711 1540
1741 1510
1771 1540
1801 1510
1831 1540
1861 1510
1891 1540
1921 1510
1951 1540
1981 1510
2011 1540
2041 1510
2071 1540
2101 1510
2131 1540
2161 1510
2191 1540
2221 1510
2251 1540
2281 1510
2311 1540
2341 1510
2371 1540
2401 1510
2431 1540
2461 1510
2491 1540
2521 1510
2551 1540
2581 1510
2611 1540
2641 1510
2671 1540
2701 1510
2731 1540
2761 1510
2791 1540
2821 1510
2851 1540
2881 1510
2911 1540
2941 1510
2971 1540
3001 1510
3031 1540
3061 1510
3091 1540
3121 1510
3151 1540
3181 1510
3211 1540
3241 1510
3271 1540
3301 1510
3331 1540
3361 1510
3391 1540
3421 1510
3451 1540
3481 1510
3511 1540
3541 1510
3571 1540
3601 1510
3631 1540
3661 1510
3691 1540
3721 1510
3751 1540
3781 1510
3811 1540
3841 1510
3871 1540
3901 1510
3931 1540
3961 1510
3991 1540
4021 1510
4051 1540
4081 1510
4111 1540
4141 1510
4171 1540
4201 1510
4231 1540
4261 1510
4291 1540
4321 1510
4351 1540
4381 1510
4411 1540
4441 1510
4471 1540
4501 1510
4531 1540
4628 1443
4516 1331
4628 1219
4253 844
3981 1116
3709 844
3437 1116
3165 844
2893 1116
2621 844
2349 1116
2077 844
1805 1116
1533 844
1261 1116
989 844
717 1116
564 963
683 844
955 1116
1227 844
1499 1116
1771 844
2043 1116
2315 844
2587 1116
2859 844
3131 1116
3403 844
3675 1116
3947 844
4219 1116
4491 844
4628 981
4493 1116
4221 844
3949 1116
3677 844
3405 1116
3133 844
2861 1116
2589 844
2317 1116
2045 844
1773 1116
1501 844
1229 1116
957 844
685 1116
564 995
715 844
987 1116
1259 844
1531 1116
1803 844
2075 1116
2347 844
2619 1116
2891 844
3163 1116
3435 844
3707 1116
3979 844
4251 1116
4523 844
4628 949
4461 1116
4189 844
3917 1116
3645 844
3373 1116
3101 844
2829 1116
2557 844
2285 1116
2013 844
1741 1116
1469 844
1197 1116
925 844
564 1205
662 1303
564 1401
662 1499
564 1597
689 1722
775 1636
861 1722
947 1636
1033 1722
1119 1636
1205 1722
1291 1636
1377 1722
1463 1636
1549 1722
1635 1636
1721 1722
1807 1636
1893 1722
1979 1636
2065 1722
2151 1636
2237 1722
2323 1636
2409 1722
2495 1636
2581 1722
2667 1636
2753 1722
2839 1636
2925 1722
3011 1636
3097 1722
3183 1636
3269 1722
3355 1636
3441 1722
3527 1636
3613 1722
3699 1636
3785 1722
3871 1636
3957 1722
4043 1636
4129 1722
4215 1636
4301 1722
4387 1636
4473 1722
4559 1636
4645 1722
4718 1649
4704 1635
4718 1621
4704 1607
4718 1593
4704 1579
4718 1565
4704 1551
4718 1537
4704 1523
4718 1509
4704 1495
4718 1481
4704 1467
4718 1453
4704 1439
4718 1425
4704 1411
4718 1397
4704 1383
4718 1369
4704 1355
4718 1341
4704 1327
4718 1313
4704 1299
4718 1285
4704 1271
4718 1257
4704 1243
4718 1229
4704 1215
4718 1201
4704 1187
4718 1173
4704 1159
4718 1145
4704 1131
4718 1117
4704 1103
4718 1089
4704 1075
4718 1061
4704 1047
4718 1033
4704 1019
4718 1005
4704 991
4718 977
4704 963
4718 949
4704 935
4718 921
4704 907
4718 893
4704 879
4718 865
4704 851
4718 837
4704 823
4718 809
4704 795
4718 781
4704 767
4718 753
4704 739
4718 725
4704 711
4718 697
4704 683
4718 669
4704 655
4718 641
4704 627
4718 613
4704 599
4718 585
4717 584
4704 597
4718 611
4704 625
4718 639
4704 653
4718 667
4704 681
4718 695
4704 709
4718 723
4704 737
4718 751
4704 765
4718 779
4704 793
4718 807
4704 821
4718 835
4704 849
4718 863
4704 877
4718 891
4704 905
4718 919
4704 933
4718 947
4704 961
4718 975
4704 989
4718 1003
4704 1017
4718 1031
4704 1045
4718 1059
4704 1073
4718 1087
4704 1101
4718 1115
4704 1129
4718 1143
4704 1157
4718 1171
4704 1185
4718 1199
4704 1213
4718 1227
4704 1241
4718 1255
4704 1269
4718 1283
4704 1297
4718 1311
4704 1325
4718 1339
4704 1353
4718 1367
4704 1381
4718 1395
4704 1409
4718 1423
4704 1437
4718 1451
4704 1465
4718 1479
4704 1493
4718 1507
4704 1521
4718 1535
4704 1549
4718 1563
4704 1577
4718 1591
4704 1605
4718 1619
4704 1633
4718 1647
4643 1722
4557 1636
4471 1722
4385 1636
4299 1722
4213 1636
4127 1722
4041 1636
3955 1722
3869 1636
3783 1722
3697 1636
3611 1722
3525 1636
3439 1722
3353 1636
3267 1722
3181 1636
3095 1722
3009 1636
2923 1722
2837 1636
2751 1722
2665 1636
2579 1722
2493 1636
2407 1722
2321 1636
2235 1722
2149 1636
2063 1722
1977 1636
1891 1722
1805 1636
1719 1722
1633 1636
1547 1722
1461 1636
1375 1722
1289 1636
1203 1722
1117 1636
1031 1722
945 1636
859 1722
773 1636
687 1722
564 1599
662 1501
564 1403
662 1305
564 1207
927 844
1199 1116
1471 844
1743 1116
2015 844
2287 1116
2559 844
2831 1116
3103 844
3375 1116
3647 844
3919 1116
4191 844
4463 1116
4628 951
4521 844
4249 1116
3977 844
3705 1116
3433 844
3161 1116
2889 844
2617 1116
2345 844
2073 1116
1801 844
1529 1116
1257 844
985 1116
713 844
564 993
687 1116
959 844
1231 1116
1503 844
1775 1116
2047 844
2319 1116
2591 844
2863 1116
3135 844
3407 1116
3679 844
3951 1116
4223 844
4495 1116
4628 983
4489 844
4217 1116
3945 844
3673 1116
3401 844
3129 1116
2857 844
2585 1116
2313 844
2041 1116
1769 844
1497 1116
1225 844
953 1116
681 844
564 961
719 1116
991 844
1263 1116
1535 844
1807 1116
2079 844
2351 1116
2623 844
2895 1116
3167 844
3439 1116
3711 844
3983 1116
4255 844
4628 1217
4516 1329
4628 1441
4529 1540
4499 1510
4469 1540
4439 1510
4409 1540
4379 1510
4349 1540
4319 1510
4289 1540
4259 1510
4229 1540
4199 1510
4169 1540
4139 1510
4109 1540
4079 1510
4049 1540
4019 1510
3989 1540
3959 1510
3929 1540
3899 1510
3869 1540
3839 1510
3809 1540
3779 1510
3749 1540
3719 1510
3689 1540
3659 1510
3629 1540
3599 1510
3569 1540
3539 1510
3509 1540
3479 1510
3449 1540
3419 1510
3389 1540
3359 1510
3329 1540
3299 1510
3269 1540
3239 1510
3209 1540
3179 1510
3149 1540
3119 1510
3089 1540
3059 1510
3029 1540
2999 1510
2969 1540
2939 1510
2909 1540
2879 1510
2849 1540
2819 1510
2789 1540
2759 1510
2729 1540
2699 1510
2669 1540
2639 1510
2609 1540
2579 1510
2549 1540
2519 1510
2489 1540
2459 1510
2429 1540
2399 1510
2369 1540
2339 1510
2309 1540
2279 1510
2249 1540
2219 1510
2189 1540
2159 1510
2129 1540
2099 1510
2069 1540
2039 1510
2009 1540
1979 1510
1949 1540
1919 1510
1889 1540
1859 1510
1829 1540
1799 1510
1769 1540
1739 1510
1709 1540
1679 1510
1649 1540
1619 1510
1589 1540
1559 1510
1529 1540
1499 1510
1469 1540
1439 1510
1409 1540
1379 1510
1349 1540
1319 1510
1289 1540
1259 1510
1229 1540
1199 1510
1169 1540
1139 1510
1109 1540
1079 1510
1049 1540
1019 1510
989 1540
959 1510
929 1540
899 1510
869 1540
839 1510
809 1540
779 1510
749 1540
722 1513
725 1510
755 1540
785 1510
815 1540
845 1510
875 1540
905 1510
935 1540
965 1510
995 1540
1025 1510
1055 1540
1085 1510
1115 1540
1145 1510
1175 1540
1205 1510
1235 1540
1265 1510
1295 1540
1325 1510
1355 1540
1385 1510
1415 1540
1445 1510
1475 1540
1505 1510
1535 1540
1565 1510
1595 1540
1625 1510
1655 1540
1685 1510
1715 1540
1745 1510
1775 1540
1805 1510
1835 1540
1865 1510
1895 1540
1925 1510
1955 1540
1985 1510
2015 1540
2045 1510
2075 1540
2105 1510
2135 1540
2165 1510
2195 1540
2225 1510
2255 1540
2285 1510
2315 1540
2345 1510
2375 1540
2405 1510
2435 1540
2465 1510
2495 1540
2525 1510
2555 1540
2585 1510
2615 1540
2645 1510
2675 1540
2705 1510
2735 1540
2765 1510
2795 1540
2825 1510
2855 1540
2885 1510
2915 1540
2945 1510
2975 1540
3005 1510
3035 1540
3065 1510
3095 1540
3125 1510
3155 1540
3185 1510
3215 1540
3245 1510
3275 1540
3305 1510
3335 1540
3365 1510
3395 1540
3425 1510
3455 1540
3485 1510
3515 1540
3545 1510
3575 1540
3605 1510
3635 1540
3665 1510
3695 1540
3725 1510
3755 1540
3785 1510
3815 1540
3845 1510
3875 1540
3905 1510
3935 1540
3965 1510
3995 1540
4025 1510
4055 1540
4085 1510
4115 1540
4145 1510
4175 1540
4205 1510
4235 1540
4265 1510
4295 1540
4325 1510
4355 1540
4385 1510
4415 1540
4445 1510
4475 1540
4505 1510
4535 1540
4628 1447
4516 1335
4628 1223
4249 844
3977 1116
3705 844
3433 1116
3161 844
2889 1116
2617 844
2345 1116
2073 844
1801 1116
1529 844
1257 1116
985 844
713 1116
564 967
687 844
959 1116
1231 844
1503 1116
1775 844
2047 1116
2319 844
2591 1116
2863 844
3135 1116
3407 844
3679 1116
3951 844
4223 1116
4495 844
4628 977
4489 1116
4217 844
3945 1116
3673 844
3401 1116
3129 844
2857 1116
2585 844
2313 1116
2041 844
1769 1116
1497 844
1225 1116
953 844
681 1116
564 999
719 844
991 1116
1263 844
1535 1116
1807 844
2079 1116
2351 844
2623 1116
2895 844
3167 1116
3439 844
3711 1116
3983 844
4255 1116
4527 844
4628 945
4457 1116
4185 844
3913 1116
3641 844
3369 1116
3097 844
2825 1116
2553 844
2281 1116
2009 844
1737 1116
1465 844
1193 1116
921 844
564 1201
662 1299
564 1397
662 1495
564 1593
693 1722
779 1636
865 1722
951 1636
1037 1722
1123 1636
1209 1722
1295 1636
1381 1722
1467 1636
1553 1722
1639 1636
1725 1722
1811 1636
1897 1722
1983 1636
2069 1722
2155 1636
2241 1722
2327 1636
2413 1722
2499 1636
2585 1722
2671 1636
2757 1722
2843 1636
2929 1722
3015 1636
3101 1722
3187 1636
3273 1722
3359 1636
3445 1722
3531 1636
3617 1722
3703 1636
3789 1722
3875 1636
3961 1722
4047 1636
4133 1722
4219 1636
4305 1722
4391 1636
4477 1722
4563 1636
4649 1722
4718 1653
4701 1636
4615 1722
4529 1636
4443 1722
4357 1636
4271 1722
4185 1636
4099 1722
4013 1636
3927 1722
3841 1636
3755 1722
3669 1636
3583 1722
3497 1636
3411 1722
3325 1636
3239 1722
3153 1636
3067 1722
2981 1636
2895 1722
2809 1636
2723 1722
2637 1636
2551 1722
2465 1636
2379 1722
2293 1636
2207 1722
2121 1636
2035 1722
1949 1636
1863 1722
1777 1636
1691 1722
1605 1636
1519 1722
1433 1636
1347 1722
1261 1636
1175 1722
1089 1636
1003 1722
917 1636
831 1722
745 1636
659 1722
564 1627
662 1529
564 1431
662 1333
564 1235
662 1137
564 1039
759 844
1031 1116
1303 844
1575 1116
1847 844
2119 1116
2391 844
2663 1116
2935 844
3207 1116
3479 844
3751 1116
4023 844
4295 1116
4567 844
4628 905
4417 1116
4145 844
3873 1116
3601 844
3329 1116
3057 844
2785 1116
2513 844
2241 1116
1969 844
1697 1116
1425 844
1153 1116
881 844
564 1161
662 1259
564 1357
662 1455
564 1553
733 1722
819 1636
905 1722
991 1636
1077 1722
1163 1636
1249 1722
1335 1636
1421 1722
1507 1636
1593 1722
1679 1636
1765 1722
1851 1636
1937 1722
2023 1636
2109 1722
2195 1636
2281 1722
2367 1636
2453 1722
2539 1636
2625 1722
2711 1636
2797 1722
2883 1636
2969 1722
3055 1636
3141 1722
3227 1636
3313 1722
3399 1636
3485 1722
3571 1636
3657 1722
3743 1636
3829 1722
3915 1636
4001 1722
4087 1636
4173 1722
4259 1636
4345 1722
4431 1636
4517 1722
4603 1636
4689 1722
4718 1693
4661 1636
4575 1722
4489 1636
4403 1722
4317 1636
4231 1722
4145 1636
4059 1722
3973 1636
3887 1722
3801 1636
3715 1722
3629 1636
3543 1722
3457 1636
3371 1722
3285 1636
3199 1722
3113 1636
3027 1722
2941 1636
2855 1722
2769 1636
2683 1722
2597 1636
2511 1722
2425 1636
2339 1722
2253 1636
2167 1722
2081 1636
1995 1722
1909 1636
1823 1722
1737 1636
1651 1722
1565 1636
1479 1722
1393 1636
1307 1722
1221 1636
1135 1722
1049 1636
963 1722
877 1636
791 1722
705 1636
619 1722
564 1667
662 1569
564 1471
662 1373
564 1275
662 1177
564 1079
799 844
1071 1116
1343 844
1615 1116
1887 844
2159 1116
2431 844
2703 1116
2975 844
3247 1116
3519 844
3791 1116
4063 844
4335 1116
4607 844
4628 865
4377 1116
4105 844
3833 1116
3561 844
3289 1116
3017 844
2745 1116
2473 844
2201 1116
1929 844
1657 1116
1385 844
1113 1116
841 844
564 1121
662 1219
564 1317
662 1415
564 1513
662 1611
564 1709
577 1722
663 1636
749 1722
835 1636
921 1722
1007 1636
1093 1722
1179 1636
1265 1722
1351 1636
1437 1722
1523 1636
1609 1722
1695 1636
1781 1722
1867 1636
1953 1722
2039 1636
2125 1722
2211 1636
2297 1722
2383 1636
2469 1722
2555 1636
2641 1722
2727 1636
2813 1722
2899 1636
2985 1722
3071 1636
3157 1722
3243 1636
3329 1722
3415 1636
3501 1722
3587 1636
3673 1722
3759 1636
3845 1722
3931 1636
4017 1722
4103 1636
4189 1722
4275 1636
4361 1722
4447 1636
4533 1722
4619 1636
4705 1722
4718 1709
4645 1636
4559 1722
4473 1636
4387 1722
4301 1636
4215 1722
4129 1636
4043 1722
3957 1636
3871 1722
3785 1636
3699 1722
3613 1636
3527 1722
3441 1636
3355 1722
3269 1636
3183 1722
3097 1636
3011 1722
2925 1636
2839 1722
2753 1636
2667 1722
2581 1636
2495 1722
2409 1636
2323 1722
2237 1636
2151 1722
2065 1636
1979 1722
1893 1636
1807 1722
1721 1636
1635 1722
1549 1636
1463 1722
1377 1636
1291 1722
1205 1636
1119 1722
1033 1636
947 1722
861 1636
775 1722
689 1636
603 1722
564 1683
662 1585
564 1487
662 1389
564 1291
662 1193
564 1095
815 844
1087 1116
1359 844
1631 1116
1903 844
2175 1116
2447 844
2719 1116
2991 844
3263 1116
3535 844
3807 1116
4079 844
4351 1116
4623 844
4628 849
4361 1116
4089 844
3817 1116
3545 844
3273 1116
3001 844
2729 1116
2457 844
2185 1116
1913 844
1641 1116
1369 844
1097 1116
825 844
564 1105
662 1203
564 1301
662 1399
564 1497
662 1595
564 1693
593 1722
679 1636
765 1722
851 1636
937 1722
1023 1636
1109 1722
1195 1636
1281 1722
1367 1636
1453 1722
1539 1636
1625 1722
1711 1636
1797 1722
1883 1636
1969 1722
2055 1636
2141 1722
2227 1636
2313 1722
2399 1636
2485 1722
2571 1636
2657 1722
2743 1636
2829 1722
2915 1636
3001 1722
3087 1636
3173 1722
3259 1636
3345 1722
3431 1636
3517 1722
3603 1636
3689 1722
3775 1636
3861 1722
3947 1636
4033 1722
4119 1636
4205 1722
4291 1636
4377 1722
4463 1636
4549 1722
4635 1636
4718 1719
4715 1722
4629 1636
4543 1722
4457 1636
4371 1722
4285 1636
4199 1722
4113 1636
4027 1722
3941 1636
3855 1722
3769 1636
3683 1722
3597 1636
3511 1722
3425 1636
3339 1722
3253 1636
3167 1722
3081 1636
2995 1722
2909 1636
2823 1722
2737 1636
2651 1722
2565 1636
2479 1722
2393 1636
2307 1722
2221 1636
2135 1722
2049 1636
1963 1722
1877 1636
1791 1722
1705 1636
1619 1722
1533 1636
1447 1722
1361 1636
1275 1722
1189 1636
1103 1722
1017 1636
931 1722
845 1636
759 1722
673 1636
587 1722
564 1699
662 1601
564 1503
662 1405
564 1307
662 1209
564 1111
831 844
1103 1116
1375 844
1647 1116
1919 844
2191 1116
2463 844
2735 1116
3007 844
3279 1116
3551 844
3823 1116
4095 844
4367 1116
4628 855
4617 844
4345 1116
4073 844
3801 1116
3529 844
3257 1116
2985 844
2713 1116
2441 844
2169 1116
1897 844
1625 1116
1353 844
1081 1116
809 844
564 1089
662 1187
564 1285
662 1383
564 1481
662 1579
564 1677
609 1722
695 1636
781 1722
867 1636
953 1722
1039 1636
1125 1722
1211 1636
1297 1722
1383 1636
1469 1722
1555 1636
1641 1722
1727 1636
1813 1722
1899 1636
1985 1722
2071 1636
2157 1722
2243 1636
2329 1722
2415 1636
2501 1722
2587 1636
2673 1722
2759 1636
2845 1722
2931 1636
3017 1722
3103 1636
3189 1722
3275 1636
3361 1722
3447 1636
3533 1722
3619 1636
3705 1722
3791 1636
3877 1722
3963 1636
4049 1722
4135 1636
4221 1722
4307 1636
4393 1722
4479 1636
4565 1722
4651 1636
4718 1703
4699 1722
4613 1636
4527 1722
4441 1636
4355 1722
4269 1636
4183 1722
4097 1636
4011 1722
3925 1636
3839 1722
3753 1636
3667 1722
3581 1636
3495 1722
3409 1636
3323 1722
3237 1636
3151 1722
3065 1636
2979 1722
2893 1636
2807 1722
2721 1636
2635 1722
2549 1636
2463 1722
2377 1636
2291 1722
2205 1636
2119 1722
2033 1636
1947 1722
1861 1636
1775 1722
1689 1636
1603 1722
1517 1636
1431 1722
1345 1636
1259 1722
1173 1636
1087 1722
1001 1636
915 1722
829 1636
743 1722
564 1543
662 1445
564 1347
662 1249
564 1151
871 844
1143 1116
1415 844
1687 1116
1959 844
2231 1116
2503 844
2775 1116
3047 844
3319 1116
3591 844
3863 1116
4135 844
4407 1116
4628 895
4577 844
4305 1116
4033 844
3761 1116
3489 844
3217 1116
2945 844
2673 1116
2401 844
2129 1116
1857 844
1585 1116
1313 844
1041 1116
769 844
564 1049
662 1147
564 1245
662 1343
564 1441
662 1539
564 1637
649 1722
735 1636
821 1722
907 1636
993 1722
1079 1636
1165 1722
1251 1636
1337 1722
1423 1636
1509 1722
1595 1636
1681 1722
1767 1636
1853 1722
1939 1636
2025 1722
2111 1636
2197 1722
2283 1636
2369 1722
2455 1636
2541 1722
2627 1636
2713 1722
2799 1636
2885 1722
2971 1636
3057 1722
3143 1636
3229 1722
3315 1636
3401 1722
3487 1636
3573 1722
3659 1636
3745 1722
3831 1636
3917 1722
4003 1636
4089 1722
4175 1636
4261 1722
4347 1636
4433 1722
4519 1636
4605 1722
4691 1636
4718 1663
4659 1722
4573 1636
4487 1722
4401 1636
4315 1722
4229 1636
4143 1722
4057 1636
3971 1722
3885 1636
3799 1722
3713 1636
3627 1722
3541 1636
3455 1722
3369 1636
3283 1722
3197 1636
3111 1722
3025 1636
2939 1722
2853 1636
2767 1722
2681 1636
2595 1722
2509 1636
2423 1722
2337 1636
2251 1722
2165 1636
2079 1722
1993 1636
1907 1722
1821 1636
1735 1722
1649 1636
1563 1722
1477 1636
1391 1722
1305 1636
1219 1722
1133 1636
1047 1722
961 1636
875 1722
789 1636
703 1722
564 1583
662 1485
564 1387
662 1289
564 1191
911 844
1183 1116
1455 844
1727 1116
1999 844
2271 1116
2543 844
2815 1116
3087 844
3359 1116
3631 844
3903 1116
4175 844
4447 1116
4628 935
4537 844
4265 1116
3993 844
3721 1116
3449 844
3177 1116
2905 844
2633 1116
2361 844
2089 1116
1817 844
1545 1116
1273 844
1001 1116
729 844
564 1009
671 1116
943 844
1215 1116
1487 844
1759 1116
2031 844
2303 1116
2575 844
2847 1116
3119 844
3391 1116
3663 844
3935 1116
4207 844
4479 1116
4628 967
4505 844
4233 1116
3961 844
3689 1116
3417 844
3145 1116
2873 844
2601 1116
2329 844
2057 1116
1785 844
1513 1116
1241 844
969 1116
697 844
564 977
703 1116
975 844
1247 1116
1519 844
1791 1116
2063 844
2335 1116
2607 844
2879 1116
3151 844
3423 1116
3695 844
3967 1116
4239 844
4511 1116
4628 999
4473 844
4201 1116
3929 844
3657 1116
3385 844
3113 1116
2841 844
2569 1116
2297 844
2025 1116
1753 844
1481 1116
1209 844
937 1116
665 844
564 945
735 1116
1007 844
1279 1116
1551 844
1823 1116
2095 844
2367 1116
2639 844
2911 1116
3183 844
3455 1116
3727 844
3999 1116
4271 844
4628 1201
4516 1313
4628 1425
4513 1540
4483 1510
4453 1540
4423 1510
4393 1540
4363 1510
4333 1540
4303 1510
4273 1540
4243 1510
4213 1540
4183 1510
4153 1540
4123 1510
4093 1540
4063 1510
4033 1540
4003 1510
3973 1540
3943 1510
3913 1540
3883 1510
3853 1540
3823 1510
3793 1540
3763 1510
3733 1540
3703 1510
3673 1540
3643 1510
3613 1540
3583 1510
3553 1540
3523 1510
3493 1540
3463 1510
3433 1540
3403 1510
3373 1540
3343 1510
3313 1540
3283 1510
3253 1540
3223 1510
3193 1540
3163 1510
3133 1540
3103 1510
3073 1540
3043 1510
3013 1540
2983 1510
2953 1540
2923 1510
2893 1540
2863 1510
2833 1540
2803 1510
2773 1540
2743 1510
2713 1540
2683 1510
2653 1540
2623 1510
2593 1540
2563 1510
2533 1540
2503 1510
2473 1540
2443 1510
2413 1540
2383 1510
2353 1540
2323 1510
2293 1540
2263 1510
2233 1540
2203 1510
2173 1540
2143 1510
2113 1540
2083 1510
2053 1540
2023 1510
1993 1540
1963 1510
1933 1540
1903 1510
1873 1540
1843 1510
1813 1540
1783 1510
1753 1540
1723 1510
1693 1540
