500 500000
0 0
3998 0
3998 498
0 498
0 4
3994 4
3994 494
4 494
4 8
3990 8
3990 490
8 490
8 12
3986 12
3986 486
12 486
12 16
3982 16
3982 482
16 482
16 20
3978 20
3978 478
20 478
20 24
3974 24
3974 474
24 474
24 28
3970 28
3970 470
28 470
28 32
3966 32
3966 466
32 466
32 36
3962 36
3962 462
36 462
36 40
3958 40
3958 458
40 458
40 44
3954 44
3954 454
44 454
44 48
3950 48
3950 450
48 450
48 52
3946 52
3946 446
52 446
52 56
3942 56
3942 442
56 442
56 60
3938 60
3938 438
60 438
60 64
3934 64
3934 434
64 434
64 68
3930 68
3930 430
68 430
68 72
3926 72
3926 426
72 426
72 76
3922 76
3922 422
76 422
76 80
3918 80
3918 418
80 418
80 84
3914 84
3914 414
84 414
84 88
3910 88
3910 410
88 410
88 92
3906 92
3906 406
92 406
92 96
3902 96
3902 402
96 402
96 100
3898 100
3898 398
100 398
100 104
3894 104
3894 394
104 394
104 108
3890 108
3890 390
108 390
108 112
3886 112
3886 386
112 386
112 116
3882 116
3882 382
116 382
116 120
3878 120
3878 378
120 378
120 124
3874 124
3874 374
124 374
124 128
3870 128
3870 370
128 370
128 132
3866 132
3866 366
132 366
132 136
3862 136
3862 362
136 362
136 140
3858 140
3858 358
140 358
140 144
3854 144
3854 354
144 354
144 148
3850 148
3850 350
148 350
148 152
3846 152
3846 346
152 346
152 156
3842 156
3842 342
156 342
156 160
3838 160
3838 338
160 338
160 164
3834 164
3834 334
164 334
164 168
3830 168
3830 330
168 330
168 172
3826 172
3826 326
172 326
172 176
3822 176
3822 322
176 322
176 180
3818 180
3818 318
180 318
180 184
3814 184
3814 314
184 314
184 188
3810 188
3810 310
188 310
188 192
3806 192
3806 306
192 306
192 196
3802 196
3802 302
196 302
196 200
3798 200
3798 298
200 298
200 204
3794 204
3794 294
204 294
204 208
3790 208
3790 290
208 290
208 212
3786 212
3786 286
212 286
212 216
3782 216
3782 282
216 282
216 220
3778 220
3778 278
220 278
220 224
3774 224
3774 274
224 274
224 228
3770 228
3770 270
228 270
228 232
3766 232
3766 266
232 266
232 236
3762 236
3762 262
236 262
236 240
3758 240
3758 258
240 258
240 244
3754 244
3754 254
244 254
244 248
3750 248
3750 250
246 250
246 252
3752 252
3752 246
242 246
242 256
3756 256
3756 242
238 242
238 260
3760 260
3760 238
234 238
234 264
3764 264
3764 234
230 234
230 268
3768 268
3768 230
226 230
226 272
3772 272
3772 226
222 226
222 276
3776 276
3776 222
218 222
218 280
3780 280
3780 218
214 218
214 284
3784 284
3784 214
210 214
210 288
3788 288
3788 210
206 210
206 292
3792 292
3792 206
202 206
202 296
3796 296
3796 202
198 202
198 300
3800 300
3800 198
194 198
194 304
3804 304
3804 194
190 194
190 308
3808 308
3808 190
186 190
186 312
3812 312
3812 186
182 186
182 316
3816 316
3816 182
178 182
178 320
3820 320
3820 178
174 178
174 324
3824 324
3824 174
170 174
170 328
3828 328
3828 170
166 170
166 332
3832 332
3832 166
162 166
162 336
3836 336
3836 162
158 162
158 340
3840 340
3840 158
154 158
154 344
3844 344
3844 154
150 154
150 348
3848 348
3848 150
146 150
146 352
3852 352
3852 146
142 146
142 356
3856 356
3856 142
138 142
138 360
3860 360
3860 138
134 138
134 364
3864 364
3864 134
130 134
130 368
3868 368
3868 130
126 130
126 372
3872 372
3872 126
122 126
122 376
3876 376
3876 122
118 122
118 380
3880 380
3880 118
114 118
114 384
3884 384
3884 114
110 114
110 388
3888 388
3888 110
106 110
106 392
3892 392
3892 106
102 106
102 396
3896 396
3896 102
98 102
98 400
3900 400
3900 98
94 98
94 404
3904 404
3904 94
90 94
90 408
3908 408
3908 90
86 90
86 412
3912 412
3912 86
82 86
82 416
3916 416
3916 82
78 82
78 420
3920 420
3920 78
74 78
74 424
3924 424
3924 74
70 74
70 428
3928 428
3928 70
66 70
66 432
3932 432
3932 66
62 66
62 436
3936 436
3936 62
58 62
58 440
3940 440
3940 58
54 58
54 444
3944 444
3944 54
50 54
50 448
3948 448
3948 50
46 50
46 452
3952 452
3952 46
42 46
42 456
3956 456
3956 42
38 42
38 460
3960 460
3960 38
34 38
34 464
3964 464
3964 34
30 34
30 468
3968 468
3968 30
26 30
26 472
3972 472
3972 26
22 26
22 476
3976 476
3976 22
18 22
18 480
3980 480
3980 18
14 18
14 484
3984 484
3984 14
10 14
10 488
3988 488
3988 10
6 10
6 492
3992 492
3992 6
2 6
2 496
3996 496
3996 2
0 2
2257 152
