858 500000
2 2
1704 2
1704 2062
2 2062
2 8
1694 8
1694 2052
14 2052
14 14
1674 14
1674 2046
20 2046
20 22
1670 22
1670 2034
32 2034
32 26
1666 26
1666 2026
36 2026
36 32
1654 32
1654 2020
40 2020
40 50
1650 50
1650 2016
50 2016
50 56
1644 56
1644 2006
58 2006
58 62
1638 62
1638 1992
64 1992
64 66
1632 66
1632 1986
74 1986
74 72
1628 72
1628 1968
84 1968
84 78
1618 78
1618 1950
90 1950
90 90
1612 90
1612 1946
94 1946
94 96
1606 96
1606 1938
100 1938
100 110
1600 110
1600 1934
104 1934
104 118
1594 118
1594 1928
110 1928
110 138
1586 138
1586 1924
118 1924
118 150
1582 150
1582 1912
134 1912
134 156
1562 156
1562 1904
138 1904
138 166
1548 166
1548 1898
142 1898
142 170
1540 170
1540 1892
150 1892
150 174
1534 174
1534 1882
168 1882
168 182
1526 182
1526 1878
176 1878
176 196
1518 196
1518 1870
184 1870
184 204
1514 204
1514 1866
188 1866
188 210
1500 210
1500 1858
196 1858
196 224
1496 224
1496 1854
208 1854
208 234
1488 234
1488 1848
220 1848
220 248
1484 248
1484 1838
228 1838
228 254
1478 254
1478 1832
240 1832
240 258
1470 258
1470 1826
250 1826
250 272
1460 272
1460 1820
258 1820
258 280
1456 280
1456 1814
264 1814
264 284
1450 284
1450 1804
276 1804
276 292
1444 292
1444 1788
282 1788
282 296
1432 296
1432 1782
296 1782
296 302
1420 302
1420 1776
302 1776
302 306
1416 306
1416 1768
306 1768
306 310
1410 310
1410 1758
318 1758
318 322
1404 322
1404 1752
324 1752
324 326
1398 326
1398 1742
330 1742
330 336
1394 336
1394 1736
334 1736
334 350
1388 350
1388 1726
340 1726
340 358
1384 358
1384 1722
348 1722
348 362
1376 362
1376 1716
358 1716
358 376
1366 376
1366 1696
364 1696
364 380
1358 380
1358 1692
368 1692
368 386
1352 386
1352 1682
380 1682
380 394
1346 394
1346 1670
386 1670
386 404
1342 404
1342 1664
404 1664
404 410
1334 410
1334 1660
410 1660
410 414
1330 414
1330 1654
418 1654
418 418
1326 418
1326 1646
424 1646
424 422
1322 422
1322 1638
430 1638
430 436
1318 436
1318 1628
440 1628
440 446
1308 446
1308 1618
458 1618
458 454
1302 454
1302 1604
462 1604
462 460
1298 460
1298 1592
468 1592
468 470
1292 470
1292 1586
482 1586
482 478
1286 478
1286 1576
490 1576
490 484
1282 484
1282 1564
494 1564
494 490
1272 490
1272 1560
500 1560
500 494
1258 494
1258 1554
504 1554
504 500
1250 500
1250 1542
518 1542
518 514
1246 514
1246 1538
528 1538
528 520
1242 520
1242 1522
534 1522
534 530
1238 530
1238 1514
542 1514
542 534
1234 534
1234 1508
548 1508
548 538
1230 538
1230 1500
554 1500
554 544
1224 544
1224 1496
564 1496
564 552
1218 552
1218 1488
572 1488
572 558
1210 558
1210 1484
586 1484
586 562
1204 562
1204 1480
594 1480
594 568
1200 568
1200 1476
610 1476
610 574
1192 574
1192 1464
616 1464
616 580
1184 580
1184 1458
624 1458
624 588
1172 588
1172 1454
638 1454
638 598
1162 598
1162 1438
654 1438
654 604
1156 604
1156 1424
658 1424
658 610
1152 610
1152 1420
662 1420
662 618
1146 618
1146 1416
670 1416
670 622
1138 622
1138 1412
684 1412
684 628
1124 628
1124 1400
688 1400
688 636
1118 636
1118 1392
702 1392
702 650
1112 650
1112 1382
712 1382
712 658
1108 658
1108 1378
722 1378
722 666
1098 666
1098 1370
732 1370
732 670
1086 670
1086 1354
736 1354
736 676
1078 676
1078 1350
748 1350
748 686
1066 686
1066 1344
754 1344
754 696
1060 696
1060 1338
764 1338
764 710
1050 710
1050 1328
768 1328
768 718
1046 718
1046 1316
782 1316
782 722
1038 722
1038 1310
786 1310
786 728
1020 728
1020 1298
792 1298
792 732
1016 732
1016 1286
800 1286
800 740
1004 740
1004 1268
808 1268
808 748
990 748
990 1262
812 1262
812 756
974 756
974 1254
832 1254
832 760
968 760
968 1240
838 1240
838 766
962 766
962 1230
848 1230
848 776
948 776
948 1226
852 1226
852 786
942 786
942 1218
856 1218
856 798
932 798
932 1210
872 1210
872 806
922 806
922 1204
878 1204
878 812
916 812
916 1198
888 1198
888 820
906 820
906 1192
900 1192
900 824
902 824
902 1188
904 1188
904 822
898 822
898 1194
914 1194
914 814
882 814
882 1202
920 1202
920 810
874 810
874 1206
924 1206
924 800
860 800
860 1212
934 1212
934 790
854 790
854 1224
944 1224
944 780
850 780
850 1228
950 1228
950 774
840 774
840 1232
966 1232
966 762
834 762
834 1244
972 1244
972 758
818 758
818 1258
978 1258
978 752
810 752
810 1266
992 1266
992 742
806 742
806 1276
1008 1276
1008 736
798 736
798 1288
1018 1288
1018 730
788 730
788 1304
1028 1304
1028 726
784 726
784 1314
1040 1314
1040 720
776 720
776 1326
1048 1326
1048 716
766 716
766 1336
1054 1336
1054 698
760 698
760 1342
1064 1342
1064 692
752 692
752 1348
1068 1348
1068 680
742 680
742 1352
1080 1352
1080 672
734 672
734 1368
1096 1368
1096 668
728 668
728 1372
1104 1372
1104 664
720 664
720 1380
1110 1380
1110 652
708 652
708 1386
1114 1386
1114 640
698 640
698 1396
1122 1396
1122 634
686 634
686 1410
1126 1410
1126 626
680 626
680 1414
1140 1414
1140 620
666 620
666 1418
1150 1418
1150 612
660 612
660 1422
1154 1422
1154 606
656 606
656 1436
1158 1436
1158 600
646 600
646 1444
1168 1444
1168 592
630 592
630 1456
1174 1456
1174 584
618 584
618 1462
1190 1462
1190 576
614 576
614 1466
1194 1466
1194 570
608 570
608 1478
1202 1478
1202 564
590 564
590 1482
1208 1482
1208 560
576 560
576 1486
1216 1486
1216 554
566 554
566 1494
1220 1494
1220 550
562 550
562 1498
1226 1498
1226 542
552 542
552 1502
1232 1502
1232 536
546 536
546 1510
1236 1510
1236 532
538 532
538 1516
1240 1516
1240 528
530 528
530 1528
1244 1528
1244 518
520 518
520 1540
1248 1540
1248 508
512 508
512 1552
1256 1552
1256 498
502 498
502 1558
1270 1558
1270 492
496 492
496 1562
1274 1562
1274 486
492 486
492 1566
1284 1566
1284 480
484 480
484 1584
1290 1584
1290 474
470 474
470 1590
1296 1590
1296 464
466 464
466 1600
1300 1600
1300 458
460 458
460 1608
1306 1608
1306 450
452 450
452 1624
1312 1624
1312 438
432 438
432 1634
1320 1634
1320 434
426 434
426 1644
1324 1644
1324 420
422 420
422 1648
1328 1648
1328 416
412 416
412 1656
1332 1656
1332 412
406 412
406 1662
1338 1662
1338 408
402 408
402 1668
1344 1668
1344 398
382 398
382 1672
1350 1672
1350 392
374 392
374 1686
1354 1686
1354 382
366 382
366 1694
1360 1694
1360 378
360 378
360 1708
1370 1708
1370 366
350 366
350 1718
1378 1718
1378 360
346 360
346 1724
1386 1724
1386 352
336 352
336 1734
1392 1734
1392 338
332 338
332 1740
1396 1740
1396 334
328 334
328 1744
1400 1744
1400 324
320 324
320 1756
1408 1756
1408 312
316 312
316 1760
1414 1760
1414 308
304 308
304 1772
1418 1772
1418 304
300 304
300 1780
1422 1780
1422 298
290 298
290 1786
1442 1786
1442 294
280 294
280 1792
1448 1792
1448 286
268 286
268 1812
1452 1812
1452 282
260 282
260 1816
1458 1816
1458 276
256 276
256 1822
1464 1822
1464 262
242 262
242 1830
1476 1830
1476 256
236 256
236 1834
1482 1834
1482 250
222 250
222 1844
1486 1844
1486 240
212 240
212 1850
1492 1850
1492 232
200 232
200 1856
1498 1856
1498 222
194 222
194 1864
1506 1864
1506 206
186 206
186 1868
1516 1868
1516 202
182 202
182 1872
1522 1872
1522 192
170 192
170 1880
1528 1880
1528 180
166 180
166 1888
1538 1888
1538 172
144 172
144 1896
1544 1896
1544 168
140 168
140 1900
1560 1900
1560 160
136 160
136 1908
1570 1908
1570 154
126 154
126 1914
1584 1914
1584 146
114 146
114 1926
1592 1926
1592 130
108 130
108 1932
1596 1932
1596 116
102 116
102 1936
1604 1936
1604 104
96 104
96 1940
1608 1940
1608 94
92 94
92 1948
1616 1948
1616 84
86 84
86 1962
1620 1962
1620 74
76 74
76 1978
1630 1978
1630 70
70 70
70 1988
1634 1988
1634 64
62 64
62 1998
1642 1998
1642 60
56 60
56 2010
1646 2010
1646 54
46 54
46 2018
1652 2018
1652 46
38 46
38 2022
1660 2022
1660 28
34 28
34 2030
1668 2030
1668 24
24 24
24 2044
1672 2044
1672 16
16 16
16 2050
1680 2050
1680 12
12 12
12 2060
1696 2060
1696 6
2 6
334 1497
