34 33
33 34
32 33
34 31
33 30
31 32
30 31
32 29
31 28
29 30
28 29
30 27
29 26
27 28
26 27
28 25
27 24
25 26
24 25
26 23
25 22
23 24
22 23
24 21
23 20
21 22
20 21
22 19
21 18
19 20
18 19
20 17
19 16
17 18
16 17
18 15
17 14
15 16
14 15
16 13
15 12
13 14
12 13
14 11
13 10
11 12
10 11
12 9
11 8
9 10
8 9
10 7
9 6
7 8
6 7
8 5
7 4
5 6
4 5
6 3
5 2
3 4
2 3
4 1
3 0
1 2
0 1
1 0
34 33
33 34
32 33
34 31
33 30
31 32
30 31
32 29
31 28
29 30
28 29
30 27
29 26
27 28
26 27
28 25
27 24
25 26
24 25
26 23
25 22
23 24
22 23
24 21
23 20
21 22
20 21
22 19
21 18
19 20
18 19
20 17
