10 5
844421851 757954402 420571580 258916750 511274721 404934137
783798589 303312726 476596954 583382039 908112885 504686855
281837844 755804204 618368996 250506341 909746255 982785476
810217235 902165950 310147569 729831748 898838287 683983931
472142715 100701208 434171835 610886973 913011053 966606367
477009776 865309927 260492310 805027827 548699303 14041700
719704686 398823542 824844977 668153201 1142819
493577866 867602775 243910876 325204362
870471232 191067091 567510740
238615928 967540250
