100 50
844421851 757954402 420571580 258916750 511274721 404934137 783798589 303312726 476596954 583382039 908112885 504686855 281837844 755804204 618368996 250506341 909746255 982785476 810217235 902165950 310147569 729831748 898838287 683983931 472142715 100701208 434171835 610886973 913011053 966606367 477009776 865309927 260492310 805027827 548699303 14041700 719704686 398823542 824844977 668153201 1142819 493577866 867602775 243910876 325204362 870471232 191067091 567510740 238615928 967540250 803179469
447969571 80445818 320054604 507940642 932833824 109057845 551267246 706561409 547440911 814466863 540283606 963838545 603185627 587617064 444989026 596286861 384901145 575651014 290329502 189391328 186729528 612773179 656659388 476530992 89824361 757603921 876770370 923381015 842460223 898173121 923082439 540599924 391296050 705283399 275634121 811628708 849485965 895038967 589801183 949764873 579695010 450563106 660245378 996257839 916941217 793325084 82372988 612783105 486444201 630147340 845077575
243035622 731489220 117134293 220460536 794582971 332536149 815913096 100607520 146358488 697670640 45234067 573866036 910016014 534197968 680589132 26696794 634999909 606338417 575952948 391209409 370139940 980516650 36392037 21636509 961031280 184971941 123895164 210576509 800746590 936969158 22782575 425618831 101500219 259919889 220829271 646925719 350293967 180317901 503636505 39378707 100921241 988235148 199355790 358555301 731598306 838326565 918482061 169424606 672640563 966548903 58050943
676201784 845424593 342312541 250687339 596791393 442314033 174819484 471625415 409905395 569112739 508600130 311446001 357151682 837661174 250932664 560600218 12436318 741574377 335916554 45696493 280883164 240130407 953129339 352225561 287877914 359201197 946905835 633747852 621076845 715619350 388017235 414417988 650832862 1524221 192309541 334401690 239415960 637399401 378648070 875423391 568151420 414406396 402267075 701829623 418226553 662195888 46779685 445352189 259226923 157686572 527573130
487265601 561404925 755484767 883875154 494582670 312058246 466892235 809045857 875016331 812414932 188001294 999420359 633088759 83467050 725554355 986821480 401816822 678515005 316177137 213524662 717324143 2357564 822731410 528345976 97784341 118903894 649265424 873653823 279982743 978515186 100180689 853938109 396696177 81345416 274713843 452978184 792341531 861359903 133420554 520865528 650783238 347053014 871863835 278409815 18574327 40663273 680996770 558355736 946502554 938438799 909851177
42004531 749134823 701324817 655361864 712357652 902710150 640141199 372449262 537928783 207844103 587125504 8897082 151023173 333408388 789623158 718499422 338255970 620538108 41202949 163860545 981914070 289530853 394791982 548484296 293407001 478064669 239706083 48256362 179586849 523050231 70862884 403169146 328520710 414721608 99400338 908657554 474004651 840848332 976229457 343651593 479086519 699595291 426535323 301903116 734750991 894399778 919688844 626742046 375571346 974560521 638878517
65834677 84669569 749869571 61156156 7851005 393807951 519003728 448544285 488618804 584888701 679302567 423038073 368331456 988459058 260916535 777100154 431221024 358520382 63857948 863578944 702004149 903010707 451611792 676920966 118910286 397953601 207231973 42101427 947961351 215894368 146354489 197970043 378031964 546391262 151334368 988689888 982989210 148402017 405906883 679929483 877656582 495405924 917046672 322460314 498440891 498646591 670068151 201991308 609770610 218773096 340220315
962566463 899008038 818118380 35468261 148366882 256881912 784166568 842333327 582948180 718131651 807055379 66359131 84643136 868895314 39415829 225090653 40632026 15285139 843954685 330594367 160690060 148819490 656083661 968598271 504999692 901090476 502428598 573872477 678571356 805109989 757846382 990532562 746965389 905780723 206104832 535416304 598614263 825696617 482213563 791040211 388568890 586388455 851316607 798059471 656984551 240696 181968922 506857786 254459398 65620843 859883422
942947021 302804878 408073167 810037533 62258758 640984862 127320812 287088339 829940686 55527045 35933833 417866044 491830959 863325183 717188746 673543808 151373772 986705924 411140196 611770864 386683005 47032915 470889209 151367753 32465462 617400423 629966291 105292824 549143766 346667976 383414073 776419898 490319677 881276615 610119742 467188415 632312640 337865379 124323792 682529618 622037442 788566491 127109124 911783318 799341211 916887408 872534721 681006446 810250849 519007309 785489149
189127467 782114106 444579604 756616221 455470236 789558728 75339585 44640905 934289582 486165100 901071399 944783251 666511152 571796826 215979384 93476219 819394215 888772067 779395710 698502432 420111116 305311590 113444895 425970248 566012974 922880583 935754769 415641196 99210988 773818732 734279341 30700845 446718599 686418104 30134234 919282353 962242486 722542772 78538539 70329465 359253314 29377507 347877727 9964241 974323512 819006699 70517611 893435091 207978040 204790798 673759145
938262268 123188121 7184567 369130147 24650014 604848237 859175608 186991702 112391035 344449607 959171520 130157694 966519260 362239869 473370402 292631985 937126844 958147894 635915706 184045550 992951788 102580439 580849381 156403060 897675314 945678391 804390298 315891418 242838689 754858413 291059519 419785377 46255676 132233810 20549620 77921120 73211149 420231702 550777177 740878819 142283473 422188746 636966037 84555694 444811155 369256039 948931928 57857113 408626221 417225479 728180504
320671002 203990275 293311655 470887542 950268329 796517022 276970245 558181588 688200303 795657155 446164383 398776905 767640742 431716495 247957668 453447031 937104646 142567488 462435354 637303524 483287988 203639904 1843160 698991711 618735518 7776649 298560121 768634259 628920378 545208115 156221109 706294042 471434921 678178746 760089836 232362721 761995013 280088384 984015137 120831610 883718018 40547125 256575818 526101908 581616183 396234985 102031728 252608085 283396503 755222854 908774325
595409915 35450965 792236471 305603932 339890406 530185437 249047047 919978087 163554758 414830400 289691949 519834102 573981803 627139689 531375803 410804502 634594012 403412876 778550259 788177425 292254168 371804323 628810905 157069967 697031930 381427752 591062474 139533099 668258386 354057860 472665576 415107400 476715247 694695632 318240176 652054480 60222107 300185152 745209690 52405878 621142195 25546799 471528868 888545043 10110093 526828020 66456829 867109776 686296522 741953856 669007579
6423453 41177862 620876804 999685125 873147239 699685806 727099954 226687022 751613934 287924104 105460267 460894895 330195772 168255398 421709892 897200976 435270273 447291895 708827757 524161870 129223035 910392397 444124336 789337739 388875130 806846018 389536416 220159521 196194666 940034644 586530258 49793265 388347596 234029260 84657064 186755868 56990479 638073628 173373864 610779876 612506747 704923710 512118650 284423990 877457453 353071081 458294324 631879431 516124298 956468348 954717677
929759850 934076349 580960135 490202063 704116817 215419592 265872039 43807253 162857542 3874549 654627576 140406989 786679345 680503995 970675793 396514486 921391913 453704172 339503739 102338869 882832185 794790158 322928976 455744384 325143465 28829116 44352525 368704125 209591328 524514603 187785035 201621586 672667881 735602656 312232095 859994399 254639174 343940376 712480390 44502901 934183460 72337731 460931058 724604825 47468534 809002685 978893343 460511672 118123636 81476995 98730436
765441374 414012848 919234158 440639776 77143310 426935587 754827893 829338426 39351686 180389391 490013452 128085477 871092641 934460888 319596998 434843682 557054064 285505791 541075697 201185045 296641251 441783633 604669902 536165026 260987976 231787875 118730236 783493635 98900766 732885006 248773695 284556984 736083433 659620791 741921555 515283058 859095819 121793891 645196961 118244312 737283368 358904661 674882104 703483913 660608457 221557980 831799886 240136087 518153297 674645754 233603174
628511722 286831047 171382376 809748828 553122770 327884706 585430947 25286397 129822856 395580851 975756579 510474517 76456205 765040615 781443870 774802174 569498038 695698737 213457936 732560590 816173987 759966540 353462402 591028050 628989357 900809853 108013895 833933770 526435558 358614120 455602901 12635498 220073592 652763420 660849279 494698940 953325880 480915088 313943659 847780839 259158299 604305993 703418852 821696298 785368750 384092330 59180305 38287865 726460387 961691381 343165374
441195098 725798015 657831245 260106588 671584845 304902419 356357906 539513305 732313823 151216211 21987210 627829954 24564677 44963240 225775576 653876873 66545097 62405767 972093244 422652893 892428933 216524283 435213179 358035134 176935536 328813185 986795818 747309009 382668279 409284434 263740901 531336678 735636912 686646615 462649835 41939046 921507806 408933803 390298867 3110114 138227214 868853417 513934596 732434844 148167886 330051006 840136556 820658521 246794268 21975308 806466973
168844005 787681392 683659229 168314760 78488643 927649429 597878397 620510173 457511802 150070977 601969912 252472880 805894656 732718954 27267185 932423009 36316048 89619318 292734560 150809060 236145082 355809488 735499715 404711360 269839754 492313153 392593249 310764197 900541657 550448450 977327510 772912409 570499297 262446589 686843656 455917718 721387715 403778808 496005036 20683767 739958502 34273544 680725385 582003695 775917611 289777599 686110815 207097975 529272001 340280379 978454551
971866557 208969735 566038235 329442685 968538187 924525948 586145853 720084455 681324756 353355632 916361569 899453536 330658464 747394910 9092126 816359110 564869345 952306712 363193074 625713074 323002431 782785381 600702996 987471022 1012793 140758742 43601382 125847848 929385297 948608299 480412534 946689394 818387610 778617734 747281950 187654585 548877261 423879230 949788047 173833538 169858843 658861753 157401789 110053672 503923197 796660971 605045671 754753972 265758531 284962833 428703641
990847884 717918256 946253957 537870455 554559851 990090335 189988275 782590437 791513824 844741627 750052709 155333018 661127632 923703184 563285152 360941510 949520148 561598650 411636394 614133498 804125016 228302090 15692043 529094897 941357420 680257962 630908000 627815147 496989712 730919269 249194440 891754263 274472655 944945013 926496710 77924524 448179701 744036284 449654071 508899024 806823937 704992160 958004222 164485994 923559286 927986252 634748938 940390827 252685587 881787283 773479292
609688999 90629244 30134353 10969495 250558057 762352409 386625032 775446725 625642490 389261899 880146628 38417239 465312990 829852339 126813482 710487561 328115841 24301278 473724930 521692738 41586250 565919353 347433837 4493207 190773380 110810672 540621954 43120163 928132570 845061972 945297643 314801032 905267388 984312422 764731434 275082613 670889304 595663153 404203302 306097854 59848190 125382474 133956156 480892864 641893384 764068452 46713759 823759872 43471223 554946830 744147849
631221371 949678675 344698353 585883355 82799062 559796587 813298801 201604513 260964500 700405640 253881966 259245474 935515287 998543030 155198430 900162387 552726485 38601142 585502715 641549650 33795698 757691922 817800141 71643242 648399940 456547480 238721287 458670381 159389709 333665906 655207299 476485556 555920094 543442793 820594240 343382798 812962090 79987087 427733045 352320116 451580638 833509820 512399400 987246646 861460720 118846745 316891535 22725501 733753421 19200804 885938514
193342864 413836290 62039306 311254887 389514989 52230973 767550653 711349719 357883624 835192553 77421802 54006401 354980294 901841332 756467701 672317678 562735735 803765538 412226693 30688579 802404286 190493434 387658849 357609347 123365625 350784368 177086877 616013830 653434357 13646552 456475852 554052656 871662994 496031310 80450436 51723879 862109082 790729409 858447931 262242667 647997360 95718047 826573111 333612936 955147237 471382565 33067696 909055877 625532148 287081286 36803893
376686396 156860559 548280311 146883675 174614278 920869485 640120034 242581411 878896280 624715829 945599340 482916794 887900833 678443807 44168555 240290490 281576404 170016683 238186950 226040148 878343749 462898793 876511831 137997883 564918486 13467678 930301409 5637114 389907648 801585958 999881559 19509740 824085483 510087959 38182020 777119270 111902412 611474187 778325216 673590926 379874324 26441636 436263967 913694483 332923365 247958719 137830833 510252455 533348272 73048242 407758486
658681454 966050685 431541121 436035336 471133972 225033491 394837642 645264725 397059209 581375748 835582287 997967573 885039683 371796626 21727134 611604599 474550708 237017112 40304099 321570238 798071312 964119006 106660139 877639411 48717671 713475818 26795713 421049682 870230838 393108147 924564317 713195141 604184280 161379048 340495783 411096164 590204864 996038160 283709747 503562890 933447907 345420793 628604787 766131538 630269725 753430679 195693000 957337686 176897806 583681176 296042609
634423025 291110415 431213356 682222548 269068750 727875882 346877672 132156097 613128716 165758028 430577446 398397411 76168847 710769837 680823565 777795005 544913140 553916775 169233002 207463898 228249490 525303528 818982582 356974116 881871988 735878268 716447143 335172129 118477492 962790481 854610635 408867990 863218190 899217115 342473623 501561492 331789840 695157514 912167313 984544103 743779074 305242353 880493290 992619629 346526163 948712352 511546405 964635442 995855990 812942095 683437049
154014469 4917283 595470850 704459905 935538045 517119900 696846602 647355971 204920124 644300092 981721211 111184956 688543243 614305117 375854723 793347753 10485858 892411622 817363953 480704831 108139154 452628555 584252899 253883478 486531464 775728763 922731795 561645027 827241785 77933212 856368046 920814565 168001376 827487361 849566170 878658868 517139519 608254243 208083245 708131549 405017303 21169085 134267113 388218031 885179806 564942293 916257034 929483844 86794992 588215413 334528038
506795122 455524802 479943272 101805808 833160083 490279961 644987556 472678752 181018376 541000584 159539739 852179256 831604025 143638778 68843953 68491916 393244024 953041437 556140416 265526573 229648827 110873194 141071210 811863266 138633464 864061557 822998074 136808802 558724769 7055267 862036134 558277120 755340394 490345326 690421999 931239124 559545810 874705476 343045442 97532545 5144642 226650278 838586836 311495462 224616147 495630423 946904122 508978448 340871662 77501791 573666933
226256979 367499127 381162366 758184337 231628844 935892225 742388067 481119540 880474491 359167980 384339873 129369130 778556094 401192652 500253028 470968665 656181817 373938431 915861326 431922259 359213977 400878055 766295721 993056589 866514646 479727498 291359343 445987054 344015553 243532052 186940915 955875734 499305190 109974873 383906610 388716917 513534526 980041324 976633496 565894110 618091525 675629074 502222182 486678058 314523939 683921739 91895278 317145246 890978559 227378150 967582378
984169721 575382663 40435980 93478197 200301637 326811568 113108211 797210773 364154570 233733698 43693870 382671859 4506730 116491450 604645510 934945411 199365921 741061206 197705521 1495193 896538046 846108737 66778715 177135288 234300928 928321364 381929095 807381756 435813532 381244666 765348054 615760996 269317694 582810598 703852849 827078091 677179079 640747071 595902342 92050949 945189059 714841910 272871129 692350694 620817436 658851445 378908971 573175854 660027230 201656069 508012164
120341655 105530498 911060575 124547224 893266971 469799199 454902615 339815319 416217716 377232380 564982947 335593319 821975863 233561750 248470122 480551546 935081283 23915674 723413615 6006587 404860213 764207249 446079121 429488928 253216828 475095638 228259499 283521289 653293561 599447056 929545515 968869081 522380193 87556512 299903094 517804895 673162893 946197249 155107433 36684701 870035682 805164368 765748276 468600767 677780704 411469224 192051657 390893765 787046596 801855622 961134466
887667125 682084536 520912022 723927023 183203589 923084531 712576574 594485555 434041717 633541589 617678727 898854126 570736310 213377152 441379361 242968510 904950168 843525814 555819114 196391567 43542013 134169453 443219280 674204078 223998104 684520349 861949383 757241081 425527475 645727907 988367432 885411602 338149506 685447053 163211281 557368471 356533964 438146318 438898853 663232939 845996007 468571842 146584788 754154273 751643010 953845239 394056006 463879009 540595741 892123396 704216517
21278123 207322687 853894847 585473817 873908466 411399137 210467887 4140726 996050958 136381533 642968765 489708910 380149390 537202150 78283560 970034202 492736941 15289516 419343431 757201905 312083669 745022408 767362719 239120718 967972486 27888749 863605484 512649121 153379488 258392945 593517291 278457163 838421076 219528514 384061297 506813167 339772963 824142803 263882204 88977173 154785188 626945455 563562650 63298321 993049163 479440632 319437201 729162401 24291858 434249144 664413839
962136224 761637778 885159209 118905907 429770605 31790425 271994197 384296865 343821080 373740796 803080004 189543632 824495610 541921087 338745128 552235767 161423332 495454749 21953296 862975077 331581034 344042949 995151997 613455731 417653694 790656721 67664707 570504204 520700961 861228168 586200342 485272415 520225858 781897308 347320795 557789413 707390272 995555454 693684195 961871171 399032661 608780992 745294857 348415949 269174938 972833111 348533972 999902677 852270984 216068114 828219222
983627126 276820224 664454413 769589222 83281998 819331804 308360732 706381796 950138221 35109021 611712880 292404627 114658789 711854802 979046562 512710500 346344209 449089594 414617884 531901909 409175836 80372464 979427735 996707277 174134554 241039966 436956291 698732937 31344935 835497550 638433373 269293562 870867214 661209213 316924281 547845994 979237558 48432966 708462016 849413610 692316848 140018412 597149603 785955245 418595912 582428278 253467954 312748550 808570143 489498137 448811737
122883837 374470898 520721055 231012334 807935561 383700706 238489792 308297493 824463532 904143475 960297848 15194079 753894130 525484036 124560076 246533576 281690830 404216687 470721272 936788856 58355056 709169305 854106094 357299917 249217198 221308490 300839176 145297990 551677986 250399504 27251535 232633433 820632105 417370221 883536254 943615631 243348328 559972451 881066909 581420337 168000286 247953247 987624829 299386864 867702982 795012337 741984702 721942256 789981863 847407685 62366436
167809824 505529324 212489525 533218022 493182339 126771448 85961152 11652796 825036130 81741668 961565328 983831854 745696443 450383280 275788463 412452421 345293266 396295139 726195782 892526207 157715026 242670578 209896906 45345990 854200579 511275543 67034778 446255261 450610791 777955955 761397448 134488989 626875615 509686293 13491776 147735829 666848423 367025806 963685395 501750362 688283169 133617639 479448458 734121471 833481675 199607428 396906721 473527009 440372393 475441670 295900225
808720742 913077945 349000728 637860071 380705918 578751991 695538944 501516277 674582070 757145744 843295635 188809889 216384897 514371351 509657018 807725493 517383372 900052469 777602835 506315811 826326121 475855960 341715158 433423439 456208012 650531951 52157094 729508677 968232775 458817569 68772293 201256383 103214039 256353661 793907105 1049435 873579332 939547150 185003084 173586434 965762962 360380154 811776304 9010677 990791579 16490206 607570595 928450354 831260858 310402556 822080412
393047636 499806417 363278000 354718067 582075226 782067985 699491128 768077955 14273267 531693393 352788602 208614832 920851822 196808049 184474965 178814094 658094906 611739930 505633468 586801757 940576314 861210087 905934520 54157834 897412774 31350647 647642945 930832178 502463423 419320667 331742954 916123618 925969264 619125509 714428984 339127041 138174767 979000978 657022116 274387549 977083552 608969933 330585086 895813000 77900428 804153664 159579015 107674446 258944068 714825543 608008298
421278377 159046192 923751863 766285174 686266628 812909066 774245260 112425011 773354218 838725434 746755860 482277276 686445643 100007613 764345358 262227768 785126396 635284083 509078456 536017155 74730806 40897910 14824814 775542467 138495317 122866536 385062789 977702971 885924294 313289028 819798448 85077775 392040339 579205786 986246915 48706957 412421017 919610440 27610682 599082378 399393745 560268467 703349413 406695413 892052240 955714522 985059131 54778499 836829457 878372509 145405259
941429495 127113853 207314078 955546715 830783159 576551187 287808330 252715484 403138530 8993497 636359183 51550109 773852138 70163643 10254380 284657002 772692040 832637025 507302762 938297294 114517025 332219407 740345290 323319918 145360747 578360764 62573992 373016820 253868739 331812364 485182221 535702448 84357455 315528112 383696740 403304402 480035353 425872024 74027582 219324582 644286032 828764013 511440614 148189767 70467003 155894197 384047147 565206416 664257236 524359317 565290661
352233409 665596908 726860243 402125400 814912478 743932028 904743988 466748308 345221930 777203667 37593429 383876284 977193209 342263883 512322388 249769535 76946977 110951746 435210077 619002314 545748405 518682215 111650936 40259283 358696192 942484888 179817552 269261386 483140965 914207204 946974362 1303574 647895602 236158122 654481697 742846635 887139389 683417482 847209593 784479914 160716138 43692765 738778639 525918898 997865504 164890541 385269937 287783575 878697317 483695761 913649581
707190002 998806168 599779015 976159152 173406337 441680061 578391204 978295910 567879824 865264980 628505558 512401025 391441384 368634047 295218037 211369970 962577024 536461216 865869536 884963761 942299861 238166806 337728892 633139879 322054045 143928094 759859213 550391898 536523019 710471038 114740251 921909007 479823084 691828892 600324260 605232926 709911680 88795643 496733217 210289420 389683852 511745789 353948636 406712906 730869822 43327265 956593589 603917522 163554637 557218763 80935562
501473704 688631426 419777935 314181319 673714106 935285186 873635841 385368213 863402239 115034162 58720598 983186968 762908721 614988429 558780755 308878947 899082164 852750449 481715003 220382801 676395178 726189241 995506264 790378165 91246862 989940844 854512815 582523938 330931149 732927701 596621304 95765582 563512625 20196929 788696647 823585755 730115505 91478413 588093719 391395566 128393052 892090444 942294120 922283691 531217828 864428489 197836214 295483940 908711241 590373970 226015807
130097447 228311920 496006882 303489097 734421742 271311008 78437605 898212647 663839305 974064290 181997084 870387558 17195547 537822132 479742435 126196390 815118713 270851933 898434152 699413445 852360551 866480963 791782979 736488351 4070519 143430008 207132039 577482414 3374616 127156526 484966706 41064273 318746387 219988343 174407053 316605647 881216767 231442659 649158825 733998181 675280583 188745462 349800724 272157038 538646329 969035158 217872577 552370692 65476634 375567168 954172950
908477311 95206137 852525876 715706392 917923457 460815460 422555008 896152971 536157311 761367498 177642105 68433338 440493829 327051530 511873454 344323335 862588013 735604939 383956861 125866471 709844572 541085552 151945282 34784751 616700183 516247948 575455278 415861213 468711839 391426213 87725349 535305123 121604230 673488620 749418174 167929038 201511697 240711123 598510119 406492583 887530303 547967167 525636272 218493889 90857253 924709989 99638987 130225022 195308361 576826367 639033441
431636501 394897586 641027286 262094450 800450447 640049730 602862624 28876605 345374293 768859794 205907640 644494176 974719719 440540479 517947261 212040132 7016764 236601132 471839965 604271369 835929428 290018851 329044444 720648638 664281263 714522498 877284762 88681307 124486378 496342527 612604592 654071517 230097493 136095981 921435861 240070856 17828237 282912538 517199924 633354025 739209023 145588763 507876160 320194145 724683516 359494230 811143367 191619628 994702006 521439632 423845132
725657207 378845329 35478809 440876424 287794132 661211640 526714572 830098119 489279123 155345891 148604332 572623159 264873986 211599283 941782714 139296259 916070489 536227534 936908194 839033082 298878295 470196646 85283001 366671350 926727280 100999679 245637241 42726420 860828263 683587586 589345217 465652829 260043581 585843535 702715579 792999650 162474186 625303582 678825794 581173754 727754211 517783635 954640064 650185368 628047676 13157764 143541788 601071534 766911654 144258118 636828578
154346375 763204044 821205225 620613986 67913898 279438436 269531291 467833538 780065136 578317831 991956115 708247148 141359067 979129146 58612781 332857200 637251275 390486552 22172495 296484586 241866687 776149035 592553933 143995897 872605722 212998557 319678351 874723397 765216359 420831088 519271742 979169019 710806357 715729151 655782174 988238471 924008929 298239365 445157957 635686116 236900417 647283950 903272858 306275688 367922538 449939638 386317684 643322418 51969212 776736078 285342287
622006086 423868294 611289090 568948699 517557845 160323156 7522748 106976761 384893392 257097484 484797022 470831366 515388335 132709701 497408779 950486800 171987367 15543365 338888363 708499369 860750830 109267947 31202759 310136745 622034473 920406849 330423536 779362298 127516694 640972555 249963517 761178275 912125866 441406623 687218351 354037608 849072556 410133744 584077865 986454472 557637190 452830248 96060246 949620804 524899712 700791317 654582183 237443546 637070676 96628795 57288405
840913320 600782045 301372574 526839592 557902482 677778268 134281 144448369 93169833 753086047 452334715 198396602 374486058 669454593 461224073 545859047 937533270 400323197 103253923 107138449 724717357 312469575 115038055 778181160 888819568 102356840 616513835 740488358 245834648 836668879 684012414 444569797 165715623 257832787 829468158 167807828 704633346 570942580 560717995 16331672 122701288 309804566 630329242 381435418 256491852 383840823 463115756 594583187 559747456 368018017
425462273 806239247 589015323 970484695 602473715 283290627 513115579 472901833 852926088 737499546 880587769 717829353 253275791 272815300 163808406 879042016 900082807 323564385 23223641 474267569 788379452 702956537 675603719 21014869 101915623 729215908 818551144 182217532 816380160 951280412 601634706 551720165 32922353 413943029 466995394 953454083 440861190 11910968 567100109 68120893 992019594 659692496 719089452 693487187 940996122 404947307 278940545 78714716 22821035
477175509 743701728 739241197 2874942 616659993 831782175 866949713 769624850 418880749 703957636 701533513 64203441 38888402 346132609 643355737 380966304 644989719 761512746 771377595 283183324 971737171 553794607 627903583 635208541 673346180 154007929 674579805 431537471 968689668 714150174 973990134 991060158 833999998 586193104 600675957 469685223 369674558 418740718 913492736 646304836 169927227 37260647 439151175 440866264 65824722 226757138 331400522 376732886
624903733 155991160 821787065 497111297 69125367 99586823 943173584 31985217 648983150 178987078 654205214 987593657 918204081 437256467 431503513 289439852 440414006 957923706 37859664 478835375 895725852 106611122 116720694 814770860 282826220 797936061 301807168 32306504 819834055 331819562 461305566 59851689 650832963 828952873 219755969 933206345 633595074 548197484 205851065 876068428 423949048 42661702 925778449 368847481 294589991 58000214 33095766
43103845 874960844 867880144 469731969 81247475 139252968 947522653 560711191 795591697 76831986 65319088 777126533 115808808 820701450 934449326 432831064 115130860 717622226 445686168 501411272 887986624 539856330 138196683 372511355 849661472 511445851 80746938 506543472 35095101 879306819 248114847 729178091 994642938 896364766 528629145 324147213 698747668 546611319 908802213 242175292 693455145 152485382 405092178 777390643 364349944 283624298
352902289 373654067 7977128 143123040 740576242 692787253 652482389 136853510 115832059 489552033 483904187 125799546 965822914 817344226 872216940 172192014 656536388 813230818 323514828 985346769 95074739 793229039 144611214 251313346 189518478 115739670 670892623 242959189 799252960 769444786 957421573 774691804 990030828 557325797 31990510 332008460 394079946 966315729 421129849 270171230 799746313 919782394 46674838 980971971 722680822
995752053 648557457 7784752 678324828 226730306 988464191 932083970 860758235 708660603 253393623 926640532 822615053 633928411 170952673 199247284 566919286 593299709 408011289 813518633 678377256 258055545 30044144 606787563 329397955 889835956 234204572 548633305 197928852 966728955 642939541 753083354 890856327 453881769 546740417 449639138 619078144 334753863 821963603 365217619 771383008 16698758 363684938 479894309 901051612
722366248 733804269 636644496 900748489 724919728 631474643 920856009 764195215 14788550 868619381 188192461 748375106 413382230 392304935 153854114 428864422 999443944 827290527 736741421 642937367 214675681 63168471 932720751 908547077 2218911 911086045 748860584 98745331 154222527 176369684 256608102 902823832 421179922 538477187 424343567 464097299 250806611 315120952 252449413 284897427 607920829 23313570 937286918
513740785 502122932 421877855 731005837 761304627 722369827 965396523 414496902 85643358 798336023 712472824 25450282 492820267 809774222 948269393 349680807 471749875 444904450 744090920 703454232 474902492 185018329 587140953 24989996 355746896 307861808 66684962 97393558 788316232 453156393 128715395 933990661 315647422 440226933 694814354 154531042 782497517 845320174 491251985 709456172 723379088 991869384
775247760 360770068 510691115 393839067 535105449 895765122 96194895 894212999 503907875 145401120 933891090 194564178 26977557 470870614 573669303 50540940 628873411 563120693 563149737 80950657 356747470 130578666 467916562 370620929 329834469 881798484 624244881 110056186 657368326 996246290 365291969 770523153 657148374 475052069 404601496 213949092 417761220 266812815 486305940 669375490 886866967
145425278 809778185 761961090 628069473 192074591 71707113 136851612 321850399 291372744 810397084 343591319 162269446 975720898 704893412 803308525 497220718 96898962 586259287 444743057 318049722 87481704 316112020 272310405 356262189 713334068 116633430 378841074 758865805 309688361 855972400 864060074 189222415 649587797 639416457 169755211 557776705 475242010 240738191 712998282 895379575
896484424 105768442 378852186 89250552 463862094 663180583 706885823 57705297 113042385 632163503 834931384 607512637 93912506 81838105 580610767 216904654 747631541 302130154 825939054 902099416 531061779 702664973 764066393 626671211 646795532 403681719 892812348 177202313 161841860 724385597 211421673 520121111 901463730 357581508 735612269 869066975 658653444 90795057 516351486
797042502 997768896 458659677 56261562 349142314 499498495 929402643 65180384 915809391 439974639 99532100 751616747 121079469 133980141 236863662 547240132 660318378 860369863 589737012 637489444 481193824 504304557 662965795 269944941 295991890 622978819 621739886 180195996 195710252 548433867 833241977 311782698 173994907 48547010 530165247 528454777 612663973 546565910
658953475 870131473 317499396 796041990 226739138 330870978 494383641 519633477 737683593 26052154 738413821 806128860 1398377 561991407 18727167 138318752 871189393 54961653 907400185 667490446 765925936 675226018 758381159 731963129 894859520 359845280 382813617 649426139 530164209 678522631 368159278 418725067 392136780 39634820 736845480 568962425 885948251
737906888 414904133 775445894 63410346 636126042 931191242 891611723 316408207 280568323 294858126 886650982 342250939 413349438 329691699 266226012 870098548 443666844 534214893 401337896 335340588 403592213 894885798 280317678 696728326 214056416 909212192 466925745 298776398 428570544 739757253 856408565 812595566 129809855 967306086 477323228 951104529
170812507 940913788 192963503 869390762 270680893 840950634 163815376 854758033 661364603 121398847 936861203 434022903 183692396 843669279 54398510 38233330 737242817 89871159 746411448 94467318 939666260 137341999 562943847 646088595 366207130 95802227 488291733 335653316 890936229 203165319 223778931 597192545 443989989 286979631 140341605
839812584 95548404 903965385 940442813 130252250 924636957 265710244 792469737 324661710 445594325 710492725 546239361 754586965 396308295 62306122 343460846 884635018 802328715 926182228 589191363 328210585 481714364 493190387 245011541 871267361 59070701 331569121 978143335 560343893 943826596 6215891 811646182 625523866 856405624
734612580 999863062 337745932 743994805 844619027 693283595 791267107 819162666 271784845 283232927 404476716 23774436 905050057 811069720 131825102 818610707 329559149 606812783 489197759 444685697 609011496 907371320 414104154 26661025 851380699 951900687 807176812 156672612 421178950 756882388 863611045 869862696 923636619
641613764 138664177 420157848 959495710 132225779 932949115 359578132 590879188 813452572 92919120 112359800 478367753 904324000 970275765 654302924 191482052 793421572 376220042 264310496 589911306 442925318 519191144 970445468 38377235 873550910 433490238 845735015 876075303 736854670 473757065 521738118 596078565
395514830 713541439 854752054 336946541 954504646 562720718 293635143 162739173 726339069 281087511 808884508 946951241 352497978 377982401 301799854 255666313 998662461 827711076 865083392 27692904 952391549 823869862 823269987 926614212 411716662 76871809 569446446 535692498 215931015 742394048 985182594
716271881 794142574 772736871 810505933 159596456 605595183 608317673 874032571 437901040 260170908 536621690 493600465 16827208 48776116 188106396 492571650 658543401 520983206 574884040 991999555 87643296 372701368 545366993 790652796 883713610 620239908 655569361 894351970 791989179 580770792
12180109 412608700 70885906 962977523 826634114 345972484 100447530 564086386 352108173 723265528 837296974 596977896 818318176 8474502 233458644 430651840 465024510 812739394 175504697 572892177 537926503 647890201 13691735 43730525 90892718 393394346 597751514 734006808 650907967
107511997 865826748 394507992 816358635 171159452 380291715 670435229 630087877 518790499 923138555 811558770 595852607 677665256 415199246 512901834 630258031 837408071 199977966 457724092 184040751 197200135 35679796 119181910 757350380 329951276 304750604 143883877 576381785
415085779 55264837 382586619 807608731 756772678 974739170 857475697 497690537 792376088 785388888 410025587 387149036 560095001 442561707 622938399 813772606 918969430 643326428 524807886 215824712 399576794 224246431 728846841 540291004 153284854 165220568 28173769
113789730 619168348 637642733 528265808 789435492 546488683 256413042 765552005 366432451 44488441 216166456 444748376 613115610 779511410 861454531 774288595 751458669 589344741 193199689 666142069 694380602 268094349 371102875 293828279 995650613 697116934
359172264 194760433 340543920 241181135 830780306 188015503 378452823 534932471 251437438 168885610 961380968 903672332 26864110 533579265 43731946 433722463 109520534 804523443 200993400 300604013 85818006 968219526 500124119 422191155 552852148
179468029 797504835 287114655 846926456 739175362 294694462 486038684 294468926 940196923 848974950 538990323 689737671 77686976 800733046 358296747 268564581 327709070 889202259 103296405 986505651 463579951 627389180 506644704 62698281
765734832 401048926 482117342 821526487 311573538 140959898 45624236 689967794 66335055 593446390 68142091 112906209 393894107 291877319 107240739 941870790 946472015 962666357 980423134 909530773 566034049 404266573 741823348
523768271 227331287 775711866 163054828 651786134 949766405 535300549 145415136 358334783 510763021 432082085 149092010 598180373 880012558 971683325 181382564 658308475 21763915 149819464 513379456 606420881 247877091
734722739 892051365 970071844 103926820 683338824 522990253 698079652 933412883 286459299 881312210 90609872 41328971 925086270 258929345 710648166 219765454 588289580 340285318 722998922 744810042 902335383
803372366 450160337 127313144 671391152 439249656 708804199 988193167 334773162 443674676 343267550 321292762 242502114 352867146 362031116 358425586 947916684 375197054 17419214 964846943 581028830
308201040 793767881 22010069 854608303 118817868 24198118 143375464 835214682 50731559 913784359 291824765 196992492 655039387 242423333 565236673 763900490 667687136 317383368 633328025
628808522 20736352 460839228 632725178 381580779 160428000 912636708 10865987 865275092 166702647 991387037 910686135 91830546 767640591 667813064 864640788 496391059 312094320
790783318 736409080 536382819 985402641 769474794 497140817 925809283 505819751 843108756 49952814 129908805 212940819 232109137 140430287 41533377 559619494 589970803
726529768 614855486 453156759 449911887 14063289 616399383 635910984 625735051 961698229 703275997 210732811 610615516 553924234 672806049 594826299 757436439
458027940 566860789 925649504 263910543 662483917 737945497 821172530 573310648 974188515 962928039 513725372 452213104 103252469 587164273 311044524
687999293 716216321 866025502 743099950 809398361 841098531 995871348 329079164 588847004 557236486 570875314 667775712 936925507 18291510
310126041 462593064 516825129 906879626 499642273 236518675 857270679 514703484 784300408 264104844 944961717 401382659 446853644
476758221 330983676 758580057 576229026 603490314 600953085 294408106 341722463 91169403 384997035 262260323 348673681
624732374 684998251 748492403 221504961 183064293 968168135 466474222 475756094 83034000 687071323 172474373
52217235 250977511 966151504 332437435 57024057 670294987 174021959 284731089 476122536 540594395
302840101 924769329 757838209 626806961 75106300 818025680 829166256 808382536 831057411
173793385 898950320 294582029 264429729 1827653 157763766 347583897 233316437
874135238 47665524 445175683 378859867 864749391 835440412 324426509
678184621 459213211 250045204 696588882 465213478 695554753
737947519 561968028 264332630 137181796 10490888
423107911 660588389 826676380 284896759
68237076 481618401 338473076
334386790 47281792
