100 50
639426798 25010755 275029318 223210738 736471214 676699487 892179567 86938832 421921819 29797219 218637974 505355288 26535969 198837650 649884437 544941480 220440622 589265683 809430456 6498759 805819251 698139394 340250516 155479499 957213072 336594545 92745843 96716376 847494366 603726031 807128273 729731786 536228091 973115763 378534377 552040631 829404664 618519752 861706900 577352145 704571836 45824383 227898275 289387963 79791976 232790886 101001429 277973603 635684444 364832178 370180967
209507030 266977822 936654587 648035385 609131005 171138648 729126797 163402493 379455441 989523350 639999759 556949743 684614250 842851920 775999911 229048071 32100243 315453048 267740875 210982843 942909714 876367626 314677880 655438665 395631901 914547589 458851852 264880166 246627507 561368134 262741608 584585990 897822883 399400505 219320759 997537606 509526293 90909412 47116375 109649130 627446041 792079364 422159966 63527706 381619286 996121380 529114345 971078377 860779702 11481021 720721819
681710369 536970330 266825189 640961798 111552173 434765250 453723706 953815927 875852940 263389050 500586113 178651880 912627839 870518569 298444791 638949494 608970211 152839268 762510800 539379030 778626478 530353672 571896 324156057 19476742 929098616 878721877 831665529 307514125 57925166 878009599 946949445 85653452 485990463 69212518 760602165 765834429 128391464 475282378 549803593 265056628 872433041 423137940 211798205 539296088 729931069 201151063 311716291 995149356 649878057 438100083
517575841 121004195 224697337 338085562 588308718 230114732 220217384 70993086 631102957 228941783 905420013 859635400 70857349 238004634 668977778 214236807 132311848 935514240 571043093 472671026 784619424 807496997 190409914 96930814 431051182 423578623 467024668 729075849 673364547 984165211 98417871 402621282 339302605 861672536 248656333 190208908 448613547 421881639 278545144 249806447 923265599 443130745 861349104 550325312 50588329 999282468 836027585 968996257 926366983 848695734 166311110
485641125 213747299 401040292 58635399 378973118 985308843 265203058 784070601 455008367 423007485 957317640 995422689 555768323 718408275 154796825 296707825 968709364 579180290 542195201 747975560 57165272 584177594 502850382 852719892 157432727 960778903 80111465 185824960 595035106 675212553 235203895 119886613 890287314 246215347 594519153 619381510 419224915 583672289 522782715 934706257 204259199 716191800 238685952 395785846 671690222 299997079 316177196 751864492 72543114 458285522 998454440
996096447 73260721 213154312 265200414 933259377 880864173 879270242 369527088 157746832 833744954 703539925 611677765 987233063 653976317 7823107 817104135 299378752 663388714 938930003 134291114 115428670 107035977 553223640 272348212 604829827 717612187 203597312 634237958 263983901 488531852 905336491 846103713 92298467 423575772 276680223 3545689 771119223 637113377 261955262 741230908 551680421 427686918 9669699 75243860 883106393 903928571 545590289 834595019 582509566 148093785 127445519
308258349 898981488 796122304 860702582 898924636 210076538 249529739 102793621 780116241 884134701 406377389 620661510 154553338 929881015 864605696 976206032 810771719 881416204 24786361 736564471 332185467 930815886 802235138 864064028 810749316 266805709 787374509 108095626 872166782 858593251 222433717 816586605 460303234 305190867 795345499 227595487 23664434 193129788 328261951 864352942 966889104 279124992 641481738 399678384 981149687 536215732 939237140 115341751 970400611 178567816 962534315
265466362 108402547 434563758 728545060 313677314 606208853 511423059 385195433 576588043 254722506 708785283 1691278 925575165 538451997 719429999 741950077 670628504 364221471 69973811 664237684 330200036 313915645 848015279 719754263 300322268 309284662 408392908 402400387 295655202 127287799 420446333 940363670 677317945 902805545 615514915 300949874 547937213 405939 286913716 429888149 579984781 654705623 464988190 442159799 213701400 473186185 901180825 796024760 169691396 84795536 515452009
632940855 335188255 818423464 751138137 672795670 224640665 199129932 24425387 244842544 475136344 849737694 72828229 414441010 629765380 194435236 696354250 494377169 243984439 656058011 5544818 750964476 770046188 106587296 425146193 175886681 957966042 517957750 50218385 249198279 848336347 456461825 801416601 667577732 987892453 595452318 950039608 891425925 612652322 719273961 504778164 830569169 547871950 897208103 743655442 474674436 259191548 247239737 637661436 765813684 521299812 626748436
274597446 77483353 285728150 271715107 319709568 540152222 138374061 231261479 693949812 706419141 64228850 407599369 542611140 415774234 206834389 420143517 904838478 584079414 695522986 856732032 765594576 380381028 5896083 351758802 753475125 853447950 953430338 419021282 747515668 546132309 603252588 220538694 219421634 435835976 29024819 336129543 679141885 404316669 165044731 467390149 127627797 622256960 26966451 394020256 564391983 27102046 642749648 135699487 461698444 50284633 379103864
211660284 326845804 761229707 379126215 752009823 831924285 252271531 81906232 19383287 539419047 999907828 349960343 650144093 781233049 651754655 754233204 949611732 199360682 20380017 152382345 126220974 669458844 563969581 217964540 699464971 766898098 167789143 607247493 747925651 114532871 819301174 964720773 108098749 25678425 311957244 677347286 958172838 396654441 715014705 75996477 690614415 627242395 101901305 772480884 850293239 600411614 121055065 983844351 782635346 347203765 428378013
370570876 505960789 341231174 849575626 822330918 105538870 960787567 635585106 828707311 707308643 435487145 733795304 965473731 270082396 808199218 538172906 483497503 435574493 731026214 268395538 851713160 830731018 86662898 881631184 243863439 464708466 610331704 378989304 28699997 850952836 181839857 212119850 797832356 340338843 880319979 701183750 276268575 10151114 948062577 85612961 720074664 488577846 758164653 690609339 645902899 490821335 792932868 93053350 221596400 691787155 306206030
581555585 473260488 530921931 425503812 745935436 330791297 702854942 270916426 251403676 120655884 192584293 119554741 535863965 762189609 185149842 216384639 484198587 724585001 976607022 524636869 282998703 100526108 194117578 227483163 179441543 14148367 534135089 274311326 974294931 553358966 697417392 126279492 868461197 490878694 872719734 574064219 469396944 440468798 184363670 51376717 941063596 477729187 822115645 400707442 74082170 629445706 53609074 149197584 562839597 303835511 993918122
118451562 764443445 606317651 790740829 225687137 522572535 450514464 442721004 860166665 990031260 305380244 621027321 609630912 740089305 947590200 207787905 211025195 660428137 157057093 173813548 75064868 2675722 450503704 593811195 291259289 231476234 706955829 702987558 454031326 687384920 923911044 787828026 625058007 661183042 933668458 425138966 544562378 647634723 908411445 826631159 71409836 165922789 307611812 748957722 569207049 288610588 124353658 688677991 699733684 942676240 500472177
493795219 80441851 39860784 432028664 322321583 250367902 91326886 961911102 835958613 575199109 950786277 999572416 672281584 269511025 40231673 756268830 470500823 651509489 916072787 181489147 585329625 634784719 491725802 91242406 347961056 333308393 670133509 857733094 329803663 693673673 288217795 945193539 813566034 550096608 454825908 314517157 323273786 970184726 404175057 514596252 988119214 657660386 542593594 413247570 187582541 361779359 756443154 625408742 759990536 203558238 549219639
927672760 438116095 698250029 121426083 973146815 608871667 239297462 158378163 550839007 552251409 93209201 992257139 912929878 461447894 117466149 832143173 498375504 716603325 508872015 273424896 834723945 980244632 243730906 551265076 383586013 921868149 508240891 879326255 864026934 276247402 790006182 414942423 934248393 507737675 820549473 282838983 298555849 586937722 998902333 489640346 148595418 538580577 345123941 551917417 543430062 455344616 321777350 188652373 697498427 571797641 233562446
775544475 43647299 744705151 705227881 811408902 386078752 663688829 820747551 980818138 495328649 37019611 502291150 590180429 869700313 874190374 440306209 525951086 456928074 722443827 409978619 654781326 154361218 469490600 969203630 338561234 692704598 649836652 851765292 852341336 859342184 380009397 316661153 718717425 759401809 872383017 35899099 68420747 631161016 920929098 997425922 746766366 433971471 98443126 633747828 872579232 443678551 694001162 903424062 45990968 796143465 293367775
374841089 145569795 531166318 565928061 792519473 169983649 78968350 870839598 619710368 240829791 912829016 143117720 461149913 253977339 255326708 9397431 804633076 901209423 677610885 157975622 441729783 345565624 587571705 638938702 424308938 250098224 845303925 199216999 384693248 483208061 237205701 571922692 574811930 992692043 295230753 977944484 658229815 274480380 565929016 685799492 744668841 49044250 606406493 496727286 904155290 286194151 798860119 607064998 352320955 636617878 620891163
677764458 720928376 659181540 838337116 628248103 903403704 646340608 308932883 440823190 579573805 732359767 90133375 295110451 747480864 175640070 132159797 539407758 971489581 530852373 913486974 830472619 256970084 824689812 481847829 806488493 746559350 338715253 115169707 962893292 140757015 966500209 860140596 724216712 979942242 967269747 804587644 365775049 790681968 13918655 536572308 454786027 672828381 672340797 584560091 822417301 940291891 108346102 233821902 25024649 884234845 561407382
915255908 221367200 63217041 823855351 909387638 302190174 408295855 139777012 946261532 304364584 492624618 97191998 887259308 135664048 453643756 670486218 743140121 945974085 419126753 742269014 154522902 414884527 99021634 489347037 408115885 951521525 32716286 370529958 443383086 950555169 855450193 99354624 685680265 544465861 977842529 358673841 398139642 189808562 122159719 848033188 454717368 662768738 641704467 597145959 21357454 786794590 243568897 125923885 564577975 68610152 765157375
207157370 215951351 869695426 328559553 147554179 900531035 2835551 858406126 144687980 129992131 250654196 174497120 661057642 25780149 14860327 789984664 237931606 323771461 174246201 52399017 741718056 526085526 745665275 476245965 778017039 513237957 109054010 503838689 945415642 43365036 783226995 866980907 521451214 458042522 964026183 60825407 478981910 401617254 686097496 490268854 909700829 73490715 80790477 608297423 65682233 275015999 633076724 548356434 325185443 994627755 530556837
453715417 605426791 99178461 701779418 852792737 650916664 768962730 720839916 215023066 451554915 228493574 338931618 453498902 415989650 95085839 426764006 665107863 374301023 152638924 922985035 67133308 831771888 93230101 96564432 738795998 811769285 556370735 586465082 561586413 329645981 122231285 353598079 665340520 750284250 868092148 721060678 968398625 600410091 351646185 577918518 212738805 656736302 224244869 108218381 845373418 367561050 762605631 574100004 807221371 845155161 974546602
818426859 613573280 642699163 26253831 929084290 829460789 267447725 180416071 702698772 308984688 339824656 6105789 869862706 566321094 400784343 141874654 633172012 30657098 746111762 215132880 419832493 340895981 370053092 721595967 776835619 567593556 84957039 52608826 157409897 617838181 673968710 272102843 661938692 485661704 442044186 273166844 754943143 113817508 429913633 283246470 678486254 486632753 667132558 45417362 395263396 599324956 7687085 301419362 211233979 137234805 255519504
328122355 7729906 747014123 175694801 380207445 703671263 500262346 833354202 806200186 72075496 861764362 42302261 18741536 921162434 862110013 575759160 573399680 709498961 417693959 115173372 20856559 324768179 801322154 618125263 832025913 919769751 88129881 844484359 243316474 588871288 523962543 395766696 310274561 339513281 333068622 168132708 510483284 114026639 509952062 905922731 349375265 727379105 818948601 815037005 236268848 146444218 197271802 602398985 760215295 655509010 177146128
772848089 494117025 754445825 759877149 448905256 924154258 564491783 635298319 624521779 864246874 627217406 150957401 68286258 442208063 302820435 274673667 56172120 507336885 310407850 451913863 56890050 831696631 76731001 864250033 855293371 615008388 507067817 462711658 554316371 791817797 895876765 449733703 809815917 651837454 321526762 475629027 150861076 61873700 103501877 899126833 343437775 714315549 504549001 172558911 247743723 437758274 439421791 522748035 158746207 372851982 282893578
408769397 338367146 597885862 789226931 647305356 65911854 94505947 678379344 284146973 723733655 656564086 906342697 873279662 333362036 582739514 141428380 349820787 967696507 698479962 391957984 595041228 938002199 309581887 376679306 791661957 813184783 670116399 828958972 738774672 685414440 526393339 646024820 423406366 361828096 362597668 180262922 214192661 947668267 486270920 226543046 137565353 77165084 844428388 101140763 770874720 835119826 883682165 37747492 336764371 766307604 131049041
376719870 162247212 831345056 771097813 809043719 165539165 437673405 410858611 676362922 237530201 444198709 284927932 748536518 448927963 534011149 309467896 808623871 469015605 835113392 367840958 947130170 984439793 461679978 281771732 381872434 527459788 966268153 816891239 801259224 138398534 250003211 641179036 874116945 554540745 102589731 845892276 851166048 285063014 763116830 272791299 905306208 147348655 437472560 946413263 222038006 451127990 349585078 26670190 53256887 502007114 235778073
994525351 374912673 28187545 930825904 839176287 649960684 791380637 137599587 286879397 829761583 696071988 138792691 705536175 448601473 5251198 79225771 255923928 834963099 548804245 727234785 527771505 111186860 288101578 301151194 47749446 419825543 793899108 457113616 110857895 905146885 596739042 16435352 515375730 241938134 143576840 429238893 614809582 240564238 416567595 664371301 85613954 974654490 67679322 526059445 507327696 988331485 554151952 390453732 470135078 635670791 981039422
253650261 16242231 788520016 344802493 732941021 628256962 771501374 735186984 332518608 44335688 546013745 813508865 175089127 779142593 464622899 695389251 631735847 811497681 63100537 776190399 457679577 293442571 43806275 199469833 41905941 933370979 515383589 989122702 543030697 253313765 753290918 191103430 356974176 780841566 865798277 331924686 124475008 368019174 889486517 743307705 894637494 386644768 973723584 496203226 497523392 924310466 519275853 801148087 727081324 78927006 602453298
822341279 545474397 321211428 80068911 660919221 306495856 602621627 426116072 689764808 351546983 42355162 870037175 352559310 998150597 274555360 980027279 947904378 75041164 637512537 363311130 801095975 679410607 952789396 142779468 607572903 781311969 34798965 67233363 778515373 366328473 382854401 567244641 605094828 679062056 948823529 372013378 763084471 573921778 529459881 398034045 649560736 249611653 113448612 735674859 499043960 386987380 561672710 261776676 260289771 446273112 996365112
285576877 916478909 491200195 122637421 852826290 452042685 898679030 445111192 87790741 681929260 845521218 319587772 347425294 64939078 542171361 891331682 851362050 711809104 927324456 637700022 793696383 508755745 121362455 200980371 138876872 790373060 26284026 554021437 368911165 803661726 551646933 611948362 86215481 309290717 999595043 718869659 525695654 769164550 823339399 73750712 972379731 642338589 449974495 680108990 344514780 877960151 780262928 639793929 181963136 966264613 432618286
910712270 55412850 124161120 153015466 164657079 322660751 709332132 346023082 940904054 894925916 845933706 250605308 635057091 550841415 125170295 302824606 533478029 502573144 168635901 941606987 154194266 658732873 720632768 605138907 842530004 563618034 825236267 28373487 45461803 641453733 576771231 651129977 766959000 416586783 638991192 498038060 627164010 289671656 956650169 482944818 804688154 684990841 297433871 72973025 59913032 439605499 484251130 204023013 606660262 312582499 718362885
734199754 860777365 975374127 130766151 370540198 561651215 319115886 466472567 267471674 247918882 96811652 290212004 384149833 615377444 248270280 865307501 159699662 327435820 577687037 312714920 763121375 498265542 514724839 498759708 308540482 23176298 945232804 505444463 966686630 215144422 352895088 50540404 494894203 882339476 654260036 470586853 536690749 847172365 430927769 882455730 727508063 763856764 365937352 400581621 570281643 194655301 553222926 73531749 504255529 764404114 279720677
989090700 680398640 118811019 975082815 393903712 794897228 339085299 938948566 754965172 199057881 509122516 500077903 45303352 137036373 333040705 473744150 456988559 606260522 515505732 327965847 613068121 162502045 990615737 739319360 299234342 336373452 828289385 532339829 708739806 299790564 815748833 368357809 673806392 979898031 583702141 796754813 725324212 688043651 26647154 474590214 967070696 782903991 776162025 577634395 721400112 583523277 170512061 629025241 619735805 841167124 147775708
680726895 31570513 948205170 109895521 18937367 313692483 151431258 690500260 410377409 774972301 920520949 872817708 735837271 62281286 138082485 207341704 325049534 662226799 525477151 313752598 173182423 912124160 342327017 354286988 771989784 720924561 643309099 693313310 610076580 192264169 246519135 558086650 224867037 972910627 297614565 289004137 207277794 704988259 317040745 348803174 933700374 795405356 273457536 121874105 676622245 379694185 980160537 818377460 954608863 804615833 290452651
287630341 714141287 346363514 442376111 256443975 479079263 202068007 538577923 933023933 696171300 137272954 615677034 586830498 242458038 669833964 531041489 637944573 52491106 413301366 717358056 100544904 770766058 5181446 550352565 929099680 406907451 935032098 878399621 477448520 199455974 963914038 321167702 645897917 907936958 89460720 574133353 535152276 723117678 936669379 913229725 175064775 882244973 175788707 919634811 997171803 396994574 495383897 936608744 962131380 926039697 876743167
9267168 567961868 107300690 982993888 284561652 989099470 543300483 493912420 938560501 851059738 468020769 192811398 112646761 162494262 458914471 257264880 186199069 736617895 790767664 567781222 757282750 175494913 856146504 897042761 826989825 515280658 86737769 669255853 184781201 140611875 323601670 248047083 260785277 235521252 753756651 954034822 301945839 722882528 11435734 653683367 692768590 62124331 118224847 306806342 405416612 502520471 895118369 703557035 310977948 117415745 916130385
295037600 614625448 219128600 133568782 153185564 747734837 605738948 415845615 549234508 470828076 537517687 664094439 218411622 247465429 754739549 873135058 81870306 446747977 703766125 78102722 564168722 61758047 547649248 505487056 572701674 149852381 328117637 520341541 116240022 205401485 583147678 90941644 510375354 808692083 453432300 513247843 456798475 57736780 462378305 806915352 723280079 395948709 816453225 745804482 578311265 45289802 344528866 63759912 994123660 934582798 69019146
933775562 31734871 408866935 768972062 765827682 978333284 645880818 420361938 992856598 382479618 869620285 906767311 375645533 682730354 661792538 539300263 653534098 347769887 178473629 537258486 528842539 727858140 222690215 3473294 22735327 298362988 673499857 544445339 531933608 823360437 247512038 346159734 275649727 937410361 725023945 112844638 809478183 419240598 766053467 883756621 15645796 206081621 100896713 33576275 597784896 703286266 48676321 740541078 402265350 234339278 217269210
863730242 56444035 503895848 289263451 815786256 731517483 318903696 597917674 672531901 320665115 301764435 143260434 660212423 221042740 300500953 60957637 948520255 879713890 911577665 625993137 427200582 495620787 972290235 941586409 671342524 785804595 318734457 416324633 149217607 376460188 754416097 473518820 849340932 300736418 707576797 805776159 914741173 562385949 967786188 557286758 134092751 242858516 203336733 646705851 922226104 847133385 92463996 724584712 190481618 268461587 673671920
602922044 873620458 188163293 761696417 724305239 558850476 479394206 869473851 332964310 957019760 15333706 937159763 962077556 117316199 999572007 478920876 242593181 604401534 204513142 915126459 552079292 775513882 380661744 533650127 359259555 261561627 512816540 497277293 98608231 981318456 469490422 839731181 914330498 370704921 413930170 562524727 221274098 145922713 260774109 934758250 579142926 417578073 152411410 329865285 379839774 833362715 499301482 654607966 684846612 257326757 821591939
966508267 641694454 490595582 168233645 794975514 169265710 720313530 488316321 916899389 542136855 641809463 58732051 33823757 846697383 945188111 668215543 764338843 412392222 842544716 231433392 707169563 9141461 505732919 373200692 617835235 666754729 616519361 483204153 487854384 6612356 551643560 11850968 529417646 274740737 977479348 17142597 813157220 674032952 806167698 909773365 107016428 96313890 148897485 191932056 526455985 815214390 267324736 396896422 373051583 406027409 565002182
990233031 225857252 684041625 847867102 653735719 858219159 759585850 93500505 379264022 552701439 56114939 9450172 171383575 499858393 433909651 784376310 565856627 857960313 95361835 528159185 42551757 211417055 868116890 887554307 475500287 46561970 74348059 925584810 899311650 563509864 32901780 928766361 314484693 961469189 587036104 752254469 712711399 398296020 76937491 162450250 240472194 834650560 389156607 896525767 331729839 755609264 139950594 988477957 724163570 500792851 974323327
53696431 437088252 838674657 340592746 769005653 954858396 396703049 773554916 29625658 273327028 992585878 490603456 355811197 941142844 431847946 679694858 660671907 85694117 618615890 798055173 713108532 82038009 154220963 711677154 633900881 739655288 316678228 106550917 5195222 308267455 359917497 269766443 132507004 187391783 448843677 554740000 408044175 26261904 353914287 93064260 598043797 324430330 385237917 291847351 387799559 84699516 901136044 905207574 978173064 571960430 169582923
380732023 138840058 301131265 493123942 63267150 434676269 421102339 484231313 76921361 251699737 246590068 625033687 593806398 195548224 106972367 304657995 948823462 332217215 620192187 804076461 329541716 334736223 815475470 859508467 974225376 136124471 320665155 947278922 200851488 314183281 964574623 968725221 291448151 694957767 491007312 575879281 242424296 376055302 816494515 392935129 113887823 563850508 592227034 545629085 681712633 550099156 953004611 461622222 708367051 438454954 291331207
692835279 818965568 795656835 409141590 499303215 633336039 242021167 658662968 715236391 789076763 73965135 990700614 479234699 400805097 506612643 920392184 691708865 543645203 790720917 359529493 895501515 536905986 638180367 84981934 768954047 657601644 355008819 646999847 44296693 983608205 677471895 399617746 752682777 965716777 430455543 10547772 258738370 510676240 518797766 580518295 575235398 445778551 391134168 772342232 588589956 500465781 344967387 24562653 104549358 415975428 961727865
116069337 940676158 141675176 311890343 455332635 206867326 482925998 476162531 438165938 696763265 318909474 300264083 810185936 115085266 849180008 647969917 677139332 164354092 983900470 243912946 174453232 160135711 559848952 958462621 231855547 405047436 184451775 640478876 432134452 29192274 614106937 197324435 592203158 388835780 704735615 205784479 752325495 808729788 62563751 101752048 871979330 186959835 325984911 457550422 262353395 862636547 527715019 639108585 596970829 611308421 587004714
347924637 845517802 617362679 813738254 705988360 297444834 614484515 84751968 133947769 117861652 305380002 183044518 693436541 510824869 418239106 137867298 383709962 185753699 635501642 693432926 645260095 999899552 554912575 489642026 140296535 314580014 451000970 53611262 359039172 9583439 136534714 815215940 963829089 505438019 494969847 684696670 415630435 839891802 488699511 82670625 30860705 761056618 292089909 274852918 537608618 168208977 457321387 742518251 765919554 549726184 113210995
114206651 775113027 823282807 366861772 822610927 41610522 718980241 546353274 989775727 102416438 830070716 751345494 297708935 999312669 449732342 348576976 816728585 439069903 993957684 775631649 236946055 810702716 587923896 350630841 710753959 632770630 165981617 139234965 206619656 206942720 59357833 350815478 281085018 538768546 323653615 704053761 289333243 267343066 858016844 985488302 679299315 95225163 962771994 785691048 918768711 992486225 867047590 126888168 866078794 249677241 711394848
828481802 761473587 676234553 489458725 577425529 268717152 414225089 451991722 633627763 880125081 93094784 515613472 278225687 936336114 369071174 950254078 327289280 2473085 774135290 732724026 730931937 458449256 664143820 358222729 63330686 534424464 217829935 429643100 211851466 268536838 828343617 337755155 577933640 566142110 485337904 343739620 682551926 48409261 99574741 783889761 459581762 124237179 857651599 441285948 675931 958031769 202318206 688591881 131913087 649997199 158977462
932725562 274019458 654587964 250389278 371843767 903800268 165525079 396341566 305509244 699441371 234143841 655485228 703698039 1086303 476806708 132699792 226190861 679982725 9286947 695597107 817109026 988154909 422313933 132175151 70828305 383069925 730763381 102427170 313351477 880988994 137129294 773460483 753157800 133146231 992940155 142853066 530508276 8474741 650020213 440099420 722432026 628080038 151374130 411709894 686566169 859962524 86688033 100465112 752445646 589573917 384031909
963248710 314503668 139830188 276967656 84248715 553396631 600007867 607593098 778969652 690476075 847892104 658405370 301649333 517749127 509522566 747843640 295542051 54569131 897912560 954671511 494887719 112743662 499582541 593929768 528286500 977696947 986882532 933924401 131982880 860814003 568380388 365412462 682942049 762725937 954452983 770367049 16689401 67532569 262185277 39826861 60468859 789289998 506610604 628570696 501048965 415431994 701810638 82427811 536564816 616047055
277467735 309906885 511304698 203197493 808060080 536390172 390731502 634294247 834526469 681055684 66115083 698675881 729958377 846468115 57905944 86212798 434483588 453371842 608832404 309290063 741693509 740658180 119443006 707900607 701499611 163832630 953016201 523005362 782987101 720765518 166962954 126930607 781123979 268764486 886414759 771430290 29356251 807107846 271980595 63871989 712323248 576651674 77070031 455197777 360123895 499610005 566886128 367687777 255116081
102904915 573912305 722778373 228404423 508824884 44037907 862928494 244551450 471764589 382979474 150084668 931160077 857485197 552864788 913947669 740665828 419369304 321802014 416256598 720287921 271257958 77887069 372808166 502040942 901941009 179344350 804338019 981413863 954079407 68926437 465094177 282306870 844846504 327300921 553091395 7969173 200671153 563806740 303909307 622717523 463926690 591690934 493360675 772613262 195422423 900443297 760482220 245126874
6377882 410036109 232997741 346423697 839574006 877198614 950990262 1462040 657303850 849005987 727215039 103949019 529814489 238167594 492028876 59895075 996959270 711652474 93026638 921274402 897287471 519759218 700846909 372491974 974554790 84902417 95577005 133513850 819962891 74830484 567820728 434982878 964218274 236771734 260990938 315008915 800816821 700725606 735352868 318057719 271955871 74687435 202712626 779936982 584708035 155410551 164374980
466055112 406512551 535924549 964634722 207636225 308307718 265007926 119913556 157615377 686054842 826386687 696877983 40329808 835924750 327793658 91212903 248218789 355742755 513459675 677183376 260166792 990676620 31082093 404392226 452201169 748078447 249852628 462043248 803896753 139793039 11956923 830372331 982567237 130715237 823673415 372239743 630297548 644685015 582323801 258820652 812747091 21800182 64472036 902496081 443431323 128791548
905077970 829356177 331549891 42696319 460994922 167989208 573884199 821685401 394998688 29482293 683212916 172807211 214716105 187151113 279854554 883423798 34649443 619176548 245784779 295105162 411992206 550688665 60979068 279775987 137236017 199457806 884652516 525814058 630754388 802168082 794846244 989403615 781915766 359112109 544517806 484679485 912677016 502393255 388381274 179815873 318877567 219020188 895764781 778538281 58591230
991531323 529432291 766842168 999605746 973979861 100134337 656864421 266527001 816285161 917259482 55908655 996392048 219411586 846505090 797390687 354804634 839222252 845220902 176100367 592519509 806210225 697626563 913980004 28206569 700560803 947558735 563606486 563108890 188233664 988006210 881626359 492226723 309053072 490436420 90257376 232623358 218808941 526448514 683496 917896185 201464383 130489545 716937632 918780787
844284086 323588811 21912896 586609175 917224147 774366498 846480887 860669466 960558750 373590780 941923213 395595562 101032170 301765153 136451668 157503886 948693532 791842524 960662100 649180265 174202670 968742896 693560398 928845208 786991792 223237213 588950155 175351629 306823229 688498439 127348364 728830955 948788104 948698159 391601427 994283130 965183940 32382742 602388667 921038216 967531685 220895250 565550246
936687793 140643368 745343328 237995925 982379654 167887416 885320253 88726012 708965813 639102687 886653515 446629934 265212440 249540863 67794780 256657941 108034601 1281157 385937097 732584494 969101825 884551997 493081993 378712574 546023967 101428559 479489250 864050720 650969563 687160404 162656511 73709389 845762484 294908613 318716907 951662131 74200401 170105203 375457884 731985085 547046258 898124173
93104685 594030544 613644725 482736786 30993204 942442258 164997194 889753270 157103777 101257810 205550476 189984257 697196703 722038104 729974005 265264769 281523073 237548284 49635443 571769807 839854504 153589934 360828921 427605957 294549448 662020226 600215528 199674800 25735692 170832191 291811466 81936094 843769074 308353400 397467348 489096812 661040054 91136877 544126029 184881220 885492692
369401664 445775270 263295966 465057956 226242280 268561993 61639369 752235142 667468459 85707311 343791386 541449006 970705537 589726442 553601906 840797166 818405214 418632074 535514411 866894013 474824388 881653869 476262281 78955049 902777201 714305699 502101470 900455061 800450336 677534885 620273114 120281874 757188755 172878972 984367990 972164878 808460721 126185998 423374899 988279936
435393245 997269226 627226212 834108118 257886359 910804485 914173936 67011953 388099153 397354994 326126805 276200819 458157181 873466253 786550638 623057928 522562010 419593834 414442398 148199741 587934133 758377387 939649984 924928166 562683759 100990442 286092854 535633481 343869178 410890037 383043472 485584792 608962151 37465670 275414142 143852670 608655264 693661253 38782532
889574213 331494075 237579293 745749819 920834982 897031362 20232888 817385925 303054953 280346653 491619213 696182844 98217390 868900025 134385520 974219424 443110613 825823331 269419981 416772727 645554811 187935690 211390502 823969434 740944798 759493295 867188970 821017392 515269702 158972442 311123093 506795275 135649821 851295340 879332591 28948159 192763446 832929933
836976677 249490261 456448667 918031069 704633945 273977498 823506291 505126374 635409809 123872858 30563192 372466761 594043593 177583694 870480771 586880248 349759901 163513614 894491920 748961134 688850537 285069376 386565670 162907405 572258061 964917609 857111187 647379891 677695246 269083579 409507196 20052357 780303664 767572728 8897986 911515438 647371554
601141950 8463727 252390441 805085569 305459698 967024443 642740311 423806800 376475452 348709199 251998709 466698015 677196156 824310821 397152539 102312102 511513717 662355452 843283950 374229763 647342120 609050104 298475926 108104530 63837053 988360965 640594745 861491600 261146907 711093775 892373797 298791111 149929296 765474388 899687044 805429822
802363744 600033301 660530323 680755750 721283197 655400570 997469099 259426272 418565686 388274921 35319004 708068959 572042434 189915160 726549876 222363193 534635101 784897055 906526505 671868475 507314855 845419244 840638694 876494784 181135857 97603063 127944139 258651850 808343869 762918218 183068357 679712369 335632463 89299822 355283396
744209929 307085271 788090436 331317136 260559235 294051121 851213888 470536567 866393369 583574619 944300984 71215737 889426061 500477374 867497754 381669219 298355753 54061970 854239770 137365259 200296590 409191846 569403587 906620934 457571433 316383457 715668456 778941177 487580845 631032772 176824266 634498969 4713501 273527862
761193281 168605756 764483736 489577090 763569167 88041343 614479738 633487540 403393480 965327840 383316420 37725318 199414251 373101405 14077118 322213133 833228666 190576709 676748141 626686928 248823122 693524747 344349774 128930800 383550476 588670688 167020187 823843829 298202253 290827791 727831911 596369918 337835151
887974043 995472409 342732839 901383776 359250886 188426033 948084353 918205408 403391644 228418284 727168828 131205776 734076619 589692834 168984741 366591451 650540380 37363427 876544137 255789173 534733434 48586961 994680233 661969915 653567618 19741766 689749748 416775565 380253762 547282384 474396338 153127098
695192029 630311340 301116454 661664576 662482965 269977149 605634336 137163522 830652720 104914236 718766224 117734568 114012552 106263708 198646661 199749386 262993915 523146107 201673189 703436750 295351201 39405707 496354713 207693984 933124344 330603616 2737999 671633132 906880044 835232165 669021930
149144492 90082673 511705346 723563616 101290478 255892102 231160286 988665930 296022178 464277357 99808915 174701808 39444519 290567177 801596102 312707106 738540195 94998470 758204004 45889087 851998725 663355027 170512276 357527404 437714516 621807033 878475537 92951315 814964289 182869420
400777514 962309930 271833090 385715489 850671578 799899096 648846483 796909557 113056556 696169873 58646395 942466987 159395397 416027716 590750302 802264784 678393136 181260560 379750779 358598914 28816229 684464133 838536476 973444580 130655329 920397985 112937479 411284263 45972325
261612867 314237944 704568176 677928921 767528718 576649008 565012225 977895557 669844358 338300641 523103175 700580184 95242138 661713262 248576994 345749487 676295568 384876617 839033021 558344236 987791624 54566115 643398716 156927373 848845574 851871151 869415634 74865242
491647961 240891816 970145048 50350714 222706523 643317314 403276993 234999999 459094594 801261287 448098585 856589224 447068119 118706852 497373348 653373003 102643321 412338547 557131011 169715 90895546 604203276 619066153 304597958 508337740 206851248 671474370
950355129 363342477 54275213 222918114 454459982 560150845 619757969 473133681 657167206 715913500 114023358 759319951 221747107 341357114 829883885 964433683 291983563 521985086 702096053 45778109 164155367 140449187 716856112 721559095 106961505 610851766
187543400 930216259 392896489 457046008 781420403 716787914 107765747 414470345 926626530 837466237 588811107 772145173 450504596 658456695 956190321 134636014 498828642 530364347 48571605 935308280 838816110 482931963 508332899 921162314 177202438
578554385 730494661 128381782 387405579 600546021 882695863 504110119 384662638 979500760 915910241 762374656 273595879 963593537 970491649 452845706 133371831 412745472 700014284 748426865 298913134 701494310 860707546 711874356 935512077
632583284 200889082 624167589 290579495 345293580 672373713 981335496 650086387 958326452 503893439 694311973 322381397 115405252 352237802 480369922 570638194 667157238 417477933 747868723 841389302 285927980 847301091 808304779
522729986 25272141 145326711 670254178 199902417 750185018 160935394 286615548 250561007 839381814 690594850 295140565 753593948 32306383 814026217 102480006 868035373 739492480 864841485 742412735 561270552 237595472
784307172 798821752 287638654 664493568 926484811 387554648 956701970 975822722 312653980 552124597 12965237 251341128 620561695 780924892 870118092 829983481 911486377 704629068 647632385 755107705 546615136
603386977 776146745 964289823 294177721 177425898 682658851 186976581 173795131 513846852 377198227 428507814 556598620 130066530 583986057 255016148 330562788 709689296 154805697 153703383 322630029
50855441 932381865 615608676 661890210 490550941 572676990 358085588 784031448 317859005 219962015 183869097 68176469 505140350 415931243 537035952 91945553 221198081 213353810 331883514
360797824 218445285 752655689 530498895 996631082 823688400 981133197 8803696 668938467 445667246 904496458 613701097 621131697 958896816 682551360 320937010 915932430 944987670
385875934 540237312 282828994 911335926 822109064 374958042 802816737 445556897 43851660 898281608 192512387 513894700 948211819 167394809 956276206 537974830 7330586
65471822 670335126 773582266 864950855 424209451 103926809 537754214 702742866 976223921 775206740 646561159 939751111 746890825 153754577 459225235 331715375
87520897 54268070 794214786 558084205 574962294 227645634 258647958 388032603 630217264 433025034 16890968 673298732 534834370 641422746 618349358
755960596 585608013 700882031 72589444 928047750 106135541 786891897 301350709 86505221 765274241 437676149 395113258 660723164 473987677
533467763 136381460 390992565 797484612 545724468 960134265 144075537 677289045 914168916 795017122 729324576 373130514 949465103
553524187 555069745 123235158 5029839 596654887 537152048 946979389 304691152 748296586 903546375 343851649 412654496
645931503 512552694 160954357 220787969 834748366 194326215 181357984 799660053 852251127 851387722 932369865
994313050 461265203 549664609 290652667 67362757 98202401 725589257 487190410 330850931 128215146
655472980 100045057 619515777 900118590 317785937 450645978 616342430 305675489 584169932
565552007 364493435 316333159 428307392 4831882 246175138 221525704 739816215
436124066 840110058 134305832 732972795 877885829 462848376 358741602
305471796 551671826 175770160 606627666 841792995 858713655
140001668 538618037 263234650 886335832 76462378
75399956 18630294 507178311 31194231
581890490 405134467 590036311
906303577 551593998
